,0,1,2,3,4,5,6,7,8,9,10,11,12,13,14,15,16,17,18,19,20,21,22,23,24,25,26,27,28,29,30,31,32,33,34,35,36,37,38,39,40,41,42,43,44,45,46,47,48,49,50,51,52,53,54,55,56,57,58,59,60,61,62,63,64,65,66,67,68,69,70,71,72,73,74,75,76,77,78,79,80,81,82,83,84,85,86,87,88,89,90,91,92,93,94,95,96,97,98,99,100,101,102,103,104,105,106,107,108
0,0.0,4.8485556,6.461898,10.744083,12.623842,15.204229,17.93789,20.226057,23.290785,24.944706,28.68882,32.00542,34.604813,33.844593,33.98333,29.767918,33.715115,30.703741,36.06617,34.435585,37.718803,38.974308,41.750668,44.308918,42.72702,44.58276,41.805214,41.221992,39.092728,34.873455,33.87101,28.978476,27.151628,19.792303,18.223488,15.814132,12.626225,12.780419,14.530609,18.690334,22.22606,21.84474,26.507057,26.56935,31.084776,32.52858,36.51169,37.48337,41.36097,42.286232,41.277843,40.72962,35.8786,36.504147,33.205086,35.10555,30.16672,31.321014,30.61947,30.430815,26.319204,25.129627,21.282806,21.909334,19.678688,16.896643,19.336838,23.578434,21.160099,27.977121,27.559935,33.014805,34.122032,38.192814,38.641293,36.381084,32.50677,28.680367,26.607668,23.092834,20.941036,16.938183,18.8666,19.07448,22.439857,23.709032,26.97963,31.494871,32.7468,37.10965,39.367447,42.575493,45.15942,48.0229,44.963,41.92335,41.783943,36.50376,37.635742,31.971539,30.85888,27.938951,29.240524,31.211771,34.616104,35.177727,38.21676,41.38039,43.91725
1,4.8485556,0.0,6.084815,7.0651846,10.457475,13.258562,16.221533,18.507618,21.514477,24.128021,27.459663,30.35518,32.59686,31.597898,31.820686,27.380804,31.073252,28.045897,33.197704,31.959755,34.944633,36.577988,38.951004,41.915485,40.56307,42.452038,40.06405,39.546215,37.747433,33.159138,32.82857,27.307676,26.255083,18.819399,17.759682,15.853432,12.724749,14.226247,16.346346,19.889265,22.767214,22.446257,26.667355,26.235281,30.833328,31.366562,35.49493,35.956738,40.08383,41.356842,40.683964,40.511467,35.73935,36.962914,33.92723,36.177258,31.218576,32.587757,32.588825,32.437195,27.890339,27.389664,23.46498,24.375277,22.321968,18.429426,20.646805,24.596748,22.01697,28.73484,27.963663,33.712727,34.335487,38.36356,38.729088,36.074215,32.692642,28.33749,26.23886,22.583311,19.792902,16.22058,16.887241,17.077635,20.360458,21.451588,25.576805,29.755972,31.523104,35.59395,38.608536,41.60533,44.187634,47.10924,44.309204,41.453808,41.083107,35.89694,36.467815,30.939291,29.06377,25.804623,26.630922,28.216047,31.520485,32.851616,35.685246,39.136875,41.66766
2,6.461898,6.084815,0.0,6.8178573,6.455584,9.440808,11.709007,14.612582,17.20784,19.01418,22.706282,25.87484,28.649715,28.104897,28.643637,24.652658,28.925152,26.430792,31.919878,31.087482,34.414093,36.150806,39.18722,41.582462,39.81456,41.1231,38.59742,37.527805,35.750748,31.375242,30.832071,25.294537,24.718418,16.37268,16.840546,13.758893,11.359901,12.652594,13.143214,17.789938,20.964283,19.280903,24.194523,23.060648,28.03468,28.21698,32.53906,33.21888,37.157356,38.342087,37.168663,36.54169,32.11002,33.15395,29.856375,32.420437,27.854958,29.683884,29.170134,29.934597,25.647167,25.616646,21.900455,23.60153,22.545244,19.167103,22.364882,25.727484,21.889128,29.143524,27.421814,33.226574,33.431473,37.697968,38.66911,36.247658,33.294456,28.547218,27.38056,23.090885,21.311548,18.102446,18.67078,17.713573,21.386341,20.97447,25.150156,29.01515,30.369434,34.818916,36.99663,40.40456,42.45219,45.73748,43.19625,40.09471,40.314186,34.89044,36.026894,30.640831,29.23266,26.895737,27.30724,28.790936,32.735683,33.389378,36.85438,39.869423,42.898754
3,10.744083,7.0651846,6.8178573,0.0,5.4000688,7.365555,10.486298,12.387037,15.291509,18.767733,21.536833,24.049202,25.9468,24.803673,25.134085,20.671858,24.37131,21.62612,26.779184,26.231026,29.146254,31.260883,33.741062,36.653477,35.231632,36.722404,34.684696,33.874836,32.490578,27.649624,28.00864,21.777742,22.097553,14.2714205,15.122438,13.308611,11.225686,14.186938,15.660825,18.589201,20.556408,19.50143,23.298746,21.79627,26.573843,25.744766,30.083817,30.062069,34.334496,35.95039,35.43255,35.517925,31.072712,32.963387,30.236301,33.04706,28.399714,30.28567,30.992212,31.428247,26.582407,27.381138,23.652592,25.487255,24.55079,19.831951,22.555344,25.376076,21.568243,28.35104,26.30181,32.341335,31.952929,36.042225,36.80436,33.87688,31.609718,26.300985,25.110043,20.80864,18.290548,15.94797,14.721734,13.655305,17.048418,16.435165,21.639992,25.033049,27.102499,31.044996,34.334373,37.336754,39.501633,42.73343,40.478058,37.700684,37.498856,32.315777,32.616535,27.474646,25.059942,22.314404,22.123787,23.14837,26.936176,28.478811,31.646599,34.98527,37.963306
4,12.623842,10.457475,6.455584,5.4000688,0.0,4.070135,5.924787,9.288026,11.386819,14.259186,17.403473,20.118462,22.687525,22.10811,22.967167,19.062693,23.420433,21.416302,26.818926,26.8722,30.03729,32.310074,35.35227,37.726177,35.932865,36.79183,34.701668,33.297394,32.01737,27.403831,27.642344,21.376162,22.371141,13.768612,16.316048,13.468189,12.270749,14.808752,14.723511,18.525562,20.697298,18.248154,22.64933,20.293089,25.447714,24.003696,28.585316,28.699308,32.780563,34.362747,33.32199,32.934658,28.943966,30.712086,27.741209,30.93165,26.775454,29.136717,29.321833,30.66727,26.159304,27.34547,23.880772,26.297636,26.082788,21.985931,25.355764,27.824419,23.155571,30.263193,27.481089,33.467262,32.723465,36.98477,38.279957,35.598194,33.69029,28.165657,27.753798,23.051954,21.448807,19.34223,18.299658,16.3807,19.930391,17.877806,23.025078,25.976686,27.635246,31.869276,34.337692,37.709366,39.304512,42.892857,40.934196,37.950294,38.31398,32.96543,33.778633,28.863155,26.9037,25.056664,24.461296,25.294447,29.573338,30.549263,34.215317,37.1334,40.517807
5,15.204229,13.258562,9.440808,7.365555,4.070135,0.0,3.7464464,5.4080534,8.345778,11.441501,14.317748,17.18483,19.472574,18.717024,19.252607,15.335995,19.787474,17.79948,23.323448,23.299517,26.621315,28.807833,32.14792,34.20721,32.2624,32.967724,30.813507,29.307625,28.033632,23.483358,23.737904,17.457249,18.802994,10.254351,13.848008,11.162553,10.943466,13.822119,13.426687,16.37769,17.93548,15.208975,19.232187,16.497112,21.637589,19.936972,24.522955,24.647703,28.715523,30.29951,29.317278,29.05849,25.061527,27.052845,24.28334,27.597916,23.563929,26.068869,26.70198,28.18291,23.617535,25.441177,22.22292,25.01544,25.417828,21.14462,24.66977,26.435905,21.269604,28.173504,24.814413,30.75921,29.592104,33.834797,35.34283,32.67164,31.268791,25.488558,25.642422,20.77139,19.700953,18.274263,16.79918,14.246944,17.671362,14.741019,19.816612,22.43901,23.978922,28.237766,30.532837,33.949776,35.381176,39.052124,37.24784,34.267048,34.770363,29.44153,30.319326,25.619818,23.78337,22.503511,21.666273,22.482105,27.000364,27.489065,31.419165,34.050255,37.639492
6,17.93789,16.221533,11.709007,10.486298,5.924787,3.7464464,0.0,4.7088127,5.5938263,8.582026,11.4952135,14.2584915,17.050262,16.791239,17.950686,14.676687,19.422049,18.239807,23.618849,24.329687,27.586382,30.023603,33.520916,35.316986,33.22829,33.42245,31.45521,29.51516,28.52158,24.146582,24.606058,18.32516,20.515509,12.235673,16.740286,13.87155,14.14921,16.68193,15.476914,18.647764,20.087591,16.554693,20.5935,17.11012,22.29776,19.661566,24.368404,24.354267,28.258778,29.942118,28.659979,28.138357,24.71812,26.78858,23.99829,27.667568,24.196892,27.05115,27.438993,29.567307,25.312784,27.447912,24.495384,27.553247,28.309235,24.35976,28.048706,29.621134,24.168089,31.014433,27.259584,33.05922,31.565857,35.805744,37.61163,35.046364,34.01777,28.142391,28.719667,23.780975,23.056753,21.84659,20.257763,17.469896,20.722164,17.0254,22.076342,24.103485,25.48261,29.688997,31.587942,35.12475,36.07864,39.984947,38.53503,35.526737,36.355545,31.074486,32.095295,27.752737,26.012083,25.225843,23.968819,24.432924,29.092667,29.525442,33.60437,36.0127,39.807594
7,20.226057,18.507618,14.612582,12.387037,9.288026,5.4080534,4.7088127,0.0,4.3040776,7.60487,9.606367,12.505593,14.506319,13.738607,14.13465,10.643633,15.416903,14.075949,19.578657,19.99678,23.425213,25.669497,29.450665,30.92379,28.709019,28.854944,26.78276,24.845377,23.813229,19.467989,19.971695,13.681532,16.295765,8.711448,14.140301,11.934283,13.198881,15.961305,14.835092,16.587553,17.100403,13.635344,16.81429,12.969432,18.001616,15.087977,19.786425,19.764952,23.735718,25.43142,24.37961,24.191025,20.594004,23.034771,20.625025,24.329723,20.91601,23.802534,24.933676,26.948923,22.603315,25.400864,22.752296,26.040367,27.317894,23.150688,26.78547,27.590446,21.863731,28.228317,23.975359,29.64344,27.7018,31.84356,33.786697,31.206392,30.743761,24.688265,25.815363,20.878813,20.688477,20.281073,18.26597,15.011511,17.879017,13.380355,18.138172,19.736452,21.01036,25.1709,27.004297,30.51536,31.395926,35.323658,33.99303,31.039478,31.91849,26.72159,27.717255,23.655317,22.029594,21.859903,20.402014,20.886415,25.6866,25.546555,29.833664,31.928469,35.87189
8,23.290785,21.514477,17.20784,15.291509,11.386819,8.345778,5.5938263,4.3040776,0.0,5.286777,6.437316,8.848663,11.486912,11.40979,12.883981,10.473878,15.345947,15.200984,20.204166,21.709072,24.84403,27.475725,31.219423,32.508873,30.243217,29.78183,28.114008,25.705254,25.165642,21.050102,22.01155,15.843388,19.461159,12.656769,18.337225,16.063469,17.366198,19.928205,18.327778,20.3693,20.81127,16.835207,19.82359,15.344485,20.1191,15.867763,20.568316,20.161297,23.900711,25.813587,24.508188,24.103798,21.39913,24.020271,21.735558,25.802732,23.126303,26.312618,27.221066,29.834513,25.837206,28.846416,26.417639,29.848232,31.30008,27.341446,31.043177,31.797535,25.96801,32.22285,27.721273,33.20002,30.940681,34.993507,37.166317,34.65173,34.582664,28.48259,29.880806,24.973074,24.870146,24.566599,22.368118,19.085526,21.75642,16.803736,21.587715,22.445827,23.660913,27.546396,29.11137,32.619938,32.940838,37.08885,36.238216,33.353542,34.504745,29.49143,30.469658,26.895327,25.202484,25.371117,23.425203,23.397852,28.195509,28.271368,32.55566,34.480778,38.57345
9,24.944706,24.128021,19.01418,18.767733,14.259186,11.441501,8.582026,7.60487,5.286777,0.0,4.3109007,8.285029,11.985806,12.896479,14.283383,13.2259865,18.023731,18.285694,23.143703,24.287663,27.693344,29.836414,34.1235,34.68583,32.057755,31.212915,29.147053,26.372395,25.56442,22.264603,22.356646,17.389107,20.368977,14.04656,19.732195,16.946217,18.700735,20.418116,17.782076,20.057676,20.714392,15.860063,19.19535,14.595508,19.21739,15.596674,20.000263,20.369623,23.435644,24.847008,22.752863,21.521248,19.269608,21.229101,18.604689,22.787735,20.799555,24.230183,24.40974,27.788198,24.468557,27.559025,25.601107,29.27387,31.270874,28.138859,32.142162,32.65424,26.530058,32.73698,28.010866,33.086975,30.856611,34.936733,37.50131,35.45027,35.373226,29.592054,31.43751,26.54232,27.206121,26.779423,25.33523,21.981411,24.703259,19.803799,23.452198,24.326168,24.737091,28.89126,29.154696,33.001835,32.901703,37.15891,36.33166,33.224796,34.93551,29.887316,31.618105,28.211231,27.45245,28.252005,26.673393,26.98971,31.853539,30.993656,35.5565,36.993736,41.206898
10,28.68882,27.459663,22.706282,21.536833,17.403473,14.317748,11.4952135,9.606367,6.437316,4.3109007,0.0,4.2087436,7.8180876,9.145691,10.956367,11.107602,15.471532,16.676447,20.869207,22.778662,25.864286,28.239813,32.472546,32.785156,30.153618,28.803698,27.176224,24.091202,23.825596,20.727884,21.481472,16.662167,20.775217,15.805138,21.823416,19.655094,21.700117,23.690458,21.285295,22.755772,22.67561,18.043215,20.2855,15.214538,19.15874,13.979158,18.183458,17.959162,20.858047,22.59392,20.658133,19.726448,18.29331,20.894892,18.966745,23.337273,21.986391,25.497921,26.282103,29.73419,26.5164,30.112694,28.408602,32.164753,34.386734,31.018871,34.87677,34.958923,28.80313,34.507416,29.427752,34.271175,31.4917,35.330826,38.029926,35.91926,36.560318,30.638199,32.874237,28.105387,28.894054,29.045902,27.023891,23.507778,25.778465,20.278692,23.877722,23.808533,24.272501,27.943155,28.233091,31.883131,31.305042,35.692364,35.412277,32.527893,34.338436,29.636978,31.08721,28.343246,27.380388,28.656796,26.531353,26.371859,31.161373,30.335651,34.864784,36.036697,40.379734
11,32.00542,30.35518,25.87484,24.049202,20.118462,17.18483,14.2584915,12.505593,8.848663,8.285029,4.2087436,0.0,4.4734693,6.760115,9.684916,11.058578,14.620676,16.804926,20.126251,23.040857,25.610575,28.387163,32.303566,32.609123,30.123743,28.329489,27.340107,24.058401,24.451797,21.44444,22.993511,18.170885,23.165014,18.936525,25.018984,23.211723,25.213547,27.470457,25.301455,26.53149,26.114395,21.748877,23.385418,18.182648,21.586359,15.246337,19.086134,18.06629,20.785461,22.921577,21.289417,20.722204,20.140165,23.19241,21.821938,26.21661,25.278013,28.775778,29.900286,33.343716,30.1431,33.942986,32.286095,36.032673,38.236195,34.61924,38.344597,38.307026,32.22429,37.661716,32.458363,37.198647,34.076847,37.706814,40.412205,38.180916,39.30287,33.263695,35.6092,30.944147,31.574276,32.031403,29.507807,25.980694,27.950642,22.151867,25.988796,25.198132,25.90521,29.02872,29.62045,32.974014,32.021122,36.462997,36.696842,34.079998,35.853973,31.501863,32.540527,30.317812,28.959278,30.37091,27.728542,27.025023,31.644632,31.232292,35.577526,36.669,41.053146
12,34.604813,32.59686,28.649715,25.9468,22.687525,19.472574,17.050262,14.506319,11.486912,11.985806,7.8180876,4.4734693,0.0,3.1225774,6.407825,9.224336,11.50225,14.552778,16.861462,20.429781,22.536404,25.4855,29.18699,29.343342,26.97682,24.860388,24.397657,21.056868,22.02594,19.14827,21.46135,16.902323,22.652567,19.85741,25.846807,24.726568,26.909332,29.41747,27.645103,28.061745,26.982044,23.16205,23.774958,18.598114,21.23349,13.931347,17.2754,15.437325,18.108747,20.660088,19.661806,19.854862,19.657076,23.314638,22.668884,26.93723,26.19306,29.5425,31.401701,34.535023,31.265362,35.404697,33.886597,37.59871,39.89377,35.973976,39.44941,39.002907,33.06553,37.915085,32.560074,37.06764,33.532597,36.85687,39.5218,37.176876,38.9293,32.852844,35.43429,31.025442,31.70043,32.7332,29.710548,26.173107,27.601734,21.55583,25.183794,23.54066,24.408932,26.892311,27.829782,30.80687,29.6068,34.019417,34.69842,32.40259,34.05233,30.134706,30.710003,29.132698,27.499502,29.264406,26.191183,25.055828,29.427246,29.083145,33.252968,34.11455,38.51738
13,33.844593,31.597898,28.104897,24.803673,22.10811,18.717024,16.791239,13.738607,11.40979,12.896479,9.145691,6.760115,3.1225774,0.0,3.8235943,6.5103064,8.425895,11.564818,13.801105,17.488342,19.51507,22.598228,26.174805,26.547014,24.296053,22.41048,22.050919,18.938595,19.986448,16.725407,19.476608,14.583414,20.65005,18.365313,24.179983,23.490612,25.668875,28.390722,27.024584,27.008017,25.635412,22.298704,22.490198,17.471035,19.964172,12.469309,15.880545,13.632306,16.790976,19.576962,19.133331,19.888828,19.157236,23.120396,22.658358,26.786724,25.670366,28.8512,31.164974,33.874405,30.344942,34.53242,32.93283,36.541286,38.7274,34.531105,37.81125,37.24808,31.479607,36.10024,30.803005,35.35185,31.74684,34.993816,37.488834,34.972046,36.8544,30.715454,33.240345,28.953592,29.504763,30.79859,27.493694,24.000292,25.170145,19.09068,22.806877,20.948713,22.102966,24.390469,25.910992,28.705267,27.762636,32.09189,32.7166,30.539011,31.91433,28.064968,28.294132,26.771763,24.831366,26.558397,23.321749,22.043882,26.356323,26.163462,30.249565,31.19808,35.571133
14,33.98333,31.820686,28.643637,25.134085,22.967167,19.252607,17.950686,14.13465,12.883981,14.283383,10.956367,9.684916,6.407825,3.8235943,0.0,4.852422,5.6860056,8.902473,10.951622,14.1421995,16.345238,19.104101,22.986198,23.04035,20.64789,18.82274,18.259216,15.1888,16.198027,12.971325,15.904074,11.455534,17.710743,16.8638,22.375088,22.233044,24.674694,27.345352,26.208216,25.387693,23.481571,20.642078,19.982426,15.211927,17.044186,9.342557,12.482295,9.973217,13.445836,16.325785,16.348818,17.66039,16.573702,20.818197,20.77499,24.65115,23.49903,26.469921,29.31767,31.680475,28.161686,32.553635,31.15878,34.711098,37.063427,32.85066,35.949528,34.958393,29.310486,33.39193,28.003187,32.29343,28.485167,31.556852,34.049294,31.55316,33.77317,27.730833,30.520529,26.474087,27.341946,29.062704,25.718359,22.224926,22.980639,16.871513,19.875067,17.562918,18.581802,20.675411,22.205418,24.908077,24.018862,28.318357,28.945805,26.84615,28.173042,24.475773,24.622711,23.41358,21.640285,23.82837,20.617281,19.44906,23.701866,22.913315,27.0939,27.761028,32.184547
15,29.767918,27.380804,24.652658,20.671858,19.062693,15.335995,14.676687,10.643633,10.473878,13.2259865,11.107602,11.058578,9.224336,6.5103064,4.852422,0.0,4.9513984,5.762836,9.983165,12.314639,15.023306,17.940956,21.658743,22.61047,20.439026,19.691193,18.708643,16.396965,16.717813,12.323098,15.134212,8.975752,15.077501,13.126111,18.490704,18.479128,20.622198,23.600233,22.975836,22.26414,20.581448,18.164291,17.979006,13.5114975,16.239773,9.733114,13.7062435,11.70928,15.948451,18.604462,18.805704,20.10496,17.67069,21.693785,21.101562,24.84777,22.647379,25.448465,28.314863,30.15432,26.084774,30.124752,28.287502,31.654327,33.577274,29.005514,32.003952,31.370138,25.873957,30.350218,25.291098,30.116035,26.723742,30.073662,32.205105,29.40692,31.016684,24.760523,27.01874,22.798445,23.164074,24.711046,21.19868,17.74153,18.699541,12.614994,16.623827,15.159083,16.823778,19.436861,21.966969,24.740503,24.78636,28.878672,28.796894,26.546146,27.379135,23.211061,23.140879,21.015396,18.696596,20.109531,17.000841,16.056126,20.632654,20.371714,24.583422,25.923353,30.22463
16,33.715115,31.073252,28.925152,24.37131,23.420433,19.787474,19.422049,15.416903,15.345947,18.023731,15.471532,14.620676,11.50225,8.425895,5.6860056,4.9513984,0.0,4.3543267,5.5089283,9.381779,11.138255,14.478837,17.812342,18.650673,16.729498,15.69339,15.598482,13.49912,14.72351,10.533429,14.655448,9.675138,16.159891,16.525917,21.147247,21.9444,24.13001,27.164766,26.92323,25.427984,23.086031,21.463684,20.085709,16.170635,17.558826,10.790972,13.370051,10.208983,14.285275,17.359507,18.56925,20.752579,18.829285,23.233433,23.448702,26.856821,25.00833,27.496656,31.029507,32.493412,28.533663,32.79728,31.205133,34.414574,36.39424,31.655918,34.24343,33.1156,28.033987,31.55489,26.508532,30.828676,27.005688,29.81805,31.80893,28.898705,31.346777,25.267063,27.757656,24.114208,24.525307,26.775747,22.80315,19.609495,19.65101,13.810169,17.012787,14.149007,16.101469,17.458076,20.691566,22.756378,22.584381,26.501024,26.996555,25.2816,25.826887,22.430056,21.559664,20.517584,17.788183,19.71555,16.009472,14.29685,18.297163,18.161137,22.01015,23.00115,27.30973
17,30.703741,28.045897,26.430792,21.62612,21.416302,17.79948,18.239807,14.075949,15.200984,18.285694,16.676447,16.804926,14.552778,11.564818,8.902473,5.762836,4.3543267,0.0,5.6720924,6.9392962,9.648351,12.678575,16.126196,17.605175,15.794123,15.9659815,15.145147,13.899545,14.224434,9.1678295,12.94334,6.9888635,12.976643,13.53458,17.48664,18.76049,20.791693,23.92617,24.210873,22.374868,19.962238,19.067308,17.621866,14.389531,16.00993,10.821366,13.652351,11.281529,15.7069,18.36849,19.693201,21.875355,18.875484,23.014122,22.957497,26.059013,23.446173,25.631071,29.328417,30.205704,25.90382,29.908293,28.111916,31.094883,32.81325,27.862013,30.24313,29.16623,24.331846,27.83611,23.070892,27.658693,24.14725,27.103,28.77987,25.65068,27.696829,21.522741,23.6937,20.073236,20.263277,22.631178,18.55301,15.451745,15.318025,9.578469,13.120191,10.814079,13.342938,15.136243,19.186577,21.294823,22.022564,25.679758,25.460972,23.61724,23.723555,19.966768,18.9229,17.137384,13.999517,15.5016985,11.90695,10.585069,15.015277,14.8593445,18.901323,20.37966,24.610611
18,36.06617,33.197704,31.919878,26.779184,26.818926,23.323448,23.618849,19.578657,20.204166,23.143703,20.869207,20.126251,16.861462,13.801105,10.951622,9.983165,5.5089283,5.6720924,0.0,5.866335,5.9741316,9.91877,12.491845,13.815633,12.510173,12.183571,12.922402,12.07316,13.705065,9.687213,14.590937,10.939638,16.596556,18.938568,22.358095,24.082855,26.12678,29.217672,29.638868,27.330503,24.455194,24.0008,21.658,18.789642,19.15263,13.68178,14.947102,11.5519,15.197354,18.187874,20.45293,23.369448,21.255697,25.664795,26.388384,29.230608,27.224218,29.173967,33.34818,34.051373,30.033533,34.238846,32.750957,35.60432,37.41221,32.444992,34.439003,32.89954,28.53374,31.004179,26.32825,30.1875,26.242273,28.477566,30.016747,26.882313,29.914518,24.160658,26.5628,23.68786,23.943966,26.873146,22.523281,19.839474,18.859951,13.931446,16.189968,12.357061,14.875184,14.780455,19.40065,20.506153,20.780334,24.138622,24.790953,23.692429,23.518717,20.92797,18.949417,18.76932,15.397477,17.477945,13.381619,10.977208,14.064104,14.224055,17.483171,18.36825,22.539936
19,34.435585,31.959755,31.087482,26.231026,26.8722,23.299517,24.329687,19.99678,21.709072,24.287663,22.778662,23.040857,20.429781,17.488342,14.1421995,12.314639,9.381779,6.9392962,5.866335,0.0,4.1456337,5.8073187,9.918183,11.003141,9.328334,10.812262,9.929227,10.427899,10.673574,6.3270674,10.64457,8.359592,12.288534,16.742805,18.888145,21.380632,23.529896,26.308298,27.138872,23.90213,20.541445,21.183794,17.986023,16.386812,15.955024,12.849001,13.477237,11.259855,14.818492,17.0481,19.580685,22.62896,19.510336,23.519764,24.344925,26.525557,24.066813,25.448317,30.04699,29.995247,25.973927,30.058372,28.77408,31.339172,33.192738,28.361315,30.005465,27.964521,24.015894,25.676048,21.188599,24.749279,20.874287,22.966087,24.280619,21.062504,24.208628,18.660503,21.248009,18.864002,19.591347,23.015976,19.000933,16.594212,14.924892,10.876472,11.20008,6.8111286,9.6231165,9.366205,14.898864,15.913193,17.246479,20.250687,20.085758,18.913883,18.293379,15.576352,13.322595,13.042557,9.760243,12.641539,9.089618,7.8028603,10.960074,9.018049,13.038695,13.733265,18.099619
20,37.718803,34.944633,34.414093,29.146254,30.03729,26.621315,27.586382,23.425213,24.84403,27.693344,25.864286,25.610575,22.536404,19.51507,16.345238,15.023306,11.138255,9.648351,5.9741316,4.1456337,0.0,4.5112405,6.6950955,8.565845,8.001394,9.636222,10.447533,11.564805,12.773512,9.570981,14.073765,12.456311,16.254553,20.706112,22.65539,25.275358,27.238491,30.127415,31.138374,27.900389,24.510298,25.321655,22.019024,20.484941,19.786213,16.35392,16.4697,13.714231,16.69058,19.087534,22.087223,25.450434,22.880482,26.987919,28.104473,30.207731,27.992739,29.26238,33.998745,33.821293,29.886698,33.922813,32.668304,35.08094,36.782806,31.834576,33.173016,31.071632,27.571524,28.717913,24.56135,27.723518,23.805807,25.365038,26.375315,23.113424,26.698181,21.56105,23.92216,22.061861,22.44417,26.043043,21.749388,19.71482,17.679008,14.274271,14.658736,10.173016,12.884079,11.1447525,17.111229,17.174185,18.309992,20.837687,21.270247,20.775246,19.745857,18.048111,14.968167,15.745347,12.137898,14.629148,10.806108,8.478299,10.000976,9.294726,12.004044,12.51233,16.631933
21,38.974308,36.577988,36.150806,31.260883,32.310074,28.807833,30.023603,25.669497,27.475725,29.836414,28.239813,28.387163,25.4855,22.598228,19.104101,17.940956,14.478837,12.678575,9.91877,5.8073187,4.5112405,0.0,5.469759,5.4386845,4.5362315,7.986557,7.866869,10.393911,10.909413,9.081787,12.561492,13.171936,15.4053335,21.543653,22.659111,25.694956,27.81944,30.317677,31.426025,27.477737,23.678305,25.171652,21.073446,20.483076,18.769943,16.940323,16.066826,14.0829735,16.33252,18.066952,21.404535,24.954775,22.190079,25.940731,27.426395,28.914812,26.824022,27.598068,32.679073,32.019085,28.416548,32.43929,31.5912,33.785816,35.69113,31.090145,32.123405,29.41755,26.355522,26.420998,22.437704,24.799511,20.764078,21.76432,22.64962,19.547169,23.751495,19.244036,21.988163,20.859215,21.876108,25.83845,22.051521,20.300152,17.80505,15.305491,13.680033,8.79496,10.724539,7.5678434,13.885643,13.258778,14.946947,16.940147,17.16829,17.02457,15.618064,14.65589,11.0822935,13.042916,10.334107,13.85153,11.056838,9.930591,10.5327635,7.109513,9.87732,9.039797,13.416792
22,41.750668,38.951004,39.18722,33.741062,35.35227,32.14792,33.520916,29.450665,31.219423,34.1235,32.472546,32.303566,29.18699,26.174805,22.986198,21.658743,17.812342,16.126196,12.491845,9.918183,6.6950955,5.469759,0.0,5.4003134,7.5763736,11.002422,12.444562,15.166652,16.164883,14.446532,17.98169,17.983255,20.134827,25.711548,26.40417,29.637617,31.36462,34.066395,35.607582,31.767885,28.117844,29.94166,26.063683,25.588089,24.137108,22.121632,21.414173,19.10202,21.218464,23.080673,26.586372,30.233772,27.641869,31.406136,32.870743,34.3298,32.090416,32.728905,37.830505,36.861835,33.13086,36.856174,35.82031,37.70922,39.171303,34.305656,34.864468,32.324966,29.975615,29.649565,26.372639,28.562897,24.898628,25.449732,25.664074,22.412899,26.548922,22.546272,24.542648,24.005531,24.269064,28.31356,24.180502,23.005508,20.133812,18.553738,17.547182,13.348333,15.689318,12.195412,18.704704,17.254898,19.089376,20.222597,20.667631,21.19826,19.105825,19.012096,14.734848,16.861835,13.434139,15.617663,12.741055,10.80603,9.047181,8.303717,8.155728,7.770495,11.083263
23,44.308918,41.915485,41.582462,36.653477,37.726177,34.20721,35.316986,30.92379,32.508873,34.68583,32.785156,32.609123,29.343342,26.547014,23.04035,22.61047,18.650673,17.605175,13.815633,11.003141,8.565845,5.4386845,5.4003134,0.0,3.430411,6.925978,8.632843,11.906246,13.124227,13.213845,16.265745,18.192913,20.128485,26.822668,27.753544,30.895731,33.06967,35.422745,36.513386,32.288826,28.294468,29.958601,25.42965,25.090275,22.650644,20.987906,19.166363,17.121025,18.183405,19.618027,23.460892,27.334488,25.306368,28.925798,30.967737,32.08579,30.583326,31.080292,36.372726,35.55428,32.407356,36.46718,35.979465,38.021923,40.049118,35.68606,36.419617,33.32119,30.739973,29.836836,26.159155,27.524035,23.376148,23.417994,24.095497,21.408459,26.39689,22.835356,25.686363,25.283947,26.478758,30.616291,26.974089,25.482496,22.74942,20.697117,18.51472,13.66565,14.748647,10.3564005,15.484514,13.406186,14.534124,15.456929,16.723553,17.700392,16.014395,16.889132,12.935139,16.592974,14.709549,18.246798,15.87236,14.623777,13.789119,10.634424,11.368777,8.730543,12.230632
24,42.72702,40.56307,39.81456,35.231632,35.932865,32.2624,33.22829,28.709019,30.243217,32.057755,30.153618,30.123743,26.97682,24.296053,20.64789,20.439026,16.729498,15.794123,12.510173,9.328334,8.001394,4.5362315,7.5763736,3.430411,0.0,4.6257277,5.2467637,8.617574,9.698997,10.189344,13.120192,15.601507,17.632778,24.5324,25.7857,28.733139,31.13517,33.358788,34.143234,29.91826,25.874146,27.244919,22.615923,22.140076,19.493965,17.860243,15.801046,13.943881,14.926057,16.27926,20.078682,23.930468,21.901438,25.535236,27.636831,28.792805,27.471731,28.086115,33.341507,32.78361,29.755075,34.012096,33.64888,35.897335,38.19909,34.016342,35.059734,31.90727,28.87008,28.262774,24.138643,25.597889,21.19858,21.53227,22.699802,20.15578,25.146885,21.292944,24.574846,23.784594,25.394144,29.416748,25.987429,24.164114,21.722143,19.1283,16.69723,11.594961,12.175524,8.005633,12.566471,11.026818,11.821908,13.515673,14.782611,15.29124,14.208583,14.550183,11.218743,14.82673,13.529045,17.669117,15.3525505,14.462213,14.721846,10.667932,12.737196,10.257774,14.26227
25,44.58276,42.452038,41.1231,36.722404,36.79183,32.967724,33.42245,28.854944,29.78183,31.212915,28.803698,28.329489,24.860388,22.41048,18.82274,19.691193,15.69339,15.9659815,12.183571,10.812262,9.636222,7.986557,11.002422,6.925978,4.6257277,0.0,4.581352,6.181828,8.87413,10.333685,13.641234,16.185236,19.280815,25.663183,27.826256,30.294785,32.93508,35.162727,35.42575,31.525541,27.568449,28.118406,23.633356,22.379417,19.656456,16.766941,14.240132,11.83149,11.980228,13.646682,17.597383,21.594437,20.585531,24.464188,26.861502,28.304123,27.713753,28.706814,33.77337,33.89574,31.143913,35.72409,35.49814,38.087555,40.7034,36.66337,38.114594,35.042034,31.430569,31.31865,26.702766,28.203108,23.518866,24.007215,25.73201,23.530443,28.551826,24.483074,28.083027,26.787786,28.585361,32.37653,28.934315,26.687819,24.703796,21.174059,19.333002,14.09334,14.23908,10.930587,13.502735,12.485441,11.434728,13.892718,16.26629,16.631887,16.586514,16.81333,14.49105,17.96474,17.011568,21.273792,18.59463,17.387222,18.30909,14.816339,17.183903,14.85468,18.740358
26,41.805214,40.06405,38.59742,34.684696,34.701668,30.813507,31.45521,26.78276,28.114008,29.147053,27.176224,27.340107,24.397657,22.050919,18.259216,18.708643,15.598482,15.145147,12.922402,9.929227,10.447533,7.866869,12.444562,8.632843,5.2467637,4.581352,0.0,3.9953842,4.811961,7.369899,9.505127,13.444528,15.533358,22.628094,24.45531,26.96117,29.749716,31.666761,31.844519,27.650404,23.568407,24.322039,19.513771,18.77738,15.5603485,14.026184,11.129393,9.832432,10.106003,11.104283,14.91959,18.795069,17.040232,20.65352,23.033371,24.18258,23.45141,24.25672,29.413555,29.380836,26.752594,31.346832,31.310263,33.889812,36.695583,32.95664,34.481316,31.222876,27.51539,27.28237,22.508703,23.880638,19.12282,19.79974,21.815248,19.766829,24.698076,20.672068,24.600885,23.284252,25.590261,29.32249,26.373493,24.080761,22.20761,18.855509,16.069092,11.044226,10.282114,7.324694,9.016571,8.689971,8.135517,11.292953,12.801851,12.526248,12.855626,12.488936,10.878397,14.243553,14.280177,19.03201,17.012754,16.678556,18.194319,13.455424,16.66097,14.325117,18.456598
27,41.221992,39.546215,37.527805,33.874836,33.297394,29.307625,29.51516,24.845377,25.705254,26.372395,24.091202,24.058401,21.056868,18.938595,15.1888,16.396965,13.49912,13.899545,12.07316,10.427899,11.564805,10.393911,15.166652,11.906246,8.617574,6.181828,3.9953842,0.0,3.7913704,6.479227,8.944143,12.29189,15.472467,21.629642,24.360168,26.31332,29.271229,31.206783,30.895113,27.17092,23.328012,23.181276,18.789188,17.136711,14.212995,11.221057,8.125764,6.276007,6.310151,7.993508,11.701655,15.603722,14.439713,18.42828,20.807531,22.455702,22.154135,23.476196,28.293957,28.98832,26.435764,31.254341,31.183666,34.10703,37.10555,33.444824,35.42216,32.441177,28.104889,28.711016,23.499022,25.309797,20.501795,21.71835,24.182024,22.271929,26.779427,22.316137,26.345633,24.361578,26.709423,30.089628,27.159573,24.458778,23.143724,18.924194,16.962101,12.190559,11.3217745,10.01059,10.28564,11.258656,9.571509,13.557015,15.25507,14.353982,15.570065,14.335477,13.761049,16.15792,16.205988,20.801691,18.487904,18.000187,20.303553,16.129568,19.780443,17.948776,22.212416
28,39.092728,37.747433,35.750748,32.490578,32.01737,28.033632,28.52158,23.813229,25.165642,25.56442,23.825596,24.451797,22.02594,19.986448,16.198027,16.717813,14.72351,14.224434,13.705065,10.673574,12.773512,10.909413,16.164883,13.124227,9.698997,8.87413,4.811961,3.7913704,0.0,5.293784,5.639743,10.760459,12.562009,19.50155,21.711586,23.78253,26.82396,28.461449,28.175007,24.095934,20.105967,20.317436,15.529029,14.591059,11.059211,10.055398,6.693623,6.771751,7.187294,7.687553,10.927406,14.536802,12.276549,15.912599,18.224981,19.500301,18.900127,19.962622,24.94946,25.359125,22.870815,27.66639,27.758938,30.612165,33.731895,30.32928,32.288082,29.12868,24.818369,25.221886,19.95157,21.628222,16.814121,18.218914,20.86127,19.088163,23.426205,19.085573,23.329834,21.424976,24.190815,27.528906,25.070143,22.442003,21.165453,17.360851,14.44521,10.160553,8.325555,7.8407173,6.9000683,8.901659,8.069055,12.245601,12.88498,11.318388,12.813243,10.888106,11.143577,13.188215,14.170737,19.00445,17.385197,17.656103,20.172346,15.19983,19.223946,17.436226,21.677536
29,34.873455,33.159138,31.375242,27.649624,27.403831,23.483358,24.146582,19.467989,21.050102,22.264603,20.727884,21.44444,19.14827,16.725407,12.971325,12.323098,10.533429,9.1678295,9.687213,6.3270674,9.570981,9.081787,14.446532,13.213845,10.189344,10.333685,7.369899,6.479227,5.293784,0.0,5.0394526,6.1075764,9.630334,15.492608,18.106949,20.1756,22.992813,25.131798,25.15532,21.551632,17.86301,17.938154,13.96979,12.28623,10.574157,8.014066,7.446291,6.3509355,9.613684,11.2835,13.591385,16.620886,13.4347925,17.430105,18.683592,20.70357,18.930988,20.41314,25.107594,25.523817,22.114014,26.700941,26.048204,28.96378,31.599234,27.545805,29.640398,27.114492,22.531864,24.073507,18.82078,21.868753,17.497568,19.758762,21.969255,19.455084,22.887463,17.550333,21.192593,18.590672,20.646957,23.841496,20.850458,18.029598,16.949615,12.518801,10.995469,6.651294,6.6561155,7.7889724,10.22632,12.469334,12.990685,16.775589,16.62133,14.772393,15.415007,12.1757145,11.754229,11.831438,11.185019,15.362447,13.15477,13.249223,16.549076,12.58895,17.103628,16.593134,21.059307
30,33.87101,32.82857,30.832071,28.00864,27.642344,23.737904,24.606058,19.971695,22.01155,22.356646,21.481472,22.993511,21.46135,19.476608,15.904074,15.134212,14.655448,12.94334,14.590937,10.64457,14.073765,12.561492,17.98169,16.265745,13.120192,13.641234,9.505127,8.944143,5.639743,5.0394526,0.0,7.16032,7.1302547,14.461317,16.294125,18.351837,21.438673,22.897966,22.683016,18.468939,14.478526,14.918538,10.053467,9.688094,6.385803,8.009921,6.677849,8.403198,10.483757,10.675663,12.235194,14.721735,10.49102,13.71431,15.025404,16.384052,14.503582,15.618279,20.558245,20.749138,17.697472,22.421034,22.252981,25.17037,28.238022,24.842733,27.017288,24.0851,19.400517,20.555418,15.023948,17.65095,13.201557,15.768634,18.455885,16.46249,19.655195,14.713599,18.91014,16.44947,19.464445,22.480522,20.506983,17.799969,16.942314,13.356177,9.967691,7.2635355,4.6358104,7.7371655,7.137302,10.707288,11.689587,15.404969,14.2375555,11.5471945,12.894329,8.713426,10.241705,9.731621,11.315788,15.790105,14.939693,16.150938,19.389452,14.368276,18.990269,18.159254,22.355402
31,28.978476,27.307676,25.294537,21.777742,21.376162,17.457249,18.32516,13.681532,15.843388,17.389107,16.662167,18.170885,16.902323,14.583414,11.455534,8.975752,9.675138,6.9888635,10.939638,8.359592,12.456311,13.171936,17.983255,18.192913,15.601507,16.185236,13.444528,12.29189,10.760459,6.1075764,7.16032,0.0,6.53411,9.579533,13.074776,14.603564,17.36002,19.754644,19.732273,16.86516,13.853607,13.252654,10.812372,8.192164,9.2616825,6.7605634,9.478414,9.301521,13.428745,15.020409,15.864446,17.711329,13.497574,17.144358,17.025835,19.659597,16.748789,18.718948,22.670921,23.34689,19.224388,23.49523,22.152237,25.263845,27.579538,23.247702,25.828583,24.143784,18.923038,22.190018,16.938437,21.376617,17.838749,21.146008,23.23585,20.518997,22.361643,16.281502,19.226498,15.48899,17.078257,19.522665,16.633947,13.342511,13.335705,7.9689655,8.603927,7.164213,8.105309,11.714859,14.103161,17.13928,18.253555,21.98496,20.924902,18.41734,19.03087,14.453026,14.806205,12.288492,11.11597,13.79916,11.895507,12.598725,17.007801,14.24845,19.041641,19.81522,24.108948
32,27.151628,26.255083,24.718418,22.097553,22.371141,18.802994,20.515509,16.295765,19.461159,20.368977,20.775217,23.165014,22.652567,20.65005,17.710743,15.077501,16.159891,12.976643,16.596556,12.288534,16.254553,15.4053335,20.134827,20.128485,17.632778,19.280815,15.533358,15.472467,12.562009,9.630334,7.1302547,6.53411,0.0,8.76546,9.233758,11.784956,14.647855,16.190538,16.68157,12.323901,8.469308,10.0719,6.2477474,7.3780565,7.4098577,10.816821,12.264875,13.81773,16.917797,17.321196,17.927284,19.345943,14.048097,16.290041,15.876798,17.304829,13.323496,14.304631,18.619516,18.107092,13.757887,17.803322,16.691353,19.485676,21.981995,18.048492,20.390858,18.105293,13.017032,15.755746,10.408604,15.079847,12.092659,15.881796,17.820278,15.280756,16.279102,10.302324,13.6084795,10.0540285,12.933935,15.517908,13.993144,11.309494,11.047233,8.417339,4.832911,6.803559,6.0170703,10.97033,12.382291,15.69653,18.023092,21.042585,18.611824,15.659891,16.017221,10.639708,12.153769,7.9387746,8.99648,11.705993,12.063928,14.416987,18.161001,14.056781,18.739983,19.374535,23.177057
33,19.792303,18.819399,16.37268,14.2714205,13.768612,10.254351,12.235673,8.711448,12.656769,14.04656,15.805138,18.936525,19.85741,18.365313,16.8638,13.126111,16.525917,13.53458,18.938568,16.742805,20.706112,21.543653,25.711548,26.822668,24.5324,25.663183,22.628094,21.629642,19.50155,15.492608,14.461317,9.579533,8.76546,0.0,6.086173,5.4751863,8.201179,10.722908,10.711777,9.5020275,8.870461,7.3025355,9.454874,7.8121233,12.316705,13.060395,16.82287,17.86298,21.661839,22.635143,22.10592,22.392826,17.392181,19.348047,17.22415,19.831549,15.309563,17.353811,19.504017,20.153374,15.288735,18.246521,15.719061,18.88545,20.528587,16.171766,19.598866,19.497414,13.642179,19.597878,15.298085,21.065857,19.440722,23.658857,25.376047,22.869682,22.074928,16.132986,17.46819,12.54147,13.375687,13.64687,12.34391,8.9796915,11.521268,8.1662245,10.676078,13.714601,14.423419,19.115374,20.778788,24.291037,26.094904,29.501608,27.303112,24.225733,24.771772,19.340935,20.709087,15.960021,15.31411,15.433273,15.347113,17.190374,21.71571,19.997519,24.436949,26.242449,29.953741
34,18.223488,17.759682,16.840546,15.122438,16.316048,13.848008,16.740286,14.140301,18.337225,19.732195,21.823416,25.018984,25.846807,24.179983,22.375088,18.490704,21.147247,17.48664,22.358095,18.888145,22.65539,22.659111,26.40417,27.753544,25.7857,27.826256,24.45531,24.360168,21.711586,18.106949,16.294125,13.074776,9.233758,6.086173,0.0,4.194718,5.850771,7.7010717,9.808612,6.7698793,6.2701015,8.506213,9.936605,11.403418,14.452069,17.548508,20.407156,21.815516,25.345911,25.892752,25.724314,26.187529,20.713003,21.954466,19.934904,21.413763,16.191605,17.042112,19.309723,18.363262,13.1582775,14.99498,12.042329,14.39662,15.442359,10.554901,13.644001,13.576546,8.113439,14.421702,11.292427,17.35018,16.921808,21.086943,22.08519,19.571024,17.485807,12.04911,12.282636,7.3616023,8.261545,8.176751,8.499143,6.394807,8.761569,9.134486,9.441797,14.202585,14.756289,19.29087,21.23035,24.366734,27.108723,29.814585,26.781013,23.789684,23.686134,18.338737,19.676334,14.121588,14.037988,13.146687,14.786609,17.612589,21.363455,19.297499,23.239334,25.255682,28.361998
35,15.814132,15.853432,13.758893,13.308611,13.468189,11.162553,13.87155,11.934283,16.063469,16.946217,19.655094,23.211723,24.726568,23.490612,22.233044,18.479128,21.9444,18.76049,24.082855,21.380632,25.275358,25.694956,29.637617,30.895731,28.733139,30.294785,26.96117,26.31332,23.78253,20.1756,18.351837,14.603564,11.784956,5.4751863,4.194718,0.0,3.4419463,5.2597785,6.215456,5.6875663,7.4030623,7.0621023,10.841584,11.2790985,15.365407,17.940296,21.325779,22.871078,26.38894,26.944801,26.171389,26.047607,20.779161,21.723423,19.067871,20.944506,15.811391,17.200525,18.382761,18.338642,13.362621,14.920367,11.681478,14.493073,15.586752,11.42257,15.249244,16.017347,10.32583,17.350555,14.242454,20.116787,19.791733,24.115843,25.449417,23.23738,21.000957,15.867982,16.15559,11.365552,11.987038,10.714224,11.484188,9.26846,12.356011,11.641206,13.066677,17.335842,17.712679,22.491598,23.79179,27.284964,29.56564,32.586655,29.7432,26.545317,26.914202,21.426697,23.183704,17.823204,17.827204,17.061937,18.200737,20.64599,24.731396,22.979837,27.069216,29.074718,32.344498
36,12.626225,12.724749,11.359901,11.225686,12.270749,10.943466,14.14921,13.198881,17.366198,18.700735,21.700117,25.213547,26.909332,25.668875,24.674694,20.622198,24.13001,20.791693,26.12678,23.529896,27.238491,27.81944,31.36462,33.06967,31.13517,32.93508,29.749716,29.271229,26.82396,22.992813,21.438673,17.36002,14.647855,8.201179,5.850771,3.4419463,0.0,3.822621,6.5321712,7.590572,10.065757,10.298031,14.12329,14.689059,18.757357,21.112406,24.606123,25.945139,29.605507,30.271568,29.56983,29.452625,24.214546,25.107735,22.34909,24.132053,18.937471,20.10446,20.905521,20.53202,15.640397,16.24992,12.571667,14.689389,14.74041,10.232379,13.94121,15.77288,10.957689,18.205505,16.07498,21.944376,22.1519,26.37871,27.325844,25.016827,22.169596,17.376478,16.717762,12.205485,11.717696,9.30081,10.68809,9.298261,12.708497,13.093321,15.096599,19.652796,20.393555,24.987041,26.767008,30.078476,32.59289,35.472183,32.487007,29.386398,29.462448,24.068548,25.523403,19.964045,19.550243,17.913628,19.301296,21.761019,25.619911,24.518646,28.268188,30.672274,33.681667
