,0,1,2,3,4,5,6,7,8,9,10,11,12,13,14,15,16,17,18,19,20,21,22,23,24,25,26,27,28,29,30,31,32,33,34,35,36,37,38,39,40,41,42,43,44,45,46,47,48,49,50,51,52,53,54,55,56,57,58,59,60,61,62,63,64,65,66,67,68,69,70,71,72,73,74,75,76,77,78,79,80,81,82,83,84,85,86,87,88,89,90,91,92,93,94,95,96,97,98,99,100,101,102,103,104,105,106,107,108,109
0,0.0,4.993703,6.6479654,10.266145,12.996405,15.62349,18.871054,21.36533,24.794834,27.882374,30.340023,33.791492,35.956764,34.938606,33.86908,29.427015,28.391766,24.138914,24.177492,20.130718,18.788568,17.409945,14.030452,18.509857,20.681643,24.102932,25.422838,27.362211,29.018528,25.222849,28.785213,25.500683,32.29394,29.431814,35.602516,34.77067,35.001244,37.849136,39.98711,35.708397,31.740366,34.897686,29.197115,31.655308,26.96976,31.081951,26.915766,27.422665,29.818724,32.149025,34.204636,38.33358,35.841076,39.5077,42.033737,41.700962,39.834766,39.503727,44.514786,42.489033,37.80913,40.06467,38.42971,36.31754,34.98931,30.043703,29.905712,26.536913,27.92429,20.686384,23.554913,19.0377,20.694532,18.723997,15.896497,13.854903,13.094708,18.401516,16.298979,20.959051,23.681509,24.666,27.639702,25.811478,27.543556,22.401066,27.018396,24.160938,27.889458,26.235128,31.985394,35.349483,38.19333,40.01701,40.39289,43.864063,43.620537,44.894962,41.99628,45.986404,41.257744,44.426865,45.658722,46.89546,43.90145,46.11695,39.786083,41.70135,38.893414,39.333443
1,4.993703,0.0,6.2219806,6.4693513,10.45326,13.40663,16.30823,19.355768,22.065084,25.865385,27.854141,31.607744,33.80537,32.610077,31.733406,27.216984,25.83936,21.89267,21.161572,17.941998,15.845339,15.342602,11.114314,16.209923,18.459574,21.211866,23.110125,24.546991,26.690733,23.344498,26.532944,24.392874,30.816248,28.957932,34.975388,34.44268,35.18859,38.154995,40.834896,36.36688,32.4882,35.349415,29.793438,31.82454,27.498465,31.19853,27.135275,27.150913,29.91885,32.4625,35.008045,39.271282,37.164974,40.980824,43.4051,43.4811,41.376457,41.44309,46.30412,44.618523,39.7801,42.19222,40.393063,38.65246,37.18203,32.313583,32.631924,29.653965,30.937202,23.87263,26.176405,21.950754,22.660233,20.516777,17.073263,14.445135,15.236134,19.691893,17.616611,22.341063,24.404932,25.235207,28.620895,27.126352,28.70634,23.138662,27.571978,24.580761,28.094889,26.240437,31.748367,34.86387,37.711037,39.043953,38.829227,42.562973,42.76529,44.03198,41.622604,45.87561,41.131374,44.449917,45.710686,46.486183,43.469322,45.438515,39.03116,40.473316,37.68091,37.57265
2,6.6479654,6.2219806,0.0,6.7682905,7.0301957,10.162728,12.882828,15.833347,19.127296,22.17566,24.989563,28.208897,30.835741,30.19016,29.686249,24.984018,24.687956,20.527666,21.369125,18.267395,17.29623,17.430714,14.720575,19.967203,21.470879,24.194689,25.123077,26.236294,27.854584,23.734066,26.345585,23.13091,29.015686,25.843058,32.116043,30.928623,31.40242,34.268147,36.81799,33.0392,29.386261,32.985264,27.725353,30.65569,26.57831,31.414469,28.047876,28.849203,31.912771,34.73056,36.652813,40.68696,37.847126,41.286053,43.365993,43.03851,40.3773,40.10778,44.723354,42.492104,37.513985,39.324158,37.162857,35.296875,33.101128,28.832846,28.56059,26.12853,28.370882,21.485159,24.711912,21.493303,22.92196,21.919825,18.801876,15.512819,14.313788,17.970043,14.555888,18.829521,20.394054,20.467098,24.356354,23.338196,25.421684,20.477304,25.990023,23.984377,27.848677,27.214312,32.72913,35.539837,38.86445,40.233757,40.222446,43.3992,43.48846,44.048084,41.495636,44.868763,39.85505,42.910126,43.611835,44.93368,42.063564,44.636604,38.59078,40.452686,38.182823,38.204453
3,10.266145,6.4693513,6.7682905,0.0,5.2948394,7.6612554,10.338757,13.448693,15.736537,19.829597,21.546707,25.408695,27.631731,26.442705,25.830538,21.215685,20.016245,16.266703,15.77346,13.554281,11.641668,12.828789,9.777953,15.247648,16.56859,18.487524,19.92251,20.527834,22.659937,19.215733,21.552362,19.98821,25.621395,24.29128,30.129913,29.699146,30.905941,33.92352,37.13277,32.735428,29.12901,31.904444,26.79034,28.773046,25.140547,29.04358,25.751642,25.859354,29.270912,32.27788,34.792233,38.952774,36.738968,40.391388,42.395977,42.69772,39.93704,40.296535,44.755856,43.21825,38.169006,40.4558,38.320072,37.04972,35.196083,30.728611,31.4967,29.308107,30.762417,24.255526,26.176922,23.10533,23.08054,21.728746,18.013292,14.353473,15.578007,18.17183,15.734621,20.022268,21.023634,21.542204,25.318848,24.400198,25.891132,20.275133,24.84384,22.398872,25.782341,24.676573,29.77013,32.29942,35.500202,36.302757,35.636112,39.154907,39.738495,40.456432,38.499153,42.417377,37.536125,40.833435,41.81062,42.37351,39.439995,41.496677,35.29816,36.51624,34.14747,33.576023
4,12.996405,10.45326,7.0301957,5.2948394,0.0,4.1366963,6.058988,9.719957,12.30204,15.933902,18.439718,21.824179,24.602163,23.986177,23.931839,19.101206,19.08801,15.3722,16.452232,14.9113455,14.132049,16.024284,14.314759,19.520147,20.225325,21.879797,22.518112,22.635458,24.312618,20.379751,21.848312,19.63828,24.338678,22.028067,27.990297,26.981453,28.122566,31.053425,34.329,30.619247,27.343712,30.70821,26.051481,28.734035,25.54688,30.296236,27.72648,28.40644,32.047802,35.25593,37.310627,41.25623,38.52595,41.844257,43.508102,43.54251,40.2614,40.41163,44.561813,42.62916,37.46738,39.207012,36.702477,35.451977,32.884407,29.109974,29.46399,27.964144,30.20404,24.084051,26.594471,24.473726,24.882143,24.402664,20.977894,16.967081,16.809006,18.348646,14.8410425,18.4007,18.494856,18.074308,22.512482,22.277124,24.167606,19.214157,24.627258,23.170843,26.713861,26.691479,31.612036,33.75471,37.333767,38.034714,37.40812,40.42671,41.02234,41.05999,39.135563,42.24236,37.147327,40.196144,40.617302,41.56252,38.797016,41.349926,35.56038,37.021603,35.2035,34.598408
5,15.62349,13.40663,10.162728,7.6612554,4.1366963,0.0,3.9639056,5.9693103,9.238597,12.471886,14.86995,18.317715,20.809332,20.121649,19.925724,15.110673,15.346177,11.561797,13.529796,12.215404,12.370416,14.660889,14.410932,19.003798,19.023462,20.464394,20.342022,20.22566,21.472902,17.313835,18.35816,15.947824,20.277252,18.062147,23.923082,23.035719,24.372297,27.332851,30.823929,27.001055,23.856348,27.064997,22.694012,25.329657,22.582745,27.427069,25.413834,26.29995,30.140337,33.512318,35.36006,39.135506,36.30237,39.44188,40.850113,40.975567,37.402435,37.70722,41.60527,39.816868,34.625954,36.359993,33.772434,32.842197,30.304138,26.67276,27.507326,26.419073,28.456165,22.94014,24.940874,23.598269,23.540403,23.607937,20.32116,16.119211,16.095146,16.257969,12.94772,15.921689,15.4193945,15.155069,19.441788,19.40549,21.071466,16.211786,21.462193,20.435747,23.81327,24.359632,28.941883,30.747751,34.495872,35.04564,34.416218,37.142597,37.774113,37.49551,35.680923,38.524277,33.403164,36.401726,36.717888,37.61791,34.901024,37.535366,31.9155,33.414314,31.857716,31.240446
6,18.871054,16.30823,12.882828,10.338757,6.058988,3.9639056,0.0,4.773956,6.4129314,10.173762,12.695223,15.940314,18.98456,18.663301,19.214926,14.378866,15.297165,12.330986,14.457235,14.609532,14.707773,17.720816,17.453598,21.965113,21.82279,22.615837,22.542904,21.776463,23.093023,19.30116,19.375937,17.757559,20.737823,18.82614,24.28494,23.238789,24.861162,27.710892,31.484932,28.172056,25.453869,28.702892,24.906105,27.547707,25.358343,30.160837,28.565992,29.398308,33.362965,36.807938,38.67119,42.36171,39.54403,42.55841,43.760952,43.935276,40.09685,40.459393,44.071163,42.254513,37.053825,38.512592,35.70764,34.963474,32.005295,28.956177,29.653526,29.084743,31.440937,26.265436,28.346386,27.36737,27.271912,27.476263,24.191566,19.97908,19.947933,19.657299,16.211702,18.52479,17.15085,16.074171,20.753965,21.376131,23.10367,18.808594,24.00813,23.447538,26.60493,27.472336,31.692972,33.129883,36.94778,37.147556,36.173244,38.748978,39.661514,39.020782,37.57807,40.067635,34.94292,37.80805,37.793354,38.60753,36.045704,38.750557,33.466877,34.73604,33.545044,32.53737
7,21.36533,19.355768,15.833347,13.448693,9.719957,5.9693103,4.773956,0.0,4.7890687,6.568015,9.333688,12.441924,15.064786,14.786442,15.1184635,10.336547,12.09137,9.197334,12.946202,13.182653,14.558147,17.480381,18.674425,22.407915,21.602459,22.347502,21.28157,20.419134,20.997955,16.92175,16.440546,14.197543,16.430109,14.211637,19.550589,18.50895,20.281773,23.134182,27.081936,23.747318,21.262472,24.408024,21.087675,23.798096,22.199888,27.179083,26.316135,27.508144,31.554258,35.096657,36.57519,39.988514,36.96983,39.688557,40.575275,40.750767,36.6043,37.05105,40.3346,38.60313,33.432476,34.790787,31.904163,31.49686,28.570936,25.80042,26.959394,26.89335,29.047022,24.709085,26.289375,26.244394,25.81843,26.690248,23.750221,19.57749,19.376097,17.643936,14.554297,15.843201,13.67993,12.718733,17.035282,17.962637,19.421806,15.630246,20.55058,20.702652,23.616014,25.276112,29.049505,30.089516,34.088326,34.22341,33.419018,35.512756,36.34096,35.268116,33.844894,35.853233,30.702784,33.428207,33.217537,34.130585,31.659138,34.57248,29.593534,31.053186,30.241732,29.38569
8,24.794834,22.065084,19.127296,15.736537,12.30204,9.238597,6.4129314,4.7890687,0.0,5.3511233,6.5173383,10.059244,13.031175,12.773287,14.024938,9.518276,11.375367,10.117211,12.882953,15.049649,15.9017935,19.638561,20.661455,24.171284,23.219429,23.045721,22.279264,20.5868,21.460812,18.282888,16.70136,16.399855,17.028948,16.53764,20.838789,20.18368,22.527567,25.214775,29.556816,26.461435,24.424246,27.05232,24.330542,26.458181,25.46423,29.793823,29.20207,29.993351,34.15023,37.72909,39.477398,42.864563,40.188602,42.90808,43.653114,44.121376,39.86826,40.596542,43.608055,42.166916,37.06277,38.417595,35.477764,35.3955,32.41362,29.977499,31.304813,31.494614,33.547546,29.397854,30.69148,30.643845,29.83748,30.505854,27.392578,23.245472,23.740078,21.93799,19.205084,20.354868,17.828152,16.644295,20.789373,22.063034,23.257801,19.70447,23.907812,24.072039,26.533634,28.063429,31.32412,31.956194,35.84557,35.427635,34.006363,36.129738,37.44272,36.185974,35.407578,37.39684,32.42358,35.110943,34.78432,35.192726,32.867485,35.495117,30.812716,31.678957,31.141344,29.623713
9,27.882374,25.865385,22.17566,19.829597,15.933902,12.471886,10.173762,6.568015,5.3511233,0.0,4.609705,6.107525,9.502026,10.339577,12.048426,8.284718,12.078403,11.360075,15.686022,17.452093,19.329264,22.608034,24.478102,27.621824,26.300837,26.335888,24.69844,23.095373,23.126846,19.65673,17.534765,16.144165,15.197687,13.487323,17.261478,16.017406,18.33782,20.787638,25.188286,22.845425,21.442207,24.31097,22.498716,25.073814,24.789762,29.567852,29.801817,31.14738,35.25476,38.858696,40.02684,43.045635,39.953457,42.214153,42.55856,42.790867,38.149082,38.727684,41.25873,39.60751,34.61225,35.460033,32.304066,32.47157,29.128988,27.532442,28.837093,29.813406,32.0998,28.923985,30.18479,31.15072,30.49113,31.90081,29.243374,25.205172,24.910723,22.053322,19.308586,19.162186,15.67068,13.881002,17.697739,19.701052,20.85792,18.619118,22.746588,23.989286,26.265778,28.804785,31.647243,31.857653,35.9499,35.574425,34.494465,35.876816,36.984478,35.03928,34.203175,35.180725,30.185997,32.46833,31.56006,32.417515,30.364609,33.496094,29.504097,30.75555,30.85219,29.635818
10,30.340023,27.854141,24.989563,21.546707,18.439718,14.86995,12.695223,9.333688,6.5173383,4.609705,0.0,4.4787173,6.5721984,6.5706224,8.802392,5.7399335,9.382749,10.381426,13.938601,17.024662,18.83752,22.50475,24.780546,27.266989,25.592407,24.889505,23.150295,20.9421,20.923466,18.31653,15.223848,15.657562,13.325661,14.163124,16.700891,16.487068,19.456123,21.812532,26.546793,23.80163,22.623987,24.525404,23.156096,24.808008,25.129238,29.00905,29.575808,30.534258,34.693558,38.301815,39.680782,42.612736,39.955715,42.221416,42.43714,43.08336,38.45008,39.45454,41.760075,40.65741,35.785522,36.946632,33.949432,34.53946,31.663488,29.936934,31.856852,32.790924,34.486183,31.553467,32.095947,33.084183,31.761261,33.02903,30.31141,26.406538,27.012093,23.843222,21.870724,21.77527,18.39523,17.342646,20.392519,22.190762,22.763344,20.370523,23.349447,24.435856,26.121986,28.50147,30.697147,30.474209,34.402664,33.515087,31.93655,33.29863,34.816486,32.791294,32.565,33.74267,29.00864,31.360252,30.623158,30.765903,28.773054,31.440836,27.6306,28.28472,28.582603,26.832266
11,33.791492,31.607744,28.208897,25.408695,21.824179,18.317715,15.940314,12.441924,10.059244,6.107525,4.4787173,0.0,4.464998,6.7292953,9.926431,8.6239605,12.941125,14.20491,18.168362,21.024609,23.131552,26.607924,29.048983,31.518091,29.75253,29.112495,27.067127,24.868448,24.460596,21.863523,18.496426,18.400038,14.756529,14.783006,16.263815,15.51597,18.432514,20.339348,25.061033,23.339846,22.903494,24.932806,24.468363,26.40809,27.281788,31.384323,32.492565,33.76197,37.850098,41.442127,42.457905,45.11899,42.20703,44.116093,44.011715,44.47617,39.56478,40.435326,42.279846,40.996548,36.28531,36.929905,33.749607,34.542492,31.28394,30.423803,32.142887,33.71815,35.70846,33.43324,34.102757,35.690697,34.57808,36.249687,33.77492,29.918043,29.97213,26.381247,24.263172,23.402113,19.453287,17.795307,20.54927,22.957981,23.554014,22.26824,25.1875,26.99716,28.536343,31.51834,33.39533,32.836636,36.829777,35.890087,34.456192,35.23456,36.682945,34.075436,33.96339,34.21029,29.597065,31.497925,30.149895,30.598585,28.971355,31.980495,28.970255,29.780392,30.661737,29.024343
12,35.956764,33.80537,30.835741,27.631731,24.602163,20.809332,18.98456,15.064786,13.031175,9.502026,6.5721984,4.464998,0.0,3.3694665,6.730034,7.753878,11.787254,14.093543,17.890448,20.98808,23.468151,26.762175,29.888039,31.61724,29.459206,28.544054,25.99243,23.64497,22.71033,20.644547,16.680271,17.243195,12.025043,13.750876,13.657418,13.850106,17.213636,18.924204,23.809141,21.786924,21.727573,22.844435,23.107346,24.351141,25.981405,29.417637,31.125961,32.343857,36.337452,39.86978,40.74276,43.127174,40.41774,42.114197,41.756203,42.466225,37.504414,38.67835,40.162106,39.330486,34.836292,35.651512,32.646763,33.892002,31.146017,30.310694,32.649227,34.325764,35.723362,34.065662,34.013634,35.99028,34.377903,36.229958,33.983986,30.393158,30.849575,26.662418,25.318077,24.092443,20.182518,19.25983,20.979273,23.211887,23.196861,22.262367,24.002457,26.049545,26.973364,30.193176,31.335997,30.283834,34.162075,32.93377,31.41846,31.78926,33.3534,30.440855,30.706926,30.716255,26.373625,28.160755,26.824411,26.845331,25.363422,28.172998,25.624638,26.19961,27.491377,25.750532
13,34.938606,32.610077,30.19016,26.442705,23.986177,20.121649,18.663301,14.786442,12.773287,10.339577,6.5706224,6.7292953,3.3694665,0.0,3.8629131,5.7035522,8.932805,11.917098,15.20036,18.636889,21.087105,24.398197,27.740126,29.072374,26.770626,25.61686,23.009651,20.51824,19.554363,17.865961,13.625337,15.138871,9.834229,13.310138,13.262028,14.316366,17.8586,19.799702,24.719341,21.85743,21.431644,22.013716,21.96974,22.621763,24.255579,27.15427,28.793169,29.7405,33.74402,37.261833,38.339893,40.785564,38.374825,40.229588,39.978455,40.95045,36.164444,37.586567,39.230297,38.74165,34.23639,35.4912,32.69461,33.989098,31.711685,30.310495,33.025322,34.321278,35.273705,33.44606,32.98738,34.727467,32.7341,34.383987,32.08534,28.610838,29.634842,25.471972,24.589336,23.70088,20.18976,19.918337,21.437963,23.196903,22.905666,21.386377,22.570091,24.213875,24.904957,27.805164,28.768576,27.678875,31.454731,30.070747,28.345922,28.955505,30.68107,28.040606,28.461248,29.08659,24.789783,26.879597,26.032728,25.566618,23.867182,26.277897,23.330566,23.60608,24.6864,22.727255
14,33.86908,31.733406,29.686249,25.830538,23.931839,19.925724,19.214926,15.1184635,14.024938,12.048426,8.802392,9.926431,6.730034,3.8629131,0.0,4.858639,6.8966174,10.0748415,13.372444,16.34566,19.190752,22.074356,25.960087,26.745121,24.211998,23.184774,20.110342,17.86182,16.409271,14.736598,10.431474,11.996635,6.1660447,11.289107,11.026642,12.948322,16.519152,18.618132,23.443245,19.765196,19.079489,19.073935,18.940973,19.083237,20.911814,23.426119,25.257648,26.210762,30.146692,33.63006,34.633358,37.006344,34.695248,36.55229,36.314255,37.42785,32.748425,34.34633,36.062286,35.853943,31.396952,33.010593,30.443357,31.843351,30.115877,28.281443,31.44646,32.492558,32.91495,31.297823,30.311558,32.144478,29.810076,31.528341,29.422913,26.206577,27.519836,23.065298,22.845913,21.913939,18.794424,19.33394,20.184235,21.455688,20.74611,19.067753,19.42211,20.98596,21.354593,24.29854,24.997103,23.824905,27.60733,26.288239,24.745293,25.33808,26.937399,24.430557,24.712063,25.697754,21.351011,23.68094,23.257189,22.591204,20.647564,22.92977,19.599873,19.975883,20.920973,19.172466
15,29.427015,27.216984,24.984018,21.215685,19.101206,15.110673,14.378866,10.336547,9.518276,8.284718,5.7399335,8.6239605,7.753878,5.7035522,4.858639,0.0,4.7426143,6.362644,10.564129,13.2359915,15.862375,19.017365,22.345821,23.921268,21.786491,21.189684,18.665869,16.698103,15.990878,13.289821,9.981159,10.438763,7.9155636,10.498512,12.879127,13.746857,16.913933,19.476742,24.198755,20.35268,18.872963,19.966265,18.502377,19.484158,20.095179,23.48137,24.358818,25.33224,29.44483,33.033867,34.302353,37.110886,34.601162,36.84505,37.034935,37.90361,33.379097,34.66106,36.999084,36.3289,31.533316,33.187943,30.494606,31.32437,29.24588,26.944874,29.64156,30.292742,31.157305,28.625933,28.290964,29.516586,27.596195,29.022945,26.572924,22.995773,24.119892,20.292393,19.394142,19.12454,16.177795,16.465755,18.360838,19.505804,19.397186,16.752844,18.54657,19.564981,20.811152,23.307423,25.118368,24.75573,28.690956,27.853767,26.486792,27.794025,29.167992,27.291489,26.933834,28.517126,23.77712,26.389906,26.151508,26.015,23.774633,26.249372,22.052528,22.804909,22.945446,21.445902
16,28.391766,25.83936,24.687956,20.016245,19.08801,15.346177,15.297165,12.09137,11.375367,12.078403,9.382749,12.941125,11.787254,8.932805,6.8966174,4.7426143,0.0,4.480854,6.4891024,10.114442,12.461891,15.730505,19.323832,20.202057,17.856922,16.78128,14.31333,12.038264,11.575737,9.561321,5.9257855,9.05071,8.241963,12.883404,15.185165,16.892109,19.956429,22.605143,27.144663,22.47057,20.508133,20.830124,18.740301,18.691097,18.996155,21.321018,21.772385,22.121414,26.264742,29.821802,31.566507,34.56205,32.616947,35.194687,35.647007,36.919117,32.80968,34.43105,37.05754,36.879364,32.147724,34.41942,32.087425,32.903378,31.493639,28.436417,31.511904,31.529903,31.746895,28.844934,27.943623,28.563543,26.051765,26.957682,24.342918,20.996954,23.229858,19.802698,19.685122,20.189955,18.173592,19.295904,20.913261,21.289871,20.853693,17.2474,18.128462,18.1029,19.01307,20.591436,22.273722,22.0507,25.729702,24.696836,22.948565,24.91382,26.53028,25.36029,25.18358,27.902437,23.384016,26.411184,26.939737,26.129442,23.624094,25.342474,20.453096,20.666506,20.152266,18.30453
17,24.138914,21.89267,20.527666,16.266703,15.3722,11.561797,12.330986,9.197334,10.117211,11.360075,10.381426,14.20491,14.093543,11.917098,10.0748415,6.362644,4.480854,0.0,5.664146,6.923261,9.723325,12.680103,16.128822,17.695547,15.716663,15.698382,13.439147,12.230012,12.094925,8.380524,7.260073,7.054132,9.732316,11.703095,15.732603,16.733751,19.23263,22.143162,26.361488,21.483183,18.867422,20.009258,16.831215,17.600075,16.77703,20.073046,19.750994,20.410233,24.599552,28.205397,29.917732,33.18515,30.884388,33.678883,34.455006,35.399178,31.434288,32.710968,35.83223,35.23669,30.297356,32.60479,30.26152,30.606808,29.115425,25.603638,28.385324,28.00599,28.423407,24.930573,24.453474,24.700775,22.57379,23.415295,20.668928,17.063486,18.967848,15.910948,15.462425,16.494947,14.98646,16.335354,18.32625,18.31673,18.250267,13.871485,15.852568,15.416924,17.177402,18.573765,21.334682,21.89594,25.738121,25.418179,24.300116,26.543598,27.635712,26.876205,25.881433,28.814295,23.97769,27.128355,27.765408,27.601868,24.892384,26.973995,21.55284,22.467714,21.397902,20.297796
18,24.177492,21.161572,21.369125,15.77346,16.452232,13.529796,14.457235,12.946202,12.882953,15.686022,13.938601,18.168362,17.890448,15.20036,13.372444,10.564129,6.4891024,5.664146,0.0,5.7288513,6.467564,10.296929,13.375514,14.180391,12.140503,10.955019,9.710569,7.714394,9.097114,7.281433,6.8120065,10.312079,13.346465,17.012411,20.397776,21.976696,24.564,27.425112,31.598833,26.35672,23.593117,24.014507,20.574781,20.23035,19.114706,20.858553,19.778852,19.32018,23.449274,26.921347,29.437767,32.96856,31.525642,34.727917,35.8221,37.247746,33.829823,35.45967,38.79614,38.717804,33.9322,36.7378,34.719124,35.05476,34.049763,30.04436,32.97789,32.027424,31.93955,27.944668,27.061396,26.346745,23.6624,23.540266,20.427013,17.164507,20.577309,18.614983,18.77802,20.73301,20.020836,21.623596,23.60997,23.152727,22.91179,17.940002,19.022285,17.315636,18.608654,18.431746,21.01167,21.774822,25.053322,24.350712,22.510464,25.667528,27.209965,27.31,26.779984,30.836643,26.444345,29.86174,31.113987,30.168251,27.362604,28.526241,22.721529,22.74741,20.987913,19.239264
19,20.130718,17.941998,18.267395,13.554281,14.9113455,12.215404,14.609532,13.182653,15.049649,17.452093,17.024662,21.024609,20.98808,18.636889,16.34566,13.2359915,10.114442,6.923261,5.7288513,0.0,4.09908,5.8021684,10.030375,10.937942,9.068028,10.176329,8.440783,9.008218,9.736924,5.6667924,8.7434025,8.310624,14.355776,16.03311,20.386177,21.61768,23.50086,26.46656,30.066729,24.447515,21.060171,21.837297,17.350355,17.42894,15.058616,17.455606,15.4672575,15.42965,19.53585,23.037552,25.375334,29.129847,27.315744,30.719315,32.164734,33.28791,30.174187,31.514301,35.35576,35.031086,30.19801,33.21891,31.423864,31.353918,30.722654,26.093834,28.986145,27.450836,27.08296,22.739048,21.796658,20.691807,18.08014,17.914795,14.811695,11.50342,15.071008,13.449367,14.163213,16.668554,17.072752,19.41384,21.00077,19.76838,19.562817,13.938918,15.258173,12.729512,14.741876,14.160159,17.933767,19.624418,23.021471,23.295164,22.508001,25.719112,26.467607,27.03703,25.493778,29.807974,25.238853,28.762655,30.30115,29.966139,26.953663,28.405334,22.100683,23.00701,20.668873,20.094023
20,18.788568,15.845339,17.29623,11.641668,14.132049,12.370416,14.707773,14.558147,15.9017935,19.329264,18.83752,23.131552,23.468151,21.087105,19.190752,15.862375,12.461891,9.723325,6.467564,4.09908,0.0,4.559958,6.95979,8.456356,7.3863,8.125101,8.528074,8.967799,11.132864,8.647997,11.4647045,12.387125,17.984707,19.901066,24.302858,25.471163,27.406355,30.397532,34.03373,28.495054,25.05697,25.907726,21.298052,21.254705,18.611416,20.460232,17.776941,17.024427,20.897074,24.18777,27.09321,31.083633,29.72246,33.39343,35.10823,36.345695,33.580307,34.928894,38.958004,38.67971,33.881176,36.98593,35.248913,34.99433,34.315502,29.539194,32.1393,30.2729,30.002619,25.033333,24.397543,22.390419,19.926485,18.86731,15.327675,12.150465,16.37561,16.160324,16.52122,19.72576,20.38645,22.412603,24.501171,23.25305,23.292938,17.462772,19.05778,16.042799,18.03955,16.434746,20.3359,22.290565,25.270258,25.418486,24.236845,27.988253,28.96505,29.99066,28.666685,33.405403,29.006659,32.588062,34.25844,33.69893,30.68311,31.813473,25.433434,25.91445,23.282953,22.34143
21,17.409945,15.342602,17.430714,12.828789,16.024284,14.660889,17.720816,17.480381,19.638561,22.608034,22.50475,26.607924,26.762175,24.398197,22.074356,19.017365,15.730505,12.680103,10.296929,5.8021684,4.559958,0.0,5.522863,5.5144386,4.666,7.8972845,8.024048,10.348269,11.870237,9.200209,13.468574,13.003713,19.694231,20.97677,25.463552,26.662653,28.151644,31.0979,34.255203,28.409674,24.669382,25.342981,20.245838,20.006758,16.609175,18.096,14.531107,13.674703,17.270962,20.424086,23.386219,27.54117,26.244461,30.120314,32.161293,33.345337,31.072803,32.344917,36.70204,36.505657,31.872576,35.28575,33.907146,33.449642,33.353058,28.090605,30.80271,28.392214,27.544815,22.496593,21.422558,18.868523,16.127884,14.60763,11.087562,8.503458,13.633921,14.065622,15.401593,18.88081,20.508053,23.152405,24.609303,22.713795,22.564829,16.600502,17.600014,13.749023,15.816057,13.265835,17.797607,20.447044,23.178768,23.980442,23.49451,27.355106,27.806526,29.389128,27.49576,32.62689,28.388416,32.02196,34.071983,33.68771,30.573116,31.59166,24.966972,25.815062,22.697239,22.516727
22,14.030452,11.114314,14.720575,9.777953,14.314759,14.410932,17.453598,18.674425,20.661455,24.478102,24.780546,29.048983,29.888039,27.740126,25.960087,22.345821,19.323832,16.128822,13.375514,10.030375,6.95979,5.522863,0.0,5.51896,7.5119147,10.180721,12.420485,14.1958065,16.58222,14.398631,18.114847,17.875378,24.383142,25.121199,30.085737,30.87265,32.286514,35.300335,38.444744,32.89732,29.063078,30.30751,25.001934,25.268772,21.527287,23.29993,19.265038,18.204163,21.296923,24.058619,27.31259,31.634413,30.484829,34.519665,36.831894,37.839684,35.834064,36.841354,41.4397,40.941864,36.26131,39.517193,38.062508,37.214027,36.77232,31.472221,33.513203,30.761698,30.431713,24.493967,24.36423,20.769812,18.944935,16.544909,12.664337,10.214509,14.860303,17.168417,17.465557,21.692505,23.5178,25.606161,27.837622,26.033619,26.419968,20.31785,22.378637,18.53372,20.972681,18.106934,22.867226,25.740719,28.212746,29.042995,28.358736,32.49777,33.047234,34.81909,32.96399,38.13571,33.856304,37.466423,39.406113,39.141716,36.036697,37.096333,30.4788,31.20356,28.028519,27.613174
23,18.509857,16.209923,19.967203,15.247648,19.520147,19.003798,21.965113,22.407915,24.171284,27.621824,27.266989,31.518091,31.61724,29.072374,26.745121,23.921268,20.202057,17.695547,14.180391,10.937942,8.456356,5.5144386,5.51896,0.0,3.3340707,6.677494,9.226215,11.903149,14.114256,13.235205,17.41542,18.073154,24.47635,26.362528,30.559397,31.995493,33.492985,36.399826,39.452446,33.45277,29.682102,29.957308,24.870806,24.01089,20.545918,20.667807,16.432262,14.431336,17.186207,19.727997,23.466007,27.777262,27.412748,31.574156,33.978954,35.462963,33.918102,35.348682,39.86474,40.036385,35.68758,39.407692,38.352703,37.8217,38.132763,32.613266,35.30556,32.454338,31.186785,25.968765,24.630922,21.186926,18.264214,15.549723,12.196548,11.176664,16.86486,18.429749,20.076515,23.820059,25.823399,28.515512,29.915472,27.804909,27.568052,21.656717,22.045666,17.694796,19.18809,15.273515,19.371231,22.319466,24.197933,24.98241,24.28825,28.75052,29.280207,31.69539,29.987328,35.828117,32.046535,35.74652,38.210407,37.42853,34.30508,34.705975,28.023994,28.382277,24.774006,24.480354
24,20.681643,18.459574,21.470879,16.56859,20.225325,19.023462,21.82279,21.602459,23.219429,26.300837,25.592407,29.75253,29.459206,26.770626,24.211998,21.786491,17.856922,15.716663,12.140503,9.068028,7.3863,4.666,7.5119147,3.3340707,0.0,4.53804,5.947558,8.964522,10.859502,10.272524,14.489064,15.6042,21.716671,24.216562,27.984436,29.714235,31.358938,34.209576,37.36143,31.25207,27.63606,27.505915,22.716179,21.43136,18.420578,18.142496,14.387458,12.302183,15.484855,18.328852,21.958008,26.131104,25.769075,29.802887,31.970068,33.64018,31.862665,33.521976,37.80121,38.20177,33.88022,37.65351,36.594814,36.360806,36.78282,31.402182,34.46429,31.923769,30.457903,25.797901,23.98547,21.271078,17.852625,15.77247,12.693288,11.509041,17.198156,17.62623,19.654203,22.905191,24.594881,27.450787,28.521978,26.499664,25.966805,20.23836,19.9654,15.761737,16.826185,13.120199,16.771513,19.418118,21.434668,21.989172,21.176962,25.568974,26.205606,28.48906,26.94633,32.799496,29.077364,32.795956,35.30396,34.32119,31.21394,31.502373,24.845924,25.090206,21.527874,21.165068
25,24.102932,21.211866,24.194689,18.487524,21.879797,20.464394,22.615837,22.347502,23.045721,26.335888,24.889505,29.112495,28.544054,25.61686,23.184774,21.189684,16.78128,15.698382,10.955019,10.176329,8.125101,7.8972845,10.180721,6.677494,4.53804,0.0,4.7907963,6.1015596,9.06341,10.396222,13.37436,16.593971,21.444439,25.273844,28.424183,30.518799,32.604717,35.413227,38.934853,32.877785,29.581648,29.050453,24.847681,23.074,20.93011,20.013777,17.103205,14.6485195,17.839457,20.6083,24.4137,28.342382,28.434072,32.313477,34.206287,36.223915,34.26546,36.24248,40.15968,40.875404,36.59321,40.339676,39.17748,39.276043,39.56496,34.477493,37.724712,35.548313,34.159798,29.777363,27.86425,25.57217,21.99293,20.164206,17.188622,15.791164,21.296038,21.138432,22.928835,25.88101,26.931427,29.53576,30.761524,29.12134,28.465342,22.924112,22.343992,18.595226,19.09559,15.777869,18.241785,20.107546,21.908356,21.584362,19.791994,24.43816,25.741587,27.949467,27.209768,33.16223,29.662502,33.382824,35.872402,34.31162,31.306496,31.17248,24.747927,24.211006,20.817327,19.561207
26,25.422838,23.110125,25.123077,19.92251,22.518112,20.342022,22.542904,21.28157,22.279264,24.69844,23.150295,27.067127,25.99243,23.009651,20.110342,18.665869,14.31333,13.439147,9.710569,8.440783,8.528074,8.024048,12.420485,9.226215,5.947558,4.7907963,0.0,3.9779437,5.005901,6.3731985,9.780876,12.797421,17.523394,21.651373,24.323305,26.684605,28.737982,31.435816,34.872826,28.702969,25.561092,24.59329,20.712696,18.536306,16.8944,15.729371,13.589864,11.535895,15.202914,18.34771,21.612432,25.298841,25.050209,28.681446,30.273354,32.3278,30.065367,32.181618,35.852024,36.709507,32.49012,36.250206,35.131645,35.509125,36.009026,31.08571,34.715557,32.861202,31.20584,27.593132,25.160124,23.786459,19.843767,18.890368,16.39127,14.977156,20.098808,18.675648,21.002783,23.237268,24.089146,27.00055,27.592554,25.941286,24.909554,19.790379,18.333765,14.908574,14.906224,12.2275305,14.205599,15.733775,17.973776,17.668308,16.205488,20.469532,21.598066,23.486929,22.603401,28.410318,24.872496,28.592367,31.11637,29.568817,26.546535,26.50391,20.022743,19.736217,16.40517,15.488331
27,27.362211,24.546991,26.236294,20.527834,22.635458,20.22566,21.776463,20.419134,20.5868,23.095373,20.9421,24.868448,23.64497,20.51824,17.86182,16.698103,12.038264,12.230012,7.714394,9.008218,8.967799,10.348269,14.1958065,11.903149,8.964522,6.1015596,3.9779437,0.0,3.816042,6.7737703,7.977814,13.071849,16.310715,21.435814,23.682617,26.188528,28.653807,31.323181,35.145264,29.226715,26.421724,25.42642,22.110222,19.982399,19.089294,18.182981,16.880669,15.075695,18.76291,21.892862,25.025385,28.481987,28.224232,31.625338,32.903126,35.031803,32.394127,34.606945,37.936306,38.806896,34.515133,38.042236,36.67636,37.27596,37.393623,32.869686,36.475758,35.03637,33.74229,30.218649,28.049236,27.020613,23.260902,22.559097,19.900661,17.978409,22.761797,20.973629,22.740177,24.73633,24.886894,27.380257,28.296013,27.13298,26.167461,21.25731,20.101093,17.377218,17.3082,15.523736,16.856628,17.567509,19.903347,18.824005,16.495766,20.591852,22.35129,23.683601,23.5227,28.94982,25.409363,29.043331,31.2707,29.405571,26.51998,26.41526,20.303331,19.450886,16.694155,14.77295
28,29.018528,26.690733,27.854584,22.659937,24.312618,21.472902,23.093023,20.997955,21.460812,23.126846,20.923466,24.460596,22.71033,19.554363,16.409271,15.990878,11.575737,12.094925,9.097114,9.736924,11.132864,11.870237,16.58222,14.114256,10.859502,9.06341,5.005901,3.816042,0.0,5.2371817,6.1555963,11.140538,13.884537,19.433508,21.027344,23.866003,26.276857,28.797407,32.48777,26.4609,23.855452,22.3093,19.442204,16.78365,16.557013,15.179747,14.790877,13.365425,17.09796,20.320873,22.958643,26.097809,25.685614,28.812061,29.813179,32.019516,29.216084,31.586687,34.64816,35.731716,31.589361,35.154453,33.898163,34.767265,35.16742,30.802292,34.745277,33.55099,31.947958,29.165056,26.513306,26.212831,22.205881,22.128704,19.970663,18.275408,22.680183,19.996445,22.250877,23.5864,23.615446,26.389511,26.64447,25.445587,24.100615,19.734142,17.614685,15.3211,14.606299,13.5176115,14.023827,14.207009,16.8059,15.648818,13.59365,17.279009,18.904768,19.98465,19.778545,25.138733,21.671045,25.301115,27.63888,25.681383,22.784578,22.63497,16.48745,15.754739,13.05173,11.401207
29,25.222849,23.344498,23.734066,19.215733,20.379751,17.313835,19.30116,16.92175,18.282888,19.65673,18.31653,21.863523,20.644547,17.865961,14.736598,13.289821,9.561321,8.380524,7.281433,5.6667924,8.647997,9.200209,14.398631,13.235205,10.272524,10.396222,6.3731985,6.7737703,5.2371817,0.0,5.0330195,6.5293303,11.528467,15.3059,18.103935,20.326231,22.432348,25.154478,28.74583,22.73667,19.74058,19.107813,15.461309,13.974325,12.896221,13.634579,12.904736,12.691489,16.855543,20.404247,22.518648,25.861162,24.414106,27.551573,28.636562,30.238317,27.061926,28.948265,32.331135,32.72383,28.212664,31.539598,30.031488,30.578085,30.623053,26.167925,29.86108,28.665916,27.46881,24.414408,22.242012,22.11363,18.581242,18.978777,16.69219,14.379131,18.099972,15.0864725,17.083843,18.416674,18.53994,21.393227,21.779024,20.495844,19.409657,14.688507,13.519258,11.323116,11.745765,11.597609,13.790943,14.693246,18.12946,17.981936,17.1098,20.097734,20.964298,21.487503,20.266312,24.898285,20.66383,24.29024,26.222937,25.261003,22.23084,23.170708,16.804098,17.415358,15.042628,14.487333
30,28.785213,26.532944,26.345585,21.552362,21.848312,18.35816,19.375937,16.440546,16.70136,17.534765,15.223848,18.496426,16.680271,13.625337,10.431474,9.981159,5.9257855,7.260073,6.8120065,8.7434025,11.4647045,13.468574,18.114847,17.41542,14.489064,13.37436,9.780876,7.977814,6.1555963,5.0330195,0.0,7.295491,8.372552,14.242083,15.902159,18.507456,21.244654,23.815857,27.911522,22.350937,20.077242,19.188547,16.832357,15.312047,15.722799,16.483267,17.032747,16.955635,20.984911,24.459349,26.327028,29.258507,27.82052,30.521872,31.090519,32.785496,29.116407,31.14889,33.89331,34.37142,29.909206,32.84625,31.052288,32.027756,31.641861,27.944529,31.668703,31.19042,30.373022,27.830233,25.857023,26.395908,23.06423,23.832823,21.579466,18.98419,22.137268,18.544857,19.87988,20.501068,19.486473,21.731174,22.255533,21.7596,20.63291,16.773544,15.697368,14.870617,14.861486,15.835943,16.836605,16.547503,20.023752,18.969984,17.308285,19.661533,21.18709,20.731089,20.45618,24.284424,20.10168,23.499517,24.938583,23.566334,20.781599,21.748167,16.116806,16.107965,14.822754,13.198194
31,25.500683,24.392874,23.13091,19.98821,19.63828,15.947824,17.757559,14.197543,16.399855,16.144165,15.657562,18.400038,17.243195,15.138871,11.996635,10.438763,9.05071,7.054132,10.312079,8.310624,12.387125,13.003713,17.875378,18.073154,15.6042,16.593971,12.797421,13.071849,11.140538,6.5293303,7.295491,0.0,7.6031594,8.912455,12.497617,14.156118,16.025015,18.829363,22.423687,16.607393,13.628424,13.865105,10.33375,10.5849695,10.01761,13.539316,14.092961,15.623217,19.606285,23.181322,24.125988,27.035763,24.364584,26.884317,27.502783,28.404922,24.399307,25.793678,28.90905,28.58523,23.78242,26.504562,24.553038,25.15176,24.657778,20.73558,24.395445,23.93254,23.310509,21.01092,19.300568,20.577293,17.873636,19.61895,17.840559,15.087244,16.700396,12.070184,13.521705,13.434069,12.704204,15.616095,15.517944,14.598796,13.485966,9.539344,9.19425,9.267528,10.518248,13.144146,15.527384,16.044586,20.176678,20.524748,20.563414,22.18703,22.46474,21.708023,19.848251,22.787714,17.842598,21.133656,22.24236,22.39622,19.466526,21.748295,15.997367,17.919317,16.705896,16.964659
32,32.29394,30.816248,29.015686,25.621395,24.338678,20.277252,20.737823,16.430109,17.028948,15.197687,13.325661,14.756529,12.025043,9.834229,6.1660447,7.9155636,8.241963,9.732316,13.346465,14.355776,17.984707,19.694231,24.383142,24.47635,21.716671,21.444439,17.523394,16.310715,13.884537,11.528467,8.372552,7.6031594,0.0,8.0446825,7.716862,10.671222,13.759938,16.029871,20.39304,15.515768,14.364837,13.570511,13.289259,12.936521,15.13857,17.562862,19.871971,21.258951,25.005222,28.42586,28.996078,31.188555,28.681273,30.424341,30.173273,31.270594,26.6464,28.336756,30.195972,30.196177,25.784285,27.831097,25.593182,27.088022,26.180265,23.796078,27.572502,28.339048,28.007212,26.980564,25.242737,27.50738,24.858974,26.966988,25.394123,22.68147,23.944897,18.866405,19.707008,18.372923,15.939118,17.730755,17.25959,17.730623,16.330702,14.83734,13.766447,15.626991,15.562966,19.067245,19.519506,18.361021,22.355314,21.588167,20.941584,21.294111,22.218788,19.870684,19.327633,20.60381,15.909001,18.60029,18.76766,18.369242,15.958938,18.503841,14.422771,15.732988,16.37736,15.741427
33,29.431814,28.957932,25.843058,24.29128,22.028067,18.062147,18.82614,14.211637,16.53764,13.487323,14.163124,14.783006,13.750876,13.310138,11.289107,10.498512,12.883404,11.703095,17.012411,16.03311,19.901066,20.97677,25.121199,26.362528,24.216562,25.273844,21.651373,21.435814,19.433508,15.3059,14.242083,8.912455,8.0446825,0.0,6.3739367,5.7734766,7.5994186,10.561673,14.658937,10.198202,8.509369,10.835089,9.879474,12.836011,13.8097725,18.957748,20.778357,23.265308,26.833471,30.218512,30.099096,32.312344,28.639807,30.143877,29.977598,30.010086,25.068096,25.713198,27.871,26.5148,21.677362,22.871141,20.042292,20.931269,19.024223,17.062904,20.206318,21.51169,22.201265,21.437422,20.827696,23.81192,22.474865,25.316545,24.081554,21.158815,20.394588,14.965158,14.727752,12.063009,8.683024,10.276605,9.30227,10.405709,9.646794,9.671412,11.207584,14.442479,15.845355,20.22457,22.081501,21.867126,26.142508,26.549807,27.01928,27.211618,27.177328,24.838053,22.909239,23.049881,17.845697,19.986027,19.289553,21.024237,18.78875,22.644062,18.870539,21.598034,21.994228,22.527702
34,35.602516,34.975388,32.116043,30.129913,27.990297,23.923082,24.28494,19.550589,20.838789,17.261478,16.700891,16.263815,13.657418,13.262028,11.026642,12.879127,15.185165,15.732603,20.397776,20.386177,24.302858,25.463552,30.085737,30.559397,27.984436,28.424183,24.323305,23.682617,21.027344,18.103935,15.902159,12.497617,7.716862,6.3739367,0.0,4.180865,7.033598,8.643709,13.039255,9.212877,9.909569,9.60515,11.967524,13.235086,16.325962,19.917824,23.106518,25.491253,28.765646,31.959024,31.435982,32.96349,29.554342,30.377554,29.48213,29.809717,24.571856,25.665949,26.65143,25.985079,21.825094,22.766901,20.150055,22.105295,20.784565,19.964403,23.620432,25.580477,25.635899,26.269615,24.7999,28.473413,26.6091,29.684292,28.821014,26.321543,26.005936,20.2229,20.751673,17.706425,14.486112,15.804486,13.717293,15.044091,13.408868,14.988597,14.032317,17.82835,17.825752,22.688328,22.945995,21.567446,25.595219,25.436579,25.855818,24.929132,25.00318,21.608326,20.390556,19.06924,14.314113,15.766414,14.332008,15.842694,14.135884,18.282598,16.137096,18.726461,20.346294,20.845146
35,34.77067,34.44268,30.928623,29.699146,26.981453,23.035719,23.238789,18.50895,20.18368,16.017406,16.487068,15.51597,13.850106,14.316366,12.948322,13.746857,16.892109,16.733751,21.976696,21.61768,25.471163,26.662653,30.87265,31.995493,29.714235,30.518799,26.684605,26.188528,23.866003,20.326231,18.507456,14.156118,10.671222,5.7734766,4.180865,0.0,3.6607866,5.780193,10.57839,8.047638,9.012391,10.829996,12.717345,15.437428,17.699286,22.357368,25.093342,27.76409,31.063232,34.28232,33.636353,35.271694,31.428278,32.218193,31.417244,31.24057,25.923952,26.441116,27.53772,26.074295,21.751768,21.998142,18.93242,20.510069,18.242178,18.103024,21.091234,23.529057,24.400085,25.02861,24.381292,28.200848,27.050806,30.287336,29.412169,26.698421,25.52909,19.909351,19.624344,16.131618,12.321508,12.834269,10.779874,12.928123,11.957087,14.36598,14.987036,19.036093,19.774937,24.7082,25.68757,24.767832,28.894426,29.08038,29.674263,28.912477,28.802097,25.521719,23.92409,22.29662,17.515537,18.654922,16.734545,19.131762,17.629051,22.05962,19.953127,22.781187,24.186407,24.797197
36,35.001244,35.18859,31.40242,30.905941,28.122566,24.372297,24.861162,20.281773,22.527567,18.33782,19.456123,18.432514,17.213636,17.8586,16.519152,16.913933,19.956429,19.23263,24.564,23.50086,27.406355,28.151644,32.286514,33.492985,31.358938,32.604717,28.737982,28.653807,26.276857,22.432348,21.244654,16.025015,13.759938,7.5994186,7.033598,3.6607866,0.0,3.0560112,7.3118453,5.5044584,7.1792107,10.067365,12.224632,15.726519,17.711573,22.837454,25.56328,28.600798,31.64095,34.715214,33.65848,35.11065,30.87476,31.385298,30.51349,29.8809,24.530489,24.585966,25.590996,23.594584,19.333832,19.044466,15.786039,17.281166,14.766589,15.277337,18.093191,20.96754,22.012424,23.360498,22.906284,27.207113,26.512302,30.076859,29.567856,27.082804,25.219044,19.569948,19.270672,15.171797,11.586764,12.135513,8.88603,11.150721,10.201143,14.030295,14.832698,19.271143,20.17936,25.346071,26.503912,25.813677,29.898342,30.533749,31.636246,30.711159,30.159569,26.940546,24.802433,22.703663,18.020859,18.797504,16.650688,19.930973,18.567867,23.286274,21.392365,24.698746,25.996502,27.12437
