,0,1,2,3,4,5,6,7,8,9,10,11,12,13,14,15,16,17,18,19,20,21,22,23,24,25,26,27,28,29,30,31,32,33,34,35,36,37,38,39,40,41,42,43,44,45,46,47,48,49,50,51,52,53,54,55,56,57,58,59,60,61,62,63,64,65,66,67,68,69,70,71,72,73,74,75,76,77,78,79,80,81,82,83,84,85,86,87,88,89,90,91,92,93,94,95,96,97,98,99,100,101,102,103,104,105,106,107,108
0,0.0,4.6870356,6.450353,10.426816,13.301188,15.690033,18.978691,20.74611,24.306759,27.113594,29.740788,33.215996,35.735535,34.8438,34.93873,30.463306,29.921936,26.262379,26.374844,23.26899,22.37537,21.756556,19.417831,23.064486,24.905329,29.396204,29.792002,30.415495,30.461246,27.585356,29.158085,27.4304,26.972607,30.565063,28.1815,31.847937,31.810425,34.17128,37.586372,33.94079,31.46585,34.91039,32.756073,33.18015,33.84463,32.85388,33.810863,32.0156,35.193394,38.29468,40.749763,43.64572,40.91649,41.61156,42.077663,43.396652,39.412697,39.353725,43.62637,41.61673,36.735584,38.595287,37.3274,37.355877,37.3219,33.58171,31.368603,28.623411,30.02615,27.39437,27.816872,29.413475,28.254728,28.427097,26.145895,22.76334,24.057636,22.774525,21.280035,23.321573,21.677147,25.209906,22.24215,23.729345,20.470251,23.76754,22.188644,22.092545,24.573725,23.842995,29.48376,27.811329,32.274303,31.329777,29.447884,30.20433,26.556713,26.373146,22.48037,21.798073,18.506802,16.094938,17.25384,16.573633,11.879723,16.817453,13.034429,15.82739,15.843148
1,4.6870356,0.0,6.262606,6.807477,11.09731,13.723722,17.049572,19.355433,22.215282,25.769495,27.877682,31.623568,33.89594,32.73187,32.810932,28.576365,27.34375,24.034523,23.304153,20.738672,19.16503,18.888742,15.781964,19.906866,22.024092,26.32781,27.227709,27.781017,28.404007,25.448206,27.724072,25.789516,26.363213,30.016289,28.569246,32.07975,32.331184,35.021503,38.090725,34.546257,31.872896,34.788704,32.4666,32.27746,32.854702,30.933374,31.769627,29.52821,32.64252,35.79819,38.422348,41.50614,39.117832,40.21373,40.96807,42.487907,38.923817,39.083435,43.606358,41.968937,37.183876,39.582943,38.443306,38.907955,39.312798,35.35473,33.62671,30.81588,31.324116,29.23128,28.728935,30.631693,28.743353,29.050385,27.266,23.725573,25.879065,23.743525,23.045895,24.376442,22.976887,26.732113,23.103796,23.973125,20.772896,22.888134,21.740177,20.670208,23.40876,22.24905,28.2143,26.418583,30.34584,29.742058,28.52495,29.42419,26.00384,25.865335,21.589201,21.544859,17.700176,15.838888,15.773906,14.156432,9.880976,15.255219,12.428012,15.220358,16.577229
2,6.450353,6.262606,0.0,6.5237546,7.2530775,9.962418,12.8390045,15.080779,18.503717,21.318941,24.173853,27.46355,30.28214,29.653332,30.233,25.979485,25.582672,22.197136,22.676733,20.635128,19.909893,20.597233,18.499323,23.082478,24.525108,28.857418,29.20819,28.905123,29.238672,25.506151,27.52769,24.333862,24.728918,26.756485,25.070187,28.26963,27.989489,30.790642,34.09019,31.201427,29.164745,31.892881,30.516912,30.141806,31.666355,29.747679,31.486826,29.438557,33.06536,36.3453,38.369183,41.06827,38.009304,39.27658,39.428467,41.333405,37.388153,37.903294,41.928856,40.646465,35.608402,37.748146,36.04426,36.55735,36.495117,31.988426,30.184608,28.183151,28.653711,27.653805,27.345963,30.219894,28.817274,29.928474,28.215052,24.454716,25.288727,22.530096,21.00866,21.718063,19.301674,22.493542,18.688795,19.985813,17.220802,19.978153,20.120903,20.263996,23.4111,23.779852,29.552021,28.807924,32.449287,32.728184,31.1091,31.290209,28.101868,26.77755,23.134834,21.511679,17.172125,13.72663,14.243844,13.413327,9.89772,16.261372,14.075984,17.99123,18.535221
3,10.426816,6.807477,6.5237546,0.0,5.4106736,8.076896,11.046283,14.008981,16.045135,20.164877,21.94698,25.738615,27.994139,26.835592,27.26303,23.399343,21.841389,19.030132,18.090096,16.918352,15.15628,16.465986,13.457591,18.637037,20.32183,24.276028,25.28885,24.86873,26.021011,22.270836,25.280407,21.973186,23.88811,26.251701,26.002295,28.974096,29.26303,32.41738,35.102413,32.234478,29.8222,31.799006,30.031982,28.833773,30.065536,26.85152,28.308636,25.63363,29.105576,32.424328,34.704483,37.678387,35.18976,36.976562,37.6083,39.7125,36.445263,37.198402,41.592728,40.770245,35.975536,38.85435,37.462353,38.54148,39.17509,34.59861,33.50466,31.239738,30.526083,30.016487,28.474182,31.520159,29.137531,30.312304,29.259901,25.42823,27.497665,23.857943,23.589327,23.488392,21.786385,25.307192,20.834871,21.049267,18.406673,19.122538,19.684856,18.278357,21.654755,21.373817,27.414392,26.523754,29.34393,30.100649,29.386883,29.75583,26.947414,25.764383,21.720526,21.105677,16.274395,14.085302,12.581394,10.16932,7.9899297,14.31825,13.700594,17.274317,19.376997
4,13.301188,11.09731,7.2530775,5.4106736,0.0,4.125513,6.209025,9.733693,11.993582,15.64851,18.073597,21.453894,24.239826,23.594807,24.599413,20.868862,20.047766,17.37939,17.608704,17.29465,16.408073,18.657019,16.754045,21.9753,23.009016,26.802649,27.34044,26.106768,27.053562,22.648388,25.47232,20.902872,22.92872,23.512383,23.43366,25.92949,25.785885,29.134478,31.86357,29.748161,27.953947,29.503841,28.676704,27.104767,29.2562,25.831688,28.165684,25.645695,29.53565,32.91676,34.59206,37.17939,34.133366,36.17932,36.27872,38.794655,35.3163,36.46332,40.38619,40.01144,35.081352,37.81789,35.960888,37.195152,37.521816,32.46222,31.493778,29.997194,28.98327,29.634308,28.064392,31.959423,29.90341,31.75869,30.86502,26.930445,28.021883,23.7854,23.033821,22.135706,19.65372,22.539352,17.782047,18.086704,16.120846,16.856865,18.998697,18.585806,22.251944,23.309734,29.017588,29.04802,31.480446,33.02273,32.05802,31.835253,29.314342,27.169266,23.752544,21.910147,16.791885,13.4660425,12.160698,10.560865,9.895803,16.24207,16.289808,20.450365,21.972713
5,15.690033,13.723722,9.962418,8.076896,4.125513,0.0,3.8744628,5.95535,8.642088,12.164748,14.411162,17.97049,20.552258,19.84339,20.706259,16.839512,16.390907,13.555691,14.568355,14.31903,14.185694,16.78981,16.005692,20.914488,21.35096,24.99839,25.089022,23.395456,24.136995,19.46904,22.161085,17.112268,19.334803,19.489424,19.842388,22.172817,22.235126,25.679077,28.159172,26.126728,24.366665,25.59144,24.928791,23.122164,25.513504,22.028854,24.66431,22.322151,26.36529,29.732399,31.116879,33.52363,30.270649,32.357323,32.316788,34.953205,31.505909,32.828144,36.63552,36.53326,31.65904,34.554657,32.66529,34.169365,34.71509,29.553637,29.01851,27.645315,25.952961,27.313623,25.223719,29.567787,27.388351,29.670914,29.158781,25.226137,26.175909,21.320822,20.928507,19.29949,17.006498,19.8405,14.853722,14.607804,12.931844,12.918307,15.747459,15.560126,19.302786,21.112768,26.47726,27.148895,29.18396,31.323936,30.304228,29.669735,27.50235,24.74703,21.787912,19.422699,14.239725,10.913793,9.182214,8.132248,9.070346,14.487712,15.525236,19.78648,21.286936
6,18.978691,17.049572,12.8390045,11.046283,6.209025,3.8744628,0.0,4.7890577,6.1234517,9.678468,12.196664,15.33713,18.337282,18.036882,19.56176,16.272482,16.019264,13.947826,15.229955,16.267008,16.246462,19.490738,18.828701,23.782043,24.034723,27.316307,27.4334,25.256859,26.178389,21.263107,24.071608,18.236826,20.99207,19.570408,20.574564,22.24302,22.009623,25.649498,27.93576,26.710974,25.466875,26.032839,26.112597,23.750854,26.752369,22.678625,25.842564,23.42409,27.576178,30.913702,31.907198,34.0685,30.659773,33.147545,32.839558,35.848442,32.536083,34.21681,37.68757,38.06197,33.24987,36.14973,34.01269,35.716316,36.135048,30.689486,30.367325,29.572212,27.537556,29.734737,27.503191,32.27167,30.160679,32.75251,32.41846,28.514374,29.117367,23.98912,23.478313,21.290741,18.639603,20.799358,15.738438,15.329431,14.536689,13.871143,17.982449,18.038605,21.789259,24.059093,29.146502,30.209406,31.760485,34.373356,33.50256,32.66258,30.75585,27.657457,25.000633,22.35989,17.248749,13.870863,12.046173,11.164877,12.869479,17.885607,19.293093,23.533913,25.01235
7,20.74611,19.355433,15.080779,14.008981,9.733693,5.95535,4.7890577,0.0,4.8212576,6.4511914,9.272068,12.470936,15.295811,15.087992,16.316183,12.603479,13.5597315,11.016961,13.969072,14.474598,15.678483,18.737415,19.41434,23.698275,23.302658,26.501036,25.913319,23.392029,23.737085,18.715494,20.884983,14.690417,17.026838,14.847944,15.981428,17.487907,17.39518,21.066828,23.211134,22.02667,20.93216,21.315876,21.724028,19.38235,22.753016,19.226667,22.767872,20.90067,25.161066,28.396515,28.982212,30.82501,26.997192,29.268421,28.641153,31.675892,28.18029,29.968313,33.188587,33.724094,28.939688,31.812107,29.578835,31.455221,31.987612,26.489412,26.558968,25.966347,23.37772,26.310978,23.779242,28.959024,26.988333,30.005276,29.955704,26.167208,26.31477,20.78864,20.448523,17.558306,15.062842,16.97995,11.897983,10.9289465,10.729114,9.566867,14.500934,15.390755,18.95325,22.186169,26.66442,28.435768,29.798988,32.831318,31.65501,30.335339,28.74857,25.01313,23.061308,19.656492,14.915798,11.522152,10.061662,10.538955,13.027109,16.681808,18.637274,22.84223,23.929808
8,24.306759,22.215282,18.503717,16.045135,11.993582,8.642088,6.1234517,4.8212576,0.0,5.330637,6.247706,9.800751,12.345137,11.963157,13.784962,11.172216,11.2139,10.226246,12.331403,14.813236,15.560483,19.449387,19.981544,24.292248,23.790297,26.346434,26.11026,23.11376,24.101606,19.003227,21.855886,15.180017,19.003904,16.063475,18.766348,19.529093,19.692936,23.489412,24.926931,24.362581,23.387562,22.741243,23.368834,20.061146,23.569386,18.624767,22.381348,20.05082,24.240875,27.424467,27.798555,29.585535,26.06584,29.041124,28.555378,31.983068,29.153214,31.32303,34.485313,35.636097,31.171892,34.43253,32.31539,34.583244,35.426834,29.92789,30.461912,29.993528,26.74836,30.170975,27.027863,32.3165,29.902103,33.01605,33.36348,29.631393,30.250647,24.42086,24.643272,21.368708,19.30099,20.972055,16.028494,14.427802,14.750276,11.802673,17.318316,17.266895,20.777699,23.834288,28.109,30.041359,30.54645,34.150734,33.575214,32.25227,31.065228,27.312641,25.386076,22.518623,17.81214,15.355972,12.854346,12.461799,15.932322,19.135572,21.828547,25.74975,27.440119
9,27.113594,25.769495,21.318941,20.164877,15.64851,12.164748,9.678468,6.4511914,5.330637,0.0,4.6279564,6.2777004,9.836823,10.7190895,13.003885,10.710089,12.9012985,11.956755,15.745809,17.663696,19.398247,22.920269,24.265528,28.143002,27.221327,29.73567,28.856537,25.588224,25.899675,20.842842,22.721422,15.772013,18.600983,13.423269,16.11545,15.998869,15.639295,19.44511,20.781239,21.183315,21.089949,19.982954,21.826025,18.583124,22.947063,18.928228,23.287224,21.752165,25.945276,28.901852,28.580677,29.742805,25.564938,28.32691,27.10231,30.700537,27.55616,29.965185,32.395477,33.870724,29.448645,32.31139,29.786299,32.111153,32.63932,26.941132,27.735039,28.07864,24.60256,29.069258,26.123247,31.86811,30.020624,33.56745,33.98999,30.4313,30.06908,24.200573,24.014248,20.171692,17.75822,18.35276,13.939661,12.294001,13.884289,11.311663,17.613832,18.903194,22.037144,26.06468,29.645666,32.24551,32.71856,36.58368,35.560238,33.7636,32.793625,28.4456,27.2984,23.508793,19.399006,16.55407,15.11264,15.901195,19.136112,21.775518,24.354258,28.35055,29.359589
10,29.740788,27.877682,24.173853,21.94698,18.073597,14.411162,12.196664,9.272068,6.247706,4.6279564,0.0,4.3865886,6.1713486,6.296826,8.808358,7.5801635,9.359114,9.820034,13.287744,16.299772,18.05746,21.900215,23.633102,27.07855,25.83767,27.720776,26.880188,23.212248,23.861673,18.923477,21.162249,14.095679,18.152765,13.036359,17.291723,16.792545,17.223711,20.922901,21.38592,21.811926,21.44635,19.450214,21.065853,16.98772,21.213537,16.080784,20.536049,18.828884,22.850452,25.66503,25.10151,26.179857,22.28899,25.576982,24.591518,28.437542,25.998825,28.676548,31.18725,33.160416,29.137833,32.491512,30.303312,33.038506,34.134617,28.6937,30.042772,30.117247,25.882584,30.573322,26.858353,32.571995,30.203466,33.823692,34.728966,31.298641,31.537703,25.362011,26.003115,21.850534,20.29453,21.134804,16.88769,14.468228,16.047726,11.745509,18.045017,18.469164,21.356812,25.307425,28.444887,31.312536,30.962263,35.377872,34.836334,32.95365,32.460014,28.056202,27.111233,23.811893,19.952274,18.183142,15.917572,16.36808,20.44084,22.108095,25.468145,29.07379,30.576189
11,33.215996,31.623568,27.46355,25.738615,21.453894,17.97049,15.33713,12.470936,9.800751,6.2777004,4.3865886,0.0,4.4291077,6.796541,10.124574,10.337396,12.87737,13.772892,17.416262,20.454851,22.38434,26.17067,28.018175,31.391329,30.034325,31.764881,30.748531,26.920574,27.366896,22.583015,24.35905,17.371634,20.865936,14.221546,18.524029,17.084217,17.015419,20.536316,20.626583,22.250107,22.715315,20.106358,22.768888,18.65137,23.37815,18.70935,23.409296,22.116135,25.946226,28.502619,27.38158,27.91211,23.777075,27.103365,25.575682,29.63298,27.26156,30.194975,32.00621,34.417664,30.596256,33.642807,31.172607,33.97314,34.805508,29.280836,30.833107,31.597681,27.26487,32.661133,29.12991,35.06467,33.05143,36.8915,37.842552,34.52783,34.20104,28.097034,28.431416,24.036654,22.220398,22.214567,18.525288,16.29924,18.57196,14.770979,21.220839,22.232409,24.88531,29.1944,31.934423,35.11913,34.6117,39.212986,38.548004,36.44383,36.106815,31.450344,30.887066,27.22031,23.659136,21.640528,19.850868,20.581055,24.459766,26.161701,29.388807,33.0592,34.273098
12,35.735535,33.89594,30.28214,27.994139,24.239826,20.552258,18.337282,15.295811,12.345137,9.836823,6.1713486,4.4291077,0.0,3.331511,6.690725,8.759671,11.220335,13.164838,16.582289,19.990942,22.115515,25.847567,28.210678,30.98235,29.264624,30.414633,29.245514,25.140743,25.64599,21.22195,22.937737,16.288948,20.329443,13.861134,19.212393,17.459055,18.12645,21.368492,20.623758,22.207808,22.481401,19.092636,21.60483,16.938065,21.459549,16.291502,20.965109,19.862318,23.33336,25.587763,24.056791,24.296307,20.354961,24.03053,22.600473,26.83203,25.142633,28.295897,30.023287,32.904377,29.549992,32.938915,30.798567,33.9361,35.276707,30.093964,32.156704,32.70066,27.738447,33.335022,29.210804,35.054474,32.711838,36.623444,38.009315,34.902584,34.948708,28.695269,29.696007,25.071213,24.022089,24.17263,20.75588,17.995882,20.263985,15.468137,21.553291,22.0819,24.30313,28.620676,30.712925,34.22355,33.009777,38.05969,37.70515,35.44785,35.590042,30.855522,30.667093,27.324902,24.232304,23.086145,20.94083,21.649649,25.98866,26.701683,30.466661,33.743687,35.203373
13,34.8438,32.73187,29.653332,26.835592,23.594807,19.84339,18.036882,15.087992,11.963157,10.7190895,6.296826,6.796541,3.331511,0.0,3.8115518,6.5495076,8.206313,10.774589,13.747155,17.436144,19.483221,23.223452,25.721329,28.228971,26.421553,27.334955,26.24568,22.081852,22.817715,18.488222,20.542791,14.05636,18.798061,13.515231,19.205444,17.927126,19.132889,22.375874,21.592512,22.390858,22.046783,18.753227,20.451164,15.539337,19.563225,13.646084,18.152193,16.792015,20.213219,22.510424,21.166285,21.6902,18.059017,21.964247,21.021341,25.19557,23.817484,26.893702,29.081623,31.869453,28.597084,32.33736,30.52918,33.750103,35.452297,30.463717,32.57513,32.61101,27.49125,32.69005,28.21556,33.8465,31.119345,34.898094,36.445415,33.365067,33.951572,27.624786,29.091053,24.562325,23.97395,24.66915,21.0554,18.038576,19.87483,14.452176,20.140602,20.00447,22.139956,26.16812,28.20582,31.643053,30.15272,35.31046,35.222515,33.05847,33.3286,28.755924,28.478485,25.584347,22.54605,21.983429,19.408575,19.882702,24.484388,24.718904,28.788345,31.814198,33.58215
14,34.93873,32.810932,30.233,27.26303,24.599413,20.706259,19.56176,16.316183,13.784962,13.003885,8.808358,10.124574,6.690725,3.8115518,0.0,4.8399854,6.570584,9.3123665,12.360427,15.540581,17.978725,21.312492,24.42023,26.264107,24.120708,24.73995,23.329147,19.067554,19.603827,15.622637,17.438265,11.497402,16.454472,12.210131,18.240215,17.173822,19.029194,22.005846,20.913385,21.042658,20.223213,16.787617,17.833662,12.721329,16.279697,10.096443,14.554151,13.509008,16.744457,18.90602,17.432705,17.96367,14.32561,18.288292,17.62609,21.738972,20.680515,23.733953,26.158644,28.978424,25.958088,29.97937,28.534529,31.896664,34.024437,29.405865,31.76859,31.412066,25.96993,30.999006,26.127232,31.537237,28.561354,32.317932,34.157043,31.280466,32.18925,25.875042,27.89356,23.3606,23.490858,24.483759,21.1304,17.813566,19.423138,13.516891,18.418816,17.94068,19.606354,23.644073,25.127138,28.801153,26.954418,32.324932,32.331654,30.047846,30.637743,26.042496,26.102894,23.46465,20.9702,21.200705,18.560556,19.217007,23.944334,23.169975,27.545828,30.170881,32.009945
15,30.463306,28.576365,25.979485,23.399343,20.868862,16.839512,16.272482,12.603479,11.172216,10.710089,7.5801635,10.337396,8.759671,6.5495076,4.8399854,0.0,5.029912,5.311069,9.994263,11.878679,14.790932,17.86542,21.087605,23.15871,21.14199,22.532038,20.945501,17.017475,17.146845,12.58865,14.330172,7.5790877,12.4425955,9.0575075,14.52142,14.35624,16.28851,19.468655,19.172361,18.306475,16.967955,14.59563,15.001225,10.397608,14.043391,8.543186,13.149314,12.05871,15.970758,18.627136,17.92737,19.05098,15.072061,18.199652,17.636469,21.319275,19.262987,21.91276,24.886719,26.922653,23.295238,27.247744,25.726427,28.81954,30.81482,26.06921,28.062366,27.360897,22.256092,26.814215,22.133821,27.57823,24.678143,28.385136,29.935322,26.882898,27.74174,21.403278,23.303524,18.926836,19.031843,20.47101,16.86601,13.533701,14.769042,8.755267,13.795822,13.61466,15.641806,19.93208,22.001379,25.47772,24.475513,29.378223,28.94595,26.73448,26.887884,22.249231,22.060974,19.076097,16.321531,16.371485,13.89463,14.93565,19.490862,18.767403,22.957115,25.759497,27.396008
16,29.921936,27.34375,25.582672,21.841389,20.047766,16.390907,16.019264,13.5597315,11.2139,12.9012985,9.359114,12.87737,11.220335,8.206313,6.570584,5.029912,0.0,4.355694,5.8017144,9.73033,11.559132,15.250918,17.956682,20.093164,18.279423,19.248411,18.431547,14.447895,15.759501,11.240153,14.54216,8.588952,14.751828,13.692866,18.680174,19.091473,21.047615,24.270803,24.107126,22.786095,20.880028,18.929173,18.24618,13.789436,16.055592,8.994925,12.494919,9.950704,13.837202,16.764578,16.837622,18.731144,15.953071,19.54965,19.96921,23.424086,22.080496,24.4745,28.042984,29.87816,26.415842,30.688833,29.565556,32.58958,34.808884,30.233032,31.98967,30.739063,25.89966,29.548325,24.718143,29.628992,26.127655,29.362734,30.948517,27.805855,29.665094,23.433847,25.702763,21.860615,22.112995,24.21698,20.163195,17.050468,17.41745,11.455012,15.473697,13.548961,15.799868,18.841394,21.433693,24.27248,22.832542,27.763588,28.06471,26.34101,26.472847,22.51079,21.581106,19.817139,16.64267,17.337456,13.837921,13.65826,18.57702,17.879805,22.405964,24.923744,27.347849
17,26.262379,24.034523,22.197136,19.030132,17.37939,13.555691,13.947826,11.016961,10.226246,11.956755,9.820034,13.772892,13.164838,10.774589,9.3123665,5.311069,4.355694,0.0,5.6688747,6.85833,9.596407,12.798239,15.799936,18.129696,16.410587,18.310198,17.143473,13.655989,14.261782,9.221684,12.19837,5.7116847,11.405213,11.591461,15.570574,16.775595,18.721905,21.933561,22.380432,20.299583,18.019436,17.0797,15.894105,12.2514715,14.427639,8.854219,12.188899,10.063096,14.330356,17.499897,18.050226,20.14444,16.942463,19.653143,19.96268,23.005495,20.797743,22.800571,26.665712,27.829678,23.905077,27.99973,26.809914,29.551416,31.61835,27.025684,28.455885,26.92662,22.461761,25.643143,21.063112,25.966057,22.622551,25.828835,27.128374,23.83794,25.564342,19.358795,21.502472,17.872955,18.15841,20.65039,16.531565,13.534579,13.399105,7.6200104,11.351693,9.710934,12.411031,15.830488,18.974169,21.67748,21.199467,25.605717,25.334356,23.61528,23.309776,19.240538,18.129856,15.894497,12.445942,13.0105095,9.655003,10.061335,14.835589,14.066372,18.42748,21.164158,23.291893
18,26.374844,23.304153,22.676733,18.090096,17.608704,14.568355,15.229955,13.969072,12.331403,15.745809,13.287744,17.416262,16.582289,13.747155,12.360427,9.994263,5.8017144,5.6688747,0.0,5.9486723,6.1042457,10.277707,12.34365,14.751297,13.417878,14.762092,14.795977,11.54035,13.74149,9.364626,13.900822,9.562441,15.486588,17.173437,20.953928,22.396217,24.361025,27.561342,27.98232,25.676025,23.03034,22.250027,20.303497,16.79506,17.718252,11.275684,12.952447,9.391135,13.098457,16.396969,17.898848,20.719389,18.869152,21.912415,23.120928,25.899807,24.495354,26.243256,30.562828,31.580011,27.955347,32.30065,31.530283,34.202404,36.490856,32.144127,33.38409,31.368284,27.208609,29.453762,24.831848,28.994907,25.086922,27.642046,28.96816,25.697954,28.527353,22.691828,25.168182,22.22115,22.668118,25.630848,21.300909,18.626144,17.819817,12.712433,14.961748,11.473808,14.053433,15.486169,19.160404,20.898521,19.903479,24.179504,24.862392,23.819315,23.501745,20.46094,18.47729,17.96124,14.365251,15.721087,11.536984,10.111853,14.923105,14.161855,18.723644,20.920446,24.01168
19,23.26899,20.738672,20.635128,16.918352,17.29465,14.31903,16.267008,14.474598,14.813236,17.663696,16.299772,20.454851,19.990942,17.436144,15.540581,11.878679,9.73033,6.85833,5.9486723,0.0,4.198625,6.004767,9.873376,11.439237,9.745446,12.386922,11.47062,9.152744,10.096779,5.6046095,9.73342,7.2924137,11.572636,16.013159,18.383482,20.737545,22.935923,25.74177,26.569046,23.138508,19.821955,20.266191,17.192541,15.049447,14.927481,10.8212185,11.438353,8.869869,12.466883,15.796248,17.87717,20.883312,18.814507,20.616476,21.970228,23.978148,21.915308,22.97932,27.757244,27.881771,24.041273,28.2625,27.785786,30.11573,32.510124,28.607351,29.597708,26.933578,23.19272,24.41254,19.90199,23.54733,19.546368,21.86182,23.077658,19.821356,23.00961,17.468958,20.33932,17.998411,19.176634,22.698406,18.84165,16.403782,14.764164,10.6527605,10.346563,5.9115458,8.547914,9.856328,14.119249,15.7039,15.827535,19.509851,19.52705,18.46821,17.79573,14.776296,12.590507,12.218767,8.968238,11.587553,7.790661,7.2395816,11.41758,8.720307,13.602262,15.469915,18.39265
20,22.37537,19.16503,19.909893,15.15628,16.408073,14.185694,16.246462,15.678483,15.560483,19.398247,18.05746,22.38434,22.115515,19.483221,17.978725,14.790932,11.559132,9.596407,6.1042457,4.198625,0.0,4.625532,6.482118,9.081781,8.404224,11.093422,11.666675,10.124532,12.279813,8.813917,13.318361,11.379975,15.683402,19.896734,22.203909,24.608452,26.591671,29.551691,30.532536,27.207,23.918375,24.425123,21.372026,19.164206,18.902388,14.283705,14.419666,11.168889,14.175584,17.451395,20.051922,23.375767,21.964342,24.035639,25.692606,27.66668,25.919956,26.89616,31.785435,31.815266,28.04238,32.236168,31.82499,34.01995,36.320354,32.391495,33.09667,30.297876,26.986664,27.653078,23.469702,26.66827,22.571995,24.329935,25.282297,21.983965,25.689459,20.57362,23.209396,21.383461,22.2072,25.902863,21.742933,19.631687,17.719173,14.117246,13.933702,9.347581,11.869153,11.341656,16.229542,16.642439,16.800735,19.88862,20.557674,20.222376,19.247416,17.274305,14.203529,15.0185175,11.4479475,13.707386,9.605314,7.3431334,11.078569,9.522501,13.916621,15.571888,19.198637
21,21.756556,18.888742,20.597233,16.465986,18.657019,16.78981,19.490738,18.737415,19.449387,22.920269,21.900215,26.17067,25.847567,23.223452,21.312492,17.86542,15.250918,12.798239,10.277707,6.004767,4.625532,0.0,5.370125,5.5547113,4.6193814,8.591667,8.833101,8.974653,10.437857,8.545437,12.149324,12.654086,15.442604,21.443192,22.895784,25.768883,27.952335,30.526728,31.61563,27.561485,23.816492,25.047922,21.134794,19.933859,18.584541,15.599425,14.549105,12.065713,14.233998,17.195042,20.338121,23.824722,22.75166,23.975405,25.969835,27.235933,25.436213,25.798119,31.009989,30.375206,26.761509,30.863113,30.89504,32.809017,35.30734,31.958912,32.51579,29.124468,26.217096,25.785837,21.752897,24.019371,19.715899,20.847353,21.787035,18.732872,23.199118,18.781143,21.858126,20.79547,22.319853,26.338903,22.726007,20.846674,18.449541,15.738362,13.512807,8.473024,9.95013,7.5040984,12.842015,12.368592,13.343375,15.608628,16.20333,16.266914,15.055029,13.92623,10.374456,12.616839,10.180062,13.680163,10.464771,8.90887,11.03025,7.1876626,11.492845,11.9975395,15.933309
22,19.417831,15.781964,18.499323,13.457591,16.754045,16.005692,18.828701,19.41434,19.981544,24.265528,23.633102,28.018175,28.210678,25.721329,24.42023,21.087605,17.956682,15.799936,12.34365,9.873376,6.482118,5.370125,0.0,5.522833,7.5170727,11.060567,12.924214,13.549547,15.626265,13.675865,17.474,17.079582,20.06524,25.344002,26.581587,29.546518,31.332745,34.154907,35.611443,31.771835,28.212982,29.59762,26.03683,24.687386,23.79671,20.256868,19.56365,16.60769,18.734802,21.669563,24.941504,28.529007,27.618011,29.170197,31.11965,32.549866,30.686628,31.084229,36.259254,35.525913,31.72669,35.62839,35.466198,37.157185,39.300617,35.7161,35.80574,32.45136,30.1867,29.327549,25.93757,28.014687,24.001415,24.67173,24.99546,21.7973,26.282549,22.321602,24.690655,24.135988,24.928465,29.051315,25.041607,23.632488,20.985743,18.937101,17.37915,12.873021,14.900205,12.052139,17.664358,16.085875,17.545847,18.674576,19.574574,20.396286,18.585154,18.384493,14.147702,16.580719,13.372709,15.644204,12.376386,9.515207,10.410131,9.439217,12.086992,12.809492,17.141886
23,23.064486,19.906866,23.082478,18.637037,21.9753,20.914488,23.782043,23.698275,24.292248,28.143002,27.07855,31.391329,30.98235,28.228971,26.264107,23.15871,20.093164,18.129696,14.751297,11.439237,9.081781,5.5547113,5.522833,0.0,3.435266,6.7568297,8.888647,11.090724,13.021901,12.984662,16.165855,17.939066,20.368437,26.886095,28.127728,31.133331,33.35526,35.806683,36.906876,32.599506,28.666315,30.108208,25.78481,24.909725,22.857187,20.19122,18.202442,15.775078,16.738237,19.143637,22.915268,26.658905,26.508821,27.490639,29.988008,30.785776,29.464716,29.430977,34.83352,33.840923,30.609936,34.651585,35.09595,36.793335,39.42382,36.513344,36.881046,33.08602,30.637856,29.237637,25.532722,26.718313,22.298515,22.40979,23.220219,20.64261,25.93778,22.504705,25.664347,25.338358,27.051105,31.236235,27.78465,26.139997,23.506542,21.23955,18.453684,13.51525,14.139621,9.688379,14.296745,11.900938,12.972585,13.646118,15.344287,16.601353,15.289347,16.086397,12.158813,16.18199,14.647407,18.24758,15.444397,13.499646,14.319571,10.742605,13.56247,12.504683,17.015886
24,24.905329,22.024092,24.525108,20.32183,23.009016,21.35096,24.034723,23.302658,23.790297,27.221327,25.83767,30.034325,29.264624,26.421553,24.120708,21.14199,18.279423,16.410587,13.417878,9.745446,8.404224,4.6193814,7.5170727,3.435266,0.0,4.610091,5.6467667,7.803688,9.61905,10.058549,13.117377,15.515387,17.987682,24.688086,26.2364,29.059399,31.51442,33.839085,34.631844,30.320337,26.341541,27.51293,23.04967,22.127352,19.770784,17.273586,14.935466,12.76645,13.524041,15.894578,19.64245,23.354723,23.246046,24.114388,26.707138,27.440147,26.323172,26.332012,31.732363,30.93152,27.900444,32.121994,32.688602,34.593952,37.46815,34.67104,35.390507,31.664907,28.718298,27.758219,23.580687,24.953701,20.317965,20.79494,22.107119,19.662191,24.861404,21.081005,24.653574,23.89972,25.98555,30.020824,26.765339,24.804605,22.438065,19.649364,16.748499,11.642832,11.742574,7.519384,11.511664,10.0098,10.172824,12.115933,13.842658,14.495756,13.839058,13.95459,10.716137,14.587484,13.592708,17.70031,14.871389,13.503952,15.10641,10.478086,14.161544,13.179781,17.339483
25,29.396204,26.32781,28.857418,24.276028,26.802649,24.99839,27.316307,26.501036,26.346434,29.73567,27.720776,31.764881,30.414633,27.334955,24.73995,22.532038,19.248411,18.310198,14.762092,12.386922,11.093422,8.591667,11.060567,6.7568297,4.610091,0.0,4.2080035,6.7730107,9.586915,11.3725395,14.419283,17.346914,20.384056,26.782778,29.033388,31.468117,34.16032,36.424973,36.730957,32.61812,28.67524,29.218979,24.705948,23.401754,20.596899,17.633665,14.503261,12.322857,11.724898,13.464364,17.565304,21.418566,22.331577,23.364101,26.449518,27.056633,26.87125,26.963026,32.30243,31.898405,29.472748,33.943977,34.803482,36.971237,40.186012,37.595764,38.69801,35.039963,31.609537,31.015646,26.428698,27.667482,22.8231,23.276957,25.102123,23.088505,28.376759,24.566845,28.462236,27.372345,29.694689,33.54237,30.3474,28.068737,26.05157,22.551561,20.04797,14.922894,14.492773,10.654601,12.58151,11.455592,9.194917,12.1002865,15.093046,15.710566,16.10421,16.384033,14.10024,18.068653,17.556864,21.782612,18.743671,17.362312,19.496746,14.911531,18.732101,17.486628,21.542456
26,29.792002,27.227709,29.20819,25.28885,27.34044,25.089022,27.4334,25.913319,26.11026,28.856537,26.880188,30.748531,29.245514,26.24568,23.329147,20.945501,18.431547,17.143473,14.795977,11.47062,11.666675,8.833101,12.924214,8.888647,5.6467667,4.2080035,0.0,4.403612,5.738997,8.787999,10.802592,14.951798,17.238892,24.12014,26.198124,28.596443,31.471577,33.45283,33.590862,29.283663,25.256996,25.859905,21.07646,20.187042,16.885035,15.027232,11.426182,10.227367,9.436651,11.084967,15.046794,18.738548,19.341766,19.804821,22.882523,23.201035,22.927538,22.851791,28.2227,27.732912,25.452675,29.951439,30.969599,33.18773,36.577744,34.25302,35.582943,31.916872,28.241657,27.799664,22.965235,24.17851,19.270985,20.006159,22.222507,20.418343,25.502214,21.647928,25.857853,24.604406,27.366669,31.059778,28.302433,25.903076,24.048977,20.559431,17.506678,12.704748,11.425957,8.098774,8.712469,8.828613,5.8360543,10.254681,12.597084,12.410752,13.396565,12.971957,11.6478195,15.303141,15.685912,20.298222,17.711811,17.162418,19.42947,13.924609,18.001505,16.723066,20.209093
27,30.415495,27.781017,28.905123,24.86873,26.106768,23.395456,25.256859,23.392029,23.11376,25.588224,23.212248,26.920574,25.140743,22.081852,19.067554,17.017475,14.447895,13.655989,11.54035,9.152744,10.124532,8.974653,13.549547,11.090724,7.803688,6.7730107,4.403612,0.0,4.180327,5.7385035,8.789257,11.676239,15.122387,20.940039,23.838297,25.785583,28.6971,30.855057,30.709759,26.915619,23.180384,23.037464,18.780165,16.996231,14.292173,11.023701,7.7518926,5.875573,5.748248,8.315788,11.861746,15.570853,15.754029,16.982323,19.860418,20.866087,20.681887,21.25565,26.390219,26.63738,24.225573,28.939651,29.605131,32.19192,35.542603,32.784462,34.42887,31.25821,26.96792,27.682745,22.449814,24.697851,19.905506,21.539001,23.881084,21.761547,26.107048,21.412281,25.504103,23.436337,25.943027,29.323017,26.35801,23.616764,22.25666,17.908482,16.013567,11.353855,10.594616,9.515371,10.249604,12.104779,8.95316,14.250645,15.938185,14.917442,16.037603,14.108385,13.28101,15.392389,15.101459,19.299412,16.323221,15.933849,19.17118,14.2412615,18.949657,18.660906,21.923023
28,30.461246,28.404007,29.238672,26.021011,27.053562,24.136995,26.178389,23.737085,24.101606,25.899675,23.861673,27.366896,25.64599,22.817715,19.603827,17.146845,15.759501,14.261782,13.74149,10.096779,12.279813,10.437857,15.626265,13.021901,9.61905,9.586915,5.738997,4.180327,0.0,5.1154485,5.4811544,10.643897,12.445286,19.208662,21.505587,23.58661,26.659542,28.423752,28.24161,24.026148,20.097174,20.344637,15.56914,14.689613,11.157518,10.228269,6.4832625,6.879632,6.798406,8.745648,11.676423,14.915015,14.47543,14.622725,17.395687,17.872383,17.29286,17.48084,22.77257,22.656921,20.31081,24.990965,25.879244,28.400167,31.912048,29.542202,31.31019,28.01002,23.660187,24.243717,18.88348,20.921492,16.1326,17.976263,20.616873,18.788244,22.908564,18.406038,22.792713,20.788166,23.829319,27.098076,24.735579,22.034071,20.713285,16.833578,13.918872,9.971225,7.961322,7.8102264,6.816695,10.12789,7.38997,12.917867,13.62154,11.817684,13.358891,10.704373,11.072144,12.726216,13.669081,18.201029,16.02878,16.544275,19.394257,13.690585,18.180042,17.689945,20.25749
29,27.585356,25.448206,25.506151,22.270836,22.648388,19.46904,21.263107,18.715494,19.003227,20.842842,18.923477,22.583015,21.22195,18.488222,15.622637,12.58865,11.240153,9.221684,9.364626,5.6046095,8.813917,8.545437,13.675865,12.984662,10.058549,11.3725395,8.787999,5.7385035,5.1154485,0.0,4.950303,6.1695733,9.730534,15.475583,18.181433,20.235573,23.054918,25.302275,25.424267,21.641508,18.003382,18.059845,14.114753,12.256125,10.559166,7.500154,6.3802886,5.1452613,8.102459,11.142067,13.183061,16.17006,14.400279,15.593448,17.459381,18.997894,17.519003,18.418388,23.402264,23.667812,20.470837,25.06193,25.167467,27.781591,30.812342,27.591143,29.20501,26.363523,21.919468,23.338455,18.07848,21.370804,16.9788,19.497156,21.56658,18.971045,22.340012,16.939373,20.740723,18.153992,20.465595,23.698025,20.735268,17.915295,16.72876,12.275103,10.6574745,6.5132146,6.42431,8.445467,10.241926,13.2401495,12.049946,16.841965,16.943642,15.180721,15.668167,12.1149845,11.589934,11.536962,10.703583,14.497656,11.800133,12.372535,15.951284,11.3327875,16.247824,17.037748,19.57317
30,29.158085,27.724072,27.52769,25.280407,25.47232,22.161085,24.071608,20.884983,21.855886,22.721422,21.162249,24.35905,22.937737,20.542791,17.438265,14.330172,14.54216,12.19837,13.900822,9.73342,13.318361,12.149324,17.474,16.165855,13.117377,14.419283,10.802592,8.789257,5.4811544,4.950303,0.0,7.076771,7.112214,14.314622,16.179264,18.306047,21.418663,23.0209,22.94866,18.575346,14.630163,15.143646,10.301618,9.941279,6.7472467,8.021751,6.4062243,8.125808,9.8592615,11.915482,13.249467,15.534458,13.222979,12.917431,14.570209,15.36735,13.357294,13.773406,18.950851,18.82466,15.748139,20.39317,20.846523,23.467077,26.819902,24.190804,26.10321,23.112879,18.406027,19.824558,14.226251,17.34726,13.024875,15.989268,18.51579,16.431091,19.330425,14.191995,18.469538,15.877049,19.062782,22.020601,20.054426,17.28416,16.298954,12.65072,9.519881,7.2655287,4.851315,8.604763,7.9622226,12.385007,11.586096,16.238144,15.345975,12.687176,13.740881,9.191464,10.635635,9.625808,10.911562,14.967469,13.6136055,15.27596,18.126472,12.753894,17.053473,17.437725,18.989569
31,27.4304,25.789516,24.333862,21.973186,20.902872,17.112268,18.236826,14.690417,15.180017,15.772013,14.095679,17.371634,16.288948,14.05636,11.497402,7.5790877,8.588952,5.7116847,9.562441,7.2924137,11.379975,12.654086,17.079582,17.939066,15.515387,17.346914,14.951798,11.676239,10.643897,6.1695733,7.076771,0.0,6.384149,9.489086,12.936666,14.52996,17.230577,19.75099,19.903646,16.76992,13.7744055,13.229567,10.753111,7.830378,8.975255,5.6797495,8.501165,8.203915,12.07216,14.910074,15.338836,17.254625,13.700402,15.277985,15.674273,18.14313,15.600879,17.28786,21.47119,22.319948,18.514475,22.823421,22.060179,24.89263,27.459549,23.493666,25.308815,23.348604,18.421478,21.500904,16.359665,21.109188,17.646015,21.10961,22.859066,19.974295,21.680264,15.516824,18.501625,14.783407,16.425486,19.001204,15.946431,12.730776,12.489132,7.029202,8.050884,6.886974,8.15224,12.75712,14.584063,18.159597,17.691914,22.25834,21.474085,19.198679,19.359983,14.702034,14.769198,12.10262,10.405908,12.403809,10.24082,11.963308,15.949161,12.990859,17.464146,19.494276,21.093233
32,26.972607,26.363213,24.728918,23.88811,22.92872,19.334803,20.99207,17.026838,19.003904,18.600983,18.152765,20.865936,20.329443,18.798061,16.454472,12.4425955,14.751828,11.405213,15.486588,11.572636,15.683402,15.442604,20.06524,20.368437,17.987682,20.384056,17.238892,15.122387,12.445286,9.730534,7.112214,6.384149,0.0,8.709339,9.13923,11.763753,14.665759,16.296137,16.906431,12.339207,8.495995,10.070306,6.302883,7.008905,7.3602977,10.064454,11.653519,13.037729,15.951376,18.18185,18.475452,19.860706,15.89576,15.57686,15.322558,16.741283,12.695206,13.535033,17.719416,17.496334,13.054761,17.005224,16.251816,18.790094,21.419773,17.889225,19.71001,17.369999,12.3900385,15.326219,10.056749,15.168428,12.384208,16.357857,18.016708,15.4317665,16.093304,10.015236,13.304461,9.568696,12.50345,15.038413,13.4411125,10.690087,10.226321,7.610533,4.7996044,7.2651596,6.818552,12.542771,13.337382,17.27961,18.124052,21.762827,19.686,16.898867,16.865902,11.527474,12.95431,8.54307,9.081458,11.138673,11.312303,14.321592,16.772673,13.047544,16.400269,18.146599,18.395147
33,30.565063,30.016289,26.756485,26.251701,23.512383,19.489424,19.570408,14.847944,16.063475,13.423269,13.036359,14.221546,13.861134,13.515231,12.210131,9.0575075,13.692866,11.591461,17.173437,16.013159,19.896734,21.443192,25.344002,26.886095,24.688086,26.782778,24.12014,20.940039,19.208662,15.475583,14.314622,9.489086,8.709339,0.0,6.2345386,5.5445905,8.2648535,10.853634,10.823301,9.309978,8.675083,6.690837,8.945002,6.5665455,11.514708,11.75196,15.784641,16.753405,20.183815,22.357904,21.273851,21.607105,16.541441,17.51184,15.54818,18.526611,14.585505,16.95418,19.038626,20.583778,16.443542,19.541409,17.37495,20.362225,22.027376,17.222864,19.609581,19.521046,14.058842,19.891174,15.752994,21.754404,20.19087,24.42609,25.779692,23.1409,22.192183,16.220898,17.500725,12.533973,13.042454,13.34745,11.6061125,8.253549,10.726365,7.246111,10.977485,14.011569,15.024323,20.616201,21.67946,25.75233,25.887056,30.133268,28.348589,25.51334,25.564335,20.230034,21.357477,16.637066,15.459474,14.911848,14.909594,17.73372,20.890556,19.525446,22.690321,25.466267,25.570963
34,28.1815,28.569246,25.070187,26.002295,23.43366,19.842388,20.574564,15.981428,18.766348,16.11545,17.291723,18.524029,19.212393,19.205444,18.240215,14.52142,18.680174,15.570574,20.953928,18.383482,22.203909,22.895784,26.581587,28.127728,26.2364,29.033388,26.198124,23.838297,21.505587,18.181433,16.179264,12.936666,9.13923,6.2345386,0.0,4.210555,6.003752,7.714141,9.824261,6.315682,5.716732,7.8429756,9.480816,10.474519,13.977074,16.459146,19.60378,20.809202,24.129107,26.319477,25.724047,26.227093,21.291515,21.131834,19.136139,21.079813,16.096783,17.421482,19.328758,19.472383,14.628887,16.569294,13.847523,16.008993,16.939938,11.737335,13.568651,13.547567,8.745363,14.708868,11.863603,17.9604,17.608955,21.744999,22.417875,19.882402,17.573074,12.26052,12.372726,7.4394774,7.8576703,7.6557283,7.678268,5.571918,7.8785596,8.633385,9.922586,14.655458,15.411543,20.91315,22.13068,25.783495,27.20041,30.419712,27.758245,24.977057,24.41821,19.236002,20.515577,14.967752,14.49054,13.128597,14.945118,18.424383,20.201723,19.033882,20.967808,23.796282,22.815742
35,31.847937,32.07975,28.26963,28.974096,25.92949,22.172817,22.24302,17.487907,19.529093,15.998869,16.792545,17.084217,17.459055,17.927126,17.173822,14.35624,19.091473,16.775595,22.396217,20.737545,24.608452,25.768883,29.546518,31.133331,29.059399,31.468117,28.596443,25.785583,23.58661,20.235573,18.306047,14.52996,11.763753,5.5445905,4.210555,0.0,3.495831,5.326021,6.236274,5.3202815,7.1053624,6.377391,10.425766,10.425778,14.830557,16.938639,20.58554,21.969921,25.198069,27.170134,25.932243,25.883549,20.664099,20.77089,18.134869,20.538164,15.870219,17.821613,18.75084,19.899302,15.644681,17.424921,14.42224,17.020401,17.857769,12.683751,15.244989,16.30744,11.191545,18.042171,15.149247,21.185791,20.898708,25.183605,26.1473,23.815107,21.402897,16.265718,16.40484,11.556574,11.560672,10.133808,10.443846,8.287375,11.406994,10.886666,13.500708,17.744242,18.450296,24.115467,24.897976,28.93508,29.70894,33.43701,31.010845,28.036772,27.879963,22.533964,24.085514,18.721615,18.178299,16.85147,18.122938,21.361385,23.651573,22.632267,24.912785,27.76307,26.962183
36,31.810425,32.331184,27.989489,29.26303,25.785885,22.235126,22.009623,17.39518,19.692936,15.639295,17.223711,17.015419,18.12645,19.132889,19.029194,16.28851,21.047615,18.721905,24.361025,22.935923,26.591671,27.952335,31.332745,33.35526,31.51442,34.16032,31.471577,28.6971,26.659542,23.054918,21.418663,17.230577,14.665759,8.2648535,6.003752,3.495831,0.0,3.8168619,6.4235926,7.323044,9.868778,9.704173,13.815757,13.8227215,18.289505,19.986189,23.806488,24.912683,28.325535,30.423716,29.222078,29.184418,23.936989,24.204567,21.464891,23.90707,19.223608,21.082195,21.672503,22.673143,18.400387,19.534178,16.150778,18.234978,18.198084,12.595599,14.5980625,16.535927,12.449372,19.18158,17.21785,23.164433,23.328556,27.487339,28.063507,25.631462,22.681923,17.913843,17.127388,12.622594,11.420911,8.903235,9.655642,8.462976,11.893486,12.512753,15.599647,20.058174,21.124249,26.672419,27.879028,31.675339,32.765247,36.27835,33.72066,30.87371,30.416403,25.20059,26.45249,20.927063,19.973955,17.828396,19.426266,22.62042,24.579437,24.391205,26.226091,29.394478,28.352394
