,0,1,2,3,4,5,6,7,8,9,10,11,12,13,14,15,16,17,18,19,20,21,22,23,24,25,26,27,28,29,30,31,32,33,34,35,36,37,38,39,40,41,42,43,44,45,46,47,48,49,50,51,52,53,54,55,56,57,58,59,60,61,62,63,64,65,66,67,68,69,70,71,72,73,74,75,76,77,78,79,80,81,82,83,84,85,86,87,88,89,90,91,92,93,94,95,96,97,98,99,100,101,102,103,104,105,106,107,108,109
0,0.0,4.8992653,6.4713593,9.788364,12.800911,15.54288,18.794855,21.21662,24.644625,27.685923,29.930569,33.686874,36.16897,35.39807,34.278175,29.77137,29.26732,24.963837,25.900724,20.970911,20.828398,18.4255,16.703033,20.351479,21.977114,26.036089,26.470226,29.499683,30.002314,26.692377,31.637472,27.230364,34.308487,32.685837,36.194412,36.60273,37.53123,37.129204,38.34038,32.476433,28.313126,30.490826,25.305346,25.808252,23.968267,24.927446,23.530367,22.203047,25.37812,27.397871,29.781006,33.757034,30.40958,34.02556,35.80711,36.27531,33.82948,34.118973,39.138615,38.16592,34.316086,37.86807,37.479515,37.968796,39.795383,36.34673,32.636066,31.556173,31.71506,27.03263,25.51053,26.116053,24.063322,27.948895,29.31525,29.838964,26.236294,22.759516,25.052753,20.53597,22.829643,23.02316,22.08945,18.655235,20.57935,14.652973,17.761683,16.085579,17.921762,17.514774,20.783327,23.247652,24.136099,27.08773,25.05071,22.583961,20.42008,17.077204,15.595534,9.811647,13.505176,10.071997,10.39918,13.566117,13.69698,18.814688,19.16022,21.93286,24.2479,26.837847
1,4.8992653,0.0,6.3373246,6.025299,10.425201,13.399701,16.538498,19.422976,22.195429,25.943068,27.581675,31.529427,33.951298,32.957592,31.90925,27.637142,26.429476,22.367746,22.402401,17.571104,16.877728,14.238243,12.069993,15.619486,17.4989,21.53975,22.373505,25.449385,26.264729,23.376562,28.42521,24.854849,32.2841,31.21396,34.92955,35.492977,36.861744,36.813652,38.546608,32.392258,28.37247,29.774982,24.888803,24.357086,22.796553,22.624725,20.859285,18.869217,21.850739,23.723068,26.539137,30.609556,27.756706,31.705296,33.575623,34.49309,32.37811,33.1274,38.036438,37.731,34.01933,37.9967,37.73781,38.717804,40.581738,37.727783,34.05973,33.498062,32.994186,29.067247,26.587198,27.710133,24.902847,29.168598,30.133686,30.079763,26.42469,22.287813,24.289076,19.572014,20.947645,21.20791,19.461472,15.91834,18.001377,12.122755,16.503033,14.501935,17.400965,16.599613,21.16828,23.14563,24.73903,27.912432,25.830845,22.937263,21.449158,17.416594,17.293283,10.67651,15.289053,11.665382,11.22931,15.598876,15.897275,20.943823,20.749418,24.183077,25.87396,28.963903
2,6.4713593,6.3373246,0.0,6.5862536,6.8986664,9.99029,12.761748,15.579432,18.818213,21.860767,24.36005,27.849516,30.67211,30.226353,29.578127,24.927362,24.6732,20.444681,21.434284,17.253887,16.815042,15.674943,13.655652,18.380177,19.819695,23.23532,24.035252,26.442661,27.41999,23.585983,28.535492,23.745481,31.221914,28.837063,33.14788,32.99583,34.02152,34.150463,35.87724,30.247742,26.277481,28.500265,24.06874,24.000723,23.426304,23.278408,23.133871,21.423428,24.912096,27.476685,29.743557,33.477715,29.939966,33.826035,35.033443,36.150955,33.167175,33.96889,38.540333,38.00761,33.705273,37.305267,36.422947,37.271908,38.310986,35.29793,31.14026,31.175482,31.486036,27.786585,25.703379,27.772497,25.743921,30.192669,31.833939,32.397327,29.503338,25.054026,28.007837,23.67051,25.563066,26.492987,24.378597,20.696547,22.04103,15.934763,18.380993,15.282737,17.058643,14.993807,18.852627,20.123436,21.007923,23.791567,21.103638,18.256222,16.591555,13.289737,13.5231,8.939446,13.6559305,12.025768,14.058734,17.00015,16.126116,21.336588,19.535448,22.592543,23.870998,26.401924
3,9.788364,6.025299,6.5862536,0.0,5.6503825,8.039678,11.10299,14.028738,16.40596,20.455702,21.744143,25.765574,28.138004,27.10652,26.215015,22.01713,20.615099,16.669252,16.502031,11.967007,11.138358,9.279635,7.5519776,11.872693,13.259926,16.834389,17.72964,20.358786,21.463314,18.210678,23.293343,19.730097,27.487309,26.285208,30.470448,30.829441,32.47804,32.885654,35.16735,29.045551,25.295008,26.257437,22.102419,20.697983,20.216599,18.780998,18.038464,15.6667595,18.93465,21.400345,23.967352,27.752312,24.763935,28.95328,30.335087,31.87579,29.438114,30.72481,35.203125,35.47035,31.537535,35.694046,35.18568,36.64134,38.046543,35.84628,32.041874,32.42782,31.5959,28.807816,25.480959,27.847519,24.79395,29.558863,30.586061,30.392437,27.48053,22.39019,24.949703,20.601614,21.486773,22.677105,19.65309,16.008867,17.233019,11.565727,15.125434,11.906271,15.10794,13.069384,18.602127,19.584833,21.664223,24.85443,22.64327,19.401947,18.752647,14.346379,15.989404,10.070306,15.154145,12.853169,13.589622,17.694891,17.299652,22.154537,20.261143,24.135584,24.779882,28.0969
4,12.800911,10.425201,6.8986664,5.6503825,0.0,4.2094326,6.2768393,9.930733,12.302216,16.075,18.083248,21.627317,24.541477,24.09025,23.813227,19.318565,18.68405,14.795456,15.19955,12.019805,11.068326,11.474349,9.713604,14.804054,15.786836,18.291422,19.430677,21.143816,22.630575,18.65656,23.490088,19.081343,26.911276,24.472012,29.42874,29.026361,30.50165,31.30236,33.802166,28.230602,24.701199,26.165323,22.770798,21.458317,22.14345,20.331467,21.127995,18.920092,22.365435,25.258606,27.413342,30.800358,27.462164,31.592695,32.33069,34.2049,31.102785,32.578785,36.599735,36.8811,32.492435,36.352383,35.274902,36.757008,37.316666,35.214687,30.995798,32.15996,31.921015,29.62418,26.489824,29.76116,27.283747,32.169098,33.65633,33.856556,31.549612,26.24446,29.39586,25.359266,26.45758,28.01842,24.74804,21.136091,21.855827,16.3811,18.454264,14.446548,16.622875,13.207143,18.213417,18.06068,19.641848,22.38956,19.506517,16.147263,15.844811,12.1750555,14.952124,11.394278,16.20189,15.5461035,17.724447,20.897846,19.731142,24.549513,21.305452,24.859455,24.92292,27.761204
5,15.54288,13.399701,9.99029,8.039678,4.2094326,0.0,3.9414494,6.080518,9.134981,12.5473995,14.467538,18.231306,20.833658,20.279951,19.819725,15.234748,14.962698,10.910877,12.335581,9.394755,9.564723,10.815457,10.975877,15.218053,15.284661,17.331026,17.728483,19.02039,20.193644,15.697168,20.272932,15.272335,22.983282,20.289476,25.359634,24.855516,26.3867,27.321854,30.02104,24.536528,21.226759,22.525326,19.670004,18.148775,19.538467,17.448483,19.277235,17.465137,21.053051,24.362213,25.880333,28.881752,25.176693,29.148022,29.46372,31.491005,28.054558,29.679329,33.376133,33.799263,29.297915,33.106663,31.874775,33.560997,33.88102,32.177067,28.00832,29.679943,29.201742,27.684298,24.14714,28.079773,25.641136,30.62947,32.198627,32.447647,30.756367,25.16881,28.71786,25.153519,26.294641,28.440437,24.824219,21.34279,21.370895,16.398626,17.100231,12.74871,14.388756,10.329805,15.360878,14.53509,16.436476,19.187233,16.522818,13.053369,13.47383,9.641521,13.546111,11.198788,15.33618,15.6567135,18.347204,20.977255,19.461708,23.799194,19.652224,23.290443,22.657465,25.581083
6,18.794855,16.538498,12.761748,11.10299,6.2768393,3.9414494,0.0,4.7343097,6.1812596,10.0280285,12.083544,15.39389,18.508213,18.377586,18.635113,14.192491,14.047866,10.711807,11.594466,10.550527,9.985409,12.587843,12.260812,16.554,16.59227,17.724821,18.650131,19.215925,20.901045,16.49762,20.67054,16.018738,23.55816,20.385,25.982641,24.997038,26.60854,28.01958,31.050344,26.026932,23.114986,24.281971,22.210487,20.33262,22.408058,19.653528,21.96079,19.94008,23.284727,26.561033,28.095358,30.85152,27.38652,31.374216,31.377277,33.76787,30.247616,32.14025,35.42854,36.152115,31.591763,35.295673,33.819378,35.667072,35.476543,34.09987,29.821604,32.05452,31.730444,30.691084,27.142574,31.454391,29.133755,34.131046,35.741673,35.973286,34.471,28.778097,32.316723,28.832653,29.709585,31.8764,28.017971,24.62791,24.593624,19.928747,20.646227,16.255224,17.73353,13.375904,17.981966,16.267626,17.94714,20.226852,17.209686,13.796434,14.82149,11.926772,16.329132,14.966674,18.87803,19.52875,22.278357,24.867218,23.247074,27.498417,22.967918,26.427595,25.432505,28.09694
7,21.21662,19.422976,15.579432,14.028738,9.930733,6.080518,4.7343097,0.0,4.798372,6.5868707,9.0320635,12.542944,15.135669,14.982278,14.91707,10.180717,11.253074,7.8196507,10.87856,10.32424,11.397797,14.159418,15.459492,18.858776,18.080702,18.905869,18.771608,18.906885,19.947258,14.994801,18.537987,12.850547,19.80263,15.944369,21.660458,20.417036,21.9287,23.429531,26.570015,21.824173,19.238585,20.442547,19.104342,17.372593,20.186129,17.601433,21.071032,19.771093,23.19689,26.830843,27.555193,29.833122,25.864231,29.476206,28.965637,31.344337,27.367718,29.265968,32.14868,32.830643,28.130852,31.594193,29.87683,31.829063,31.290707,30.27358,26.069653,28.82886,28.401384,28.172384,24.44819,29.3565,27.309404,32.242542,34.015125,34.43274,33.627876,27.881,31.833302,28.908743,30.024801,32.70358,28.763939,25.545208,24.873278,20.714691,19.89353,15.515449,16.004452,11.377403,15.09463,12.50991,14.289726,16.37905,13.704385,10.395978,12.328304,9.894724,14.976422,15.187486,18.048275,19.711182,22.957682,24.787863,22.823467,26.444454,21.11117,24.401178,22.703957,25.26662
8,24.644625,22.195429,18.818213,16.40596,12.302216,9.134981,6.1812596,4.798372,0.0,5.3575573,6.0727224,9.475172,12.503636,12.480242,13.350611,9.434282,9.522127,7.778255,8.84156,10.741236,10.783367,14.6548815,15.678673,18.636505,17.761557,17.477573,17.985226,17.288311,19.025259,14.674362,17.692266,13.534164,20.222101,16.80675,22.800291,21.409456,23.354504,25.446562,29.080263,24.64506,22.586304,22.975925,22.404226,19.775517,23.02154,19.303646,22.7408,20.964233,23.911259,27.336172,28.231522,30.257278,26.927414,30.650978,29.971127,32.873142,29.217474,31.551758,34.005745,35.336597,30.879093,34.464165,32.78382,35.085823,34.347797,33.92219,29.886713,33.01476,32.29214,32.56459,28.522755,33.547325,31.206501,36.180416,37.704433,37.791924,36.995304,31.069927,34.72052,31.816574,32.326702,34.965828,30.637379,27.600676,26.92017,23.277695,23.039188,18.760744,19.793518,15.312989,19.358437,16.41785,18.39905,20.173994,17.611044,14.563925,16.844818,14.682016,19.772936,19.502056,22.644146,23.925425,26.717806,28.997032,27.228216,30.84832,25.60352,29.00145,27.099777,29.713049
9,27.685923,25.943068,21.860767,20.455702,16.075,12.5473995,10.0280285,6.5868707,5.3575573,0.0,4.6715336,6.418486,9.50029,10.478921,11.710188,7.8647814,10.534277,9.547493,12.592179,14.602403,15.61808,19.234558,20.751038,23.604837,22.422834,22.067492,21.862576,20.8173,21.947395,17.296743,19.351734,14.216524,19.37467,14.462948,20.65042,18.40767,19.87399,22.214104,25.832644,22.36325,20.873055,21.757124,22.125643,20.18177,24.021717,20.959103,25.365484,24.300367,27.33689,30.99986,31.222918,32.80897,28.977282,32.20321,30.947844,33.70936,29.482609,31.661844,33.574253,34.63378,29.962269,32.960052,30.795177,32.99342,31.469387,31.290745,27.218729,31.005684,30.695637,31.653454,27.950499,33.470837,31.76985,36.530613,38.393715,38.88013,38.724377,32.943077,37.022713,34.540382,35.477673,38.42748,34.23236,31.24773,30.204037,26.675385,25.223349,21.04323,20.953169,16.460499,18.832544,15.026245,16.279781,17.210043,14.7500725,12.395256,15.339288,14.631404,19.75051,21.347275,23.51015,25.807665,29.240456,30.68174,28.508135,31.62182,25.672548,28.51854,26.05232,28.095997
10,29.930569,27.581675,24.36005,21.744143,18.083248,14.467538,12.083544,9.0320635,6.0727224,4.6715336,0.0,4.5816565,6.5068264,6.5697265,8.167724,5.5037026,6.993385,7.936754,9.938886,13.466435,14.484839,18.43009,20.568245,22.444061,20.815441,19.657867,19.294107,17.574234,18.795715,14.698075,15.976295,12.270248,16.983513,13.205799,19.266283,17.40615,19.5728,22.278696,26.36784,22.775785,21.725311,21.422373,22.42465,19.488575,23.662392,19.6223,24.094397,22.916288,25.477448,29.003647,29.0478,30.249317,26.900637,30.082657,28.650246,31.834444,27.98836,30.576872,32.099117,33.85449,29.56957,32.831623,30.941704,33.589138,32.297153,32.818436,29.175472,33.059505,31.998081,33.53684,29.22631,34.785156,32.60944,37.389793,38.880077,38.94576,38.930225,32.995632,36.790085,34.55448,34.942173,38.02507,33.495132,30.818546,29.522041,26.786999,25.423307,21.491154,21.830795,17.643032,20.605724,16.816662,18.855642,20.010386,18.244356,15.921737,19.005238,17.6068,22.806288,23.560293,25.829548,27.730139,30.639458,32.4135,30.489548,33.390385,27.611958,30.771257,28.0814,30.521042
11,33.686874,31.529427,27.849516,25.765574,21.627317,18.231306,15.39389,12.542944,9.475172,6.418486,4.5816565,0.0,4.394204,6.7063036,9.782009,8.732675,10.888794,12.452145,14.132755,18.011124,18.743738,22.838703,24.59839,26.62716,25.095661,23.603466,23.458828,21.367971,22.689003,18.93239,19.546585,16.24598,19.646324,15.278995,21.178385,18.623524,20.443844,23.519768,27.625673,25.02191,24.471617,24.384586,25.988623,23.35396,27.74276,23.866589,28.543148,27.439102,29.89478,33.368008,33.30592,34.258183,30.994457,33.951763,32.2104,35.451275,31.47549,34.056507,35.10989,36.87237,32.58041,35.433224,33.236572,35.83299,33.887676,34.67324,31.033865,35.36291,34.662674,36.552708,32.534676,38.295876,36.453876,41.121017,42.765404,42.989372,43.196114,37.31835,41.212788,39.05616,39.501835,42.604836,38.07127,35.397923,34.092125,31.325123,29.828531,25.890736,25.928192,21.703049,23.967806,19.836613,21.2545,21.715544,19.865845,18.068703,21.28799,20.778734,25.901352,27.403524,29.474335,31.710463,34.869843,36.43332,34.34591,37.164787,31.117685,33.944695,31.047333,33.046005
12,36.16897,33.951298,30.67211,28.138004,24.541477,20.833658,18.508213,15.135669,12.503636,9.50029,6.5068264,4.394204,0.0,3.3746266,6.8007426,7.9363728,10.257501,12.922423,14.8904915,18.985243,20.308207,24.192757,26.735027,28.029623,26.036098,24.260035,23.430323,20.970383,21.75073,18.362923,17.856812,15.223273,16.91882,12.994373,18.355064,15.816656,17.916376,21.274084,25.626223,23.436726,23.54582,22.74218,25.234228,22.359772,27.076912,23.085009,28.142477,27.452127,29.60431,33.06694,32.434246,32.8467,29.645828,32.17439,30.025263,33.36821,29.448486,32.159863,32.6097,34.704937,30.71418,33.414547,31.272516,34.134583,32.11151,33.590992,30.418161,34.987186,33.80934,36.47061,32.181534,38.081097,36.2068,40.69007,42.18197,42.28705,42.95927,37.14997,41.012238,39.331913,39.64316,43.005867,38.39619,36.016453,34.321983,32.239197,30.128849,26.552462,26.325994,22.51629,24.356203,20.10565,21.795755,22.131706,21.081272,19.635584,23.073343,22.520288,27.552858,29.172441,30.783659,33.160603,36.18917,37.528454,35.47262,37.78884,31.667242,34.444412,31.163567,33.22579
13,35.39807,32.957592,30.226353,27.10652,24.09025,20.279951,18.377586,14.982278,12.480242,10.478921,6.5697265,6.7063036,3.3746266,0.0,3.8207104,6.278066,7.686506,11.05341,12.837581,17.008194,18.615776,22.296328,25.339832,26.073183,23.81176,21.929121,20.71184,18.14656,18.666588,15.511661,14.593697,12.608947,14.121881,11.243085,16.387167,14.490928,17.111614,20.367296,24.864803,22.155024,22.268055,20.8001,23.365887,20.011202,24.744007,20.4069,25.428463,24.819344,26.758852,30.168516,29.360455,29.615389,26.553728,29.041967,26.890015,30.359537,26.66624,29.538105,29.966543,32.36532,28.597025,31.569153,29.72061,32.79722,31.232454,32.897236,29.96102,34.318134,32.6265,35.406017,30.756363,36.545986,34.36246,38.839745,40.096073,39.963425,40.67031,34.844723,38.538605,37.026413,37.119232,40.555073,35.873055,33.682602,31.829027,30.198685,28.026943,24.6833,24.642336,21.123598,23.305769,19.289373,21.52548,22.265478,21.570307,19.93338,23.329414,22.187635,27.190125,28.253912,29.858208,31.978416,34.688194,36.15009,34.26674,36.43327,30.53143,33.533417,30.247759,32.657154
14,34.278175,31.90925,29.578127,26.215015,23.813227,19.819725,18.635113,14.91707,13.350611,11.710188,8.167724,9.782009,6.8007426,3.8207104,0.0,4.8806653,6.2770333,9.57487,12.187621,15.574295,17.89998,21.04981,24.75484,25.072002,22.523518,20.96716,18.983763,16.67655,16.455359,13.149021,11.825091,9.5112295,10.314171,8.056789,12.953143,11.651409,14.656328,17.683508,22.220312,19.094383,19.306273,17.313084,20.116232,16.604458,21.425564,17.202251,22.479786,22.307516,24.207905,27.706846,26.480532,26.56627,23.234745,25.509644,23.246372,26.62974,22.874216,25.754463,26.15635,28.610727,24.947838,28.040438,26.383425,29.593203,28.40188,30.218079,27.559082,31.739155,29.612421,32.62549,27.742954,33.477196,31.19512,35.566677,36.70455,36.50239,37.429367,31.692863,35.38886,34.18244,34.319496,37.92339,33.32215,31.300829,29.184456,27.959688,25.259384,22.24705,21.998104,18.92388,20.906044,17.108713,19.739614,20.741045,20.617964,19.041866,22.371195,20.909042,25.68026,26.613426,27.84992,29.970608,32.529766,33.794643,31.988562,33.796368,28.015583,31.062893,27.67767,30.30206
15,29.77137,27.637142,24.927362,22.01713,19.318565,15.234748,14.192491,10.180717,9.434282,7.8647814,5.5037026,8.732675,7.9363728,6.278066,4.8806653,0.0,4.9198575,5.9085274,10.1042795,12.475776,14.940505,18.056585,21.441217,22.57389,20.379313,19.613007,17.930937,16.439072,16.486477,12.029593,12.645538,7.78052,11.699496,7.9221654,13.9059305,12.491504,14.986205,17.50983,21.704906,17.807184,17.05967,16.148546,17.758343,14.725211,19.282265,15.5251665,20.705715,20.338505,22.882004,26.612911,25.873577,26.703594,22.859747,25.614632,23.879192,26.896353,22.81049,25.36518,26.686543,28.448055,24.245176,27.510685,25.739008,28.577454,27.557014,28.456549,25.229778,29.115993,27.46833,29.636652,24.98647,30.67804,28.49434,33.098473,34.501484,34.557682,35.0619,29.243402,33.177486,31.510592,32.049442,35.497097,31.066713,28.65351,26.839128,24.754385,22.234415,18.75949,18.488968,14.882896,17.18161,13.352296,15.969008,17.319632,16.634096,14.639464,17.865866,16.235111,21.155502,22.150112,23.601608,25.786753,28.63718,29.9195,27.995655,30.212763,24.34775,27.481253,24.40818,27.063026
16,29.26732,26.429476,24.6732,20.615099,18.68405,14.962698,14.047866,11.253074,9.522127,10.534277,6.993385,10.888794,10.257501,7.686506,6.2770333,4.9198575,0.0,4.4656806,5.983695,9.561231,11.651468,14.892646,18.551756,18.841108,16.417933,15.081962,13.501507,11.647632,12.124129,8.176459,9.001397,6.6567545,11.929715,10.969511,16.036114,15.707271,18.682878,21.01599,25.228197,20.667904,19.645147,17.818892,18.856157,14.707869,18.8502,13.836218,18.252575,17.269817,19.373999,22.86612,22.473959,23.383083,20.27049,23.453606,22.106922,25.5456,22.246777,25.175293,26.731909,29.111359,25.371794,29.209032,28.003244,31.064173,30.763332,31.711143,28.692526,32.07673,29.87313,31.714987,26.621712,31.869068,28.982607,33.715305,34.648476,34.15909,34.24423,28.260506,31.668146,29.855288,29.722284,33.02924,28.294607,26.077572,24.336052,22.771828,21.187216,17.883099,18.71279,15.40978,19.145668,16.103693,19.3169,21.23826,20.46951,18.016174,20.859303,18.220129,23.083384,22.517473,24.638466,25.911211,28.002462,30.021845,28.52895,30.98239,25.785397,29.405378,26.709908,29.875988
17,24.963837,22.367746,20.444681,16.669252,14.795456,10.910877,10.711807,7.8196507,7.778255,9.547493,7.936754,12.452145,12.922423,11.05341,9.57487,5.9085274,4.4656806,0.0,5.760346,6.5912647,9.372143,12.177357,15.792369,16.859558,14.774193,14.66411,13.143592,12.584175,12.9347315,7.9076567,10.771574,5.8308196,13.169751,11.450616,16.655167,16.428556,18.964018,20.724586,24.500341,19.311764,17.455057,16.489073,16.28453,12.669082,16.322226,11.994572,16.214905,15.2031145,18.02131,21.748981,21.701,23.28979,19.594437,23.07419,22.220564,25.16212,21.595806,24.128592,26.484047,28.190783,24.08269,28.031754,26.8258,29.536533,29.53212,29.712366,26.367666,29.30374,27.402138,28.463013,23.563574,28.637285,25.803886,30.692257,31.82364,31.561163,31.296589,25.293482,28.925243,26.751835,27.068583,30.269419,25.771872,23.198112,21.690256,19.322243,17.77267,14.073097,14.942812,11.273226,15.543342,12.902706,16.201933,18.568584,17.513783,14.714797,17.185602,14.072492,18.878397,18.078938,20.363642,21.598265,23.89057,25.896666,24.346113,27.096012,21.96805,25.699774,23.36694,26.631506
18,25.900724,22.402401,21.434284,16.502031,15.19955,12.335581,11.594466,10.87856,8.84156,12.592179,9.938886,14.132755,14.8904915,12.837581,12.187621,10.1042795,5.983695,5.760346,0.0,5.6766953,6.123722,9.860379,13.033883,13.239075,11.160487,9.831405,9.590007,8.456288,10.409518,7.038691,10.262101,9.497706,16.415697,16.278294,21.05716,21.185337,24.054907,25.997826,29.913612,24.638323,22.801998,21.232937,20.765072,16.44522,19.414732,14.014407,16.661505,14.456612,16.538021,19.7071,20.529854,22.304026,19.900206,23.841198,23.464779,26.853476,24.271702,27.13482,29.526478,31.855072,28.25242,32.53712,31.715797,34.591,34.91913,35.21562,31.977333,34.649784,32.489708,33.232307,28.161825,32.738506,29.345015,34.279243,34.95823,34.15049,33.311127,27.241837,30.1304,27.626421,27.048529,29.85187,24.995874,22.606556,21.492382,19.55933,19.760391,16.316092,18.501257,15.228854,20.487488,18.389801,21.723516,24.200954,22.837046,19.802246,21.979973,18.44234,23.092693,20.821636,23.989124,24.170382,25.584867,28.531136,27.458614,30.599813,26.23235,30.259066,28.343077,31.8364
19,20.970911,17.571104,17.253887,11.967007,12.019805,9.394755,10.550527,10.32424,10.741236,14.602403,13.466435,18.011124,18.985243,17.008194,15.574295,12.475776,9.561231,6.5912647,5.6766953,0.0,4.1333356,5.632039,9.959832,10.486761,8.563747,9.729961,8.721911,9.955566,10.805871,6.6828656,11.621931,9.181487,17.013561,17.052362,21.276329,21.933125,24.474688,25.66793,29.016819,23.035769,20.44317,19.332129,17.417435,13.560234,15.415173,10.790521,12.555655,10.2799225,13.25393,16.723782,17.822685,20.384218,17.344374,21.5499,21.853294,24.599182,22.016817,24.423416,27.70271,29.407124,25.7196,30.198067,29.657917,32.198414,33.190685,32.79688,29.544144,31.427795,29.246525,29.143826,24.168787,28.197613,24.619225,29.615929,30.279417,29.52249,28.252811,22.20882,25.15438,22.335249,22.127775,24.883286,20.265553,17.555561,16.595198,14.03489,14.472415,10.933466,13.715537,10.866978,16.865541,15.904572,19.399796,22.42098,21.1878,18.013285,19.467203,15.164156,19.145493,15.822857,19.131254,18.789307,19.94002,23.036203,22.163563,25.450119,21.665596,25.894485,24.536148,28.298471
20,20.828398,16.877728,16.815042,11.138358,11.068326,9.564723,9.985409,11.397797,10.783367,15.61808,14.484839,18.743738,20.308207,18.615776,17.89998,14.940505,11.651468,9.372143,6.123722,4.1333356,0.0,4.4696736,6.9570913,8.040155,7.0320053,7.8573775,9.028318,10.200406,12.32561,9.508344,14.180345,12.946601,20.647831,20.564524,25.091211,25.519287,28.092142,29.48489,32.91231,27.03896,24.39123,23.451767,21.425224,17.661272,19.210888,14.580368,15.329548,12.250497,14.723961,17.584633,19.60016,22.419895,20.19739,24.590826,25.162714,28.032799,25.834507,28.286066,31.598877,33.420372,29.813812,34.316875,33.775562,36.27073,37.190086,36.65394,33.221485,35.048504,33.11022,32.60979,27.84874,31.618496,27.981316,32.983383,33.565506,32.684406,30.925514,24.986977,27.50327,24.244173,23.651487,25.870987,21.232113,18.455458,18.1739,15.318061,17.300228,13.826403,17.08492,14.14687,20.318575,19.37073,22.576906,25.517084,23.778347,20.4243,21.70323,17.457935,21.409313,17.50563,21.517065,20.621754,21.423685,25.107914,24.434347,28.191748,24.780457,29.013277,27.98514,31.654823
21,18.4255,14.238243,15.674943,9.279635,11.474349,10.815457,12.587843,14.159418,14.6548815,19.234558,18.43009,22.838703,24.192757,22.296328,21.04981,18.056585,14.892646,12.177357,9.860379,5.632039,4.4696736,0.0,5.456289,5.333734,4.617963,7.9432955,8.505456,11.240826,12.579106,10.425435,15.378089,14.359309,21.879,22.509922,26.333422,27.309149,29.790472,30.701826,33.75806,27.475063,24.500917,23.51395,20.624037,17.106522,17.483057,13.473047,12.615258,9.174701,11.7844515,14.437863,16.94977,20.342882,18.233845,22.743969,23.97187,26.406717,24.678385,26.840988,30.677622,32.27255,28.946465,33.61642,33.47882,35.80455,37.367615,36.51953,33.302845,34.44167,32.2596,31.197119,26.466143,29.511683,25.54742,30.438486,30.740976,29.635427,27.40107,21.628717,23.739357,20.237278,19.492514,21.503138,16.953863,14.095574,14.132039,11.242737,14.305618,11.447702,15.444058,13.540624,19.930332,19.987564,23.298658,26.55531,25.110664,21.813738,22.547886,17.855284,20.943926,15.831706,19.889818,18.113459,18.059786,22.156525,21.94881,25.684423,23.212383,27.580019,27.068611,30.98348
22,16.703033,12.069993,13.655652,7.5519776,9.713604,10.975877,12.260812,15.459492,15.678673,20.751038,20.568245,24.59839,26.735027,25.339832,24.75484,21.441217,18.551756,15.792369,13.033883,9.959832,6.9570913,5.456289,0.0,5.512263,7.656413,10.46758,12.914105,15.272009,17.385017,15.4951,20.348007,19.120764,26.893763,26.791826,31.117226,31.680067,33.993774,34.995697,37.982834,31.81869,28.608019,28.269897,25.070456,22.077272,22.25725,18.784807,17.603598,14.063552,16.329575,18.25454,21.515863,25.140839,23.437551,27.965908,29.368422,31.700123,29.99599,32.0005,35.99855,37.351112,33.85877,38.41788,38.120632,40.20859,41.593494,40.29284,36.724373,37.70964,36.118565,34.33606,30.149168,32.889828,29.168507,34.021255,34.471172,33.526154,30.713055,25.272808,27.109667,23.023403,22.357214,23.514822,19.497896,16.442074,17.52372,13.708577,18.080988,15.129824,19.092302,16.865005,23.163996,23.276829,26.07094,29.215893,27.116203,23.67778,23.99934,19.530941,22.349419,16.853176,21.638718,19.384226,19.219515,23.76376,23.666565,28.05191,25.963638,30.162897,30.15749,33.803204
23,20.351479,15.619486,18.380177,11.872693,14.804054,15.218053,16.554,18.858776,18.636505,23.604837,22.444061,26.62716,28.029623,26.073183,25.072002,22.57389,18.841108,16.859558,13.239075,10.486761,8.040155,5.333734,5.512263,0.0,3.3942177,6.7082176,9.230903,12.144873,14.115836,13.850486,18.216145,18.901745,25.981493,27.284157,30.904873,32.077873,34.73354,35.716038,38.831306,32.50084,29.592045,28.269972,25.359306,21.646418,21.548357,17.40887,15.161397,11.188782,12.325996,13.579558,17.26554,20.853376,20.15631,24.699392,26.419592,28.920265,28.065475,30.297176,34.13108,36.049805,33.17524,37.982,38.136612,40.521347,42.355156,41.56062,38.467316,39.370914,37.018093,35.72262,31.021467,33.51796,29.265854,33.9434,33.820736,32.268593,29.498892,24.115728,25.239323,21.566736,19.85909,21.06353,16.555468,14.227381,15.038663,13.150179,17.771635,15.765341,20.082546,18.675291,25.045513,25.300411,28.60037,31.871094,30.336733,26.996258,27.601046,22.90192,25.690155,19.925842,24.200634,21.645786,20.589312,25.261786,25.569176,29.357777,27.712631,32.093906,31.907457,35.89393
24,21.977114,17.4989,19.819695,13.259926,15.786836,15.284661,16.59227,18.080702,17.761557,22.422834,20.815441,25.095661,26.036098,23.81176,22.523518,20.379313,16.417933,14.774193,11.160487,8.563747,7.0320053,4.617963,7.656413,3.3942177,0.0,4.5075803,5.8907914,9.058489,10.748507,10.719268,14.92307,16.158592,22.90722,24.68085,28.038858,29.396559,32.18543,33.213017,36.440994,30.158094,27.506765,25.728678,23.241098,19.118315,19.345936,14.661634,12.770099,8.815087,9.864942,11.641072,14.774302,18.087301,17.278366,21.824575,23.331219,26.046637,25.192413,27.620493,31.2084,33.39495,30.634815,35.47907,35.681786,38.25872,40.084476,39.656715,36.763584,37.88694,35.213673,34.48134,29.461954,32.252644,27.916437,32.605392,32.416866,30.775957,28.476751,22.882704,24.202303,21.001389,19.21412,21.01921,16.143608,14.057331,14.052934,12.968493,16.523066,14.588436,18.724628,17.399168,23.666384,23.705532,27.250671,30.492058,29.287958,26.04906,26.970623,22.28568,25.3392,20.038261,23.88632,21.768978,20.945322,25.254534,25.413786,28.805666,26.78903,31.213573,30.635813,34.71389
25,26.036089,21.53975,23.23532,16.834389,18.291422,17.331026,17.724821,18.905869,17.477573,22.067492,19.657867,23.603466,24.260035,21.929121,20.96716,19.613007,15.081962,14.66411,9.831405,9.729961,7.8573775,7.9432955,10.46758,6.7082176,4.5075803,0.0,4.7499924,6.075415,9.056503,10.2011175,13.401425,16.18023,22.35665,24.426828,27.909489,29.12763,32.180782,33.63523,37.245,31.295132,29.108444,26.857088,25.28202,20.623066,21.686407,16.168348,15.207494,11.566813,11.818532,13.326825,15.965059,18.473564,18.319454,22.690105,23.716532,26.989893,26.248774,29.079937,32.035503,34.786736,32.151497,36.959435,37.053696,39.93054,41.417118,41.522396,38.685448,40.333046,37.522152,37.457767,32.206192,35.458935,31.161144,35.85409,35.632954,33.89623,32.022427,26.352196,27.682165,24.890678,22.828323,24.780182,19.761398,18.097183,17.704613,17.250788,20.058968,17.97183,21.72865,19.982693,26.0884,25.436659,29.06625,32.07594,30.86954,27.660841,29.066122,24.658035,28.28132,23.643211,27.391476,25.74636,25.249496,29.361748,29.323496,32.56561,30.018192,34.41409,33.379383,37.39582
26,26.470226,22.373505,24.035252,17.72964,19.430677,17.728483,18.650131,18.771608,17.985226,21.862576,19.294107,23.458828,23.430323,20.71184,18.983763,17.930937,13.501507,13.143592,9.590007,8.721911,9.028318,8.505456,12.914105,9.230903,5.8907914,4.7499924,0.0,3.9445753,4.9137545,6.664861,9.637835,12.995172,18.504423,21.411818,24.173946,25.865429,28.963886,30.189177,33.6965,27.695726,25.728868,22.956703,21.637344,16.714655,17.795906,12.01957,11.302414,8.236902,8.34558,10.651057,12.161619,14.377647,13.748845,18.074408,18.978865,22.289764,21.589077,24.495651,27.341112,30.226067,27.814878,32.656273,32.945072,35.932102,37.652794,38.039642,35.568455,37.174828,33.937546,34.3514,28.845367,32.147644,27.771372,32.33511,31.98977,30.166616,28.799679,23.08059,24.580477,22.394697,20.42251,23.011707,17.870092,16.49576,15.227032,15.712283,17.20653,15.59575,18.997118,17.822668,23.515186,23.001646,26.869303,29.908737,29.286825,26.319504,27.841845,23.427803,26.90101,22.630667,25.67377,24.356354,23.910069,27.520563,27.440758,30.078112,27.453047,31.814522,30.50582,34.6358
27,29.499683,25.449385,26.442661,20.358786,21.143816,19.02039,19.215925,18.906885,17.288311,20.8173,17.574234,21.367971,20.970383,18.14656,16.67655,16.439072,11.647632,12.584175,8.456288,9.955566,10.200406,11.240826,15.272009,12.144873,9.058489,6.075415,3.9445753,0.0,3.9411504,6.4784055,7.8274016,12.554577,17.335047,20.304422,23.240765,24.682041,27.972963,29.615458,33.45753,27.891851,26.393848,23.342384,22.959988,17.76966,19.759275,13.570424,14.182994,11.702818,11.673923,13.826947,14.617102,15.886523,15.446975,19.370712,19.562853,23.331964,22.447424,25.65696,27.82442,31.104956,28.689224,33.373344,33.44428,36.6579,37.932507,38.78646,36.333923,38.473473,35.239708,36.268272,30.664963,34.461266,30.280628,34.846462,34.614643,32.87834,31.959055,26.188059,27.903255,25.997501,24.094072,26.819027,21.673552,20.386736,18.934286,19.386703,20.23203,18.318981,21.230385,19.57469,24.950583,23.74743,27.585823,30.340519,29.722813,26.847483,28.79863,24.742006,28.694363,25.157959,28.090816,27.2958,27.300009,30.668798,30.32474,32.870415,29.654512,33.91353,32.170006,36.149975
28,30.002314,26.264729,27.41999,21.463314,22.630575,20.193644,20.901045,19.947258,19.025259,21.947395,18.795715,22.689003,21.75073,18.666588,16.455359,16.486477,12.124129,12.9347315,10.409518,10.805871,12.32561,12.579106,17.385017,14.115836,10.748507,9.056503,4.9137545,3.9411504,0.0,5.3175654,5.4616394,11.101537,14.807908,18.784775,20.820974,22.817245,26.11361,27.459616,31.132177,25.51454,24.223871,20.66043,20.492615,15.159932,17.027565,10.836567,11.638829,10.089642,9.748671,12.224193,11.829549,12.601471,11.804761,15.545459,15.625327,19.43451,18.722548,21.993021,24.050205,27.48324,25.37789,30.093727,30.41942,33.71097,35.291557,36.369656,34.300323,36.29314,32.659115,34.045082,28.280788,31.97335,27.731737,32.089485,31.689764,29.840635,29.334991,23.679533,25.407387,24.074743,22.225437,25.34042,20.278637,19.33432,17.286797,18.572762,18.41149,17.103409,19.631697,18.648413,23.513807,22.572199,26.554398,29.333588,29.249426,26.620464,28.556072,24.515982,28.161577,24.841967,27.157558,26.52648,26.443457,29.394884,29.093922,31.081835,27.986809,32.1639,30.272045,34.33615
29,26.692377,23.376562,23.585983,18.210678,18.65656,15.697168,16.49762,14.994801,14.674362,17.296743,14.698075,18.93239,18.362923,15.511661,13.149021,12.029593,8.176459,7.9076567,7.038691,6.6828656,9.508344,10.425435,15.4951,13.850486,10.719268,10.2011175,6.664861,6.4784055,5.3175654,0.0,5.095606,6.3922606,12.316602,14.750848,17.744015,19.233814,22.314917,23.64731,27.308208,21.551266,19.923105,17.090954,16.683048,11.56137,14.186172,8.044847,10.840533,9.607582,11.255755,14.752942,14.386132,15.747817,12.975536,16.812767,16.51605,19.92298,17.79327,20.814142,23.25272,25.94083,22.950409,27.551865,27.37625,30.47394,31.658943,32.34357,29.857388,32.05647,28.910618,30.13792,24.53989,28.750278,24.90781,29.568424,29.757946,28.529724,28.13039,22.169313,24.830048,23.144424,22.305054,25.623432,20.731842,18.989948,16.9879,16.75327,15.75141,13.511973,15.58513,13.88777,18.75487,17.501415,21.426332,24.206007,23.964167,21.307114,23.298073,19.386301,23.267086,20.614103,22.8436,22.825396,23.58032,26.170004,25.428112,27.644388,23.833096,27.956915,25.922737,29.8392
30,31.637472,28.42521,28.535492,23.293343,23.490088,20.272932,20.67054,18.537987,17.692266,19.351734,15.976295,19.546585,17.856812,14.593697,11.825091,12.645538,9.001397,10.771574,10.262101,11.621931,14.180345,15.378089,20.348007,18.216145,14.92307,13.401425,9.637835,7.8274016,5.4616394,5.095606,0.0,7.5447645,9.698154,13.8693695,15.796687,17.656555,21.060959,22.66172,26.57561,21.4722,20.811565,16.972132,18.117609,12.778957,16.020668,10.01946,13.398046,13.092963,13.653328,16.675224,15.159286,15.082211,12.845325,15.735699,14.487444,18.46582,16.62411,20.065168,21.360243,24.845572,22.421003,26.803091,26.723099,30.19978,31.20423,32.784092,30.824583,33.43564,29.846075,32.122208,26.34666,30.770323,27.051617,31.353188,31.34665,29.955976,30.302555,24.60926,27.113794,26.22306,25.136793,28.686972,23.836,22.674618,20.231592,21.031212,19.22831,17.584782,18.940996,17.61529,21.444302,19.757679,23.640923,26.017927,26.312653,24.068142,26.448122,23.033657,26.964638,25.041285,26.687618,27.072378,27.853405,30.019304,29.223877,30.811306,26.806646,30.670282,28.1202,31.900621
31,27.230364,24.854849,23.745481,19.730097,19.081343,15.272335,16.018738,12.850547,13.534164,14.216524,12.270248,16.24598,15.223273,12.608947,9.5112295,7.78052,6.6567545,5.8308196,9.497706,9.181487,12.946601,14.359309,19.120764,18.901745,16.158592,16.18023,12.995172,12.554577,11.101537,6.3922606,7.5447645,0.0,8.001507,8.626378,12.204996,13.238941,16.116728,17.460571,21.205524,15.706018,14.39208,11.914085,12.601555,8.096065,12.408784,7.869165,13.2582035,13.54705,15.952116,19.78441,18.51954,19.393959,15.177459,18.065989,16.762762,19.68781,15.998173,18.718939,20.757261,22.804184,19.051508,23.17844,22.357786,25.420633,25.939053,26.768555,24.18536,26.999868,24.148304,26.121984,20.686104,25.76929,22.745298,27.341648,28.172699,27.698353,28.16036,22.313372,25.947649,24.678396,24.945686,28.623919,24.213287,22.212187,19.9266,18.943441,15.887412,13.278037,13.442632,11.277166,14.4761505,12.3047085,16.136227,18.555084,18.807404,16.648767,19.062134,15.982988,20.026682,19.368385,20.538666,21.911615,23.8309,25.264872,23.867006,25.59396,20.645666,24.312506,21.557903,25.100023
32,34.308487,32.2841,31.221914,27.487309,26.911276,22.983282,23.55816,19.80263,20.222101,19.37467,16.983513,19.646324,16.91882,14.121881,10.314171,11.699496,11.929715,13.169751,16.415697,17.013561,20.647831,21.879,26.893763,25.981493,22.90722,22.35665,18.504423,17.335047,14.807908,12.316602,9.698154,8.001507,0.0,6.901012,6.1925178,8.808163,12.114131,13.497248,17.448126,13.372041,14.257398,9.858207,13.810339,10.1236925,14.685429,11.66142,17.216646,18.792706,20.186377,23.599161,20.833143,20.056593,15.961507,16.926598,14.028747,16.954308,13.011429,15.947232,15.8774805,18.746632,15.815437,19.243252,18.494007,22.16437,22.3966,24.867043,23.513361,26.86325,23.222902,27.135315,21.687578,26.920696,24.402624,28.13082,28.756657,28.267948,30.121502,24.968225,28.488981,28.544622,28.777761,32.832645,28.70922,27.455357,24.528608,24.93341,20.576979,19.208447,18.199219,17.29315,18.093422,15.780212,19.063545,20.57156,22.156767,21.091206,23.765226,21.725416,25.188501,25.705177,25.622078,27.59772,29.478718,29.98728,28.546091,28.952457,23.962545,26.881077,23.325817,26.433287
33,32.685837,31.21396,28.837063,26.285208,24.472012,20.289476,20.385,15.944369,16.80675,14.462948,13.205799,15.278995,12.994373,11.243085,8.056789,7.9221654,10.969511,11.450616,16.278294,17.052362,20.564524,22.509922,26.791826,27.284157,24.68085,24.426828,21.411818,20.304422,18.784775,14.750848,13.8693695,8.626378,6.901012,0.0,6.199057,4.9810452,7.849187,10.117007,14.500075,11.066148,11.787029,9.991195,13.749883,11.73774,16.661,14.6083555,20.579231,21.720755,24.054379,27.841806,25.81204,25.83983,21.257591,22.750454,20.2331,22.607239,17.85398,20.028685,20.46134,21.91685,17.797327,20.444098,18.497547,21.586323,20.43832,22.279911,19.957825,24.15532,21.84059,25.500818,20.799488,26.736984,25.104708,29.064478,30.521383,30.848333,32.50777,27.251131,31.451576,30.873838,31.86669,35.770164,31.785229,29.836697,27.345106,26.204006,21.797924,19.411451,17.663702,15.5454235,15.327269,11.693758,14.1894245,15.033276,16.341265,15.63662,18.715164,17.757153,21.584204,23.68162,23.474827,26.37468,29.3015,29.417608,27.387047,28.231747,22.224918,24.72173,20.886894,23.317663
34,36.194412,34.92955,33.14788,30.470448,29.42874,25.359634,25.982641,21.660458,22.800291,20.65042,19.266283,21.178385,18.355064,16.387167,12.953143,13.9059305,16.036114,16.655167,21.05716,21.276329,25.091211,26.333422,31.117226,30.904873,28.038858,27.909489,24.173946,23.240765,20.820974,17.744015,15.796687,12.204996,6.1925178,6.199057,0.0,4.2081337,6.61952,7.5623775,11.547122,8.964847,11.405229,7.8857355,13.407806,12.09823,16.459589,15.600988,21.348747,23.427927,25.23228,28.7612,25.801744,25.029255,20.390684,20.616934,17.47605,19.2698,14.455304,16.331953,15.514908,17.119482,13.700858,15.789087,14.134071,17.693918,16.931747,19.993519,19.032701,22.992098,19.707857,24.627766,19.88465,25.489922,24.084589,27.283186,28.461338,28.729113,31.310875,26.694855,30.7119,31.110544,32.13111,36.265472,32.627777,31.237967,28.29651,28.227457,22.92649,21.65517,19.38597,18.680525,17.314243,14.74244,17.030235,17.63705,20.092873,20.015982,22.668688,21.799246,24.7071,26.837317,25.728819,28.645172,31.193367,30.698006,28.857351,28.600344,23.11128,25.14087,21.038164,23.361168
35,36.60273,35.492977,32.99583,30.829441,29.026361,24.855516,24.997038,20.417036,21.409456,18.40767,17.40615,18.623524,15.816656,14.490928,11.651409,12.491504,15.707271,16.428556,21.185337,21.933125,25.519287,27.309149,31.680067,32.077873,29.396559,29.12763,25.865429,24.682041,22.817245,19.233814,17.656555,13.238941,8.808163,4.9810452,4.2081337,0.0,3.567787,6.3795424,10.981051,9.714965,12.134052,10.372979,15.427352,14.537766,19.139069,18.12149,24.067656,25.733135,27.863605,31.547852,28.989935,28.506,23.868328,24.503002,21.48608,23.38822,18.477383,20.222017,19.57373,20.726429,16.923595,18.480705,16.132408,19.247202,17.31766,20.164383,18.615147,23.262499,20.920465,25.677767,21.439669,27.382524,26.399834,29.747227,31.308062,31.90201,34.28637,29.53118,33.79084,33.788055,35.003338,39.043907,35.32329,33.598083,30.89146,30.105946,25.05169,23.165197,20.780678,19.28385,17.641792,14.240949,15.879484,15.836958,18.041,18.250956,21.209614,21.064505,24.29201,27.222893,26.240744,29.571283,32.62517,32.091766,29.958035,30.065624,24.038063,25.836906,21.606136,23.420692
36,37.53123,36.861744,34.02152,32.47804,30.50165,26.3867,26.60854,21.9287,23.354504,19.87399,19.5728,20.443844,17.916376,17.111614,14.656328,14.986205,18.682878,18.964018,24.054907,24.474688,28.092142,29.790472,33.993774,34.73354,32.18543,32.180782,28.963886,27.972963,26.11361,22.314917,21.060959,16.116728,12.114131,7.849187,6.61952,3.567787,0.0,3.7026772,8.116628,8.7083235,11.703788,11.211644,16.166075,16.420593,20.661055,20.551865,26.436546,28.28809,30.605827,34.338333,31.7471,31.345581,26.4674,26.89113,23.9083,25.32605,20.198385,21.403702,20.666767,21.019169,17.07278,17.758783,14.870503,17.537422,14.761968,17.702457,16.274841,21.281404,19.4732,24.538778,20.956995,26.918,26.599434,29.622253,31.493856,32.50314,35.13414,30.701061,35.15502,35.25565,36.86319,40.8896,37.439663,35.636715,32.974934,31.926947,26.547264,24.73702,21.836935,20.491827,17.775139,14.462366,15.231286,14.482963,17.165567,18.054436,20.827612,21.426968,24.180862,27.949713,26.443024,30.20692,33.571396,32.52427,30.205196,30.002533,23.839973,25.050667,20.663227,21.854803
