,0,1,2,3,4,5,6,7,8,9,10,11,12,13,14,15,16,17,18,19,20,21,22,23,24,25,26,27,28,29,30,31,32,33,34,35,36,37,38,39,40,41,42,43,44,45,46,47,48,49,50,51,52,53,54,55,56,57,58,59,60,61,62,63,64,65,66,67,68,69,70,71,72,73,74,75,76,77,78,79,80,81,82,83,84,85,86,87,88,89,90,91,92,93,94,95,96,97,98,99,100,101,102,103
0,0.0,4.998631,6.6164246,9.895886,13.188057,15.78781,19.106173,21.570816,25.06451,28.00821,31.050802,33.953094,35.525784,33.802906,32.808777,28.246716,27.643492,23.405203,24.227444,19.43673,19.36908,17.174,15.607007,18.774343,20.241938,24.55402,24.755877,27.725122,28.542295,24.764362,29.539284,25.205902,32.607628,31.14164,35.768143,36.38536,37.616863,37.676384,38.538853,32.667187,28.732706,31.282705,25.746365,28.688417,24.179941,29.052822,25.753447,27.79342,27.46213,30.074358,31.504606,35.13148,31.584236,34.65844,36.677814,36.58367,34.761433,33.973328,38.949295,37.387863,33.06233,35.996357,34.118275,35.808872,38.709053,34.267788,35.44367,31.395523,28.34398,24.896807,22.805136,18.299246,16.005615,13.223889,10.737759,10.824083,9.666516,11.37542,13.850266,14.555888,19.004686,20.74894,22.657578,20.986689,22.146189,17.859018,17.603432,16.148678,15.427251,16.991615,16.688007,20.925728,19.84171,27.213709,25.843988,30.250534,27.734257,25.070446,24.017332,20.207058,22.321209,19.494455,22.098839,21.361448
1,4.998631,0.0,6.32452,6.279151,10.684277,13.631293,16.699556,19.632181,22.526823,25.947706,28.465073,31.8161,33.15192,31.168898,30.225033,25.862028,24.617102,20.656256,20.542334,16.154902,15.298869,13.42726,10.961975,14.781282,16.535913,20.566507,21.415655,24.118832,25.4462,21.984308,26.690817,23.133337,30.607618,29.76382,34.61627,35.22812,36.923126,37.343857,38.814327,32.63512,28.45849,30.956028,25.20939,27.720095,23.527567,27.519413,24.373003,25.797964,25.93488,28.693369,30.649876,34.432156,31.142078,34.63543,36.533493,37.01418,35.054344,34.753204,39.578056,38.454296,34.07206,37.011066,34.870995,36.697792,39.071815,34.27987,35.376366,31.506048,28.843145,24.740786,22.878397,18.738571,15.824145,14.532443,12.314645,10.582039,12.126513,11.580729,15.338904,15.003795,19.555702,21.436533,22.681005,20.329027,21.92043,16.74139,18.094328,16.042038,16.482286,17.113472,18.31634,22.32106,21.79145,28.957901,27.199757,31.912325,30.168554,27.784273,26.701056,23.125427,24.691818,22.068647,23.86454,23.493313
2,6.6164246,6.32452,0.0,6.5937696,7.209142,10.25987,13.064671,16.029789,19.195583,22.53885,25.559048,28.4962,30.53245,29.077522,28.661518,23.940748,23.81392,19.723118,20.955599,17.114944,17.076052,16.43822,14.904587,19.268133,20.307892,23.97513,24.212355,26.430456,27.538326,23.23097,27.529995,22.646423,30.142252,27.606459,32.968624,32.903355,34.451893,34.47374,35.472958,29.775684,25.717829,29.110054,23.631765,27.217941,23.426893,28.246845,26.186466,28.1196,28.790367,31.89341,33.129692,36.54212,32.486897,35.51139,36.906357,37.063953,34.345985,33.62356,38.15413,36.377907,31.658092,33.936806,31.447392,32.748802,34.94435,30.118618,30.698666,26.435379,24.238783,19.598131,18.596455,13.573991,11.897732,9.96391,9.207603,9.727548,11.937379,13.749076,17.149366,18.516376,22.777323,25.321045,26.12513,23.8703,24.653368,19.59498,19.068226,15.999353,15.561343,15.13202,14.9422035,18.595327,16.802258,24.390295,21.565649,26.806942,25.251692,22.741438,22.164719,18.963184,21.203548,19.664522,21.676449,22.417454
3,9.895886,6.279151,6.5937696,0.0,5.6673803,7.8919334,10.95797,13.749225,16.464104,19.887959,22.234604,25.685246,26.962729,24.97518,24.206545,19.83437,18.667805,14.787467,14.934233,11.113231,10.540941,10.181121,8.870044,13.352778,14.171845,17.528597,18.042467,20.068764,21.509079,17.561823,21.870962,18.045082,25.549955,24.370317,29.61181,29.910717,31.941517,32.5398,34.424217,28.192492,23.891779,26.691124,20.975563,23.630781,20.135918,23.754797,21.75036,23.016691,24.154415,27.371447,29.089808,32.620358,28.962048,32.465626,33.80964,34.674274,32.057884,32.038094,36.44913,35.469555,30.924793,33.53163,31.014,32.805847,34.56478,29.506594,30.48889,26.885445,24.625847,20.123877,18.469332,15.032966,11.673888,12.322612,11.034072,8.26618,13.109836,11.9192,16.417324,16.66751,20.719175,23.479788,23.345642,20.429516,21.545368,15.753472,17.084967,13.679534,14.908096,13.7859335,16.195576,19.531765,19.589909,26.134035,24.092054,28.87747,28.167671,26.283804,25.191664,22.164515,23.058336,21.225872,22.020828,22.72687
4,13.188057,10.684277,7.209142,5.6673803,0.0,4.2202616,6.19007,9.924887,12.305569,16.234697,18.781055,22.091417,24.139153,22.66171,22.677086,18.082602,17.931213,14.32785,15.467728,13.152155,13.005446,14.281447,13.322317,18.074812,18.454876,21.050547,21.355995,22.60463,24.063375,19.650932,23.211891,18.54983,25.809597,23.037804,28.934546,28.41469,30.54508,30.892677,32.570526,26.830727,22.634058,26.358585,21.036478,24.533207,21.78167,25.655725,24.852108,26.272902,27.999264,31.437992,32.69774,35.88782,31.735397,34.88131,35.684322,36.44642,33.09692,32.86144,36.826702,35.388702,30.559515,32.403324,29.40569,30.638723,31.835863,26.56996,26.822481,22.896954,21.59852,15.941656,15.748507,11.782773,9.827085,11.088409,11.655769,10.656467,15.921325,16.181175,20.323675,21.50179,25.331509,28.42793,27.993408,25.114689,25.722967,20.094584,20.262197,16.075075,16.780853,14.305739,15.831685,18.390055,17.40193,23.931059,20.459019,25.916452,25.879036,24.072401,23.55431,21.169172,22.45681,21.829714,22.509932,24.32682
5,15.78781,13.631293,10.25987,7.8919334,4.2202616,0.0,3.98954,6.05035,9.337531,12.470839,15.3547735,18.406305,20.324385,18.915915,18.854078,14.13484,14.556992,10.875556,13.211339,11.259943,12.220531,13.987673,14.586756,18.579145,18.177107,20.405214,19.935602,20.862957,21.9215,17.15536,20.288649,15.047408,22.09748,18.870354,24.85372,24.214176,26.380463,26.775375,28.624626,22.86817,18.676023,22.505928,17.379765,21.039515,18.802122,22.62553,22.61843,24.16963,26.295336,29.871044,30.713886,33.59769,29.198072,32.141262,32.59849,33.446075,29.773758,29.636185,33.317905,31.961287,27.142435,28.833754,25.73257,27.03902,28.02207,22.709152,23.170874,19.595095,18.17777,12.875319,12.256181,9.524236,7.088086,10.151572,11.212685,9.9633465,16.02872,16.090372,20.047596,21.661201,24.968029,28.469412,27.34218,24.430798,24.561699,19.171244,18.81378,14.204027,15.158379,11.7024555,13.944437,15.79392,15.719591,21.274702,18.345108,23.313053,23.889404,22.595657,21.855804,19.892124,20.414488,20.22846,20.16222,22.539879
6,19.106173,16.699556,13.064671,10.95797,6.19007,3.98954,0.0,4.814667,6.1946645,10.445108,12.8653145,16.144146,18.538546,17.416842,18.111393,13.665869,14.391564,11.635852,13.668745,13.349475,13.84494,16.541252,16.748379,20.971048,20.55151,22.102173,21.951616,22.222279,23.573496,19.034443,21.451286,16.604208,23.02588,19.264322,25.564964,24.356274,26.810394,27.23217,29.215813,23.88425,19.895496,24.059744,19.42586,23.074068,21.546886,24.813179,25.463747,26.712275,29.229477,32.845295,33.711704,36.450367,32.06437,34.93742,35.074974,36.090744,32.10149,32.05939,35.325134,33.936222,29.100645,30.266743,26.858181,27.794786,28.052637,22.58887,22.381115,18.838959,18.585985,12.332764,13.306356,10.988248,9.919994,13.163435,14.844277,13.939336,19.94524,20.033657,24.018808,25.550415,28.81544,32.32372,31.036577,28.010334,28.147507,22.715475,22.54211,17.841888,18.84941,14.985167,16.991465,18.177029,17.632547,22.681458,18.74215,24.03731,25.32269,24.203913,23.86323,22.40366,23.02114,23.44545,23.172745,25.9773
7,21.570816,19.632181,16.029789,13.749225,9.924887,6.05035,4.814667,0.0,4.8388495,6.510417,9.909197,12.473234,14.746527,13.860229,14.435373,9.808771,11.822678,9.241231,13.016059,13.017425,14.760987,17.439653,19.065828,22.393116,21.260597,22.547235,21.444122,21.464327,22.167082,17.351532,19.124287,13.534676,19.335651,14.692704,21.06735,19.645857,22.05607,22.4647,24.574621,19.319967,15.455195,19.769665,15.63687,19.498344,18.692577,21.931852,23.50647,24.984123,27.787937,31.452354,31.748032,34.06541,29.417208,31.9253,31.65483,32.664997,28.337183,28.338388,31.216911,29.86918,25.109089,26.03502,22.543688,23.541351,23.575642,18.0984,18.22173,15.217994,14.754932,9.387263,9.751414,9.651441,8.57939,13.016136,14.975912,14.125734,20.206652,20.286963,23.823341,25.83235,28.490282,32.32401,30.432405,27.530092,27.109295,22.219675,21.297518,16.49163,17.543308,12.978934,15.39669,15.58622,16.138033,19.70522,16.699951,21.105074,23.056648,22.573265,21.968214,21.04027,20.781965,21.71586,20.653353,24.000723
8,25.06451,22.526823,19.195583,16.464104,12.305569,9.337531,6.1946645,4.8388495,0.0,5.386256,6.845364,10.338963,12.92266,12.188096,13.795898,10.130306,11.73573,10.770124,13.189423,15.026764,15.922923,19.47638,20.563414,24.054102,22.987152,23.456697,22.935965,22.195906,23.400486,19.19135,20.161663,15.860963,20.719265,16.4153,22.782253,20.916574,23.800802,24.46528,26.965769,22.190954,18.669441,22.81486,19.215696,22.478714,22.33472,24.520079,26.527594,27.421951,30.612894,34.255356,34.82617,37.088593,32.720104,35.33439,34.836926,36.208195,31.78281,32.082943,34.543484,33.43954,28.839773,29.38786,25.733324,26.46412,25.600859,20.138391,19.560043,17.01497,17.894716,12.126012,13.858848,13.9450865,13.375775,17.59304,19.568043,18.427353,24.707758,24.34752,28.164865,29.737362,32.450077,36.19007,34.154114,31.029585,30.83704,25.736977,25.58509,20.819653,22.206985,17.647335,20.220306,20.210926,20.476215,23.638851,19.918623,24.43867,26.966166,26.598577,26.285238,25.610476,25.428913,26.53611,25.337122,28.732435
9,28.00821,25.947706,22.53885,19.887959,16.234697,12.470839,10.445108,6.510417,5.386256,0.0,4.3693213,5.9655237,8.647402,8.643562,10.412743,7.1510777,10.726145,10.534587,14.437891,16.389673,18.34478,21.620321,23.856632,26.534641,24.867756,25.132868,23.65915,22.693182,23.125895,18.848629,18.91646,14.140622,17.568062,12.018178,18.299112,15.941068,18.809807,19.458286,22.132862,17.783869,14.768233,18.9173,16.388332,19.660154,20.51867,22.48706,25.53628,26.65054,30.060337,33.666183,33.581497,35.30693,30.726114,32.829834,31.81929,33.156536,28.380283,28.727093,30.5742,29.527374,25.156809,25.261604,21.554272,22.239584,20.873276,15.53576,15.231179,13.744714,14.69996,10.705488,11.902864,14.264942,13.936482,18.602512,20.732592,19.786932,25.81802,25.551374,28.821732,30.84437,32.929626,36.919853,34.34675,31.432724,30.670784,26.27889,25.349796,20.727533,22.034134,17.147923,19.808804,18.736204,19.996016,21.304453,18.715244,21.97706,25.24952,25.592085,25.069576,25.01917,23.987667,25.640661,23.683582,27.546062
10,31.050802,28.465073,25.559048,22.234604,18.781055,15.3547735,12.8653145,9.909197,6.845364,4.3693213,0.0,4.515866,6.4106984,6.2998066,9.177645,7.7454495,10.290604,11.720284,14.28027,17.625961,19.03553,22.839466,24.925009,27.397842,25.660673,25.14881,24.033958,22.37564,23.135223,19.586325,18.82562,15.609371,17.947475,13.628108,19.378105,16.965282,20.292131,21.382322,24.59171,20.553064,17.855074,21.3552,19.210428,21.590805,22.97968,23.778183,27.152172,27.66457,31.403854,34.93029,35.107635,36.75743,32.568516,34.81644,33.650223,35.418827,30.73742,31.49419,33.006744,32.424114,28.348974,28.38761,24.761492,25.468117,23.490078,18.46481,17.967428,17.21042,18.669441,14.874765,16.2125,18.504738,17.88923,22.623693,24.527481,23.047337,29.359821,28.46911,31.977224,33.534035,35.555305,39.45769,36.649235,33.543743,32.97815,28.485168,28.358112,23.839464,25.588106,20.772995,23.936235,22.953451,24.35586,25.497345,22.882921,26.019009,29.515402,29.92989,29.421001,29.360903,28.216925,29.713234,27.568008,31.273071
11,33.953094,31.8161,28.4962,25.685246,22.091417,18.406305,16.144146,12.473234,10.338963,5.9655237,4.515866,0.0,4.464448,6.5960674,9.739357,9.337122,13.0345125,14.56009,17.920843,20.918272,22.848682,26.368896,28.87329,31.11638,29.159399,28.703997,27.060015,25.398363,25.624388,22.042185,20.784214,17.197691,18.203917,12.621169,17.838614,14.657928,17.74871,18.593933,21.63753,18.608088,16.73828,20.279097,19.305359,21.82338,23.877693,24.75704,28.779596,29.563574,33.3201,36.786045,36.41948,37.6298,33.23966,34.951916,33.34817,34.922173,29.932005,30.553436,31.421827,30.672972,26.838636,26.196177,22.52011,22.836864,20.147627,15.528266,14.730831,15.00709,17.095787,14.609058,16.173737,19.494015,19.530499,24.176107,26.379665,25.411781,31.352882,30.897171,33.97508,35.97691,37.671383,41.718143,38.70893,35.82936,34.855946,30.881876,29.98391,25.59821,27.009195,22.110989,24.776545,23.013987,24.589005,24.353905,22.154465,24.395369,28.513407,29.42342,29.00149,29.54444,28.067678,30.159134,27.690016,31.786488
12,35.525784,33.15192,30.53245,26.962729,24.139153,20.324385,18.538546,14.746527,12.92266,8.647402,6.4106984,4.464448,0.0,3.2809808,6.415684,8.208778,11.324505,13.937162,16.87063,20.376772,22.450834,25.927567,28.97648,30.480808,28.182503,27.205017,25.274523,23.20744,23.171799,20.212385,18.06787,15.682396,15.161035,11.025369,15.343398,12.5519285,16.088825,17.612663,21.448874,18.239038,16.610966,19.066504,18.582851,20.012384,22.743896,22.457598,26.965939,27.352812,31.3324,34.641884,34.240284,35.19979,31.172312,32.88299,31.096163,33.09028,28.298885,29.42116,30.000319,29.94692,26.553453,26.226862,22.901325,23.737217,21.048437,16.88811,17.04498,18.10301,19.3139,17.89753,18.247261,22.124807,21.35162,26.25434,27.983906,26.36232,32.37861,31.198381,34.194683,35.867264,37.150578,41.159668,37.724007,34.82725,33.800724,30.160336,29.740614,25.677464,27.553446,22.816893,26.283092,24.543873,27.04929,26.400988,25.326082,26.92965,30.945755,32.03502,31.21624,31.609877,29.551123,31.261131,28.32469,32.14176
13,33.802906,31.168898,29.077522,24.97518,22.66171,18.915915,17.416842,13.860229,12.188096,8.643562,6.2998066,6.5960674,3.2809808,0.0,3.73074,6.039987,8.261898,11.371982,13.836882,17.624788,19.602962,23.111921,26.270523,27.52038,25.163668,24.011509,22.145851,19.973156,20.063744,17.27985,15.086804,13.298489,13.140614,10.446875,14.927465,12.970428,16.714228,18.556988,22.664757,18.629543,16.482456,18.557243,17.420607,18.383112,20.918688,20.195898,24.488451,24.610395,28.65822,31.964111,31.851053,33.008034,29.1934,31.250368,29.712984,31.95009,27.437294,28.795,29.76627,30.025335,26.596191,26.866848,23.69508,24.975105,22.862013,18.503525,19.156431,19.76402,20.259281,18.564089,18.261385,21.855858,20.401705,25.418404,26.76886,24.622429,30.804987,29.11044,32.267227,33.5888,34.869484,38.79008,35.304413,32.289494,31.450401,27.67452,27.829268,23.841425,26.078165,21.481958,25.531906,24.23602,27.038864,27.008532,26.170359,28.035397,31.620192,32.491035,31.449041,31.433743,29.32609,30.532606,27.60881,31.07677
14,32.808777,30.225033,28.661518,24.206545,22.677086,18.854078,18.111393,14.435373,13.795898,10.412743,9.177645,9.739357,6.415684,3.73074,0.0,4.8680105,6.349196,9.669908,12.292636,15.689016,18.086134,21.173996,24.92559,25.535358,22.901934,21.735815,19.360107,17.264029,16.890213,14.233365,11.684547,10.306501,9.488029,8.405414,12.387699,11.404137,15.181673,17.380625,21.79606,17.168814,14.899512,16.134542,14.938968,15.137773,17.90542,16.602596,21.080317,21.127274,25.212852,28.449408,28.251385,29.33836,25.650814,27.782377,26.30764,28.737707,24.465075,26.09593,27.21812,27.891994,24.663166,25.471725,22.641317,24.447256,22.909353,18.735107,20.226217,20.907013,20.394125,19.478346,18.03109,21.900736,19.781406,24.809578,25.707184,23.148018,29.158304,27.016132,29.975319,31.140306,32.08216,35.975533,32.250587,29.301142,28.362972,24.922567,25.251263,21.597223,24.107025,19.796696,24.378332,23.22294,26.743254,26.620792,26.744095,28.210974,31.423365,32.32148,30.915812,30.667398,28.159979,28.939058,25.765062,28.896515
15,28.246716,25.862028,23.940748,19.83437,18.082602,14.13484,13.665869,9.808771,10.130306,7.1510777,7.7454495,9.337122,8.208778,6.039987,4.8680105,0.0,4.823662,5.962857,10.193494,12.51141,15.188697,18.15972,21.694815,22.95704,20.60603,20.329073,18.07203,16.807877,16.667452,12.76114,11.999951,8.038794,10.7524605,7.7507753,13.481116,12.501676,15.849556,17.464077,21.23793,15.865437,12.659162,15.04989,12.437523,14.049354,15.6199045,16.043655,19.637426,20.30856,24.04726,27.539108,27.45557,29.021801,24.849115,27.195232,26.18102,28.140701,23.776752,24.89395,26.792564,26.820017,22.962942,24.028685,20.951227,22.733704,21.906326,17.086477,18.509575,18.119295,17.196707,15.482991,13.861318,17.225786,14.997765,20.039665,21.038506,18.700184,24.821293,23.129143,26.24883,27.699652,29.08703,33.057175,29.782688,26.80754,25.950018,22.02002,21.923706,17.831184,20.112776,15.583516,20.008167,19.186949,22.346529,23.125572,22.803293,24.913996,27.708519,28.264414,26.916786,26.410192,24.30634,25.015524,22.266129,25.47591
16,27.643492,24.617102,23.81392,18.667805,17.931213,14.556992,14.391564,11.822678,11.73573,10.726145,10.290604,13.0345125,11.324505,8.261898,6.349196,4.823662,0.0,4.426804,5.998993,9.66494,11.748835,15.02984,18.608364,19.353367,16.910309,15.987628,14.1261215,12.396579,12.8482065,9.6134615,8.7873125,7.427435,10.70371,11.26816,15.926758,15.942323,19.348047,21.32011,25.335651,19.603933,16.21927,17.682678,14.416352,14.750576,15.832756,14.992018,17.918991,17.762339,21.678219,25.102133,25.746342,27.672289,24.15087,27.11819,26.524809,28.95461,25.23856,26.782373,29.040827,29.622845,25.968712,27.660301,24.893297,27.012083,26.49474,21.769066,23.314169,22.687643,21.481283,19.27402,17.381748,19.833538,16.755852,21.633862,21.944965,18.626421,24.966093,22.198019,25.704676,26.28243,27.716368,31.424492,28.07915,24.813705,24.474718,20.194012,21.601017,17.810837,20.780315,16.805582,21.983896,21.969584,25.215132,26.860712,26.556992,29.027534,31.32192,31.557781,30.039915,28.981802,26.979797,26.889273,24.315306,26.790531
17,23.405203,20.656256,19.723118,14.787467,14.32785,10.875556,11.635852,9.241231,10.770124,10.534587,11.720284,14.56009,13.937162,11.371982,9.669908,5.962857,4.426804,0.0,5.696137,6.5701065,9.487002,12.215601,15.899255,17.106163,14.887838,15.197612,13.203292,12.7489805,13.090281,8.535473,9.957019,5.8399916,12.009312,11.511139,16.694445,16.906977,19.81668,21.354399,24.799372,18.58793,14.645859,16.630146,12.223047,13.573388,13.347997,14.220906,16.12808,16.7166,20.127115,23.731474,24.36426,26.663185,22.731394,25.816063,25.6583,27.630718,23.981411,25.093601,28.013826,28.141964,24.119915,26.160933,23.412746,25.61101,25.85973,20.930756,22.626123,21.247097,19.369823,16.923784,14.448636,16.250797,12.705054,17.441114,17.562553,14.216014,20.602087,18.10611,21.697348,22.54964,24.309862,28.100847,25.144169,21.92132,21.593597,16.954435,17.923168,13.823584,16.682535,12.738058,17.959904,18.435064,21.552952,23.986555,23.70976,26.49485,28.195251,28.12371,26.531153,25.132093,23.391878,23.013344,20.825102,23.156803
18,24.227444,20.542334,20.955599,14.934233,15.467728,13.211339,13.668745,13.016059,13.189423,14.437891,14.28027,17.920843,16.87063,13.836882,12.292636,10.193494,5.998993,5.696137,0.0,5.692245,6.1471405,9.967942,13.013913,13.830098,11.763225,10.880223,10.324182,9.089986,10.975684,8.168404,9.603604,9.626908,14.699253,16.429337,20.902029,21.462896,24.617971,26.471897,30.205914,24.013243,20.176445,21.555817,17.179453,17.344675,16.86798,16.212383,17.164423,16.523941,19.991037,23.369165,25.025234,27.699255,24.699293,28.345821,28.54734,30.989159,27.970331,29.47187,32.49111,33.09482,29.307644,31.608763,29.000069,31.275602,31.39244,26.470657,27.952183,26.501867,24.945826,21.801702,19.812876,20.691916,16.929094,21.18641,20.776087,16.66643,23.043707,19.461937,23.537008,23.192638,25.152525,28.461515,25.61514,22.047523,22.544634,17.45791,20.407282,16.855799,20.182526,17.017601,22.400887,23.51868,26.29176,29.440565,28.730436,31.970097,33.44712,33.084286,31.529327,29.744791,28.310902,27.354898,25.4835,27.131662
19,19.43673,16.154902,17.114944,11.113231,13.152155,11.259943,13.349475,13.017425,15.026764,16.389673,17.625961,20.918272,20.376772,17.624788,15.689016,12.51141,9.66494,6.5701065,5.692245,0.0,4.140218,5.659291,9.958307,10.642153,8.607201,10.048162,8.726407,9.864654,10.914117,6.797278,10.821653,8.822643,15.625825,17.080652,21.391151,22.466682,25.007296,26.512604,29.686773,23.094822,18.978418,20.259089,15.019971,15.603096,13.54693,14.469886,13.831416,14.064859,16.708464,20.222406,21.867393,24.97053,21.690037,25.491642,26.295092,28.266954,25.640196,26.779745,30.523296,30.866125,26.963947,29.838839,27.546274,30.061409,31.143694,26.326502,28.234905,26.282671,23.731852,21.027336,18.047953,18.255886,13.804553,17.36734,16.20211,11.60019,17.660976,13.781073,17.90448,17.591854,19.774477,23.146544,20.649,17.12878,17.6974,12.218861,15.184147,11.789601,15.219859,12.873717,18.365637,20.20909,23.131899,26.931774,26.85494,30.018587,30.619125,29.957773,28.14099,25.855888,24.528814,22.87545,21.42919,22.451513
20,19.36908,15.298869,17.076052,10.540941,13.005446,12.220531,13.84494,14.760987,15.922923,18.34478,19.03553,22.848682,22.450834,19.602962,18.086134,15.188697,11.748835,9.487002,6.1471405,4.140218,0.0,4.5296135,6.9261374,8.381201,7.2575793,8.307911,9.148122,10.0220585,12.303103,9.644214,13.249654,12.68652,19.002361,20.70072,25.140432,26.057825,28.799562,30.35901,33.59002,27.063707,22.918411,24.355576,19.14376,19.618858,17.53176,17.985594,16.82987,16.413437,18.81793,22.075615,24.4025,27.748137,24.982151,28.99837,29.982794,32.07378,29.661486,30.847464,34.629333,34.997578,31.06311,33.8862,31.489069,33.86665,34.778637,29.791067,31.336332,29.124023,27.010902,23.462051,21.171299,20.569483,16.352951,19.50286,18.272211,13.672687,19.55749,15.470489,19.947659,18.876709,21.50983,24.40392,22.394213,18.73917,19.995144,14.216843,18.163399,15.049856,18.313162,16.298859,21.366549,23.56279,25.81507,30.282627,29.457212,33.191654,33.6997,32.756443,31.150135,28.675465,27.84802,26.058783,25.043034,25.831654
21,17.174,13.42726,16.43822,10.181121,14.281447,13.987673,16.541252,17.439653,19.47638,21.620321,22.839466,26.368896,25.927567,23.111921,21.173996,18.15972,15.02984,12.215601,9.967942,5.659291,4.5296135,0.0,5.545177,5.24933,4.253019,7.7419896,8.15286,10.723742,12.317013,9.938515,14.473011,13.80761,20.257725,22.468866,26.345543,27.79303,30.12907,31.581573,34.543175,27.851042,23.734,24.67212,19.244627,19.428066,16.424837,17.307343,14.699403,14.535341,16.025936,19.114193,21.703243,25.382301,22.868917,27.046026,28.568127,30.447191,28.653996,29.743492,33.957016,34.398403,30.643938,33.961956,31.964857,34.594185,36.148922,31.404554,33.349747,31.032724,28.2093,25.293644,22.258991,21.390188,16.81366,19.131107,17.075083,12.087721,16.959007,12.054561,16.412628,14.701263,17.372707,20.03361,18.30434,14.666197,16.319601,10.436604,15.25378,13.046341,16.357397,15.563724,20.552143,23.262754,25.771797,30.465214,30.383747,33.817696,33.651093,32.543816,30.666481,27.796993,26.92956,24.412025,23.69592,23.64903
22,15.607007,10.961975,14.904587,8.870044,13.322317,14.586756,16.748379,19.065828,20.563414,23.856632,24.925009,28.87329,28.97648,26.270523,24.92559,21.694815,18.608364,15.899255,13.013913,9.958307,6.9261374,5.545177,0.0,5.510736,7.516874,10.390538,12.761888,14.813457,17.15864,15.2236,19.420805,18.707085,25.343925,26.882196,31.29862,32.3482,34.80816,36.11249,38.888058,32.281857,28.028816,29.571333,23.988367,24.735394,21.585072,22.845806,20.072866,19.812597,20.92062,23.702188,26.65574,30.497953,28.159548,32.342037,33.99627,35.712704,33.899933,34.753696,39.089466,39.20105,35.199802,38.33454,36.110947,38.445297,39.925854,34.922676,36.34672,33.48599,31.15048,27.154379,24.99476,22.912352,18.840874,20.418339,18.47253,14.103931,18.502184,14.356589,18.925669,16.8503,20.33201,22.349514,21.735245,18.303867,20.481274,14.593543,19.207067,16.964163,19.627394,19.000504,23.076235,26.215725,27.58493,33.285896,32.10081,36.350693,35.93896,34.37777,32.8788,29.792112,29.795576,27.292671,27.324217,27.220266
23,18.774343,14.781282,19.268133,13.352778,18.074812,18.579145,20.971048,22.393116,24.054102,26.534641,27.397842,31.11638,30.480808,27.52038,25.535358,22.95704,19.353367,17.106163,13.830098,10.642153,8.381201,5.24933,5.510736,0.0,3.398269,6.780679,9.257321,11.994984,14.042206,13.491968,17.627052,18.448488,24.211828,27.337133,30.794867,32.520737,34.870773,36.45388,39.50184,32.787083,28.753529,29.288984,23.997398,23.560503,20.479445,20.562346,17.067387,16.105814,16.809715,19.191132,22.672039,26.603893,25.082792,29.489002,31.412657,33.44607,32.32601,33.591274,37.90947,38.65466,35.152103,38.713535,36.91529,39.652752,41.307716,36.621296,38.595177,36.247883,33.40495,30.387836,27.424473,26.222054,21.706999,23.475266,21.052973,16.171576,19.88687,14.504112,18.466797,15.409112,17.974403,19.63321,18.453785,14.93679,17.50347,12.270185,18.30129,17.141476,20.314194,20.30411,25.027014,28.031351,30.388954,35.3671,35.29608,38.81977,38.35152,37.059406,35.153435,32.028072,31.330265,28.358492,27.925056,27.20253
24,20.241938,16.535913,20.307892,14.171845,18.454876,18.177107,20.55151,21.260597,22.987152,24.867756,25.660673,29.159399,28.182503,25.163668,22.901934,20.60603,16.910309,14.887838,11.763225,8.607201,7.2575793,4.253019,7.516874,3.398269,0.0,4.6470804,5.928914,8.964536,10.709843,10.261237,14.353221,15.603969,20.996801,24.609806,27.742212,29.642336,31.994038,33.70841,36.93651,30.238699,26.328056,26.519867,21.44427,20.574717,17.830519,17.345835,14.170655,13.000399,14.214139,16.853947,20.138954,23.919353,22.318272,26.73432,28.472317,30.706978,29.517244,30.992403,35.123367,36.103214,32.75419,36.325054,34.602703,37.46336,39.013927,34.464653,36.654953,34.66806,31.71392,29.202818,25.931324,25.45661,20.793488,23.08645,20.788206,15.714156,19.843836,14.258592,18.06292,15.390488,17.359165,19.47988,17.437536,13.758219,15.897571,10.779145,16.854738,15.627303,19.150776,18.835052,24.0435,26.67679,29.610388,33.943756,34.344563,37.453796,37.269875,36.27387,34.21843,31.310715,30.123806,27.302397,26.358004,25.82539
25,24.55402,20.566507,23.97513,17.528597,21.050547,20.405214,22.102173,22.547235,23.456697,25.132868,25.14881,28.703997,27.205017,24.011509,21.735815,20.329073,15.987628,15.197612,10.880223,10.048162,8.307911,7.7419896,10.390538,6.780679,4.6470804,0.0,4.7984467,5.8847356,8.75128,10.11933,12.821786,16.048855,20.236526,24.776173,27.605402,29.503496,32.179394,34.222336,37.912445,31.359797,27.626715,27.541428,22.958738,21.423244,19.685638,17.68643,15.54526,13.320663,15.360886,17.768208,21.209875,24.641449,23.54449,27.962996,29.339064,32.08201,30.825956,32.723442,36.3847,37.779064,34.629646,38.00654,36.201916,39.071716,40.09849,35.563335,37.685776,36.117714,33.562595,31.011559,28.022066,28.123123,23.575808,26.494442,24.568254,19.511356,24.144888,18.641695,22.344345,19.750109,21.228306,23.280107,20.702183,17.075422,18.987617,14.478997,20.451487,19.030167,22.76603,21.830751,27.383762,29.573343,32.73134,36.562485,36.85904,39.879932,40.232025,39.48158,37.46369,34.832306,33.369553,30.885742,29.474998,29.29037
26,24.755877,21.415655,24.212355,18.042467,21.355995,19.935602,21.951616,21.444122,22.935965,23.65915,24.033958,27.060015,25.274523,22.145851,19.360107,18.07203,14.1261215,13.203292,10.324182,8.726407,9.148122,8.15286,12.761888,9.257321,5.928914,4.7984467,0.0,4.0012927,4.803031,6.1170197,9.154508,12.462753,16.235903,21.297243,23.526752,25.806267,28.23086,30.303185,33.990196,27.466713,23.950909,23.308151,19.007076,16.929436,15.39057,12.929756,10.988278,8.774891,11.413893,14.233366,17.102856,20.351498,18.944351,23.302872,24.56535,27.361313,26.12543,28.149446,31.722092,33.31069,30.399006,33.90422,32.35098,35.413403,36.610455,32.391636,34.92734,33.73454,30.756123,29.165588,25.550156,26.447847,21.783342,24.922924,22.985224,17.96093,22.462471,16.962763,20.160727,18.133148,18.898514,21.44999,18.07832,14.520967,15.717428,11.782686,17.263632,16.08241,19.97571,19.056147,24.888546,26.702724,30.55944,33.596123,34.760143,37.096622,37.51656,37.0784,34.82358,32.38815,30.36059,27.922241,26.029375,25.8719
27,27.725122,24.118832,26.430456,20.068764,22.60463,20.862957,22.222279,21.464327,22.195906,22.693182,22.37564,25.398363,23.20744,19.973156,17.264029,16.807877,12.396579,12.7489805,9.089986,9.864654,10.0220585,10.723742,14.813457,11.994984,8.964536,5.8847356,4.0012927,0.0,3.7947319,6.5965786,7.4172955,12.471548,15.059934,20.576532,22.742476,24.799423,27.575087,29.892729,33.953465,27.659025,24.309076,23.684158,19.883213,17.574581,17.118229,13.686275,13.36307,10.7516165,14.143473,16.794044,19.37861,22.127111,20.823536,24.965261,25.701553,28.83246,27.248058,29.52056,32.579674,34.353546,31.506426,34.65425,32.90986,35.85716,36.47932,32.23658,34.589222,33.741688,31.262148,29.522789,26.334402,27.672209,23.25017,26.924229,25.436163,20.555326,25.629047,20.442276,23.763248,22.026356,22.76189,25.390293,21.832834,18.3533,19.27679,15.525937,20.463192,18.79535,22.695885,21.058136,27.004583,28.387823,32.2485,34.880974,35.74917,38.08752,39.05616,38.823284,36.695522,34.56552,32.423237,30.453953,28.240675,28.606024
28,28.542295,25.4462,27.538326,21.509079,24.063375,21.9215,23.573496,22.167082,23.400486,23.125895,23.135223,25.624388,23.171799,20.063744,16.890213,16.667452,12.8482065,13.090281,10.975684,10.914117,12.303103,12.317013,17.15864,14.042206,10.709843,8.75128,4.803031,3.7947319,0.0,5.2961597,5.4942803,11.071141,12.652164,18.991922,20.29784,22.85075,25.320757,27.689556,31.740421,25.525656,22.476004,21.142485,17.78599,14.712863,14.598371,10.2851715,10.342766,7.518959,11.378174,14.076619,16.134281,18.606018,17.299578,21.357416,22.024406,25.275682,23.901653,26.363691,29.31075,31.379053,28.873787,32.193264,30.774513,33.92652,34.754074,30.882408,33.639854,33.140533,30.249464,29.421057,25.684582,27.627354,23.164621,26.829409,25.257679,20.504547,25.1501,20.005524,22.736294,21.305899,21.359373,24.155031,20.073544,16.857748,17.216871,14.394162,18.810837,17.618504,21.509079,20.094948,26.115364,27.20808,31.636946,33.583588,35.274696,36.974407,37.91248,37.9242,35.580433,33.58391,30.97571,28.966806,26.386915,26.62725
29,24.764362,21.984308,23.23097,17.561823,19.650932,17.15536,19.034443,17.351532,19.19135,18.848629,19.586325,22.042185,20.212385,17.27985,14.233365,12.76114,9.6134615,8.535473,8.168404,6.797278,9.644214,9.938515,15.2236,13.491968,10.261237,10.11933,6.1170197,6.5965786,5.2961597,0.0,4.982793,6.40925,10.737854,15.20669,17.666836,19.78926,22.208603,24.237396,27.965796,21.484785,18.022394,17.509792,13.352952,11.530561,10.790356,8.712462,9.207164,8.545838,12.243418,15.68211,16.932364,19.53181,16.72391,20.580215,21.126867,23.786196,21.5952,23.524597,26.804241,28.15443,25.064524,28.253592,26.53468,29.54711,30.559052,26.419077,29.090738,28.240448,25.237764,24.294058,20.466164,22.354443,17.918568,21.714306,20.38648,15.854829,20.949907,16.457657,19.44604,18.950882,19.5785,22.979202,19.208784,15.906251,15.818111,12.07635,15.262658,13.137071,16.96092,15.016943,21.044691,22.099255,26.390648,28.519653,30.009043,31.8749,32.783535,32.738144,30.484514,28.544813,26.085217,24.346422,21.851427,22.592562
30,29.539284,26.690817,27.529995,21.870962,23.211891,20.288649,21.451286,19.124287,20.161663,18.91646,18.82562,20.784214,18.06787,15.086804,11.684547,11.999951,8.7873125,9.957019,9.603604,10.821653,13.249654,14.473011,19.420805,17.627052,14.353221,12.821786,9.154508,7.4172955,5.4942803,4.982793,0.0,7.311353,7.656815,13.920986,15.410923,17.623903,20.356525,22.829275,27.115896,21.137136,18.286762,17.166681,14.4107065,11.583029,12.927052,8.710294,11.615222,10.2099285,14.505043,17.511766,18.279139,20.02905,17.606606,21.001047,20.778996,23.966524,21.55775,23.979578,26.36754,28.237946,25.593882,28.366526,26.669556,29.646317,29.96498,26.138443,28.838928,28.783752,26.2349,25.776514,22.256044,25.073177,21.067173,25.33165,24.459785,20.26444,25.471533,21.260345,23.970758,23.647373,23.815874,27.176075,22.981495,19.921972,19.487133,16.629574,19.292406,17.221125,20.854467,18.405571,24.344856,24.653187,29.219995,30.312956,31.972775,33.35666,34.94652,35.326412,33.11734,31.663338,28.803387,27.611185,24.558966,25.753391
31,25.205902,23.133337,22.646423,18.045082,18.54983,15.047408,16.604208,13.534676,15.860963,14.140622,15.609371,17.197691,15.682396,13.298489,10.306501,8.038794,7.427435,5.8399916,9.626908,8.822643,12.68652,13.80761,18.707085,18.448488,15.603969,16.048855,12.462753,12.471548,11.071141,6.40925,7.311353,0.0,7.544719,9.08019,12.598563,14.094767,16.488306,18.274368,21.903763,15.435408,11.869187,12.149169,8.050412,7.888367,8.423035,8.661005,11.621734,12.7028675,16.187166,19.708645,19.553883,21.407492,17.276583,20.148142,19.845675,21.968168,18.491798,19.97595,22.867157,23.582636,20.077234,22.686867,20.589779,23.415855,24.203058,20.018526,22.768856,22.20126,19.222744,19.007069,15.046503,18.129784,14.324126,18.719168,18.315731,14.914149,20.271286,17.4265,20.036531,21.110441,21.803223,25.74253,22.075792,19.228727,18.167078,14.846894,15.151712,11.963411,15.045195,11.74659,17.450687,17.463337,22.009005,23.095873,24.76762,26.17103,27.676872,28.050842,25.913612,24.627028,21.853104,21.159132,18.147833,20.148415
32,32.607628,30.607618,30.142252,25.549955,25.809597,22.09748,23.02588,19.335651,20.719265,17.568062,17.947475,18.203917,15.161035,13.140614,9.488029,10.7524605,10.70371,12.009312,14.699253,15.625825,19.002361,20.257725,25.343925,24.211828,20.996801,20.236526,16.235903,15.059934,12.652164,10.737854,7.656815,7.544719,0.0,8.265364,7.848849,10.515591,12.982763,15.663427,20.199415,14.883926,13.1327505,11.116041,10.756062,7.6673007,11.69962,8.234399,13.844477,14.086398,17.957062,20.801699,19.761997,20.250656,16.76794,18.71365,17.202711,20.115211,16.615458,19.055038,20.360949,22.268108,20.010983,22.157928,20.61943,23.586164,23.551958,20.502478,23.687107,24.712452,22.09163,23.471464,19.722282,24.109798,20.965036,25.394548,25.212114,22.145823,26.906387,23.997637,25.861332,26.858303,26.519398,30.29748,25.871698,23.466944,21.898046,20.193197,20.345808,18.203413,21.00293,18.026184,23.232338,22.209232,27.356493,26.4577,29.140533,29.210375,31.465788,32.57355,30.334658,29.741653,26.160757,25.958939,22.115334,24.209133
33,31.14164,29.76382,27.606459,24.370317,23.037804,18.870354,19.264322,14.692704,16.4153,12.018178,13.628108,12.621169,11.025369,10.446875,8.405414,7.7507753,11.26816,11.511139,16.429337,17.080652,20.70072,22.468866,26.882196,27.337133,24.609806,24.776173,21.297243,20.576532,18.991922,15.20669,13.920986,9.08019,8.265364,0.0,6.444397,5.5783677,8.354488,10.084299,14.189178,8.856961,6.864477,8.13879,8.304214,9.830392,13.05838,13.87371,18.676132,20.20713,23.5893,26.79515,25.384218,26.006134,21.34734,22.545277,20.782118,22.331654,17.431149,18.463266,19.562248,19.673964,16.307798,17.133257,14.486261,16.746672,16.198498,12.473797,15.452394,16.56412,14.398292,16.292376,13.155024,18.430433,16.652222,21.187916,22.156954,20.571985,25.413303,24.322823,26.192204,28.447048,28.840326,32.98566,29.273354,26.993841,25.16527,22.843231,21.012589,17.761082,19.391651,15.3034725,19.101645,17.00729,21.518574,19.78381,21.882109,21.828741,24.861431,26.25485,24.479282,24.661243,21.377176,22.588564,18.888496,22.434727
34,35.768143,34.61627,32.968624,29.61181,28.934546,24.85372,25.564964,21.06735,22.782253,18.299112,19.378105,17.838614,15.343398,14.927465,12.387699,13.481116,15.926758,16.694445,20.902029,21.391151,25.140432,26.345543,31.29862,30.794867,27.742212,27.605402,23.526752,22.742476,20.29784,17.666836,15.410923,12.598563,7.848849,6.444397,0.0,4.304871,5.338816,8.188258,12.904008,9.048611,9.595056,6.935525,10.507926,9.349708,14.092474,13.213311,18.860031,20.259062,23.431316,26.076506,23.834873,23.425795,19.182676,19.409435,16.798607,18.62565,13.889877,15.662781,15.417044,16.793743,14.976676,15.895458,14.534481,17.280003,16.836689,15.0698,18.76965,21.023664,18.434725,21.957216,18.337713,23.908718,22.007452,26.119677,26.662071,24.95735,28.97457,27.536287,28.61875,30.775251,30.207766,34.200012,29.949791,28.154078,25.850985,24.932205,22.94407,20.840117,22.457384,19.294018,23.007957,20.61582,25.87984,22.762615,26.461256,24.983221,27.905127,29.777239,27.655434,28.077835,24.00965,25.01871,20.732409,23.748419
35,36.38536,35.22812,32.903355,29.910717,28.41469,24.214176,24.356274,19.645857,20.916574,15.941068,16.965282,14.657928,12.5519285,12.970428,11.404137,12.501676,15.942323,16.906977,21.462896,22.466682,26.057825,27.79303,32.3482,32.520737,29.642336,29.503496,25.806267,24.799423,22.85075,19.78926,17.623903,14.094767,10.515591,5.5783677,4.304871,0.0,3.8350234,6.3798895,11.276742,8.372907,9.218692,8.870433,12.064685,12.57394,16.769789,16.758097,22.202122,23.64205,26.956566,29.812267,27.784264,27.590292,23.1625,23.418163,20.842476,22.292706,17.223106,18.363718,17.875715,18.307743,16.00258,15.774948,13.605204,15.5690365,14.019541,11.976226,15.198217,17.898724,16.246714,19.632446,16.95453,22.724415,21.568495,25.82381,26.962748,25.74904,30.101072,29.233389,30.613913,33.049984,32.949535,37.056267,33.07825,31.122278,28.947748,27.429688,25.194498,22.467075,23.780975,20.026018,23.165073,20.373499,24.966528,21.543402,24.41371,23.052334,26.659008,28.661526,26.945166,27.790995,24.092335,25.826015,21.77886,25.439013
36,37.616863,36.923126,34.451893,31.941517,30.54508,26.380463,26.810394,22.05607,23.800802,18.809807,20.292131,17.74871,16.088825,16.714228,15.181673,15.849556,19.348047,19.81668,24.617971,25.007296,28.799562,30.12907,34.80816,34.870773,31.994038,32.179394,28.23086,27.575087,25.320757,22.208603,20.356525,16.488306,12.982763,8.354488,5.338816,3.8350234,0.0,3.1115153,8.071379,6.594608,9.176668,7.9749665,12.629899,13.266925,17.38594,17.95618,23.245584,25.096449,28.008968,30.672918,28.118256,27.541384,22.969397,22.511564,19.667997,20.551844,15.339731,16.103746,14.911036,15.120159,13.350731,12.644391,11.032924,13.102143,11.936651,11.26313,15.051753,18.175041,16.016842,20.718437,17.703285,23.675964,22.81518,26.605925,27.737385,26.975872,30.63058,30.200565,31.02175,33.816273,33.394634,37.480583,33.539112,31.960857,29.453,28.582153,25.58076,23.293854,24.136782,20.809284,23.289495,20.091915,24.895506,20.415812,24.323778,21.930347,25.451328,27.790455,25.966911,27.15033,23.117369,25.101233,20.900806,24.57999
37,37.676384,37.343857,34.47374,32.5398,30.892677,26.775375,27.23217,22.4647,24.46528,19.458286,21.382322,18.593933,17.612663,18.556988,17.380625,17.464077,21.32011,21.354399,26.471897,26.512604,30.35901,31.581573,36.11249,36.45388,33.70841,34.222336,30.303185,29.892729,27.689556,24.237396,22.829275,18.274368,15.663427,10.084299,8.188258,6.3798895,3.1115153,0.0,4.998256,5.3430786,8.954992,8.635062,13.358967,14.898719,18.480982,19.99273,24.925156,27.123493,29.792595,32.478348,29.763338,29.200857,24.381882,23.64052,20.867037,21.14014,15.787546,15.844444,14.5072,13.772665,11.853476,10.229359,8.451705,10.162494,9.049585,9.193943,13.192263,16.53438,14.300276,19.802631,16.94331,22.962856,22.641973,26.066528,27.43854,27.251879,30.515884,30.701323,31.288279,34.461143,34.112804,38.22401,34.530003,33.12007,30.494005,29.701931,26.065386,23.779188,24.120945,20.88003,22.5594,18.985645,23.526094,18.307625,22.541868,19.541693,23.203274,25.77038,24.068787,25.632576,21.634764,24.097399,20.032406,23.990103
38,38.538853,38.814327,35.472958,34.424217,32.570526,28.624626,29.215813,24.574621,26.965769,22.132862,24.59171,21.63753,21.448874,22.664757,21.79606,21.23793,25.335651,24.799372,30.205914,29.686773,33.59002,34.543175,38.888058,39.50184,36.93651,37.912445,33.990196,33.953465,31.740421,27.965796,27.115896,21.903763,20.199415,14.189178,12.904008,11.276742,8.071379,4.998256,0.0,6.7286997,10.872221,11.262764,15.764397,18.116617,20.915592,23.514591,27.886042,30.535742,32.77335,35.38912,32.387764,31.755169,26.72116,25.476765,22.833036,22.178156,16.942646,15.939645,14.315828,12.079774,10.366568,6.8982773,5.4721594,6.0962014,5.8635244,8.473564,12.38951,15.803922,13.375186,20.058481,17.420647,23.206291,23.649935,26.316721,27.930239,28.601429,31.052063,32.13376,32.232063,35.921425,35.564213,39.631138,36.312473,35.246338,32.428772,31.945385,27.412031,25.351799,24.920553,22.082592,22.451052,18.42208,22.466572,15.967178,20.99209,16.731426,20.392046,23.369303,21.839977,24.032644,20.09658,23.218424,19.475733,23.621355
