,0,1,2,3,4,5,6,7,8,9,10,11,12,13,14,15,16,17,18,19,20,21,22,23,24,25,26,27,28,29,30,31,32,33,34,35,36,37,38,39,40,41,42,43,44,45,46,47,48,49,50,51,52,53,54,55,56,57,58,59,60,61,62,63,64,65,66,67,68,69,70,71,72,73,74,75,76,77,78,79,80,81,82,83,84,85,86,87,88,89,90,91,92,93,94,95,96,97,98,99,100,101,102,103,104,105,106,107,108,109,110
0,0.0,4.8065863,6.7757864,10.65174,13.321446,16.162199,19.299768,21.403606,25.136303,27.848007,30.529022,33.454426,35.730618,35.03521,34.382572,29.585459,30.293818,25.900799,26.955582,22.067087,21.46497,19.080498,16.680079,21.429005,23.101437,26.308193,27.023582,29.391724,29.943926,25.310015,29.347029,23.150843,29.065632,26.260979,30.047873,29.889126,29.20041,31.505178,34.723476,30.648777,28.007036,32.116,27.555954,32.340786,28.261776,35.23757,32.629112,35.998863,35.88513,34.477238,35.64594,38.198322,33.40479,35.25159,36.780388,34.939037,31.783274,30.478264,35.141575,31.686956,27.454239,28.074892,26.474728,25.432968,22.936176,18.701746,17.286964,13.903525,19.414133,13.706684,19.226526,17.934835,21.506489,21.926704,19.274885,18.793106,12.950919,17.032959,13.48458,17.091038,17.373287,19.485636,20.755194,21.120579,22.25263,19.357279,22.680796,20.687614,24.1026,23.748636,27.782038,26.211405,31.303007,33.203545,35.90903,34.42763,36.240295,33.637383,36.99139,32.660225,36.87004,34.19431,38.270916,42.96608,42.434258,39.964745,41.84076,36.654064,39.385998,35.88606,39.105984
1,4.8065863,0.0,6.3233533,6.654186,10.624459,13.460788,16.706944,18.898584,22.256485,25.475382,27.619879,30.91755,32.895473,31.879034,31.122765,26.34815,26.52983,22.216103,22.661291,17.931656,16.918537,14.643118,11.919083,16.841124,18.591677,21.676573,22.733498,25.070364,25.930185,21.520771,25.815561,20.110039,26.479647,24.433577,28.642876,28.746763,28.621775,31.087946,34.66527,30.385538,27.38523,31.698786,26.776241,31.360123,27.239061,33.679596,30.951895,34.003864,34.102394,33.02356,34.698425,37.611057,32.995247,35.346764,36.91497,35.55741,32.119556,31.31055,35.95209,32.888844,28.22703,29.294779,27.375864,26.976332,24.926876,19.97065,19.633076,15.849149,20.860338,14.747609,19.571737,18.031267,20.742819,20.82113,17.625088,16.826538,11.871161,16.27069,12.806166,17.1545,17.119867,19.976923,20.041798,20.152632,21.295935,17.296192,20.504263,17.816633,21.264223,20.510933,24.686792,23.151678,28.221209,29.734398,32.65201,31.349188,33.150696,30.813894,34.343464,30.181051,34.753616,32.111294,36.51684,41.33662,40.230778,37.56296,39.062664,33.682575,36.173943,32.50427,35.414375
2,6.7757864,6.3233533,0.0,6.890785,7.1064796,10.079733,12.820211,15.326513,18.872408,21.686287,24.602087,27.513527,30.164389,29.733152,29.623367,24.732689,25.955408,21.534008,23.243315,19.089115,18.56951,17.52234,15.515221,20.741142,21.922987,24.172136,24.965387,26.53793,27.3738,22.471432,26.007761,19.475695,25.494022,21.491476,26.164894,25.440819,24.901789,27.747478,31.485247,28.097757,25.757393,30.567757,26.437277,31.54013,28.14194,35.086926,33.086773,36.258427,36.98643,36.133537,37.34555,39.88015,34.810627,36.685226,37.670856,36.039734,32.045597,30.862461,34.923504,31.28167,26.714369,26.814856,24.42134,23.793707,21.068233,16.553858,16.53774,14.0311775,19.757967,15.457267,20.245901,20.545082,23.123383,24.274134,21.550106,19.898489,14.563014,16.897041,12.342737,15.582873,14.003394,15.948204,16.216717,17.344059,19.499573,15.893385,20.958525,19.435982,23.26961,24.07113,28.033516,27.451895,32.13385,33.31227,36.151146,34.128002,35.382668,32.613068,35.64557,30.84081,35.19262,31.629688,35.645496,40.227005,39.505207,36.991142,39.50201,34.03401,37.10032,33.89906,37.053154
3,10.65174,6.654186,6.890785,0.0,5.428798,7.558132,10.780193,12.9358225,15.885547,19.465452,21.257734,24.796274,26.722086,25.638882,25.138744,20.318249,20.531458,16.213245,16.890306,12.814041,11.772901,10.983683,9.076547,14.237611,15.28589,17.318676,18.446526,20.031633,21.235502,16.701384,20.698671,15.096321,21.784882,19.588318,24.573574,24.550915,24.984655,27.810404,31.880848,27.965485,24.98848,29.80053,25.080624,29.659906,26.143185,32.12885,29.903883,32.582184,33.504627,33.072052,34.95935,37.964615,33.28786,35.86279,37.00575,36.088524,31.948586,31.532839,35.65234,32.77644,27.741747,28.760511,26.21337,26.544275,24.818872,19.431753,20.617308,17.275095,21.780416,16.761967,20.399551,20.065405,21.447107,22.028568,18.779913,16.81213,13.205557,15.863996,12.119936,16.275133,14.913951,18.110304,16.554895,16.833506,18.55987,13.37153,17.6774,15.081913,18.790125,19.020363,23.024218,22.561543,27.046356,27.705057,30.761099,29.02426,30.291672,27.956738,31.252035,26.846306,31.670357,28.408285,32.91895,37.68543,36.105343,33.30795,35.066048,29.400644,32.021557,28.544981,31.255672
4,13.321446,10.624459,7.1064796,5.428798,0.0,4.1972814,6.2757497,9.693279,12.331953,16.038342,18.47132,21.83529,24.473698,23.92388,24.227879,19.360632,20.47727,16.254246,17.92711,15.044451,14.239033,14.9156,13.41865,18.422913,19.084093,20.111181,21.251846,21.943192,23.318312,18.660048,21.783175,15.837898,22.08115,18.037886,23.72106,22.857273,23.09497,26.374287,30.684576,27.708729,25.352581,30.575932,26.599152,31.477924,28.633987,34.80561,33.169888,35.83121,37.248188,37.0257,38.629326,41.37595,36.43637,38.68028,39.37168,38.302658,33.743908,33.09181,36.664845,33.39165,28.4715,28.681234,25.684116,25.93511,23.715384,18.849161,20.458597,18.26704,23.093008,19.468084,22.996857,23.841713,25.141,26.364193,23.427446,21.026072,17.2587,18.520775,14.2040415,17.265854,14.4151535,16.713743,14.8066635,16.151392,18.891352,13.95908,19.827383,18.218954,22.040306,23.319632,27.060862,27.235914,31.359632,31.656105,34.654373,32.472305,33.263195,30.711178,33.555157,28.730259,33.364586,29.299,33.458878,37.962704,36.5575,33.871906,36.44359,30.712688,33.727386,30.696127,33.411747
5,16.162199,13.460788,10.079733,7.558132,4.1972814,0.0,3.9058607,5.667023,8.982881,12.194894,14.632449,17.882215,20.435047,19.96184,20.287184,15.422093,17.040382,12.853082,15.534745,12.997208,13.135767,14.385065,14.371097,18.601112,18.525528,19.056307,19.479319,19.715921,20.773586,15.990008,18.476044,12.405546,18.29576,14.016391,19.890411,19.038504,19.601192,22.921112,27.375051,24.554783,22.276842,27.601818,23.91659,28.695465,26.331238,32.246735,31.03858,33.551907,35.4089,35.48206,36.979836,39.611706,34.66059,36.880177,37.284416,36.440372,31.599173,31.171112,34.3754,31.326887,26.3312,26.60931,23.404612,24.17522,22.49298,17.48884,20.00699,18.042208,22.053204,19.302736,21.89809,23.489958,24.089241,25.729525,23.098038,20.185783,17.194675,17.16831,13.20136,15.622124,12.279185,14.728574,11.771394,13.034034,15.95497,10.886744,17.20917,16.240152,19.970282,22.204433,25.567263,26.49901,30.113256,30.126793,32.966503,30.348438,30.75592,28.057886,30.571617,25.582771,30.099041,25.717411,29.76299,34.165936,32.716454,30.068419,32.946293,27.245703,30.466476,27.744623,30.574701
6,19.299768,16.706944,12.820211,10.780193,6.2757497,3.9058607,0.0,4.861564,6.3377743,10.242596,12.789789,16.080502,19.08115,18.907213,19.948433,15.335413,17.239176,13.566522,16.294086,15.068635,14.924739,17.063543,16.885872,20.95626,20.79203,20.580284,21.321314,20.901928,22.296654,17.909513,19.7732,14.385506,19.670238,14.681748,20.94662,19.579393,20.24315,23.8213,28.414093,26.319395,24.441257,29.85974,26.639812,31.334715,29.38864,35.038055,34.107574,36.432167,38.55652,38.824753,40.334934,42.918224,37.97957,40.137012,40.331215,39.53884,34.524498,34.094044,36.928013,33.812305,28.938625,28.829802,25.399935,26.223436,24.367634,19.862469,22.576647,21.212063,25.205112,22.991987,25.447472,27.317055,27.766895,29.478739,26.862175,23.870144,21.086779,20.76328,16.855318,18.777292,14.89073,16.646948,13.321103,15.1287985,18.427444,13.654009,20.139803,19.417978,22.976862,25.362354,28.556656,29.705517,33.077255,32.73354,35.589397,32.919765,33.056797,30.460564,32.722504,27.737785,32.15268,27.417583,31.234465,35.385185,33.806286,31.205797,34.367275,28.679718,31.922884,29.475065,32.021866
7,21.403606,18.898584,15.326513,12.9358225,9.693279,5.667023,4.861564,0.0,4.778132,6.5836287,9.350436,12.2665205,15.065929,15.028849,15.906092,11.31189,14.115569,10.617803,14.786568,13.69064,14.837912,16.993006,18.275671,21.503475,20.62965,20.214628,19.883274,19.156801,19.880527,15.408032,16.355629,10.8759985,15.263334,9.937552,16.271587,15.020986,16.101309,19.590233,24.250778,22.224148,20.439419,25.827003,22.98823,27.490633,26.092073,31.44861,31.000622,33.203773,35.722626,36.23838,37.538876,39.9272,35.018253,37.082497,36.98346,36.415718,31.210178,31.021833,33.461483,30.66638,25.801155,25.85867,22.34506,23.75065,22.653763,18.089693,21.60212,20.391634,23.326248,22.05058,23.460339,26.038725,25.812714,27.954224,25.786293,22.406792,20.412148,18.792227,15.543195,16.62858,12.6273775,14.484999,10.141549,11.598117,14.854189,10.479,16.985563,17.165987,20.452625,23.866514,26.564074,28.463596,31.274385,30.789934,33.36613,30.204035,29.94967,27.140245,28.9787,23.836906,27.983446,22.973774,26.593843,30.632996,29.133558,26.623346,30.165188,24.622135,28.141642,26.097002,28.902824
8,25.136303,22.256485,18.872408,15.885547,12.331953,8.982881,6.3377743,4.778132,0.0,5.3391414,6.7085233,10.324666,13.220333,13.170104,14.902898,10.937555,13.372721,10.922094,14.370028,15.091637,15.65381,18.818474,19.92057,22.743927,21.763842,20.396255,20.594143,19.068457,20.377848,16.770735,17.1476,13.385208,17.137077,12.577068,18.842897,17.477337,18.994217,22.494535,27.186552,25.703478,24.101719,29.358166,26.754704,30.870625,29.761154,34.42874,34.105064,35.9144,38.65988,39.458717,41.01046,43.510834,38.81627,41.04145,40.868576,40.54944,35.28315,35.297836,37.48103,34.878895,30.083569,30.095339,26.502491,28.061232,26.978231,22.694353,26.249557,25.154629,28.049128,26.699055,27.988749,30.376913,29.868374,31.774292,29.448717,26.083956,24.585495,23.183496,20.137178,21.317192,17.331575,18.94017,14.4467745,15.879736,18.983274,14.574455,20.436821,20.338295,23.289751,26.418945,28.919563,30.942148,33.429386,32.409824,35.052273,32.06272,31.565573,29.1352,30.80767,26.005053,30.151789,25.08359,28.58387,32.34067,30.320606,27.778683,31.177664,25.671488,28.901766,27.069975,29.260118
9,27.848007,25.475382,21.686287,19.465452,16.038342,12.194894,10.242596,6.5836287,5.3391414,0.0,4.5433164,6.064487,9.758819,10.823661,12.994976,9.821783,13.8050585,12.125202,16.88916,17.54389,19.151545,21.964283,23.898315,26.352476,24.942356,23.613087,22.806969,21.07089,21.544333,17.990791,17.097055,13.491621,15.171299,9.315125,15.119624,13.220765,14.890575,18.324493,22.938654,22.287344,21.348625,26.448132,24.81086,28.754322,28.490114,32.996414,33.377224,35.150505,38.296772,39.260983,40.355877,42.448795,37.702206,39.542824,38.90174,38.619823,33.1806,33.212257,34.699863,32.218323,27.753283,27.442234,23.769728,25.687735,25.111637,21.43939,25.528343,25.118431,27.129076,27.150885,27.626411,30.928947,30.058586,32.535946,30.77363,27.156645,25.94129,23.276756,20.711184,20.692675,16.52331,17.409851,12.64398,14.131594,17.241411,14.337289,20.03591,21.16499,23.799002,27.985258,29.986483,32.662045,34.655422,33.636265,35.901398,32.33794,31.371878,28.623981,29.606447,24.598143,28.073793,22.530178,25.329813,28.643465,27.092396,24.887375,29.167532,24.093895,27.758183,26.6512,29.174177
10,30.529022,27.619879,24.602087,21.257734,18.47132,14.632449,12.789789,9.350436,6.7085233,4.5433164,0.0,4.3845057,6.551011,6.9080157,9.536381,7.2472286,10.731731,10.385744,14.645988,16.661972,18.281012,21.629753,24.021902,25.635592,23.869339,21.826197,20.952314,18.576752,19.201113,16.587645,14.985524,13.354375,14.370591,11.039768,16.181282,15.117036,17.534304,20.527294,25.007656,24.124224,22.896511,27.653912,25.89033,29.207888,29.10578,32.648884,33.086754,34.37552,37.730984,39.029305,40.439842,42.702255,38.326294,40.48514,39.888847,40.0531,34.673096,35.15005,36.579483,34.63708,30.102959,30.319672,26.782253,29.066051,28.93875,24.98577,29.184643,28.327185,29.937061,29.589497,29.613554,32.563927,31.132164,33.311226,31.501726,27.872972,27.583584,25.03048,23.019577,23.321457,19.65678,21.07773,16.0492,16.768648,19.224678,15.942033,20.501686,21.332886,23.452652,27.464653,29.077417,32.02869,33.50108,31.976381,34.186436,30.752552,29.534302,27.199066,28.034222,23.522104,27.04929,21.763374,24.666367,27.860792,25.53252,23.189667,26.971252,21.953985,25.235157,24.316406,26.29913
11,33.454426,30.91755,27.513527,24.796274,21.83529,17.882215,16.080502,12.2665205,10.324666,6.064487,4.3845057,0.0,4.435871,6.835454,10.010512,9.316722,13.436444,13.6922245,18.346838,20.208378,22.256285,25.351633,28.023733,29.554758,27.626196,25.647356,24.26951,21.822699,21.908035,19.475266,17.055365,15.701028,14.953817,11.013644,15.003094,13.473578,15.934329,18.657394,22.861868,22.950262,22.428022,26.879234,26.059034,29.12983,29.767181,33.084076,34.109715,35.330917,38.97267,40.39077,41.426533,43.332962,38.962345,40.76853,39.774063,39.95724,34.50151,34.9637,35.741802,33.908333,29.773592,29.641447,26.115467,28.59114,28.78467,25.49397,29.928005,29.65356,30.69581,31.350601,30.886501,34.454674,32.848232,35.40864,33.992794,30.258371,30.045305,26.741226,25.007671,24.489357,20.763348,21.514753,16.65593,17.447279,19.800486,17.795708,22.095558,23.746096,25.614214,30.23828,31.501476,34.834694,35.962074,34.443043,36.348904,32.55149,30.96773,28.459896,28.667349,24.141579,26.947578,21.36484,23.433254,26.020306,24.128216,22.203028,26.751366,22.320522,25.84775,25.634771,27.757223
12,35.730618,32.895473,30.164389,26.722086,24.473698,20.435047,19.08115,15.065929,13.220333,9.758819,6.551011,4.435871,0.0,3.3020763,6.6141186,8.078011,11.56885,13.173985,17.428951,19.943321,22.303747,25.435804,28.70771,29.40989,27.104084,24.780851,22.933254,20.133598,19.883852,18.378382,15.062572,15.5834465,13.551676,12.295453,15.055988,14.572299,17.621681,19.701805,23.588795,23.340416,22.583197,26.502682,25.724655,28.055866,29.008377,31.306301,32.543724,33.300205,37.169247,38.902267,40.078533,42.013435,38.041878,40.043037,39.02501,39.65317,34.324596,35.23462,35.87095,34.657413,30.558237,30.986706,27.695906,30.549505,31.317621,27.801596,32.35613,31.711723,32.13626,32.69932,31.61024,34.99215,32.80229,35.19868,33.952778,30.228638,30.927328,27.474754,26.432354,25.968203,22.839249,24.030876,19.053556,19.073889,20.668293,18.780893,21.75313,23.438292,24.673002,29.346544,30.066465,33.772873,34.26726,32.39495,34.062744,30.245333,28.331177,26.129448,25.975967,21.985811,24.548132,19.299467,21.254482,23.627092,21.076004,19.122538,23.3316,19.221052,22.459524,22.688004,24.463413
13,35.03521,31.879034,29.733152,25.638882,23.92388,19.96184,18.907213,15.028849,13.170104,10.823661,6.9080157,6.835454,3.3020763,0.0,3.8657913,6.028619,8.5991955,10.90761,14.646895,17.62122,19.959875,23.18959,26.66393,26.910215,24.471132,21.934242,20.044975,17.068707,16.8993,15.87247,12.446434,14.032742,12.331086,12.838573,15.723004,15.944926,19.175846,21.173096,25.101795,24.083382,22.775639,26.627588,25.263723,27.382927,28.011007,29.93597,30.895922,31.457813,35.260067,37.07831,38.56116,40.735542,36.962193,39.280525,38.50825,39.33644,34.12803,35.258568,36.24001,35.245064,30.924845,31.822802,28.637259,31.54454,32.393154,28.412247,32.883472,31.742058,32.17008,32.124756,30.991549,33.91075,31.521893,33.602722,32.22797,28.582754,29.735468,26.633951,25.81687,25.822304,23.047514,24.792067,19.699661,19.317976,20.585024,18.083443,20.432997,21.654602,22.66487,27.003777,27.621016,31.312357,31.662766,29.59494,31.324076,27.709156,25.848255,23.916084,23.99957,20.295763,23.241734,18.392176,20.902092,23.623169,20.459848,18.169712,21.604479,17.193073,20.11742,20.079754,21.59483
14,34.382572,31.122765,29.623367,25.138744,24.227879,20.287184,19.948433,15.906092,14.902898,12.994976,9.536381,10.010512,6.6141186,3.8657913,0.0,4.903999,6.463441,9.424897,13.000792,15.705405,18.511305,21.341558,25.359451,25.023506,22.32524,19.950806,17.404905,14.558523,13.763434,13.168773,9.120221,12.064924,9.604073,12.605685,14.676382,15.864548,19.289833,20.869371,24.607033,22.814548,21.04881,24.555485,22.855364,24.542309,25.106321,26.506737,27.418903,27.790792,31.624826,33.55464,35.14754,37.40154,33.86152,36.373966,35.733532,36.81591,31.780472,33.205284,34.3542,33.75934,29.37794,30.832647,27.903576,30.986673,32.22542,27.951557,32.381466,30.831642,30.794485,30.538155,28.963577,31.628702,28.862127,30.79397,29.582806,25.997702,27.827702,24.67566,24.466549,24.579245,22.461428,24.656723,19.658777,18.594624,19.15996,16.734749,17.848246,19.061499,19.586712,23.992582,24.252565,28.17283,28.181116,26.063076,27.644127,23.954021,22.009712,20.14462,20.219734,16.73219,19.807646,15.346467,18.259893,21.304953,17.712807,15.138456,18.051743,13.42597,16.319958,16.232374,17.902197
15,29.585459,26.34815,24.732689,20.318249,19.360632,15.422093,15.335413,11.31189,10.937555,9.821783,7.2472286,9.316722,8.078011,6.028619,4.903999,0.0,4.850929,5.35126,10.284395,11.999291,14.783904,17.560127,21.260235,21.660862,19.27928,17.41516,15.270291,13.020588,12.6729765,10.384696,7.851316,8.099626,8.270408,9.611944,13.420187,14.264761,17.339085,19.510298,23.70896,21.381998,19.244751,23.490927,21.051199,23.678097,23.430918,26.133804,26.459953,27.448082,30.872442,32.380634,34.018303,36.452168,32.464848,35.013824,34.64633,35.303688,30.169025,31.232204,32.96199,31.798609,27.076424,28.411753,25.318445,28.071014,28.831902,24.208664,28.460175,26.72748,27.345652,26.577436,25.664454,28.185177,25.952028,27.887928,26.335484,22.702215,23.806187,21.043165,20.252333,20.7866,18.415197,20.8848,15.828892,14.961779,16.017933,12.609585,14.975347,15.78832,17.153532,21.4256,22.469885,25.889812,26.790508,25.157604,27.166294,23.596964,22.290956,20.026518,20.959145,16.681717,20.553072,15.825869,19.47307,23.215982,20.234205,17.476624,20.42821,15.06469,18.283564,17.12182,19.386723
16,30.293818,26.52983,25.955408,20.531458,20.47727,17.040382,17.239176,14.115569,13.372721,13.8050585,10.731731,13.436444,11.56885,8.5991955,6.463441,4.850929,0.0,4.439119,6.549457,9.877013,12.307119,15.405052,19.361254,18.727917,16.076565,13.545926,11.460291,8.584324,8.759567,8.011054,5.748487,9.107734,10.287932,13.92172,17.294384,18.711739,21.786177,23.750439,27.786356,24.834553,22.168308,26.03846,22.90752,25.001772,24.244646,26.095669,25.89396,26.436953,29.661415,31.326635,33.538586,36.364,32.832535,35.86735,35.888794,36.87093,32.05478,33.431026,35.557224,34.746044,29.892166,31.77442,28.903301,31.624264,32.416527,27.389532,31.35668,28.985292,29.67156,27.911354,27.03181,28.614996,26.110865,27.34451,25.510397,22.158445,24.076439,22.197834,21.767838,23.112621,21.353891,24.377607,19.50077,18.284912,18.828672,14.692381,15.662913,15.254636,16.067368,19.28066,20.130236,23.408283,24.017157,21.903208,24.089727,21.087917,19.953703,18.422113,19.84301,16.469889,20.801807,17.16136,21.277683,25.15178,21.38921,18.371006,19.734598,14.219074,16.442122,14.653069,16.13053
17,25.900799,22.216103,21.534008,16.213245,16.254246,12.853082,13.566522,10.617803,10.922094,12.125202,10.385744,13.6922245,13.173985,10.90761,9.424897,5.35126,4.439119,0.0,5.759833,6.7782807,9.450467,12.307383,16.011265,16.344185,14.089378,12.492106,10.80373,9.188118,9.599308,6.34742,6.5951037,5.881989,9.87696,11.898087,16.218197,17.348133,19.979889,22.2827,26.536469,23.229122,20.353115,24.728802,21.105288,24.005241,22.61466,25.707798,25.088081,26.265923,29.107315,30.332846,32.43974,35.316956,31.355871,34.311005,34.512985,35.07743,30.208258,31.226969,33.783115,32.48933,27.43827,29.181587,26.244087,28.640337,29.051289,23.802155,27.546646,25.0328,26.253756,24.102581,23.81923,25.334557,23.381031,24.704733,22.609692,19.195374,20.312027,18.76275,17.795908,19.515427,17.64164,20.883755,16.180794,15.1051855,15.993007,11.048511,13.197952,12.425399,14.196173,17.384258,19.0598,21.820333,23.36473,21.914719,24.395971,21.41825,20.864786,18.834318,20.8343,16.739182,21.4568,17.56661,22.005894,26.296337,23.204685,20.184473,21.946386,16.144196,18.803877,16.414286,18.608324
18,26.955582,22.661291,23.243315,16.890306,17.92711,15.534745,16.294086,14.786568,14.370028,16.88916,14.645988,18.346838,17.428951,14.646895,13.000792,10.284395,6.549457,5.759833,0.0,5.716964,6.4571223,10.153787,13.64019,12.638195,10.245585,7.378055,7.01717,4.8698545,7.464276,6.5765676,8.539569,10.276906,14.468849,17.617968,21.684628,23.062485,25.670938,27.8927,32.046696,28.35462,25.132029,29.161829,24.96639,27.386778,25.410967,27.704374,26.387716,27.124296,29.520353,30.79273,33.570305,36.88904,33.4385,36.870167,37.529335,38.3382,33.861427,35.092262,38.0631,37.007698,31.880928,34.01297,31.26759,33.51438,33.783695,28.259136,31.565552,28.469452,29.992638,26.674168,26.72215,27.022434,25.040785,25.397139,22.822752,19.973568,21.72252,21.570183,20.791624,23.42151,22.07661,25.658998,21.267113,20.125134,20.69948,15.337134,16.233034,13.872091,15.0767975,16.220137,17.942566,20.022749,21.522633,19.583803,22.440563,20.521402,20.440031,19.40191,22.011782,19.045527,24.033857,21.253523,25.936773,30.242874,26.533596,23.3799,23.638437,17.999004,19.431175,16.340036,17.383957
19,22.067087,17.931656,19.089115,12.814041,15.044451,12.997208,15.068635,13.69064,15.091637,17.54389,16.661972,20.208378,19.943321,17.62122,15.705405,11.999291,9.877013,6.7782807,5.716964,0.0,4.1390443,5.638488,10.0729,9.880602,7.7522306,7.772576,6.549238,7.591015,8.460565,4.53822,9.052784,7.6056347,13.455001,16.245008,20.116755,21.678183,23.796303,25.904469,29.920282,25.552761,21.975195,26.058102,21.248453,24.155987,21.422758,24.777287,22.959105,24.372957,26.286356,27.058344,29.68247,33.032986,29.260492,32.651924,33.579613,34.067646,29.758886,30.770931,34.245667,32.990036,27.781971,30.117273,27.619028,29.586554,29.808609,24.063183,26.972387,23.463087,25.054277,21.192583,21.504776,21.466919,19.839655,20.18941,17.459908,14.5730295,16.025375,16.32474,15.619425,18.724428,18.060917,22.018396,18.29008,16.801455,17.018085,11.416574,12.051366,8.881398,10.910803,11.996054,14.608791,16.227058,18.743895,17.850874,20.832186,18.75691,19.33914,17.660475,20.848255,17.321974,22.547216,19.960361,24.918037,29.633444,26.633518,23.51916,23.98201,18.239601,20.133598,16.543762,18.707972
20,21.46497,16.918537,18.56951,11.772901,14.239033,13.135767,14.924739,14.837912,15.65381,19.151545,18.281012,22.256285,22.303747,19.959875,18.511305,14.783904,12.307119,9.450467,6.4571223,4.1390443,0.0,4.5303106,7.1947374,7.365212,6.177798,5.9663568,7.6064405,8.725443,10.951001,8.373001,12.681918,11.384971,17.4443,19.412428,23.834528,25.040274,26.998934,29.381222,33.532967,29.28342,25.756758,29.971117,25.045515,28.081097,25.06068,28.473919,26.307562,27.679127,29.214317,29.815622,32.687683,36.209682,32.530064,36.006386,37.147755,37.507454,33.330803,34.17708,37.87586,36.386883,31.143848,33.29977,30.739288,32.398174,32.135197,26.361715,28.887678,25.26123,27.605377,23.038223,24.165358,23.486952,22.427168,22.258568,19.05223,16.700985,17.500875,18.981644,17.679106,21.336649,20.455116,24.340815,20.80171,19.790255,20.4219,14.520176,15.81042,12.148869,14.249027,13.784084,16.807508,17.400066,20.39143,19.465343,22.727133,21.422358,22.337963,21.10275,24.493645,21.301271,26.547941,24.085926,29.037313,33.72492,30.60442,27.465265,27.664413,21.97791,23.490505,19.745743,21.283691
21,19.080498,14.643118,17.52234,10.983683,14.9156,14.385065,17.063543,16.993006,18.818474,21.964283,21.629753,25.351633,25.435804,23.18959,21.341558,17.560127,15.405052,12.307383,10.153787,5.638488,4.5303106,0.0,5.301852,5.1883936,4.6199527,7.564511,8.210986,10.9526415,12.120932,9.2368965,14.169295,12.171109,18.279057,20.636553,24.424376,25.951777,27.61166,29.69513,33.553387,28.735573,24.928429,28.809196,23.428707,26.422186,22.775936,26.472153,23.767828,25.43741,26.396093,26.612574,29.533302,33.15935,29.536331,33.097786,34.58382,34.84461,31.060112,31.87568,35.995,34.596264,29.414858,31.925627,29.746807,31.206314,31.060198,25.19045,27.227888,23.117523,25.286057,20.026022,21.253336,19.758995,18.914207,18.285498,14.8657255,12.930183,13.943336,16.350018,15.540527,19.627468,19.709797,23.839756,21.02946,19.616816,19.653694,14.150654,14.306367,9.884032,11.990091,10.367721,14.010398,13.795827,17.555216,17.442926,20.731586,19.69262,21.212082,19.881346,23.680958,20.642773,25.857683,24.023651,29.061636,33.922287,31.14816,28.07605,27.948574,22.473701,23.900787,19.840214,21.801619
22,16.680079,11.919083,15.515221,9.076547,13.41865,14.371097,16.885872,18.275671,19.92057,23.898315,24.021902,28.023733,28.70771,26.66393,25.359451,21.260235,19.361254,16.011265,13.64019,10.0729,7.1947374,5.301852,0.0,5.5399966,7.6492023,10.350646,12.78921,15.167191,17.023603,14.247248,19.059258,16.314245,22.872734,23.862696,28.28209,29.286652,30.578651,32.998657,36.990444,32.368614,28.724085,32.872574,27.47976,30.895752,26.988579,31.236294,28.301394,30.182194,30.718424,30.57026,33.466686,37.10524,33.37623,36.798004,38.455204,38.34002,34.677643,35.091343,39.46067,37.57965,32.42597,34.53243,32.29415,33.231842,32.369404,26.622805,28.024157,23.92103,27.164848,21.234127,23.702833,21.696812,21.935064,21.004597,17.218369,15.987005,15.344734,19.013124,17.235023,21.777126,21.542944,25.417778,23.095566,22.32232,22.936403,17.288984,18.670216,14.370132,16.843458,14.515991,18.447351,17.114683,21.47548,21.663136,25.044031,24.538431,26.299158,25.067791,28.932638,25.823284,31.010372,28.984262,33.972004,38.85022,36.236893,33.175533,33.233852,27.714645,29.15022,25.075575,26.795742
23,21.429005,16.841124,20.741142,14.237611,18.422913,18.601112,20.95626,21.503475,22.743927,26.352476,25.635592,29.554758,29.40989,26.910215,25.023506,21.660862,18.727917,16.344185,12.638195,9.880602,7.365212,5.1883936,5.5399966,0.0,3.292438,6.8141375,9.400534,12.364556,14.185226,13.01845,17.754463,17.065054,22.808271,25.682076,29.421473,31.04497,32.780865,34.836227,38.649544,33.71889,29.819181,33.416656,27.889036,30.435177,26.57258,29.498777,26.348438,27.603865,28.039127,28.208576,31.612549,35.50375,32.43823,36.265724,38.086216,38.522015,35.14222,36.091274,40.39925,39.198036,34.089188,36.782303,34.746902,36.10568,35.868923,30.010277,31.69786,27.37981,29.665854,23.830584,25.248331,22.787828,22.043371,20.483044,16.870821,15.942776,17.373657,20.70118,20.110023,24.413912,24.719347,28.835672,26.156227,24.793304,24.729116,19.32835,18.88566,14.207514,15.454968,11.84258,15.17523,13.702518,17.448122,17.153872,20.625252,20.820309,22.770344,22.283928,26.310045,24.1565,29.313885,28.144007,33.215385,38.0171,34.883495,31.773893,30.782394,25.595152,26.240068,21.956844,23.051662
24,23.101437,18.591677,21.922987,15.28589,19.084093,18.525528,20.79203,20.62965,21.763842,24.942356,23.869339,27.626196,27.104084,24.471132,22.32524,19.27928,16.076565,14.089378,10.245585,7.7522306,6.177798,4.6199527,7.6492023,3.292438,0.0,4.499242,6.128406,9.310083,10.922245,10.194735,14.771486,14.955189,20.216461,23.859005,27.287693,29.147762,31.134102,33.034386,36.798115,31.890984,27.977568,31.43875,26.042583,28.291973,24.73486,27.182478,24.282095,25.297146,26.120825,26.621197,30.041176,33.901142,30.915163,34.804295,36.450115,37.135025,33.625275,34.814743,38.876766,37.944283,32.836002,35.67441,33.612923,35.28541,35.40883,29.535889,31.6347,27.42873,29.177837,23.874916,24.59999,22.609716,21.207767,19.9262,16.629578,15.228552,17.50449,19.940662,19.775526,23.714117,24.009388,28.172874,25.13988,23.524818,23.242338,17.962414,16.953346,12.434698,13.261958,10.217083,13.105649,12.617084,15.6823015,14.9021435,18.35901,18.199066,19.885986,19.443499,23.367718,21.328411,26.4914,25.385967,30.448929,35.18251,31.860168,28.735731,27.608345,22.437113,23.00312,18.7461,19.826464
25,26.308193,21.676573,24.172136,17.318676,20.111181,19.056307,20.580284,20.214628,20.396255,23.613087,21.826197,25.647356,24.780851,21.934242,19.950806,17.41516,13.545926,12.492106,7.378055,7.772576,5.9663568,7.564511,10.350646,6.8141375,4.499242,0.0,4.8810754,6.264313,9.171171,9.735104,13.430088,15.04079,19.780268,23.631233,27.30441,29.053104,31.386806,33.414925,37.349846,32.879326,29.166117,32.75659,27.755043,29.827374,26.87007,28.751602,26.356546,26.938244,28.326801,29.276676,32.707207,36.48981,33.588726,37.465256,38.81461,39.709908,35.906605,37.23919,40.90473,40.051506,34.907024,37.571068,35.240288,37.17357,37.343113,31.53046,34.085247,30.215973,31.928234,27.200144,27.661333,26.32251,24.571297,23.663734,20.605768,18.795607,21.131233,22.766096,22.408188,25.98321,25.644613,29.649473,25.999031,24.568905,24.590588,19.13818,18.600874,14.676049,15.312682,13.408263,15.473526,15.950555,17.94315,16.171793,19.50166,19.169579,20.21472,20.074413,23.578827,21.690556,26.817762,25.392756,30.35101,34.865997,31.077333,27.899092,26.741232,21.52366,21.880478,17.916899,18.289953
26,27.023582,22.733498,24.965387,18.446526,21.251846,19.479319,21.321314,19.883274,20.594143,22.806969,20.952314,24.26951,22.933254,20.044975,17.404905,15.270291,11.460291,10.80373,7.01717,6.549238,7.6064405,8.210986,12.78921,9.400534,6.128406,4.8810754,0.0,3.9335256,4.8558187,6.1419644,9.585135,12.301403,16.030058,21.180948,23.957342,26.199177,28.694157,30.301737,33.95869,29.30195,25.515457,28.69808,23.807322,25.418812,22.737383,24.10527,21.965548,22.399164,24.15717,25.37289,28.675741,32.345734,29.536314,33.420067,34.61904,35.768456,31.983917,33.59673,37.03794,36.593136,31.57042,34.541725,32.397846,34.646206,35.386444,29.648602,32.4918,28.679712,29.500763,25.416136,24.933064,24.022268,21.545149,20.965502,18.462837,16.281164,19.62447,20.240807,20.713182,23.737068,23.826424,27.873653,24.179386,22.223682,21.639177,16.84129,14.979265,11.491633,11.328621,10.500191,11.80023,13.590107,14.797287,12.855979,15.955638,14.8311405,15.599242,15.257465,18.708181,16.908709,21.990776,20.878656,25.829689,30.335442,26.55172,23.396303,22.061611,16.888529,17.299887,13.232049,14.181746
27,29.391724,25.070364,26.53793,20.031633,21.943192,19.715921,20.901928,19.156801,19.068457,21.07089,18.576752,21.822699,20.133598,17.068707,14.558523,13.020588,8.584324,9.188118,4.8698545,7.591015,8.725443,10.9526415,15.167191,12.364556,9.310083,6.264313,3.9335256,0.0,3.8636374,6.509007,8.180317,12.295066,15.257364,20.388569,23.352285,25.415476,28.194353,29.912752,33.70278,29.565266,26.072874,29.399042,25.021034,26.566933,24.54063,25.598003,24.069948,24.233685,26.53054,28.063799,31.198347,34.685413,31.847368,35.58868,36.44837,37.696705,33.61768,35.27457,38.29262,37.848164,32.84527,35.554535,33.162346,35.61239,36.371025,30.775373,34.00369,30.569624,31.391764,27.902678,27.282711,27.035326,24.432613,24.28627,21.959612,19.456034,22.513597,22.454796,22.646875,25.268946,24.743076,28.547163,24.360373,22.632723,22.390484,17.600397,16.463568,13.810116,13.751652,14.106841,14.943419,17.296343,17.891148,15.411045,18.176414,16.677479,16.66118,16.381618,19.171146,17.315437,22.21528,20.581879,25.318502,29.562016,25.432194,22.260191,21.200016,15.960996,16.406284,12.918561,13.322752
28,29.943926,25.930185,27.3738,21.235502,23.318312,20.773586,22.296654,19.880527,20.377848,21.544333,19.201113,21.908035,19.883852,16.8993,13.763434,12.6729765,8.759567,9.599308,7.464276,8.460565,10.951001,12.120932,17.023603,14.185226,10.922245,9.171171,4.8558187,3.8636374,0.0,5.2769275,5.881522,11.166681,12.871117,19.245981,21.245821,23.785374,26.633348,27.925331,31.404423,27.049805,23.488047,26.363077,22.084618,23.153278,21.367125,21.905722,20.606081,20.627079,23.200352,24.92473,27.918299,31.287971,28.577284,32.307465,33.07199,34.53105,30.548887,32.440247,35.295544,35.222755,30.372667,33.368034,31.205557,33.86805,35.094337,29.610006,32.954777,29.550554,29.631844,26.635386,25.274883,25.287664,22.167345,22.243813,20.431295,17.792345,21.550938,20.774,21.686674,23.841751,23.787075,27.587484,23.534857,21.355156,20.519035,16.497503,14.07913,12.020576,11.154824,12.489042,12.542154,15.808708,15.736119,13.279616,15.668264,13.446248,13.107496,12.610182,15.314666,13.593276,18.437912,17.207516,21.951565,26.215742,22.111738,18.953157,17.639313,12.414616,12.91482,9.252952,10.428629
29,25.310015,21.520771,22.471432,16.701384,18.660048,15.990008,17.909513,15.408032,16.770735,17.990791,16.587645,19.475266,18.378382,15.87247,13.168773,10.384696,8.011054,6.34742,6.5765676,4.53822,8.373001,9.2368965,14.247248,13.01845,10.194735,9.735104,6.1419644,6.509007,5.2769275,0.0,4.9649,6.3314595,10.178758,15.155844,17.856903,20.07006,22.578974,24.179483,27.907887,23.45557,19.838585,23.413565,18.875011,21.062504,18.899801,21.304832,19.9606,20.98867,23.43975,24.646992,27.181118,30.399132,26.880527,30.31345,31.011198,31.918055,27.59848,29.038448,32.120693,31.441395,26.3906,29.079542,26.748758,29.186943,30.111704,24.54488,27.8541,24.52292,25.013266,22.040045,21.142569,21.617987,19.052143,19.71372,17.696423,14.556844,17.290482,16.296429,16.674858,18.915106,18.64226,22.508322,18.573551,16.486496,15.958664,11.393073,10.115304,8.009016,8.722648,11.356367,12.749632,15.67771,17.020008,15.735595,18.282461,15.507248,15.517353,13.704896,16.57354,13.159929,18.354345,16.001951,20.978186,25.623465,22.361515,19.219837,19.444876,13.714284,15.665372,12.232031,14.780784
30,29.347029,25.815561,26.007761,20.698671,21.783175,18.476044,19.7732,16.355629,17.1476,17.097055,14.985524,17.055365,15.062572,12.446434,9.120221,7.851316,5.748487,6.5951037,8.539569,9.052784,12.681918,14.169295,19.059258,17.754463,14.771486,13.430088,9.585135,8.180317,5.881522,4.9649,0.0,7.1979146,7.2532883,13.825752,15.598117,18.085495,21.088469,22.359709,25.923363,22.026829,18.830612,22.06874,18.48327,20.021606,19.078918,20.481577,20.177748,20.701847,23.947111,25.660936,27.851757,30.698772,27.358944,30.554567,30.73162,31.96457,27.437874,29.15176,31.472239,31.182655,26.393562,28.98291,26.590752,29.482264,30.88833,25.736366,29.564226,26.800777,26.568686,24.837234,23.118715,24.513557,21.418997,22.628326,21.266026,17.945662,20.926899,18.659855,19.378899,20.562197,19.969187,23.363354,19.011509,16.84214,16.177317,12.818379,11.300458,11.178543,11.047111,14.961262,15.200506,19.058039,19.23904,17.431112,19.324774,15.830529,14.710054,12.79635,14.478749,11.036041,15.740495,12.87981,17.53436,21.846802,18.165617,14.996827,15.673279,9.845818,12.291336,9.930729,12.596237
31,23.150843,20.110039,19.475695,15.096321,15.837898,12.405546,14.385506,10.8759985,13.385208,13.491621,13.354375,15.701028,15.5834465,14.032742,12.064924,8.099626,9.107734,5.881989,10.276906,7.6056347,11.384971,12.171109,16.314245,17.065054,14.955189,15.04079,12.301403,12.295066,11.166681,6.3314595,7.1979146,0.0,6.8567386,9.133663,12.520447,14.225379,16.472149,18.38051,22.388514,18.302734,15.041596,19.481625,15.490977,18.874748,17.22289,21.349163,20.757416,22.577202,25.293823,26.193394,27.821295,30.471474,26.134647,28.862825,29.05121,29.386286,24.497839,25.41172,28.17814,26.850101,21.743042,23.778877,21.09195,23.529408,24.34271,18.983452,22.726852,20.083084,20.642742,18.929909,18.122654,20.160656,18.158243,20.074507,18.4605,14.769536,15.800722,13.243501,12.858645,14.1071,12.998494,16.560753,12.368294,10.370941,10.470387,5.8339224,7.6508822,8.06417,10.320988,14.86927,16.62249,19.56734,21.405186,20.857452,23.055815,19.509409,19.177612,16.27394,18.347628,13.417929,18.101831,14.125587,18.738964,23.413704,21.21964,18.347418,20.617088,14.935713,18.275105,15.8398285,19.246368
32,29.065632,26.479647,25.494022,21.784882,22.08115,18.29576,19.670238,15.263334,17.137077,15.171299,14.370591,14.953817,13.551676,12.331086,9.604073,8.270408,10.287932,9.87696,14.468849,13.455001,17.4443,18.279057,22.872734,22.808271,20.216461,19.780268,16.030058,15.257364,12.871117,10.178758,7.2532883,6.8567386,0.0,8.536731,8.4643545,11.437387,14.4584875,15.271594,18.686628,15.036864,12.300025,15.803867,13.327466,15.446963,15.680293,18.314796,19.182116,20.438005,24.070274,25.55624,26.613405,28.677732,24.675549,27.038742,26.510252,27.392027,22.37448,23.840528,25.472536,25.01785,20.470285,22.683615,20.24896,23.462852,25.3881,20.88366,25.142893,23.245481,22.132727,22.320492,19.872255,22.938349,19.954992,22.450848,21.921663,18.23792,20.316082,16.152048,17.06725,16.551151,15.819161,18.480825,14.34244,11.849318,10.822231,9.964798,9.103895,11.947869,12.348904,18.133497,18.377235,22.47272,22.85692,21.965233,23.28847,18.882738,17.414755,14.197299,14.647427,9.486217,13.053207,8.081568,12.312171,16.775158,14.53221,11.791978,15.234656,10.117088,14.307136,13.451722,17.255983
33,26.260979,24.433577,21.491476,19.588318,18.037886,14.016391,14.681748,9.937552,12.577068,9.315125,11.039768,11.013644,12.295453,12.838573,12.605685,9.611944,13.92172,11.898087,17.617968,16.245008,19.412428,20.636553,23.862696,25.682076,23.859005,23.631233,21.180948,20.388569,19.245981,15.155844,13.825752,9.133663,8.536731,0.0,6.3747344,5.781887,8.106958,10.783336,15.348262,13.375288,12.083514,17.151073,15.715374,19.682747,19.831963,24.637815,25.460133,27.538626,30.753138,31.62128,32.12595,33.8194,28.987692,30.535913,29.6928,29.479233,24.01301,24.256573,25.640314,23.609245,19.095438,19.499033,16.135248,18.820133,19.679754,15.737348,20.341028,19.725441,19.910048,21.132149,20.120266,24.23996,22.786457,25.898516,25.041859,21.28348,20.785822,16.472696,15.319532,13.933993,10.935763,12.275958,7.470296,6.866005,8.820934,8.418185,12.854713,15.715266,17.879097,23.313822,24.74329,27.966028,29.571026,29.169596,30.890701,26.69508,25.652205,22.235167,22.852161,17.372585,20.303366,14.660344,17.39584,21.14161,20.47609,18.440664,23.203928,18.493084,22.751478,21.87323,25.48178
34,30.047873,28.642876,26.164894,24.573574,23.72106,19.890411,20.94662,16.271587,18.842897,15.119624,16.181282,15.003094,15.055988,15.723004,14.676382,13.420187,17.294384,16.218197,21.684628,20.116755,23.834528,24.424376,28.28209,29.421473,27.287693,27.30441,23.957342,23.352285,21.245821,17.856903,15.598117,12.520447,8.4643545,6.3747344,0.0,4.029065,6.7145386,6.863748,10.518861,8.367286,7.841262,11.91797,12.198567,15.274847,16.879297,20.982866,22.811132,24.756456,28.299383,29.334436,29.160908,30.229952,25.60132,26.64019,25.215855,25.284481,19.829403,20.451372,20.877314,19.673056,15.785886,16.606209,13.872468,17.347458,19.680218,16.660332,21.29051,21.032766,19.272299,22.053434,19.467693,24.279158,22.126617,25.691479,25.790014,22.145899,22.565691,17.111273,17.514519,14.838274,13.419611,14.166092,10.959428,9.121871,8.647526,11.65191,13.077261,17.266233,18.371225,24.515528,25.050251,28.845032,29.64599,29.429583,30.477858,25.801348,24.322615,20.636269,20.24027,14.939755,16.361198,10.630317,12.054049,15.45443,15.914364,14.540286,20.10348,16.581642,21.065355,21.10287,25.102657
35,29.889126,28.746763,25.440819,24.550915,22.857273,19.038504,19.579393,15.020986,17.477337,13.220765,15.117036,13.473578,14.572299,15.944926,15.864548,14.264761,18.711739,17.348133,23.062485,21.678183,25.040274,25.951777,29.286652,31.04497,29.147762,29.053104,26.199177,25.415476,23.785374,20.07006,18.085495,14.225379,11.437387,5.781887,4.029065,0.0,3.5536253,5.4641128,9.97525,9.718852,10.280788,14.634527,15.270078,18.83184,20.237686,24.860567,26.558609,28.66378,32.08248,32.959,32.720634,33.723663,28.885782,29.665552,28.15967,27.802544,22.302458,22.362812,22.592325,20.63344,16.96759,16.647453,13.414212,16.503061,18.181877,15.737071,20.454514,20.930151,19.921194,23.027729,21.217966,26.246212,24.71166,28.352592,28.202387,24.546701,24.048588,18.825594,18.285515,15.437764,12.921187,12.687591,9.461621,8.980887,10.0525055,12.6904125,15.8688135,19.714777,21.381157,27.307257,28.26183,31.782253,32.983387,32.77355,34.037365,29.469217,28.085316,24.438812,24.192188,18.849934,20.377716,14.608647,15.681895,18.530153,19.24624,18.029572,23.800566,20.172447,24.642845,24.60836,28.435698
