,0,1,2,3,4,5,6,7,8,9,10,11,12,13,14,15,16,17,18,19,20,21,22,23,24,25,26,27,28,29,30,31,32,33,34,35,36,37,38,39,40,41,42,43,44,45,46,47,48,49,50,51,52,53,54,55,56,57,58,59,60,61,62,63,64,65,66,67,68,69,70,71,72,73,74,75,76,77,78,79,80,81,82,83,84,85,86,87,88,89,90,91,92,93,94,95,96,97,98,99,100,101,102,103,104,105,106,107,108
0,0.0,4.6374664,6.694508,10.116697,12.938303,15.914022,18.760574,21.565767,24.538904,27.865492,30.220016,33.574566,35.630676,34.317142,33.528885,28.857471,28.391438,24.280642,24.497044,20.473375,19.199444,17.576866,14.272388,19.301844,21.231283,24.078781,25.69809,27.763655,29.710743,26.346338,30.723873,26.680935,34.771584,31.853874,37.495914,36.8503,38.372433,38.10703,37.719765,34.521255,30.858248,34.557987,29.251694,32.779804,28.320858,33.157173,30.047066,31.770567,32.672142,33.97659,37.71294,41.209396,38.822315,42.503693,42.261047,44.487915,40.75433,42.19863,45.21318,46.219227,41.73433,45.376396,43.740368,45.20787,45.37831,42.30251,44.482845,42.058716,40.069916,35.841797,33.55971,32.275288,28.30072,31.009275,29.640318,29.809162,26.56372,24.518097,27.203873,23.189701,26.105898,25.848566,25.595371,22.22367,24.641563,18.547592,22.45685,19.384708,21.121855,21.321564,23.334913,25.780159,25.701925,29.968966,26.543919,25.112864,22.135519,20.150705,18.827246,15.539825,15.028739,11.779601,15.197892,16.2255,12.936266,16.396584,12.960871,16.338366,16.005157
1,4.6374664,0.0,6.246446,6.321703,10.281223,13.221473,16.051636,19.000889,21.500862,25.247309,27.045534,30.71678,32.46388,30.880924,29.985996,25.487934,24.518074,20.575663,20.201948,16.38168,14.731613,13.304807,9.795979,15.028843,16.919527,19.545792,21.410236,23.346048,25.484026,22.445713,26.770445,23.389761,31.594597,29.283314,34.872105,34.497578,36.322636,36.410515,36.64033,32.927708,29.00207,32.478756,26.973822,30.067505,25.65573,29.93381,26.681314,28.011293,29.006832,30.134691,33.89803,37.250763,35.06261,38.708622,38.407043,40.870804,37.311268,39.0206,41.924576,43.311825,39.085205,42.951607,41.606903,43.28649,43.847565,40.933167,43.52106,41.351074,39.093582,35.55885,32.644848,32.14,27.844273,30.978931,29.669819,29.22838,26.32654,23.294071,25.983038,21.646864,23.978603,23.870058,22.878944,19.391228,21.805897,15.832649,20.374754,17.220797,19.75244,19.403706,22.681519,24.82303,25.495338,29.837906,26.43575,24.39347,22.006517,18.956503,18.57319,14.095866,14.135274,10.702885,14.950754,17.027357,14.649169,16.911528,13.811495,17.20665,15.932452
2,6.694508,6.246446,0.0,6.769228,6.88209,10.050423,12.4888935,15.526494,18.443226,21.700583,24.352375,27.539679,29.982285,28.974083,28.689451,23.91089,23.987152,20.009493,20.894125,17.717178,16.655405,16.539783,14.164424,19.508272,20.727295,22.578985,24.021202,25.286583,27.387875,23.705248,27.462666,23.104551,30.837257,27.308016,33.351337,32.234207,34.082447,33.86279,33.648006,30.896267,27.314491,31.540117,26.497343,30.40276,26.540062,31.14856,29.033825,30.468807,32.10528,33.65676,36.89513,39.965614,37.127987,40.352005,39.50549,41.832813,37.709003,39.34178,41.713913,42.956924,38.641693,42.034706,40.31332,42.18792,41.960873,39.647964,41.717716,39.91353,38.397045,34.351337,32.167713,31.7796,28.0571,31.52,30.823414,30.863295,28.811255,25.872553,29.342146,25.544428,28.285942,28.82976,27.432852,23.740765,25.525223,19.401762,22.41365,18.413977,20.141558,18.923946,21.075815,22.503706,22.439047,26.538906,22.499987,20.737648,18.276539,16.269468,16.35193,12.950995,14.809489,13.30446,17.086466,18.763655,15.5167675,16.353283,12.015584,13.994473,11.932014
3,10.116697,6.321703,6.769228,0.0,5.6093993,7.485016,10.507202,13.104214,15.490961,19.243116,20.801003,24.538624,26.16208,24.562588,23.752613,19.235264,18.403494,14.465305,14.591301,11.164215,9.956716,9.944617,8.459279,13.417321,14.202668,15.913046,17.267532,18.594406,20.730278,17.352058,21.266424,17.782825,25.846306,23.53103,29.255083,28.822102,30.95605,31.292055,32.035084,28.193222,24.176077,27.770008,22.362514,25.466557,21.541464,25.427599,22.992619,24.043488,25.719763,27.135632,30.367254,33.34985,30.739012,34.020966,33.279545,35.821213,32.02083,33.91481,36.396507,38.03788,34.018063,37.831055,36.589,38.59917,39.170284,36.78268,39.546524,37.90199,35.778328,32.842056,29.62636,30.19112,25.96162,29.796001,29.037184,28.202753,26.506798,22.416582,25.735348,21.693438,23.672686,24.491611,22.228817,18.513119,20.126394,14.413997,18.047451,14.205251,17.076971,15.402376,19.58227,20.886114,22.184298,26.393002,22.903599,20.244205,18.708138,14.778938,15.919614,10.686178,12.71167,11.04316,15.413475,18.306269,16.563559,16.29752,13.312964,15.77919,13.132013
4,12.938303,10.281223,6.88209,5.6093993,0.0,4.2048903,5.9162807,9.614699,11.765121,15.599505,17.801847,21.26562,23.659374,22.594296,22.629147,17.990675,18.017885,14.468491,15.414946,13.589062,12.565736,14.218798,13.159865,17.911743,18.311323,18.920662,20.26034,20.609528,22.914299,19.416998,22.40203,18.604954,25.92114,22.641752,28.824213,27.66944,30.069826,30.283344,30.886454,27.94287,24.252594,28.477379,23.611576,27.202772,24.004307,27.707642,26.316824,27.122086,29.338387,30.874949,33.646954,36.197292,33.258526,36.03525,34.691883,37.279278,33.095642,35.100895,36.85725,38.63784,34.77,38.16231,36.709785,39.047592,38.968697,37.360027,39.738075,38.611183,37.14893,34.01498,31.341963,32.2417,28.520449,32.637173,32.373398,31.819029,30.76775,26.708138,30.447239,26.73277,28.790443,29.89825,27.347893,23.62294,24.833853,19.339773,21.927353,17.60501,19.858284,17.213135,20.580252,20.889694,21.686407,25.522652,21.362633,18.749485,17.58978,14.490334,16.637787,12.466417,16.083096,15.657665,19.638811,22.195906,19.868351,18.689383,14.914494,15.905363,12.161333
5,15.914022,13.221473,10.050423,7.485016,4.2048903,0.0,3.9005084,5.8020716,8.870802,12.052198,14.384976,17.687607,19.943296,18.963196,18.92729,14.157713,14.815884,11.168907,13.409098,11.760807,11.921823,13.957756,14.520281,18.468212,18.103119,18.391857,18.817541,18.916748,20.77901,16.82294,19.421879,15.037101,22.01432,18.468416,24.692842,23.469105,25.912472,26.198256,27.030293,24.019524,20.36869,24.65754,20.034464,23.74994,20.99197,24.622744,23.992018,24.881556,27.456713,29.33656,31.610115,33.97808,30.596704,33.10747,31.559956,33.954247,29.541964,31.45662,33.04281,34.72787,30.878109,34.139732,32.66433,35.098816,34.978134,33.605167,36.02495,35.156067,33.80625,31.01597,28.276096,29.731365,26.205164,30.588501,30.679745,29.996918,29.709171,25.342028,29.386215,26.109077,28.116486,29.788319,26.794935,23.105495,23.704208,18.631516,20.097637,15.6297655,17.634613,14.306766,17.821121,17.55748,18.767076,22.421673,18.44512,15.450647,14.979722,11.377528,14.49055,10.51701,15.028793,15.792478,19.310274,22.05739,20.248499,17.705439,14.505775,14.8217745,10.600098
6,18.760574,16.051636,12.4888935,10.507202,5.9162807,3.9005084,0.0,4.7707744,6.034301,9.941368,12.244126,15.562825,18.271345,17.556597,18.2418,13.79184,14.607331,11.854198,13.796015,13.708283,13.471562,16.410126,16.819183,20.581244,20.128696,19.616652,20.350597,19.707428,21.832153,18.36237,20.141502,16.48556,22.60857,19.008244,25.269106,23.737741,26.526518,26.946419,28.01145,25.459892,22.055164,26.400227,22.206198,25.730145,23.511848,26.501324,26.294771,26.721704,29.52033,31.226192,33.285606,35.271183,31.985657,34.132183,32.199917,34.786316,30.372896,32.52581,33.513786,35.55302,32.071285,35.134483,33.74133,36.459145,36.143227,35.37722,37.704475,37.270428,36.198902,33.640842,31.017488,32.844112,29.524837,34.01507,34.276806,33.54139,33.48269,28.969635,32.998837,29.714453,31.468447,33.13174,29.892622,26.27673,26.803852,22.0438,23.507206,19.108513,21.098906,17.407196,20.784948,19.878582,21.001211,24.235674,20.045658,17.052893,17.149223,14.060762,17.677729,14.189096,18.875984,19.650724,23.206972,25.942137,24.021479,21.395494,18.064335,17.866411,13.383661
7,21.565767,19.000889,15.526494,13.104214,9.614699,5.8020716,4.7707744,0.0,4.837956,6.325655,9.300994,12.061202,14.673545,14.255506,14.874253,10.266778,12.414878,9.78156,13.543538,13.487866,14.6181755,17.419851,19.150307,22.20089,21.097471,20.505188,20.121725,19.358427,20.760149,16.764874,17.975945,13.429857,18.714666,14.474073,20.796986,19.044184,21.816933,22.241018,23.478922,21.011892,17.809444,22.259054,18.58498,22.31778,20.747772,23.717611,24.50035,25.152378,28.269136,30.40188,31.853544,33.660603,29.812578,31.620413,29.488243,31.702665,26.97546,28.891092,29.6835,31.451279,27.933367,30.730814,29.224138,32.011,31.530624,31.057476,33.32869,33.188015,32.339622,30.106436,27.57426,29.926077,26.977978,31.632221,32.304993,31.541029,32.30315,27.699131,31.998272,29.298992,31.093447,33.310513,29.80158,26.297651,26.180105,21.934208,22.035896,17.694647,19.120483,14.908912,17.960693,16.311146,17.784897,20.63504,16.787304,13.484501,14.510013,11.304985,15.733447,13.072297,18.224812,20.13513,23.032555,25.762129,24.326345,20.488585,17.869507,16.951893,12.441376
8,24.538904,21.500862,18.443226,15.490961,11.765121,8.870802,6.034301,4.837956,0.0,5.2904034,6.381583,9.972111,12.607039,12.056893,13.466076,9.756821,11.16081,10.081666,12.559138,14.436293,14.892085,18.617485,20.240755,22.827095,21.607962,20.040182,20.12867,18.481186,20.285475,17.294598,17.54799,14.840476,19.177883,15.9959,21.87968,20.286684,23.560982,24.443005,26.350838,23.87128,20.790445,24.74985,21.351538,24.275883,23.155346,24.97186,25.84465,25.72231,28.967978,30.7003,31.999014,33.32308,29.88449,31.32878,28.843401,31.473188,27.052944,29.433332,29.590162,32.060455,29.201979,32.017796,30.920513,34.019005,33.790936,33.83971,36.31592,36.585407,35.682392,34.07999,31.25842,34.087276,31.066118,35.787376,36.42325,35.330585,36.115433,31.133263,35.183746,32.282234,33.533062,35.624416,31.75365,28.402475,28.309248,24.551199,25.19321,21.12989,23.04493,18.717321,22.389566,20.510147,22.270105,24.807673,21.112314,17.792217,19.207867,15.940217,20.47152,17.395277,22.330908,23.757677,26.968506,29.947279,28.617113,25.058315,22.44443,21.74356,17.20627
9,27.865492,25.247309,21.700583,19.243116,15.599505,12.052198,9.941368,6.325655,5.2904034,0.0,4.724997,5.9724193,9.438879,10.113156,12.063187,8.860447,12.267824,11.731102,15.731642,17.344698,18.797447,22.14396,24.45618,26.783064,25.196701,23.7412,22.902243,21.237535,22.25623,18.841755,18.353497,14.763051,17.218332,12.864716,18.600918,16.285913,19.523947,20.256899,22.145622,20.487871,18.100807,22.223253,19.894611,23.117819,22.904081,24.73369,26.787987,26.972452,30.476295,32.638836,33.275078,34.360733,30.312023,31.243324,28.457836,30.538675,25.733145,27.726606,27.375322,29.420815,26.614614,28.7881,27.423632,30.631735,29.827778,30.546858,32.644997,33.40798,33.084698,31.651878,29.33543,32.552513,30.187792,34.942528,36.071938,35.16989,36.754948,31.965527,36.295433,34.0209,35.472733,38.025948,34.08756,30.833565,30.206215,26.796707,26.098324,22.13645,23.209433,18.640745,21.227333,18.45964,20.094027,21.834478,18.4818,15.314085,17.654165,15.226942,20.087275,18.352556,23.539,25.941425,28.49427,31.224041,30.07,25.571424,23.394182,21.800146,17.446726
10,30.220016,27.045534,24.352375,20.801003,17.801847,14.384976,12.244126,9.300994,6.381583,4.724997,0.0,4.5011187,6.286135,6.1397305,8.606976,6.7750096,9.379382,10.518684,13.657079,16.609846,17.996332,21.759914,24.514154,25.997738,24.073565,21.900764,20.966719,18.648989,19.6251,17.104809,15.615416,13.870408,15.346228,12.854859,17.763561,16.217213,19.872072,21.278982,24.114561,21.706543,19.201454,22.445131,20.219683,22.376434,22.58897,23.182373,25.377768,24.893675,28.49588,30.38,30.709846,31.341967,27.604881,28.19389,25.165802,27.575846,23.137852,25.568684,24.803104,27.557137,25.404022,27.825153,27.057737,30.471272,30.375835,31.258055,33.856632,34.842632,34.12181,33.598587,30.660185,34.439392,31.854483,36.656055,37.690456,36.30011,38.000484,32.7571,36.779636,34.462482,35.307697,37.879578,33.545517,30.553942,29.754068,27.096857,26.639872,23.123114,24.710112,20.101288,23.704039,21.019737,23.373236,25.09131,22.270452,18.865032,21.399523,18.165754,23.103067,20.66188,25.52565,27.634548,30.305788,33.386677,32.6848,28.262226,26.473227,25.384686,21.105366
11,33.574566,30.71678,27.539679,24.538624,21.26562,17.687607,15.562825,12.061202,9.972111,5.9724193,4.5011187,0.0,4.4411817,6.6557775,9.818528,9.251806,12.818437,14.144978,17.833632,20.522099,22.267149,25.82352,28.745026,30.241537,28.206774,26.113956,24.781052,22.476078,22.992151,20.354664,18.375216,16.227005,15.777743,12.529624,16.738575,14.4576025,18.045923,19.338533,22.164404,20.780857,19.112492,22.324837,21.197603,23.476486,24.449823,24.968498,28.011292,27.707766,31.42328,33.53609,33.376404,33.74452,29.664143,29.734043,26.436218,28.356829,23.743881,25.820118,24.368961,26.794386,24.913128,26.58156,25.629536,29.163433,28.469498,30.158018,32.32335,33.84853,33.722473,33.358875,30.95461,34.9784,32.978855,37.735294,39.141525,37.946426,40.184864,35.16052,39.35031,37.448826,38.449364,41.27475,36.949673,34.022663,32.93391,30.446106,29.190384,25.754852,26.727959,22.083992,24.706808,21.412077,23.473804,24.415936,21.919586,18.879457,21.958038,19.605497,24.565338,23.10189,28.085522,30.73532,33.02295,35.87274,35.169807,30.245516,28.621775,26.90473,22.79203
12,35.630676,32.46388,29.982285,26.16208,23.659374,19.943296,18.271345,14.673545,12.607039,9.438879,6.286135,4.4411817,0.0,3.3017797,6.553391,8.185549,11.29884,13.716258,17.125795,20.21908,22.31194,25.764557,29.296743,29.99074,27.585056,25.219786,23.354652,20.81572,20.809958,18.730516,15.848825,14.912154,12.760418,11.310988,14.241695,12.831855,16.619133,18.542025,22.239817,20.080637,18.465256,20.701366,19.991827,21.29883,22.90338,22.38766,25.902166,25.265642,29.03806,31.112595,30.443325,30.421942,26.357204,25.99779,22.514662,24.3918,19.99231,22.224556,20.38614,23.224047,21.90197,23.684677,23.260218,26.9096,26.909464,28.68522,31.301401,33.011616,32.54231,33.097126,30.207186,34.766304,32.73836,37.457405,38.877945,37.299732,39.85953,34.58724,38.52835,36.87102,37.434113,40.42869,35.843987,33.234413,31.80159,30.135155,28.587852,25.693865,26.800781,22.248163,25.41821,22.168865,24.888157,25.73396,23.940115,20.72846,24.020954,21.078016,26.002602,24.294981,28.901482,31.587402,33.673084,36.715107,36.550713,31.460808,30.422379,29.020176,25.14069
13,34.317142,30.880924,28.974083,24.562588,22.594296,18.963196,17.556597,14.255506,12.056893,10.113156,6.1397305,6.6557775,3.3017797,0.0,3.7535334,6.1520867,8.324522,11.332859,14.255565,17.662659,19.736092,23.203465,26.91621,27.223644,24.71128,22.191746,20.2752,17.61541,17.611744,15.864279,12.785449,12.769358,11.2185,11.124198,14.11648,13.586164,17.405006,19.557276,23.46726,20.39174,18.231237,20.129921,18.814718,19.636705,20.985888,20.069489,23.235056,22.330599,26.07928,28.007954,27.439009,27.445217,23.578829,23.423176,20.037289,22.286745,18.063705,20.64849,19.231474,22.46397,21.115404,23.514847,23.397734,26.969059,27.618887,28.829863,31.881828,33.270218,32.28171,33.037766,29.633366,34.21407,31.806112,36.53085,37.719257,35.874607,38.21891,32.72127,36.454178,34.645103,34.93298,37.844616,33.14868,30.638857,29.229656,27.825607,26.631023,23.932882,25.45709,20.98988,24.943432,22.096916,25.205063,26.487116,24.723402,21.256529,24.298592,20.671473,25.53031,23.193918,27.537336,29.9181,32.12413,35.36515,35.418575,30.573149,29.680231,28.75566,24.903055
14,33.528885,29.985996,28.689451,23.752613,22.629147,18.92729,18.2418,14.874253,13.466076,12.063187,8.606976,9.818528,6.553391,3.7535334,0.0,4.9015493,6.33969,9.573048,12.605479,15.592262,18.14967,21.181244,25.401793,25.186575,22.432049,20.10721,17.57272,15.163078,14.582979,12.780208,9.397756,9.844728,8.008304,9.577085,12.107617,12.597036,16.238789,18.62411,22.799301,18.786549,16.298029,17.57716,16.025475,16.250147,17.688324,16.363459,19.653004,18.77285,22.545181,24.61836,23.901224,24.022768,19.954084,19.970102,16.76551,19.011389,14.694226,17.375832,16.56039,19.831144,18.292753,21.227741,21.35311,24.781506,26.081781,26.728106,30.199026,31.313847,29.849691,30.995815,27.13584,31.865622,29.285065,33.94153,35.031216,32.937164,35.36744,29.757545,33.31392,31.675867,31.76078,34.796375,30.025976,27.708054,26.061613,25.170761,23.725512,21.452492,23.077784,18.82647,23.259184,20.736694,24.313557,25.79014,24.464586,20.877304,23.811544,19.669405,24.292187,21.74323,25.631433,28.025267,29.99386,33.3274,33.812252,28.946295,28.56023,27.991245,24.459248
15,28.857471,25.487934,23.91089,19.235264,17.990675,14.157713,13.79184,10.266778,9.756821,8.860447,6.7750096,9.251806,8.185549,6.1520867,4.9015493,0.0,4.8005304,5.7799683,10.335912,12.305483,14.953675,17.921726,21.84193,22.436312,20.000736,18.290382,16.11672,14.361644,14.38399,11.181682,9.755792,7.301222,9.514112,8.3909645,13.199383,12.955746,16.413826,18.193089,21.553125,17.518223,14.380722,16.882301,14.158967,15.780847,16.012247,16.437466,18.850485,18.660152,22.326416,24.585297,24.710506,25.641043,21.479313,22.418581,19.788313,21.998663,17.373219,19.711117,19.928974,22.466389,19.856995,22.993752,22.464462,25.651012,26.482351,26.477068,29.732883,30.295534,28.842752,28.937256,25.250006,29.35235,26.505772,31.270578,32.215607,30.432123,32.406906,26.945127,30.808098,28.848488,29.46975,32.364803,27.886868,25.140345,23.862017,21.959368,20.80846,17.867573,19.549358,15.083063,19.598589,17.326035,20.682089,22.704145,20.798084,17.068598,19.612055,15.267259,19.972961,17.212137,21.420403,23.804682,25.97606,29.246021,29.378729,24.654678,23.90714,23.38001,19.711668
16,28.391438,24.518074,23.987152,18.403494,18.017885,14.815884,14.607331,12.414878,11.16081,12.267824,9.379382,12.818437,11.29884,8.324522,6.33969,4.8005304,0.0,4.408622,6.2905116,9.6898155,11.869995,15.14102,19.203398,19.004677,16.401667,14.077159,12.115928,9.8100815,10.275096,8.219326,6.588052,7.5599627,11.067918,12.33516,16.21973,16.91788,20.248283,22.251547,25.78114,21.086067,17.58309,19.327152,15.893053,16.386707,16.000357,15.443934,16.72399,15.7204275,19.26418,21.011648,21.483122,22.390795,18.948753,20.255623,17.886286,20.825531,16.965893,19.86749,20.486656,23.670576,21.439812,25.178955,25.192085,28.23165,29.84351,29.345509,33.042923,33.297844,31.215712,31.63972,27.336695,31.333647,27.938478,32.58664,33.088287,30.87561,32.31414,26.493835,29.852615,27.465681,27.463497,30.055178,25.338821,22.780798,21.716553,20.29299,20.287586,17.78383,20.371748,16.341309,21.969141,20.454388,24.039183,26.506292,24.582203,20.778109,22.791073,17.812138,22.117716,18.270067,21.842611,23.350935,25.89848,29.494059,29.873653,25.875807,25.18585,25.477797,21.884552
17,24.280642,20.575663,20.009493,14.465305,14.468491,11.168907,11.854198,9.78156,10.081666,11.731102,10.518684,14.144978,13.716258,11.332859,9.573048,5.7799683,4.408622,0.0,5.7536817,6.561702,9.32198,12.149265,16.149952,16.738213,14.439494,13.18834,11.3779545,10.3868,11.117504,7.3019505,8.4002695,5.895613,12.413687,12.073001,16.962053,17.321375,20.279022,21.7975,24.62888,19.857916,15.936173,18.398504,14.06223,15.652405,14.136394,15.31518,15.804341,15.727545,19.026989,21.067781,22.220242,23.897943,20.26948,22.288704,20.476263,23.08393,18.948942,21.376068,22.802217,25.262688,22.19768,26.032593,25.558279,28.306952,29.6276,28.502115,32.03295,31.765896,29.6295,29.239914,25.063782,28.455645,24.82959,29.490097,29.840057,27.887539,28.941824,23.297092,26.918879,24.32798,24.878286,27.407066,23.026985,20.076118,19.297987,16.91481,17.074186,14.017588,16.703772,12.672088,18.475824,17.449335,20.86151,23.80768,21.618942,17.82295,19.293762,14.048843,18.132326,13.959428,17.608255,19.129156,21.77043,25.319817,25.521635,21.657372,20.83878,21.343197,17.85212
18,24.497044,20.201948,20.894125,14.591301,15.414946,13.409098,13.796015,13.543538,12.559138,15.731642,13.657079,17.833632,17.125795,14.255565,12.605479,10.335912,6.2905116,5.7536817,0.0,5.5978603,6.120488,9.898947,13.518658,13.112976,10.810013,8.283355,7.8929415,6.025455,8.487975,7.3050985,8.649135,10.251214,16.228495,17.447512,21.625072,22.488596,25.530533,27.272356,30.300137,25.272877,21.282064,23.117071,18.559,19.027617,17.062384,17.072475,15.980093,14.759291,17.58013,18.643242,20.479694,22.078764,19.714952,22.057169,20.577106,23.924465,20.808704,23.740717,25.245779,28.37711,25.877718,30.06753,30.092125,32.784687,34.67545,33.344967,37.173477,36.748234,34.160686,34.04594,29.459063,32.648975,28.578846,33.005524,32.857002,30.535826,30.819427,24.952133,27.839966,24.611795,24.359543,26.256203,21.707705,19.007488,18.81536,16.910772,18.957424,16.52017,20.079174,16.788702,23.154366,22.724442,26.09311,29.297005,26.967882,23.218676,24.238691,18.85209,22.407694,17.360907,20.152132,20.309614,23.515854,27.316372,27.597586,24.864944,23.875978,25.182528,21.759237
19,20.473375,16.38168,17.717178,11.164215,13.589062,11.760807,13.708283,13.487866,14.436293,17.344698,16.609846,20.522099,20.21908,17.662659,15.592262,12.305483,9.6898155,6.561702,5.5978603,0.0,4.147644,5.6505513,10.26134,10.378145,8.231462,8.331442,7.198172,8.2857,9.721514,6.374819,10.431488,9.191073,16.966652,17.396687,21.827337,22.734318,25.192102,26.515654,28.907644,23.591578,19.323074,21.320168,16.001673,17.117441,13.89407,15.641828,13.521551,13.641325,16.013506,17.624397,20.086983,22.636333,19.89602,22.999165,22.239431,25.01467,21.667896,23.982256,26.487013,28.761677,25.44795,29.787111,29.443174,31.67945,33.537018,31.352219,35.117027,34.03485,31.184929,30.474144,25.868572,28.374279,24.00616,28.26966,27.852907,25.66395,25.515358,19.793375,22.822186,19.445456,19.746094,21.70994,17.50999,14.379532,14.398128,11.562809,13.925282,11.33861,15.210594,12.57257,19.16173,19.61645,22.90241,26.527794,24.380411,20.826586,21.153522,15.55116,18.248274,12.82525,14.859625,14.857835,17.963284,21.796871,22.30006,19.828539,19.223568,21.098942,18.311247
20,19.199444,14.731613,16.655405,9.956716,12.565736,11.921823,13.471562,14.6181755,14.892085,18.797447,17.996332,22.267149,22.31194,19.736092,18.14967,14.953675,11.869995,9.32198,6.120488,4.147644,0.0,4.5613136,7.417847,8.051284,6.8251867,6.5151525,8.03839,8.802882,11.469702,9.750467,13.289193,13.135777,20.63434,20.997004,25.633102,26.355236,28.992037,30.292759,32.579437,27.513,23.257133,25.443913,20.117615,21.199131,17.882307,19.35118,16.590672,16.180056,18.081682,18.941912,21.979628,24.466946,22.523523,25.684072,24.962032,28.09392,25.099215,27.645638,29.95776,32.545383,29.437479,33.78561,33.495354,35.795383,37.586483,35.468975,39.16597,38.04138,35.21497,34.238293,29.745222,31.897257,27.398533,31.51138,30.82297,28.720448,27.878273,22.363962,25.01509,21.078043,21.18289,22.41329,18.508825,15.394599,16.268951,13.071265,16.931967,14.371471,18.403307,16.066269,22.4068,23.023897,25.935116,29.724112,27.125015,23.651005,23.6307,18.274565,20.771132,15.035846,16.87697,15.761156,19.504255,23.286512,23.337994,21.865719,20.617184,22.82756,19.882778
21,17.576866,13.304807,16.539783,9.944617,14.218798,13.957756,16.410126,17.419851,18.617485,22.14396,21.759914,25.82352,25.764557,23.203465,21.181244,17.921726,15.14102,12.149265,9.898947,5.6505513,4.5613136,0.0,5.4402804,5.358107,4.56636,7.3128877,8.167384,10.717489,12.5259905,10.569877,15.076823,14.326539,22.1687,22.657724,26.97211,27.993387,30.181572,31.306328,33.286488,27.900715,23.581066,25.428175,19.806799,20.773125,16.701384,18.829803,14.980968,15.28411,16.446898,17.388334,20.969994,24.088028,22.275532,25.967918,25.91027,28.707085,25.93401,28.097666,31.13062,33.239635,29.807068,34.312016,33.974903,35.867065,37.90437,35.096455,38.859,37.218304,34.017624,32.884663,28.250086,29.839375,25.074734,28.814901,27.729265,25.553871,24.11743,18.764189,21.04564,16.83831,17.001366,18.01701,14.430933,11.151147,12.541203,8.978596,13.951842,12.051845,16.318724,15.10187,21.405905,22.840584,25.725336,29.724443,27.504963,24.273638,23.74456,18.392485,19.873442,14.057124,14.442062,12.5632,16.129187,19.952091,20.494297,19.705177,19.080194,21.988934,19.871685
22,14.272388,9.795979,14.164424,8.459279,13.159865,14.520281,16.819183,19.150307,20.240755,24.45618,24.514154,28.745026,29.296743,26.91621,25.401793,21.84193,19.203398,16.149952,13.518658,10.26134,7.417847,5.4402804,0.0,5.4989343,7.6021914,10.16139,12.834615,14.910182,17.354069,15.842347,20.090197,19.195938,27.185251,27.020864,31.813803,32.437874,34.688282,35.593105,37.158493,32.213535,27.919868,30.258951,24.572193,26.01051,21.776232,24.250317,20.186821,20.425365,21.183971,21.602098,25.611616,28.739063,27.421032,31.145435,31.084185,34.02978,31.301102,33.517178,36.436153,38.594147,35.08754,39.50545,38.986515,40.879097,42.589626,39.757175,43.259968,41.445374,38.416733,36.594334,32.358334,33.245804,28.456549,31.93272,30.555307,28.800198,26.442266,21.81956,23.801224,19.105928,19.591528,19.559175,17.072306,13.892284,16.287474,11.961733,17.85417,15.705006,19.696238,18.825523,24.426962,26.133911,28.36004,32.573082,29.808868,26.843008,25.704275,20.913158,21.897255,16.096115,16.214579,13.005307,17.211271,20.617138,20.305376,21.012701,19.500275,22.795649,20.76397
23,19.301844,15.028843,19.508272,13.417321,17.911743,18.468212,20.581244,22.20089,22.827095,26.783064,25.997738,30.241537,29.99074,27.223644,25.186575,22.436312,19.004677,16.738213,13.112976,10.378145,8.051284,5.358107,5.4989343,0.0,3.360986,6.7533145,9.496632,12.144223,14.269747,14.149474,18.24123,19.013367,26.378689,27.613663,31.563528,32.88127,35.111206,36.379158,38.50529,32.940926,28.63311,30.052225,24.498854,24.747766,20.682539,21.953775,17.162052,16.770838,16.951271,16.76387,21.06367,24.204062,23.629368,27.517971,27.909328,30.96362,28.971872,31.293364,34.43399,36.825226,33.743053,38.428032,38.40067,40.19917,42.631306,39.644035,43.59095,41.81264,38.2975,37.411205,32.57652,33.9493,29.03433,32.35796,30.84907,28.449347,26.282997,21.221024,22.425562,17.846031,17.039019,16.934614,13.753768,11.303315,13.565908,11.326694,17.397053,16.46915,20.747942,20.128176,26.358437,28.046833,30.899612,34.94866,32.75791,29.588547,28.895277,23.646055,24.779531,18.991274,18.57534,15.645704,19.115204,22.741615,23.447193,23.795773,23.23174,26.56193,24.68811
24,21.231283,16.919527,20.727295,14.202668,18.311323,18.103119,20.128696,21.097471,21.607962,25.196701,24.073565,28.206774,27.585056,24.71128,22.432049,20.000736,16.401667,14.439494,10.810013,8.231462,6.8251867,4.56636,7.6021914,3.360986,0.0,4.472824,6.1714706,9.12985,10.964816,11.0184965,15.033557,16.304089,23.341234,25.066269,28.6845,30.227428,32.479435,33.916344,36.341587,30.587452,26.313078,27.422176,22.016714,21.871477,18.082098,18.838766,14.233261,13.593657,14.11288,14.175998,18.190107,21.24109,20.410221,24.235374,24.563099,27.619955,25.646173,28.0225,31.125126,33.596767,30.662117,35.38349,35.509438,37.366142,39.983295,37.13022,41.22491,39.642105,36.080517,35.66215,30.621628,32.50241,27.669827,31.182013,29.912266,27.273184,25.768263,20.272074,21.68313,17.498543,16.432777,17.067684,13.0734215,10.679245,12.098619,10.68205,15.901494,15.134279,19.456865,18.511541,25.057007,26.454681,29.656132,33.522076,31.592361,28.269516,27.98659,22.501154,24.025877,18.324688,18.252415,16.143951,19.294378,23.104708,24.147326,23.612728,23.395435,26.40561,24.377436
25,24.078781,19.545792,22.578985,15.913046,18.920662,18.391857,19.616652,20.505188,20.040182,23.7412,21.900764,26.113956,25.219786,22.191746,20.10721,18.290382,14.077159,13.18834,8.283355,8.331442,6.5151525,7.3128877,10.16139,6.7533145,4.472824,0.0,4.855893,5.861595,8.758847,10.230035,13.0401945,15.876832,22.131332,24.3777,27.863655,29.41824,32.04677,33.77273,36.656216,31.00012,26.810898,27.866398,22.812023,22.312475,19.308231,18.94774,15.206205,13.48839,14.626697,14.325036,17.753029,20.043087,19.466492,22.787737,22.626602,26.129,24.316706,27.137825,29.604612,32.669884,30.259085,34.925056,35.301533,37.496037,40.1538,37.88591,42.066853,40.964375,37.583847,37.599976,32.506306,35.016525,30.371613,34.173218,33.21462,30.476727,29.548325,23.801311,25.401926,21.522936,20.208015,21.074978,16.727945,14.665684,15.445631,14.574118,18.884583,17.799492,22.041374,20.285149,27.016293,27.757006,31.140265,34.777676,32.705814,29.155022,29.387516,23.815464,26.12787,20.461588,21.337503,19.785824,23.059013,26.934092,27.764462,26.643793,26.120558,28.648605,26.036804
26,25.69809,21.410236,24.021202,17.267532,20.26034,18.817541,20.350597,20.121725,20.12867,22.902243,20.966719,24.781052,23.354652,20.2752,17.57272,16.11672,12.115928,11.3779545,7.8929415,7.198172,8.03839,8.167384,12.834615,9.496632,6.1714706,4.855893,0.0,3.9644904,4.8004346,6.1518116,9.2705145,12.402769,18.193699,21.113356,23.94795,25.928995,28.320646,30.159117,33.259037,27.27646,23.188074,23.65041,18.811739,17.723827,14.984557,14.116854,10.586302,8.870229,10.608581,11.203691,14.023097,16.500557,15.091336,18.551577,18.530304,21.746752,19.831024,22.482342,25.274971,28.106962,25.656229,30.401041,30.903923,32.978107,35.92827,33.554043,37.90256,36.854076,33.326054,33.887978,28.571726,31.520138,27.028526,30.86561,30.140388,27.164677,26.990154,20.97957,22.737516,19.524332,18.112194,19.860767,14.976852,13.096642,12.741855,12.977831,15.810171,15.261712,19.269085,17.518522,24.342552,24.95497,28.728958,32.110332,30.62848,27.05802,27.650837,21.952726,24.320457,19.089548,19.871147,19.255682,21.81486,25.726984,27.131958,25.133833,25.346008,27.604212,25.229704
27,27.763655,23.346048,25.286583,18.594406,20.609528,18.916748,19.707428,19.358427,18.481186,21.237535,18.648989,22.476078,20.81572,17.61541,15.163078,14.361644,9.8100815,10.3868,6.025455,8.2857,8.802882,10.717489,14.910182,12.144223,9.12985,5.861595,3.9644904,0.0,3.763515,6.642008,7.6516266,12.3538,17.152914,20.37386,23.163792,25.02124,27.790047,29.85262,33.303455,27.580816,23.645573,24.213383,19.82236,18.661171,16.797508,15.120231,12.965614,10.535213,12.8819065,13.23574,15.170063,16.702923,15.339156,18.041887,17.290176,20.934309,19.004961,22.091959,24.090899,27.491373,25.531801,30.108963,30.768642,33.19186,36.021843,34.28495,38.60049,38.0241,34.79433,35.59364,30.395885,33.79886,29.544119,33.61806,33.18176,30.268091,30.495577,24.427383,26.428185,23.36729,22.009125,23.806202,18.89028,17.05209,16.557383,16.607454,18.929123,17.90436,21.713842,19.255766,26.00191,25.991274,29.796713,32.943233,31.272957,27.555265,28.57818,22.950039,25.973347,20.865545,22.477043,22.20623,24.967669,28.884148,29.977137,27.583372,27.417704,29.232677,26.361452
28,29.710743,25.484026,27.387875,20.730278,22.914299,20.77901,21.832153,20.760149,20.285475,22.25623,19.6251,22.992151,20.809958,17.611744,14.582979,14.38399,10.275096,11.117504,8.487975,9.721514,11.469702,12.5259905,17.354069,14.269747,10.964816,8.758847,4.8004346,3.763515,0.0,5.3326645,5.608229,11.195597,14.967559,19.116625,21.033304,23.40935,25.91054,28.108202,31.779099,25.75046,21.985464,21.815878,17.788876,15.791668,14.4025135,11.75452,10.00708,7.204653,10.039627,10.96475,12.092144,13.623681,11.674729,14.491968,13.986483,17.441545,15.681046,18.668587,21.014639,24.280546,22.437742,27.125433,28.020699,30.29256,33.519035,31.655027,36.162834,35.618942,32.19297,33.58607,28.178686,31.924034,27.833288,31.803303,31.50035,28.360657,29.126492,23.000803,24.888453,22.42328,20.840565,23.122822,18.007114,16.57459,15.305648,16.446053,17.637802,17.279533,20.76551,18.515703,25.164337,25.108116,29.201994,32.100853,30.991713,27.32519,28.589478,22.963535,25.871367,21.204815,22.520136,22.776152,24.932167,28.790789,30.367004,27.51342,27.967424,29.655787,27.089617
29,26.346338,22.445713,23.705248,17.352058,19.416998,16.82294,18.36237,16.764874,17.294598,18.841755,17.104809,20.354664,18.730516,15.864279,12.780208,11.181682,8.219326,7.3019505,7.3050985,6.374819,9.750467,10.569877,15.842347,14.149474,11.0184965,10.230035,6.1518116,6.642008,5.3326645,0.0,4.975334,6.403802,12.346983,15.0669985,17.894072,19.8294,22.170383,24.024992,27.256691,21.291496,17.287958,17.82911,13.209136,12.482111,10.424411,9.963286,8.9775,8.481849,11.72731,13.905378,15.105115,17.247261,13.859342,16.735355,15.985798,18.654251,15.510153,17.949244,20.619486,23.090847,20.242601,24.831835,25.078856,27.319115,29.977503,27.915564,32.17022,31.441673,28.262167,28.972227,23.812424,27.383747,23.330559,27.563913,27.47917,24.705692,25.710978,19.636826,22.373957,20.022825,19.503706,22.231714,17.373253,15.156117,13.724216,13.520433,13.726967,12.608745,15.892179,13.272213,19.905087,19.85118,23.894978,26.891644,25.748926,22.123411,23.309944,17.68849,20.61324,16.176857,17.851736,18.826715,20.823072,24.607718,26.016605,22.616613,23.105453,24.538754,22.058796
30,30.723873,26.770445,27.462666,21.266424,22.40203,19.421879,20.141502,17.975945,17.54799,18.353497,15.615416,18.375216,15.848825,12.785449,9.397756,9.755792,6.588052,8.4002695,8.649135,10.431488,13.289193,15.076823,20.090197,18.24123,15.033557,13.0401945,9.2705145,7.6516266,5.608229,4.975334,0.0,7.329861,9.6108,13.933345,15.73877,17.991442,20.682974,23.013386,26.954063,21.19668,17.702639,17.682182,14.338948,12.705344,12.617439,10.018287,11.273968,9.653156,13.342359,15.275801,15.108179,16.02615,12.384614,14.064272,12.335505,15.369805,12.210401,15.266059,16.949543,20.20693,18.257069,22.662066,23.376974,26.00229,28.831358,27.616922,31.953733,31.925694,29.023813,30.557137,25.483028,29.819208,26.266266,30.569254,30.875216,28.03135,29.736197,23.698679,26.382082,24.495596,23.677599,26.54402,21.525614,19.721775,17.954706,18.415865,17.886614,16.881544,19.597738,16.502247,22.612608,21.70889,25.893854,28.309677,27.374962,23.67918,25.587805,20.258802,23.794765,19.932013,22.187155,23.590044,25.463774,29.159887,30.525644,26.611341,27.039202,27.89824,25.090536
31,26.680935,23.389761,23.104551,17.782825,18.604954,15.037101,16.48556,13.429857,14.840476,14.763051,13.870408,16.227005,14.912154,12.769358,9.844728,7.301222,7.5599627,5.895613,10.251214,9.191073,13.135777,14.326539,19.195938,19.013367,16.304089,15.876832,12.402769,12.3538,11.195597,6.403802,7.329861,0.0,8.27907,8.893008,12.672387,13.935031,16.263317,17.90398,21.014544,15.357941,11.371411,12.883521,8.554499,9.8002,8.876363,10.322142,12.239687,13.115036,16.570133,19.419775,19.765875,21.578377,17.00978,18.983274,17.490854,19.24322,14.7021675,16.497538,18.671486,20.376778,16.82043,20.859165,20.40511,22.886751,24.68618,23.102896,26.959585,26.590406,24.136139,24.470692,19.91121,23.890879,20.515173,25.1393,25.789932,23.616377,25.61275,19.984097,23.6971,22.0745,22.656572,25.868277,21.461632,18.914309,17.16197,15.925381,13.90733,11.750003,13.616606,9.805312,15.5067005,14.442875,18.574263,21.138367,20.160997,16.51488,18.372337,13.144482,16.77169,13.662465,16.535612,19.070461,20.545298,23.927277,24.984211,20.27792,20.7581,21.087164,18.475275
32,34.771584,31.594597,30.837257,25.846306,25.92114,22.01432,22.60857,18.714666,19.177883,17.218332,15.346228,15.777743,12.760418,11.2185,8.008304,9.514112,11.067918,12.413687,16.228495,16.966652,20.63434,22.1687,27.185251,26.378689,23.341234,22.131332,18.193699,17.152914,14.967559,12.346983,9.6108,8.27907,0.0,6.996078,6.1947045,9.073428,11.489735,14.177023,18.755077,13.426339,11.261669,10.531977,10.2236805,9.192528,12.261238,10.574112,15.621909,15.838551,19.460312,22.366278,20.833649,21.268127,16.060356,16.045387,13.519015,14.216697,8.946604,10.513524,11.113819,13.075133,10.571053,14.114525,14.396884,17.494297,19.754707,19.635067,23.668003,24.584879,22.630215,24.849195,20.595078,25.910316,23.759474,28.1114,29.47945,27.190971,30.556425,25.250694,28.67814,28.13907,28.260109,31.883867,27.303112,25.47379,22.983734,23.220884,19.88966,18.76003,19.461836,15.998485,19.819,17.519033,21.701616,22.75814,22.950085,19.69592,22.710531,18.664614,22.429811,20.850157,23.702915,26.837547,27.635374,30.6935,32.07998,26.647402,27.61018,27.090717,24.627392
33,31.853874,29.283314,27.308016,23.53103,22.641752,18.468416,19.008244,14.474073,15.9959,12.864716,12.854859,12.529624,11.310988,11.124198,9.577085,8.3909645,12.33516,12.073001,17.447512,17.396687,20.997004,22.657724,27.020864,27.613663,25.066269,24.3777,21.113356,20.37386,19.116625,15.0669985,13.933345,8.893008,6.996078,0.0,6.393133,5.433185,8.277267,9.939566,13.611876,9.402745,7.2185974,9.813114,9.409783,12.03069,13.869868,15.288099,19.513575,20.61623,24.161674,27.256104,26.549015,27.586561,22.363005,22.86976,20.495493,21.07041,15.710896,16.500505,16.93171,17.606903,14.061844,16.32413,14.946417,18.036474,18.238525,18.46841,21.445772,22.35916,21.503078,21.958826,18.902653,23.5965,21.88833,26.494324,28.206968,26.816042,30.09509,25.36379,29.561415,28.883291,30.07448,33.62144,29.533474,27.049599,25.007994,23.605673,20.007427,17.649502,17.481594,13.402138,15.605292,12.341919,15.940995,16.76744,16.474874,13.291438,16.732632,13.636116,17.802286,17.39135,21.165594,24.953123,25.741926,28.37915,29.000862,23.092787,23.490181,22.05705,19.445065
34,37.495914,34.872105,33.351337,29.255083,28.824213,24.692842,25.269106,20.796986,21.87968,18.600918,17.763561,16.738575,14.241695,14.11648,12.107617,13.199383,16.21973,16.962053,21.625072,21.827337,25.633102,26.97211,31.813803,31.563528,28.6845,27.863655,23.94795,23.163792,21.033304,17.894072,15.73877,12.672387,6.1947045,6.393133,0.0,4.27484,5.6011887,8.572223,13.5767145,9.210661,9.089778,8.080765,10.832497,11.105237,14.966044,14.597869,20.169788,21.139185,24.531525,27.729872,25.930973,26.340504,20.8642,20.372547,17.96391,17.390282,12.181324,11.99645,11.763225,11.604984,8.564028,10.205092,9.416428,12.886794,14.068178,15.069202,18.52099,20.230465,19.330378,21.739487,18.57964,24.166346,23.189224,27.32404,29.347616,27.639227,31.800863,27.248575,30.990496,31.147627,31.858473,35.72262,31.539137,29.675085,27.029936,26.972975,22.522038,21.33098,20.784449,17.533585,19.228807,16.128633,19.820135,19.69292,20.798393,18.216677,21.744822,19.054094,22.542568,22.573301,25.548876,29.466082,29.638496,32.155853,33.444588,27.363146,28.577925,27.205734,25.165287
35,36.8503,34.497578,32.234207,28.822102,27.66944,23.469105,23.737741,19.044184,20.286684,16.285913,16.217213,14.4576025,12.831855,13.586164,12.597036,12.955746,16.91788,17.321375,22.488596,22.734318,26.355236,27.993387,32.437874,32.88127,30.227428,29.41824,25.928995,25.02124,23.40935,19.8294,17.991442,13.935031,9.073428,5.433185,4.27484,0.0,3.8285856,6.2373304,10.996782,8.365988,8.85563,9.994292,12.416389,14.264381,17.368437,18.072107,23.201712,24.292747,27.778631,30.959944,29.553116,30.109522,24.702326,24.370928,21.780037,21.49902,16.272015,16.26307,15.602352,15.38971,12.4471,13.098843,11.390111,14.800881,14.246269,16.022364,18.502674,20.480764,20.501429,21.799633,19.560423,24.695223,24.01105,28.262558,30.455585,29.247437,33.255943,28.94936,33.059532,33.000008,34.1683,37.929054,33.896317,31.674059,29.323498,28.415302,24.124916,22.22863,21.403357,17.794151,18.583178,14.850932,17.903952,17.370192,18.114721,15.734523,19.585672,17.701782,21.45357,22.067501,25.63436,29.758,30.085783,32.40631,33.15905,26.915474,27.626148,25.670336,23.426336
36,38.372433,36.322636,34.082447,30.95605,30.069826,25.912472,26.526518,21.816933,23.560982,19.523947,19.872072,18.045923,16.619133,17.405006,16.238789,16.413826,20.248283,20.279022,25.530533,25.192102,28.992037,30.181572,34.688282,35.111206,32.479435,32.04677,28.320646,27.790047,25.91054,22.170383,20.682974,16.263317,11.489735,8.277267,5.6011887,3.8285856,0.0,3.122557,8.3164215,6.176417,8.446687,8.712484,12.614113,14.51474,17.904182,19.006401,24.33026,25.873524,29.133862,32.51813,30.935877,31.610357,26.032331,25.676207,23.44565,22.5151,17.455864,16.610277,16.328989,14.844495,11.519424,11.196205,8.653255,11.736673,10.513613,12.557309,14.746423,17.011318,17.489176,19.0979,17.427504,22.64124,22.662075,26.573748,29.068232,28.093355,32.564175,28.765598,32.83989,33.323643,34.68753,38.598442,34.839367,32.777985,30.238195,29.544434,24.559237,23.054558,21.566126,18.544449,18.214863,14.532829,17.320612,16.080381,17.859753,16.103659,19.85929,18.64425,21.724306,23.16057,26.267305,30.704672,30.472996,32.453407,33.432564,26.98821,28.199183,26.060436,24.429848
