,0,1,2,3,4,5,6,7,8,9,10,11,12,13,14,15,16,17,18,19,20,21,22,23,24,25,26,27,28,29,30,31,32,33,34,35,36,37,38,39,40,41,42,43,44,45,46,47,48,49,50,51,52,53,54,55,56,57,58,59,60,61,62,63,64,65,66,67,68,69,70,71,72,73,74,75,76,77,78,79,80,81,82,83,84,85,86,87,88,89,90,91,92,93,94,95,96,97,98,99,100,101,102,103,104,105,106,107,108,109,110
0,0.0,4.9534965,6.568992,9.78579,12.966739,15.745697,19.021069,21.539764,25.13067,27.978481,30.605776,34.175117,36.50404,35.766823,35.10075,30.304358,30.214582,26.05907,26.111378,21.356314,21.230047,18.291033,17.139496,20.022743,21.45875,25.860859,25.607845,28.803778,28.492765,24.646715,28.71852,23.212444,28.715408,27.915829,30.352848,31.322346,31.01689,33.38941,36.60392,32.29956,28.90299,33.155384,28.274996,31.721428,28.797943,33.394474,32.115646,32.308765,35.429047,38.148422,40.730026,44.390736,41.43304,44.23423,45.243935,46.116383,41.823784,42.72121,45.285793,44.406082,39.466618,40.80783,37.958164,38.611607,37.84588,32.25337,33.632496,31.585068,32.297886,27.11407,27.295633,25.695713,23.47862,22.49757,19.748192,18.458767,22.196682,20.89828,21.888905,24.371124,23.734842,27.664211,24.251673,23.606554,21.219934,20.908846,20.184536,17.818367,20.065498,17.372227,22.652994,21.168604,25.21399,29.361713,30.073015,33.51186,34.18192,30.24411,28.792027,24.502666,23.880068,19.121462,17.193092,18.111572,13.093127,13.182701,9.948058,13.427184,10.639537,14.7465,13.916871
1,4.9534965,0.0,6.35063,6.0347323,10.465747,13.529068,16.54446,19.599186,22.549936,26.129011,28.186058,32.044594,34.32202,33.35564,32.769802,28.097815,27.363771,23.466452,22.59449,18.17192,17.34224,14.412702,12.491661,15.609566,17.428808,21.755558,22.145481,25.31562,25.531715,21.844217,26.3168,21.312925,27.388432,27.054836,30.180279,31.199703,31.380806,34.06603,37.051537,33.003983,29.64495,33.350113,28.483511,31.18069,28.419489,32.059074,30.580572,30.221066,33.19685,35.898983,38.75517,42.420067,39.756924,42.954433,44.016357,45.300117,41.269894,42.567772,45.086506,44.76808,39.994118,41.712433,38.98919,40.084984,39.79118,34.19374,36.04981,34.036404,33.994377,29.455826,28.697393,27.563444,24.572649,23.873518,21.762846,21.140348,24.786482,22.60729,24.318754,26.021702,25.473972,29.326302,25.411276,24.240026,22.088161,20.436888,19.80802,16.468246,18.732672,15.666581,20.680546,19.430384,23.134853,26.875525,28.256927,31.828022,32.628464,28.68307,27.687227,23.46296,22.909245,18.855865,16.965073,18.80235,13.995258,13.575015,12.411701,14.248429,12.196044,16.095577,15.170332
2,6.568992,6.35063,0.0,6.5587482,7.01083,10.081446,12.94675,15.770386,19.213535,22.05523,24.91212,28.243736,30.92333,30.491447,30.297651,25.420782,25.69006,21.572134,22.017927,17.86933,17.63379,15.936581,14.630368,18.75435,19.99238,23.891157,23.875471,26.44816,26.490665,21.948753,25.887127,19.66971,25.535307,23.35598,26.733044,27.118292,26.849546,29.75743,33.11503,29.636593,26.803558,30.933727,26.79854,29.818901,27.91808,31.545223,31.055992,30.70414,34.142162,37.252274,39.451534,42.809853,39.421875,42.43881,42.974495,44.17092,39.669987,40.891068,42.78879,42.339195,37.67557,38.789623,35.724125,36.855385,36.087154,30.656775,32.7256,31.482319,31.8993,27.928982,27.627075,27.474537,24.956879,25.1394,22.804056,21.185408,23.780746,20.867985,21.61366,22.960913,21.371094,24.899992,20.708698,20.038954,18.443775,17.02594,18.315096,15.939454,19.128798,17.895048,23.04853,22.703804,26.391308,30.293451,31.08203,34.582848,34.692997,30.295738,29.697731,24.73107,25.376736,20.424128,19.930153,22.183289,16.937874,15.775613,12.95883,13.389778,9.848636,12.688002,10.239343
3,9.78579,6.0347323,6.5587482,0.0,5.6527276,8.091527,11.030294,14.073093,16.727684,20.558033,22.295887,26.27932,28.478212,27.450672,26.983398,22.354527,21.51549,17.703043,16.815899,12.682543,11.781586,9.685619,8.191646,12.235512,13.59212,17.48233,17.92273,20.598093,21.090715,16.940063,21.415066,16.262592,22.716642,22.168268,25.976868,26.851913,27.434822,30.433619,33.220806,29.7137,26.686329,29.90263,25.522701,27.529377,25.520779,28.084785,27.094976,26.197876,29.359928,32.34679,34.943535,38.379368,35.51476,38.958557,39.746727,41.372066,37.364353,39.02306,41.15132,41.35825,36.867363,38.695362,36.00287,37.604454,37.688377,32.248547,34.73912,33.150246,32.4196,29.075949,27.472147,27.57035,24.079733,24.420033,22.951466,22.4049,25.141886,21.555952,23.600964,24.140734,23.367659,26.906656,22.500515,20.874527,19.244112,16.226341,16.563938,12.815337,15.652125,13.865851,18.495672,18.449173,21.64879,25.07176,26.499582,30.083746,30.377638,26.08863,25.938414,21.24818,21.843555,17.94497,17.48914,20.703598,15.978179,14.33753,14.241374,13.20193,11.590508,14.355118,13.181934
4,12.966739,10.465747,7.01083,5.6527276,0.0,4.149002,6.2491503,9.904961,12.556723,16.156452,18.514364,22.03276,24.785141,24.300642,24.455935,19.694584,19.682968,15.886782,16.025623,12.897211,12.209896,12.13568,10.888863,15.699591,16.60424,19.640736,20.069754,21.900019,22.532684,17.709526,21.595818,15.517235,21.862064,19.30885,23.874285,23.9802,24.337765,27.75113,30.788252,28.147081,25.799604,29.113892,25.645344,27.566025,26.596067,28.606403,28.584028,27.439102,30.917547,34.236282,36.253834,39.317314,35.889973,39.29888,39.541954,41.26859,36.943443,38.69749,40.108982,40.4531,36.218407,37.554897,34.59518,36.413868,36.20191,31.039322,33.88341,33.092583,32.56304,30.026703,28.605515,29.682577,26.501991,27.583277,26.059628,24.870754,26.699366,22.374384,23.670269,23.542757,21.752174,24.754726,19.90632,18.591541,17.859581,14.334389,17.033535,14.145526,17.711641,17.61251,21.96422,22.714615,25.668701,28.9563,30.085354,33.560688,33.292263,28.70772,29.083199,23.928001,25.540955,21.254492,21.824808,25.274797,20.36584,18.342102,17.279514,15.087098,12.652368,13.954383,11.331584
5,15.745697,13.529068,10.081446,8.091527,4.149002,0.0,3.9256115,6.0961037,9.424535,12.601372,14.934041,18.573872,21.041792,20.486858,20.491682,15.669553,16.010437,12.068515,13.197255,10.193063,10.502929,11.245711,11.671298,15.775388,15.843067,18.355274,18.1576,19.513502,19.888428,14.790427,18.187023,11.811421,18.00894,15.283861,20.059479,20.18255,20.838028,24.304272,27.1305,24.736238,22.612991,25.581339,22.514647,24.078793,23.64733,25.164068,25.608442,24.372787,27.995955,31.469284,33.11815,35.9864,32.316483,35.687984,35.742886,37.527466,33.176517,35.039394,36.246277,36.795856,32.738068,34.12524,31.242868,33.318142,33.405857,28.415316,31.585325,31.002735,30.018143,28.307346,26.416836,28.246923,24.965466,26.677305,25.566584,24.445694,25.593454,20.589918,22.077936,21.159925,19.435074,22.163513,17.227894,15.520516,15.151813,10.81266,14.264536,11.773263,15.504794,16.652777,20.50706,21.966248,24.589521,27.752535,28.514482,31.839901,31.140152,26.426243,27.216784,21.887575,24.259544,20.068861,21.581459,25.522026,20.873407,18.35658,17.823944,14.14655,12.432711,12.580502,10.450603
6,19.021069,16.54446,12.94675,11.030294,6.2491503,3.9256115,0.0,4.753612,6.3853498,10.258367,12.477853,15.8764,18.809175,18.557444,19.228056,14.637318,15.053755,11.748869,12.693639,11.3417425,11.014453,13.08968,12.933845,17.31052,17.42557,19.184832,19.529863,20.24652,21.12332,16.117657,19.163229,13.231417,19.13612,15.457723,20.970476,20.538357,21.302326,25.066317,27.81215,26.239597,24.655733,27.253845,24.860662,25.897661,26.121511,26.727499,27.55988,25.891474,29.449295,32.980225,34.444862,37.035732,33.318443,36.833275,36.594093,38.648533,34.3718,36.46513,37.186474,38.11001,34.39377,35.636353,32.740005,35.07335,35.170307,30.492378,33.90338,33.741943,32.65644,31.520277,29.510672,31.757025,28.467188,30.39264,29.395927,28.240067,29.12773,23.884487,25.16162,23.79441,21.65867,23.863089,18.784363,17.201763,17.558628,12.760281,17.168703,14.876726,18.492266,19.953041,23.35045,25.105711,27.382305,30.161455,31.144726,34.399,33.557632,28.870068,30.073809,24.823929,27.466606,23.5986,25.258415,29.318947,24.736212,22.203379,21.727055,17.936537,16.19473,15.901463,13.338205
7,21.539764,19.599186,15.770386,14.073093,9.904961,6.0961037,4.753612,0.0,4.829511,6.561181,9.297455,12.645855,15.158839,14.971998,15.4085245,10.655981,12.210032,8.769405,11.849769,10.771996,11.980229,14.345599,15.799492,19.218025,18.494844,19.777689,19.155958,19.33586,19.632584,14.511331,16.496004,10.265271,15.272923,10.780263,16.500347,15.950608,16.978146,20.75595,23.293413,22.091452,20.908573,23.167631,21.44589,22.211266,23.162096,23.396343,24.928879,23.373295,27.098686,30.772821,31.659706,33.972248,29.848755,33.14474,32.61811,34.599613,30.19574,32.29589,32.71433,33.73283,30.228706,31.380844,28.540638,31.088543,31.42157,27.033464,30.72289,30.869728,29.438171,29.225813,26.928572,29.95984,26.81368,29.362427,28.704933,27.502104,27.582718,21.846956,23.091604,20.916292,18.805403,20.541775,15.57582,13.697935,14.643343,9.38836,14.794465,13.55819,17.078125,19.864752,22.734686,25.081615,27.086119,29.821007,30.192532,33.19698,31.838713,27.080149,28.601217,23.251743,26.649649,22.799885,25.36643,29.667345,25.37316,22.506542,22.223932,17.353678,16.24077,14.755271,12.854613
8,25.13067,22.549936,19.213535,16.727684,12.556723,9.424535,6.3853498,4.829511,0.0,5.394644,6.273762,9.829833,12.7019415,12.560491,13.869019,9.885236,10.687028,8.774459,10.609898,11.787591,11.989924,15.540583,16.436916,19.790657,19.127085,19.459066,19.62327,19.071915,20.14458,15.542885,17.289633,12.602325,17.218344,13.073539,19.208004,18.375265,19.80295,23.655447,25.766806,25.350325,24.565855,26.080385,24.85608,24.733181,26.137861,25.078302,26.699837,24.498774,27.92808,31.529081,32.399532,34.42129,30.569288,34.166546,33.461998,35.894882,31.881214,34.356075,34.395412,36.037853,32.993362,34.269688,31.632881,34.487385,35.083813,31.028675,34.896236,35.203705,33.428097,33.67793,31.01251,34.219616,30.82531,33.410248,32.990948,32.042503,32.180817,26.34897,27.771599,25.317087,23.253607,24.607836,19.761639,17.869219,19.12808,13.619599,18.670511,17.034504,20.181206,22.811018,25.069586,27.648539,29.157402,31.299475,32.13457,35.056637,33.697147,29.118921,31.117239,26.089134,29.52452,26.33974,28.822054,33.31806,29.190777,26.336367,26.558151,21.73649,20.816357,19.545567,17.596966
9,27.978481,26.129011,22.05523,20.558033,16.156452,12.601372,10.258367,6.561181,5.394644,0.0,4.661196,6.3527927,9.395849,10.259337,11.874064,8.271811,11.368697,9.935085,13.927712,14.975044,16.308012,19.568876,21.248491,24.24784,23.138464,23.34183,22.643738,21.722797,22.097485,17.565506,17.9817,13.206566,15.93457,9.734747,15.856672,14.236553,15.580479,19.481041,21.501879,22.057981,22.115316,23.421652,23.345371,23.184652,25.516272,24.322918,26.877247,25.007338,28.580225,32.283295,32.37202,33.964703,29.525799,32.65395,31.423603,33.63197,29.347536,31.67775,31.04461,32.64365,29.968061,30.73585,28.034353,31.01885,31.52942,28.036121,32.093224,33.04038,31.30704,32.496086,29.992407,33.939705,31.023338,34.12947,33.79456,32.522377,31.795933,25.748308,26.626963,23.520535,21.083872,21.58827,17.107569,15.494549,17.635462,12.721927,18.76781,18.494116,21.547033,25.198828,27.2502,30.147133,31.604628,33.852844,33.992695,36.645916,34.768314,30.16386,32.294895,27.176641,31.213703,27.781958,30.941498,35.40367,31.370676,28.363474,28.172031,22.837997,22.002733,19.684383,17.902153
10,30.605776,28.186058,24.91212,22.295887,18.514364,14.934041,12.477853,9.297455,6.273762,4.661196,0.0,4.610625,6.477523,6.485426,8.582728,6.09997,8.189922,8.554245,11.736649,14.374153,15.465593,19.321678,21.254128,23.56487,22.175257,21.480688,21.014135,19.3875,20.180721,16.352493,16.303198,13.340191,15.625595,11.464838,17.3509,16.238787,18.321972,21.902899,23.17649,23.915028,23.974659,24.324945,24.39931,23.206142,25.783619,23.271406,25.778502,23.34504,26.571949,30.150982,30.215458,31.564806,27.496307,30.941774,29.708931,32.376957,28.64793,31.38721,30.708645,32.99006,30.70006,31.95763,29.679094,32.954353,34.06915,30.752258,34.924507,35.648304,33.25497,34.854946,31.691113,35.74935,32.44657,35.61925,35.71604,34.91943,34.28845,28.12864,29.606876,26.24761,24.440456,24.949001,20.72761,18.664616,20.58222,15.193117,20.226908,19.529037,22.054075,25.716349,26.964495,30.177444,31.04475,32.690243,33.098427,35.57971,33.65317,29.299261,31.909369,27.21962,31.336193,28.719408,31.95444,36.682083,33.026497,29.947538,30.6291,25.058369,24.843393,22.785194,21.536657
11,34.175117,32.044594,28.243736,26.27932,22.03276,18.573872,15.8764,12.645855,9.829833,6.3527927,4.610625,0.0,4.385335,6.67808,9.891803,9.0958185,11.986663,12.848981,16.234861,18.934978,20.049809,23.90027,25.668999,28.14741,26.781988,25.971025,25.453192,23.607956,24.276241,20.647476,20.006279,17.216606,18.378336,13.001794,18.423386,16.491596,18.293251,21.795603,22.906876,24.790234,25.622896,25.778784,26.79361,25.541649,28.73719,26.012106,29.071161,26.757421,29.90734,33.44746,33.00071,33.902664,29.594349,32.69144,30.961964,33.55453,29.809484,32.471027,31.02549,33.415253,31.637333,32.370956,30.080786,33.43264,34.360714,31.64112,35.885193,37.195274,34.981346,37.168003,34.25598,38.70124,35.73509,39.126537,39.170162,38.107204,37.03944,30.856108,31.826296,28.188618,25.952919,25.757826,21.88846,20.302593,22.78938,18.021503,23.598429,23.492508,26.036608,29.993238,31.229944,34.51641,35.36961,36.99066,37.17776,39.50598,37.338257,33.05048,35.7444,31.0654,35.39972,32.637306,36.07185,40.732365,37.009373,33.91526,34.18828,28.581682,28.13103,25.648752,24.137304
12,36.50404,34.32202,30.92333,28.478212,24.785141,21.041792,18.809175,15.158839,12.7019415,9.395849,6.477523,4.385335,0.0,3.3103697,6.640329,7.9910483,10.841864,12.800588,16.38088,19.447025,21.0213,24.818096,27.279354,28.988646,27.180271,25.8734,24.903986,22.575539,22.980305,20.053082,18.434446,17.079,16.856747,12.919392,17.498306,15.987708,18.394304,21.38256,21.68799,23.860495,24.921764,24.154266,25.704628,23.65431,27.330765,23.670696,27.048561,24.639462,27.521065,30.930223,30.0524,30.565334,26.295797,29.303757,27.38404,30.153538,26.789364,29.653719,27.998648,30.878939,29.56151,30.57516,28.711401,32.290325,33.78891,31.419453,35.744976,36.9857,34.196484,37.067196,33.680714,38.446922,35.425396,39.056328,39.518345,38.75262,37.39737,31.152279,32.458275,28.428947,26.781796,26.379057,23.018023,21.109972,23.549082,18.867426,23.68501,23.890099,25.886583,30.242016,30.763376,34.36031,34.758553,36.018734,35.95859,37.96924,35.529736,31.509857,34.530037,30.24508,34.83277,32.62265,36.4035,41.18533,37.895985,34.706516,35.539383,29.565681,29.747751,27.093927,26.275038
13,35.766823,33.35564,30.491447,27.450672,24.300642,20.486858,18.557444,14.971998,12.560491,10.259337,6.485426,6.67808,3.3103697,0.0,3.7699914,6.1094766,8.057867,10.751805,13.996172,17.361984,19.036108,22.806166,25.601967,26.795439,24.780901,23.187943,22.108166,19.569353,20.005562,17.47062,15.643877,15.238967,14.964517,12.733775,17.179447,16.399971,19.196184,22.026068,22.101088,23.647726,24.300013,23.195848,24.36408,21.884157,25.387346,21.24613,24.394001,21.75521,24.498013,27.857306,27.12377,27.721886,23.692478,26.982077,25.321953,28.312296,25.214909,28.27979,27.061035,30.149313,28.724272,30.242245,28.594975,32.22156,34.085,31.489779,35.795685,36.629227,33.465054,36.251858,32.47528,37.115936,33.829735,37.407944,38.104736,37.66266,36.488255,30.25271,32.032043,28.031733,26.896748,26.842617,23.467926,21.168854,23.225912,18.241037,22.280886,22.212006,23.875502,28.17221,28.286747,31.987642,32.116673,33.13589,33.162323,35.106564,32.704334,28.80455,31.980206,27.93591,32.479324,30.704996,34.480556,39.355892,36.3279,33.127144,34.491146,28.433935,29.029133,26.607746,26.202974
14,35.10075,32.769802,30.297651,26.983398,24.455935,20.491682,19.228056,15.4085245,13.869019,11.874064,8.582728,9.891803,6.640329,3.7699914,0.0,4.9146714,6.562248,9.431394,13.06771,15.980013,18.24645,21.59446,25.059217,25.622303,23.25336,21.62267,19.898542,17.285818,17.202755,15.08185,12.511973,13.138249,11.880226,11.591513,15.242849,15.258695,18.43079,20.864525,20.565477,21.567049,21.97098,20.387396,21.465218,18.540384,22.104042,17.56897,20.80381,18.222982,20.949888,24.317522,23.44414,24.092552,19.977999,23.324928,21.828701,24.854225,21.850176,25.014565,24.178585,27.357899,25.862436,27.802202,26.412317,30.067694,32.331944,29.68009,33.938698,34.45387,30.892225,33.85629,29.732456,34.421345,31.064602,34.73193,35.715816,35.535446,34.26861,28.094446,30.238811,26.140877,25.619526,25.720613,22.655436,20.032778,21.767252,16.92705,20.027962,20.17905,21.36673,25.920197,25.576036,29.432882,29.334253,30.263569,29.997961,31.773962,29.220358,25.424309,28.707277,24.897903,29.568233,28.141893,32.132668,37.024376,34.358986,31.130426,32.92441,26.694044,27.830858,25.39998,25.646326
15,30.304358,28.097815,25.420782,22.354527,19.694584,15.669553,14.637318,10.655981,9.885236,8.271811,6.09997,9.0958185,7.9910483,6.1094766,4.9146714,0.0,4.8432407,5.3695817,10.344178,12.222237,14.706482,17.877825,21.233908,22.373266,20.247828,19.451942,17.741913,15.942011,15.793946,12.352887,11.01866,9.188413,9.872347,8.28088,13.208649,13.262837,16.125628,19.085142,19.698114,19.781332,19.584368,19.16373,19.253523,17.410599,20.236864,17.22921,20.006456,17.738102,21.05181,24.684912,24.45227,25.836,21.569296,24.970453,23.904333,26.52605,22.855185,25.68545,25.446377,27.841564,25.49612,27.3124,25.410505,28.801044,30.584108,27.27497,31.461079,31.78751,28.700624,30.802986,27.03307,31.367258,27.976875,31.442225,32.04765,31.640188,30.681696,24.472092,26.532236,22.799576,21.99405,22.601683,18.967695,16.271671,17.817167,12.535224,16.24613,16.141691,17.936882,22.34165,22.8284,26.417257,26.925455,28.481483,28.308853,30.51408,28.257872,23.99334,26.803247,22.364809,26.87042,24.726501,28.513256,33.343197,30.280697,27.06701,28.473764,22.368414,23.17823,20.871408,20.89087
16,30.214582,27.363771,25.69006,21.51549,19.682968,16.010437,15.053755,12.210032,10.687028,11.368697,8.189922,11.986663,10.841864,8.057867,6.562248,4.8432407,0.0,4.36882,6.5183854,9.90625,11.811126,15.303631,18.70316,19.122257,16.865826,15.330573,14.0864315,11.807631,12.458396,9.730434,8.984504,9.333155,11.251851,12.45259,16.960714,17.660456,20.581055,23.396242,23.85053,23.280828,22.456951,21.77552,20.993359,18.652864,20.715858,17.011545,18.817377,15.836026,18.75594,22.229687,22.675585,24.311636,20.887392,24.876314,24.355555,27.374596,24.368666,27.45606,27.811758,30.499247,28.094858,30.50665,28.887297,32.227787,34.30224,30.715302,34.76116,34.52616,31.121983,32.73686,28.539759,32.341263,28.431248,31.539495,32.383095,32.502216,32.162098,26.146687,28.850931,25.499702,25.214655,26.358181,22.598246,19.663563,20.537977,14.909252,17.173592,15.896464,17.204067,20.884205,20.780003,24.402287,24.448086,25.457697,25.926744,28.181925,26.26878,22.231337,25.285898,21.306578,25.401123,24.089558,27.468594,32.446213,29.677683,26.55384,28.805166,22.960098,24.134914,22.604265,22.829943
17,26.05907,23.466452,21.572134,17.703043,15.886782,12.068515,11.748869,8.769405,8.774459,9.935085,8.554245,12.848981,12.800588,10.751805,9.431394,5.3695817,4.36882,0.0,5.943806,6.8563237,9.540796,12.51293,16.086079,17.07061,15.001819,14.674213,13.107371,12.030212,12.164408,7.872368,8.550803,5.7027082,9.748351,10.273963,15.093122,15.944349,18.494127,21.48977,22.56424,21.222464,19.900581,20.17655,18.610054,17.323288,18.726124,16.639591,18.1488,15.77996,19.222454,22.866482,23.643517,25.791145,22.088497,25.863165,25.579535,28.131907,24.547773,27.263393,28.027803,30.02175,26.990604,29.243431,27.267363,30.327816,32.019093,27.97333,31.884098,31.481827,28.495941,29.419697,25.576742,29.08723,25.24014,28.21026,28.722813,28.615486,28.460766,22.47283,25.095535,22.093925,21.688253,23.262472,19.223068,16.262442,16.815386,11.006158,13.517403,12.064954,13.987535,17.671537,18.458162,21.81145,22.530012,24.28235,24.594513,27.183168,25.459888,21.016266,23.52103,18.928656,22.920317,20.819588,24.113163,29.006145,25.892561,22.754417,24.622677,18.824848,19.799143,18.351288,18.55705
18,26.111378,22.59449,22.017927,16.815899,16.025623,13.197255,12.693639,11.849769,10.609898,13.927712,11.736649,16.234861,16.38088,13.996172,13.06771,10.344178,6.5183854,5.943806,0.0,5.4533567,5.678617,9.584547,12.537708,12.87184,11.001538,9.748808,9.849373,8.659837,10.609891,7.4686646,10.030205,9.627178,14.387148,16.190811,20.85295,21.879736,24.372498,27.373549,28.411873,26.749214,24.990475,25.175776,22.872896,21.334715,21.811703,19.350018,19.559326,16.53655,19.282711,22.534208,24.288982,26.709312,24.106623,28.36823,28.60366,31.499609,28.589119,31.487164,32.680183,34.919968,31.879677,34.534683,32.74417,35.72292,37.52312,33.2405,36.967915,36.09152,33.019085,33.235455,29.206905,31.910378,27.583267,29.904032,30.497063,30.905708,31.622847,26.056257,29.138329,26.732157,26.593102,28.615524,24.404991,21.47098,21.484848,15.713834,16.886057,13.895551,15.315741,17.339087,17.708527,20.742506,21.043581,22.137043,23.602484,26.364218,25.328419,21.266598,23.81265,19.862165,22.92458,21.756277,24.121794,29.037674,26.14296,23.281713,25.93745,20.925257,21.957624,21.628796,21.689577
19,21.356314,18.17192,17.86933,12.682543,12.897211,10.193063,11.3417425,10.771996,11.787591,14.975044,14.374153,18.934978,19.447025,17.361984,15.980013,12.222237,9.90625,6.8563237,5.4533567,0.0,4.150067,5.7223454,10.039464,10.478888,8.540686,9.5896845,8.429801,9.350638,9.915211,5.2260222,9.531297,6.839083,13.012484,15.266741,19.290293,20.784355,22.895948,25.715601,27.153269,24.453674,22.000824,23.001833,19.668379,19.193851,18.623901,18.018717,17.660055,15.513411,18.709236,22.04098,24.11132,27.086716,24.26858,28.215754,28.812563,31.16008,27.820332,30.277645,32.08887,33.58848,29.925306,32.575974,30.607393,33.189396,34.74107,30.014374,33.430817,32.130154,29.380613,28.741236,24.985785,27.146927,22.812805,24.870768,25.237492,25.626562,26.670946,21.381613,24.633791,22.804794,22.980085,25.575766,21.43262,18.483032,17.748394,12.440796,12.469876,8.800115,10.561722,12.298965,13.659537,16.369764,17.477114,19.55367,20.65906,23.75958,22.952827,18.522606,20.334234,15.827799,18.628078,16.737135,18.980299,23.84864,20.760921,17.869875,20.531769,15.645222,16.888922,16.986446,17.535795
20,21.230047,17.34224,17.63379,11.781586,12.209896,10.502929,11.014453,11.980229,11.989924,16.308012,15.465593,20.049809,21.0213,19.036108,18.24645,14.706482,11.811126,9.540796,5.678617,4.150067,0.0,4.5309434,6.941406,8.104232,7.1995163,8.171118,9.24357,10.296112,12.128318,8.566184,12.974706,10.876297,17.039602,18.588543,23.102274,24.269663,26.249418,29.312141,30.91677,28.408392,25.99254,27.131895,23.75739,23.305128,22.573545,21.810917,21.09601,18.66788,21.445814,24.514591,26.989124,29.967873,27.590134,31.72886,32.38256,34.919678,31.772526,34.321686,36.065815,37.689167,34.06913,36.676437,34.63826,37.204826,38.58708,33.77906,37.142776,35.83053,33.309303,32.254025,28.715424,30.435745,26.040815,27.630878,27.772402,28.201166,29.763643,24.750385,27.871044,26.397993,26.264584,28.952597,24.534668,21.803791,21.113672,15.789211,16.19959,12.109984,13.886899,14.217833,15.766206,17.878258,18.957142,20.682354,22.635075,25.851082,25.526588,21.384268,23.067179,18.936392,20.982761,19.360928,20.716318,25.373129,22.1425,19.58396,22.161139,18.133186,18.804697,19.540161,19.426245
21,18.291033,14.412702,15.936581,9.685619,12.13568,11.245711,13.08968,14.345599,15.540583,19.568876,19.321678,23.90027,24.818096,22.806166,21.59446,17.877825,15.303631,12.51293,9.584547,5.7223454,4.5309434,0.0,5.3854175,5.30989,4.624833,8.029918,8.448569,11.098572,12.153767,9.0250435,13.958076,11.772722,17.946918,20.371054,24.09959,25.719402,27.485607,30.24879,31.960787,28.642277,25.65484,27.164764,22.9558,23.098585,21.33267,21.765131,20.235798,18.41566,21.097576,23.936134,26.863504,30.255836,28.12914,32.07796,33.162212,35.361233,32.217834,34.4679,36.80833,37.983093,33.99549,36.760387,34.76461,36.987076,38.31221,33.219635,36.214584,34.373493,32.00732,30.13223,26.741669,27.660604,23.175766,24.210524,24.281363,25.013943,27.14935,22.742931,26.163364,25.358839,25.734095,28.889921,24.73743,22.042002,20.633732,16.120012,14.932409,10.26721,11.592094,10.424954,12.565235,13.981647,15.567936,17.834667,19.863035,23.304932,23.454046,19.387415,20.374552,16.369595,17.568485,15.948291,16.6198,21.133936,18.038921,15.693951,18.801876,15.485148,16.5427,18.085957,18.570122
22,17.139496,12.491661,14.630368,8.191646,10.888863,11.671298,12.933845,15.799492,16.436916,21.248491,21.254128,25.668999,27.279354,25.601967,25.059217,21.233908,18.70316,16.086079,12.537708,10.039464,6.941406,5.3854175,0.0,5.4582148,7.6266074,10.704908,12.943686,15.3328705,17.102993,14.158096,19.019426,16.290745,22.788776,23.922276,28.23593,29.382618,30.835241,33.919662,36.008656,32.903996,30.010193,31.961794,27.789566,28.266068,26.504541,27.11295,25.596302,23.693653,26.210312,28.897306,32.00225,35.356483,33.35386,37.379086,38.381203,40.656277,37.432022,39.679974,41.844925,42.96756,38.92226,41.431152,39.19644,41.33169,42.24536,37.03091,39.9304,38.209446,36.37603,33.93933,31.108767,31.578508,27.29981,27.82016,27.351978,27.809303,30.459852,26.40879,29.362099,29.032938,28.821445,32.06038,27.572803,25.261265,23.975512,19.55119,19.313398,14.697321,16.483809,14.409781,17.134598,17.656345,19.513098,21.621422,24.24075,27.745213,28.308577,24.453407,25.142002,21.307339,21.83226,19.966795,19.606342,23.491644,19.977127,18.202509,20.4315,18.39282,18.34319,20.507141,19.983627
23,20.022743,15.609566,18.75435,12.235512,15.699591,15.775388,17.31052,19.218025,19.790657,24.24784,23.56487,28.14741,28.988646,26.795439,25.622303,22.373266,19.122257,17.07061,12.87184,10.478888,8.104232,5.30989,5.4582148,0.0,3.3854687,6.860694,9.328726,12.281575,14.08187,12.728774,17.504694,16.74922,22.52156,25.56182,29.198944,30.936293,32.773415,35.477787,37.068546,33.617527,30.471579,31.761465,27.310238,27.193031,24.966179,25.12681,22.798586,20.818043,22.730831,24.97551,28.562412,32.078114,30.809877,34.908134,36.35591,38.691055,36.046467,38.36343,40.99379,42.310818,38.371494,41.406292,39.595005,41.756245,43.210773,38.066208,40.88337,38.706375,36.26289,33.985474,30.536463,30.756685,26.132702,26.47614,26.672462,27.91802,30.668173,26.87881,30.509773,30.080374,30.70998,34.004684,29.926504,27.262527,25.67442,21.38457,19.580719,14.836474,15.311301,12.544431,13.809568,14.290444,15.306521,16.746975,19.918438,23.323736,24.257963,20.917091,21.678904,18.77672,18.74439,18.361406,17.831497,21.84894,19.434893,17.760342,21.482311,19.331371,20.467245,22.651224,23.149525
24,21.45875,17.428808,19.99238,13.59212,16.60424,15.843067,17.42557,18.494844,19.127085,23.138464,22.175257,26.781988,27.180271,24.780901,23.25336,20.247828,16.865826,15.001819,11.001538,8.540686,7.1995163,4.624833,7.6266074,3.3854687,0.0,4.562704,5.9717946,9.13423,10.707864,9.726101,14.359442,14.440303,19.753096,23.585114,26.911873,28.874802,30.940351,33.46416,34.763416,31.33265,28.237207,29.110857,24.791883,24.268309,22.179697,21.89699,19.562794,17.459908,19.38499,21.721745,25.21576,28.713232,27.434479,31.549305,33.025578,35.396297,32.885334,35.27126,37.938503,39.397858,35.590954,38.79307,37.164196,39.435436,41.17997,36.189384,39.110554,36.937897,34.109,32.34428,28.492218,29.112894,24.366116,25.117622,25.712963,27.11117,29.441574,25.380453,29.248856,28.424633,29.351475,32.494186,28.616774,25.742968,24.207005,19.819313,17.612951,13.043087,13.054951,11.074765,11.460383,12.772075,13.298145,14.596534,17.47253,20.80217,21.40943,17.966656,19.123278,16.240673,16.753298,16.764109,17.020027,21.443653,19.348244,17.315155,21.475445,18.504765,20.220943,21.914288,22.875547
25,25.860859,21.755558,23.891157,17.48233,19.640736,18.355274,19.184832,19.777689,19.459066,23.34183,21.480688,25.971025,25.8734,23.187943,21.62267,19.451942,15.330573,14.674213,9.748808,9.5896845,8.171118,8.029918,10.704908,6.860694,4.562704,0.0,4.81568,6.237784,9.153019,9.659196,13.428894,15.321049,19.855335,24.182892,27.643934,29.565397,32.00478,34.521492,35.402817,32.49249,29.758501,29.869953,26.153324,24.677038,23.24811,21.431492,19.269363,16.415926,17.826994,20.001339,23.452663,26.633509,25.78665,30.172024,31.577356,34.350132,32.328842,35.051434,37.472904,39.50352,36.14499,39.541363,38.165325,40.743195,42.85821,38.17546,41.346,39.36934,36.064247,35.100693,30.789787,31.961916,27.134277,28.277514,29.271078,30.790497,32.70025,28.294016,32.250328,30.85177,31.80566,34.593254,30.74531,27.698874,26.56449,21.71661,19.899399,15.749986,15.464533,14.566083,13.59063,15.62789,15.014519,15.04492,18.154028,21.057665,21.396229,18.338318,20.322773,18.016218,19.054668,19.884392,20.698278,25.234123,23.521894,21.36315,25.667631,22.123764,24.005713,25.169977,26.099096
26,25.607845,22.145481,23.875471,17.92273,20.069754,18.1576,19.529863,19.155958,19.62327,22.643738,21.014135,25.453192,24.903986,22.108166,19.898542,17.741913,14.0864315,13.107371,9.849373,8.429801,9.24357,8.448569,12.943686,9.328726,5.9717946,4.81568,0.0,3.9285748,4.8798237,6.1832023,9.608752,12.39102,16.081896,21.576307,24.20905,26.55791,29.09136,31.221287,31.846106,28.623962,25.77027,25.603504,21.786837,20.158476,18.565395,16.847246,14.514884,11.883544,13.632592,16.115385,19.413866,22.80376,21.665451,25.891008,27.43685,29.982262,27.91172,30.511105,33.200657,35.07609,31.670555,35.229538,34.038437,36.55665,38.90846,34.337643,37.446945,35.342262,31.740053,31.116608,26.50797,27.943554,23.106787,24.623137,25.98452,27.641447,29.119572,24.66875,28.857323,27.244238,28.695019,31.416187,28.005838,24.816034,23.515812,19.078016,16.319452,12.668041,11.615919,11.702632,9.83177,12.764734,11.919955,12.371768,14.488635,17.371153,17.20663,13.786495,16.021795,13.592259,15.286358,16.33518,18.004416,22.78505,21.418957,18.983742,23.61291,19.462124,22.02613,22.763222,24.411362
27,28.803778,25.31562,26.44816,20.598093,21.900019,19.513502,20.24652,19.33586,19.071915,21.722797,19.3875,23.607956,22.575539,19.569353,17.285818,15.942011,11.807631,12.030212,8.659837,9.350638,10.296112,11.098572,15.3328705,12.281575,9.13423,6.237784,3.9285748,0.0,3.8920884,6.4120393,8.194905,12.563658,15.323187,20.936792,23.718904,25.913261,28.744114,30.883562,31.15348,28.568209,26.195715,25.377295,22.366962,19.900415,19.27943,16.012726,14.398105,10.975062,12.496054,15.103182,17.91409,20.845524,19.733316,24.203215,25.47402,28.405722,26.628582,29.549273,31.81788,34.21757,31.271297,34.86207,33.836937,36.65452,39.255196,35.031242,38.40093,36.6396,32.72319,32.935806,28.072842,30.182413,25.443335,27.426283,28.960701,30.485916,31.461065,26.613218,30.677477,28.488188,29.78941,32.093548,28.710823,25.440622,24.62617,19.81224,17.836971,14.7857685,13.9123745,15.138609,12.938495,16.278542,14.98635,14.738588,16.530626,18.90583,18.173498,14.981382,17.96287,15.739777,18.153822,19.305605,21.518763,26.368773,24.998987,22.401865,26.790573,22.10459,24.586866,24.75892,26.239937
28,28.492765,25.531715,26.490665,21.090715,22.532684,19.888428,21.12332,19.632584,20.14458,22.097485,20.180721,24.276241,22.980305,20.005562,17.202755,15.793946,12.458396,12.164408,10.609891,9.915211,12.128318,12.153767,17.102993,14.08187,10.707864,9.153019,4.8798237,3.8920884,0.0,5.267836,5.843394,11.143842,12.827527,19.561087,21.437546,24.052914,26.89256,28.639664,28.711946,25.74145,23.205322,22.171629,18.992785,16.419956,15.553333,12.438926,10.558754,7.3541727,9.406815,12.404315,15.050541,18.275799,16.832201,21.111473,22.585194,25.229694,23.365864,26.123684,28.739702,30.91055,27.853842,31.606514,30.74595,33.452724,36.234802,32.084538,35.335762,33.410248,29.274172,29.698805,24.628052,26.883242,22.20178,24.440569,26.256796,27.89665,28.5433,23.789871,28.022074,25.74424,27.515823,29.795177,26.85379,23.52005,22.498156,18.25343,15.34814,12.944827,11.353625,13.398348,10.5845,14.413096,13.0298395,13.193826,13.923265,16.190275,14.97458,11.448845,14.634238,12.388588,15.354086,16.671621,19.488302,24.35164,23.315002,20.615454,25.161707,20.198069,23.184805,23.079874,25.155787
29,24.646715,21.844217,21.948753,16.940063,17.709526,14.790427,16.117657,14.511331,15.542885,17.565506,16.352493,20.647476,20.053082,17.47062,15.08185,12.352887,9.730434,7.872368,7.4686646,5.2260222,8.566184,9.0250435,14.158096,12.728774,9.726101,9.659196,6.1832023,6.4120393,5.267836,0.0,4.942996,6.371351,10.26654,15.425391,18.137348,20.382511,22.951807,25.142475,25.842794,22.906364,20.374933,20.330769,17.03974,15.534018,14.96012,13.325446,12.67865,10.299801,13.513564,16.91989,18.896759,21.948942,19.322468,23.331207,24.22811,26.622458,23.731209,26.309933,28.50571,30.260382,26.808285,30.002823,28.555126,31.238768,33.459576,29.024,32.42326,30.847082,27.307436,27.402533,22.874159,25.372795,20.862404,23.299206,24.446257,25.39077,25.976868,20.736713,24.552202,22.28454,23.400251,25.784113,22.369186,19.10813,18.220762,13.480945,11.672488,8.91653,8.805831,11.687421,11.084428,14.696202,14.831268,16.414165,16.897017,19.635246,18.375137,14.029524,16.482866,12.508431,15.959133,15.280997,18.315422,23.334213,21.229485,18.249529,21.866953,16.516386,18.924927,18.602392,20.239119
30,28.71852,26.3168,25.887127,21.415066,21.595818,18.187023,19.163229,16.496004,17.289633,17.9817,16.303198,20.006279,18.434446,15.643877,12.511973,11.01866,8.984504,8.550803,10.030205,9.531297,12.974706,13.958076,19.019426,17.504694,14.359442,13.428894,9.608752,8.194905,5.843394,4.942996,0.0,7.2576585,7.284936,14.180512,15.9127245,18.435026,21.435904,23.157476,23.111874,20.655575,18.66444,17.40518,15.189478,12.3112335,13.058289,9.359684,9.995511,7.23829,10.7287655,14.426422,15.329845,17.924103,14.767204,18.799809,19.442886,22.021444,19.326029,22.176765,24.147436,26.36706,23.41416,26.821392,25.781816,28.750275,31.49964,27.639818,31.219847,29.91683,25.76741,27.158325,22.174644,25.57544,21.353645,24.452166,26.062683,27.0125,26.717575,21.270247,25.018139,21.972101,23.400011,25.152264,22.345495,18.987736,18.563507,14.216985,12.542231,11.594348,10.876032,15.037462,13.428322,17.482496,16.96187,18.012978,17.54609,19.577389,17.421938,13.325281,16.541168,13.105417,17.452957,17.260607,21.108454,26.040867,24.400072,21.332039,24.859604,18.988672,21.713783,20.536085,22.524193
31,23.212444,21.312925,19.66971,16.262592,15.517235,11.811421,13.231417,10.265271,12.602325,13.206566,13.340191,17.216606,17.079,15.238967,13.138249,9.188413,9.333155,5.7027082,9.627178,6.839083,10.876297,11.772722,16.290745,16.74922,14.440303,15.321049,12.39102,12.563658,11.143842,6.371351,7.2576585,0.0,6.7170167,9.467088,12.571442,14.484935,16.789644,19.232485,20.446297,17.699305,15.494728,16.337189,13.620522,13.255267,13.731275,13.51195,14.667969,13.385044,17.263573,20.954159,21.823305,24.463522,20.538433,23.888384,24.046158,25.962408,21.999022,24.2391,25.815023,27.046223,23.361341,25.814837,23.81619,26.51023,28.23066,23.77992,27.421278,26.49133,23.474257,23.94863,20.037222,23.388142,19.562298,22.63396,23.215765,23.180277,22.930883,17.022886,20.054335,17.27379,17.671694,19.790504,16.181513,12.932958,12.5481825,7.3861184,7.903026,7.04674,8.861958,13.40322,14.512729,17.80813,18.983694,21.482367,21.01014,23.662615,21.882034,17.149336,19.092587,14.035868,18.247545,15.607218,19.354822,24.161007,21.240715,18.00843,20.019173,13.881498,15.632572,14.079687,15.481278
32,28.715408,27.388432,25.535307,22.716642,21.862064,18.00894,19.13612,15.272923,17.218344,15.93457,15.625595,18.378336,16.856747,14.964517,11.880226,9.872347,11.251851,9.748351,14.387148,13.012484,17.039602,17.946918,22.788776,22.52156,19.753096,19.855335,16.081896,15.323187,12.827527,10.26654,7.284936,6.7170167,0.0,8.633504,8.720502,11.627863,14.618587,15.960824,15.910269,13.506012,12.053868,10.906804,9.945972,7.7309823,10.493297,8.6653,11.857248,11.260222,15.066513,18.721592,18.160309,20.144041,15.36465,18.12501,17.845186,19.56512,15.4084,17.78004,19.155704,20.72131,17.496092,20.279737,18.85273,21.935911,24.517479,20.918877,24.75491,24.130035,20.158531,22.595167,18.049458,22.65898,19.384418,23.291153,24.567497,24.648132,23.116798,17.207354,20.143074,16.24597,17.467272,18.55544,16.361164,13.096484,13.284175,10.037542,9.710312,11.547628,11.724157,17.284523,16.973707,20.714495,21.134619,23.163427,21.51869,23.335703,20.591347,16.281588,18.755728,14.480542,19.561197,17.692696,22.354263,26.934444,24.867056,21.653755,23.77718,17.347652,19.758339,17.232801,19.421545
33,27.915829,27.054836,23.35598,22.168268,19.30885,15.283861,15.457723,10.780263,13.073539,9.734747,11.464838,13.001794,12.919392,12.733775,11.591513,8.28088,12.45259,10.273963,16.190811,15.266741,18.588543,20.371054,23.922276,25.56182,23.585114,24.182892,21.576307,20.936792,19.561087,15.425391,14.180512,9.467088,8.633504,0.0,6.2009177,5.8090124,8.250817,11.3777485,12.96484,12.569414,12.702185,13.734479,14.295042,14.424448,17.376087,17.082043,20.414923,19.721048,23.535816,27.23652,26.568645,28.13989,23.030226,25.335876,24.121565,25.565716,20.723885,22.59166,22.345568,23.345226,20.325706,21.243471,18.647596,21.705822,22.833841,19.393885,23.602728,24.408173,22.04616,24.308077,21.450136,26.2169,23.793314,27.578308,27.747211,26.562525,24.719183,18.521141,19.590008,15.518733,14.190951,14.368883,11.06939,8.553752,10.862449,7.3454256,12.497447,14.534596,16.74331,21.80444,23.269743,26.458107,27.820623,30.402967,29.195026,31.392365,28.911257,24.377468,26.311193,21.294233,25.992981,22.51246,26.715048,31.021664,27.73461,24.562634,24.673115,18.495283,18.994997,15.5385275,15.913391
34,30.352848,30.180279,26.733044,25.976868,23.874285,20.059479,20.970476,16.500347,19.208004,15.856672,17.3509,18.423386,17.498306,17.179447,15.242849,13.208649,16.960714,15.093122,20.85295,19.290293,23.102274,24.09959,28.23593,29.198944,26.911873,27.643934,24.20905,23.718904,21.437546,18.137348,15.9127245,12.571442,8.720502,6.2009177,0.0,3.8776538,6.42443,7.2506146,7.881966,6.6265254,7.629212,8.054068,10.2885895,10.835789,14.504548,15.132462,19.047657,19.452578,23.08226,26.523176,25.135551,26.461916,20.98997,22.267626,20.934738,21.510616,16.216642,17.416224,17.2534,17.515985,14.308223,15.066914,12.543233,15.715275,17.41661,14.440088,18.718166,19.66494,16.813559,20.427738,17.52145,23.026201,21.363289,25.59321,26.122478,24.948063,22.069843,16.232176,17.085836,12.288211,12.140645,11.500564,10.464313,8.231232,10.196507,9.849959,12.545668,16.177652,17.40981,22.937954,23.885527,27.050041,28.27078,30.943192,28.78167,30.489996,27.588045,23.402542,25.06529,20.511988,25.424606,22.099733,26.81427,30.729048,28.111128,25.045265,25.180418,19.026577,20.285023,16.37308,18.020416
35,31.322346,31.199703,27.118292,26.851913,23.9802,20.18255,20.538357,15.950608,18.375265,14.236553,16.238787,16.491596,15.987708,16.399971,15.258695,13.262837,17.660456,15.944349,21.879736,20.784355,24.269663,25.719402,29.382618,30.936293,28.874802,29.565397,26.55791,25.913261,24.052914,20.382511,18.435026,14.484935,11.627863,5.8090124,3.8776538,0.0,3.5188012,5.8368425,7.418356,8.57888,10.545624,11.457159,14.01245,14.660237,18.342209,18.667004,22.652534,22.716082,26.362236,29.872166,28.44476,29.564281,24.045631,25.348963,23.639984,24.328203,19.103868,20.286362,19.26369,19.587435,16.925257,16.786396,13.942679,17.045483,17.991528,15.493114,19.822855,21.536045,19.446272,22.952005,20.709438,26.100721,24.642935,28.745905,28.924757,27.36656,24.494905,18.713114,18.797493,14.168874,12.684159,11.256017,9.862456,8.482086,11.454699,10.925169,15.261346,18.52961,20.317984,25.652103,26.995798,30.099232,31.48615,34.188866,32.29207,34.12495,31.28566,27.021706,28.72637,23.993088,28.822905,25.186283,29.691172,33.584393,30.559938,27.514305,27.050034,21.08673,21.595942,17.505669,18.229532
