,0,1,2,3,4,5,6,7,8,9,10,11,12,13,14,15,16,17,18,19,20,21,22,23,24,25,26,27,28,29,30,31,32,33,34,35,36,37,38,39,40,41,42,43,44,45,46,47,48,49,50,51,52,53,54,55,56,57,58,59,60,61,62,63,64,65,66,67,68,69,70,71,72,73,74,75,76,77,78,79,80,81,82,83,84,85,86,87,88,89,90,91,92,93,94,95,96,97,98,99,100,101,102,103,104,105,106,107,108
0,0.0,4.8287168,6.494043,10.136341,12.746497,15.271349,17.879686,20.545961,22.722475,26.278378,28.403942,30.24695,33.579422,35.504005,34.63519,33.496635,36.178665,33.27858,38.08387,34.830647,38.93404,38.19907,43.150963,42.444664,39.363922,39.622574,35.502098,34.034966,31.125317,31.325773,27.079998,28.70372,24.834503,22.737495,23.303827,21.503763,23.552397,21.813627,17.650713,19.057539,20.516342,16.055447,18.771147,19.13913,20.580334,23.732256,26.865664,30.137655,31.490253,32.683083,29.020992,26.90598,22.660524,20.860083,17.256565,17.1531,14.979393,15.222236,9.83768,12.469315,16.237162,15.324622,17.199419,19.684063,23.535477,24.541561,28.221746,29.15825,26.275269,32.764816,29.412327,35.39264,34.608635,38.57707,39.32351,37.69179,37.79782,33.746574,33.12164,32.63004,30.107292,31.189108,26.692934,27.213453,26.729479,27.892946,28.477137,31.328419,29.867777,33.8888,30.803286,33.758926,32.001804,32.564255,29.09538,24.019768,29.579187,27.82816,32.869328,31.531368,36.71268,40.755077,39.503765,36.913456,36.367573,31.201645,31.584728,27.42302,28.718
1,4.8287168,0.0,6.1114616,6.671807,10.275301,13.583508,15.359729,18.81423,20.162731,23.969038,26.150888,27.365137,30.955479,33.20114,32.796425,31.55068,34.72998,31.927416,37.112488,34.28034,38.452854,38.171204,42.941277,42.80258,39.80478,40.220455,36.28065,34.832752,32.05348,31.4755,27.536991,27.903915,24.461197,20.742191,21.534306,19.03306,20.66172,19.08215,14.897594,17.660175,19.871048,15.017086,18.902662,18.46741,21.103025,23.157455,27.119308,29.939789,31.827934,33.371944,29.964527,28.115932,23.582468,22.708902,19.089136,19.784666,16.821407,17.656916,12.660147,15.296861,17.943115,17.059774,18.031963,21.049362,24.544125,24.630653,28.6107,30.02136,27.301128,33.19978,29.684164,35.63859,34.31067,38.47387,38.908226,37.020782,36.483376,32.22424,31.247028,30.404352,27.4214,28.00464,23.725292,24.76859,25.102707,26.20446,27.79124,30.91495,30.039938,34.62149,32.04565,35.338688,33.98393,34.837353,31.297518,26.101528,31.286741,28.859955,34.03646,31.962257,37.13274,41.349133,39.55199,36.729965,36.097466,30.545254,30.671576,26.315668,27.057009
2,6.494043,6.1114616,0.0,6.821061,6.9115486,9.410176,12.246718,15.031114,17.579622,20.530676,23.178434,25.130472,28.446865,30.40959,29.666206,29.148426,31.861238,29.496546,34.276367,31.818792,35.909775,35.82066,40.817627,40.20298,37.013054,36.782223,33.065407,31.10114,28.669447,28.439613,24.750074,25.609322,23.000935,19.878057,22.112242,19.911991,22.257698,21.58887,17.257284,19.461329,20.54829,15.28682,17.877092,16.466908,18.37835,19.734154,23.244987,26.104532,27.494724,28.649757,24.935764,22.704254,18.681114,17.85475,14.109898,15.564632,13.683124,15.447628,10.86162,15.199227,17.920357,18.5608,20.106232,23.187183,27.365887,27.133348,31.186241,31.68759,28.103365,34.031757,29.804142,35.43627,33.821426,37.51009,37.69652,35.52989,35.294228,31.888556,30.40826,30.52916,27.49251,28.766693,23.99806,24.988651,25.121,25.027063,26.753473,29.069622,28.013056,32.346325,29.327799,32.696484,30.901375,32.189754,28.967888,23.99526,29.61905,27.455564,32.500248,31.115353,36.284565,40.75732,39.525036,36.808117,37.151154,31.260468,32.234257,27.906168,29.37373
3,10.136341,6.671807,6.821061,0.0,5.247286,8.282292,9.149871,12.8105,13.578784,17.621937,19.62184,20.702608,24.30438,26.610214,26.382132,25.167757,28.56696,25.972256,31.31896,29.036957,33.200657,33.474968,38.101326,38.374557,35.431572,35.81016,32.21126,30.681555,28.210136,26.831593,23.442602,22.56816,20.078165,15.011428,17.042656,14.124692,16.016989,15.571685,11.355257,14.881313,16.836475,11.458981,15.661744,13.714559,17.402933,17.875826,22.530697,24.791351,27.1635,29.069593,26.10915,24.794895,19.97439,20.382322,17.10409,18.81819,15.156004,17.018658,13.337328,16.53444,17.525906,18.009539,18.301699,21.915997,25.554996,24.080172,28.398205,29.434029,26.198513,31.224432,26.994928,32.561573,30.41198,34.430653,34.364815,32.06962,31.067633,27.159842,25.556389,25.033524,21.666134,22.430714,17.914795,19.30632,20.2595,20.529879,23.209625,26.13596,25.85869,30.897663,28.826385,32.511787,31.560265,32.969463,29.562792,24.482101,29.211197,26.111134,31.257631,28.726698,33.793625,38.338757,36.318157,33.34066,33.416718,27.2155,27.80552,23.346893,24.202755
4,12.746497,10.275301,6.9115486,5.247286,0.0,4.0144725,5.582685,9.327231,11.159003,14.075371,16.926823,18.47866,21.938866,24.140762,23.840904,23.535408,26.66164,24.715263,29.7396,28.164194,32.2145,32.911522,37.649963,37.647686,34.56347,34.29132,31.060678,28.982216,27.001125,25.688234,22.80376,21.883497,20.64136,15.643101,19.282534,16.548073,18.80031,19.27516,15.300106,18.46274,19.549126,14.103557,17.084059,13.862073,17.098219,16.038649,20.53504,22.521648,24.558956,26.15439,23.002478,21.38789,17.195784,18.16759,14.969483,17.679983,15.0881,17.799826,14.6886635,18.920527,19.961887,21.431328,22.10268,25.681286,29.685541,28.022459,32.3429,32.790646,28.98932,33.862984,29.082958,34.247166,31.703865,35.258823,34.828453,32.16801,31.200794,28.183334,25.88527,26.242832,22.649693,23.830753,19.098736,20.704231,21.827755,20.717587,23.979445,26.078617,25.864056,30.752604,28.436453,32.237953,30.971392,32.857857,29.797493,25.01522,29.966345,27.018833,31.97114,29.939043,34.911045,39.680893,38.05055,35.14684,36.049953,29.57932,30.807167,26.443342,27.703941
5,15.271349,13.583508,9.410176,8.282292,4.0144725,0.0,3.7751956,5.732505,8.783947,11.197106,13.951409,16.273628,19.337702,21.190184,20.51822,20.522783,23.276325,21.531498,26.278526,24.906872,28.86998,29.707253,34.48754,34.320885,31.19492,30.66677,27.628149,25.365591,23.629711,22.278418,19.723907,18.832802,18.310242,13.946999,18.419853,16.214298,18.887938,19.945982,16.264843,18.621992,18.862007,13.719645,15.580787,11.6208105,14.479771,12.498238,16.865995,18.710781,20.666988,22.25826,19.231653,17.847284,13.675373,15.320671,12.5820055,15.807857,13.464409,16.66002,14.68271,19.057314,19.5013,21.829159,22.547216,26.08684,30.284773,28.246426,32.512543,32.402504,28.194263,32.7491,27.607,32.379738,29.617352,32.81521,32.2012,29.396833,28.625137,26.227453,23.695753,24.73942,21.365168,23.155838,18.24505,19.549562,20.372639,18.448317,21.721449,23.247557,23.049627,27.806406,25.49084,29.357273,28.094389,30.280077,27.459743,22.984924,27.765215,24.835903,29.56957,27.81682,32.646282,37.517685,36.174404,33.36773,34.902084,28.339792,30.105215,25.921917,27.64701
6,17.879686,15.359729,12.246718,9.149871,5.582685,3.7751956,0.0,4.7005653,5.7338133,8.627361,11.405844,13.003715,16.379734,18.593092,18.468151,18.380342,21.656895,20.111658,25.148216,24.318584,28.225876,29.525768,34.00548,34.39508,31.43798,31.101177,28.34739,26.233067,24.701593,22.581982,20.542313,18.258377,18.432718,12.559214,17.503014,14.872342,17.162268,18.763115,15.523489,18.552372,19.119928,14.218367,16.635946,12.144613,15.92137,12.702438,17.705782,18.833925,21.350555,23.298258,20.832283,19.968533,15.841751,18.20208,15.849567,19.10546,16.297585,19.436235,17.718182,21.666103,21.487835,23.712349,23.895243,27.593582,31.479574,28.833242,33.165432,33.288967,29.268898,33.18712,28.012959,32.54765,29.333298,32.565357,31.636713,28.618494,27.223782,24.836294,21.875097,22.758955,18.971056,20.437325,15.758284,17.590977,19.250357,16.98933,21.313583,22.941492,23.375853,28.46415,26.748236,30.755224,29.927698,32.247627,29.45413,25.081627,29.313683,25.936375,30.578741,28.258743,32.905834,37.824997,36.07683,33.147434,34.703526,27.961163,29.59838,25.444073,26.786596
7,20.545961,18.81423,15.031114,12.8105,9.327231,5.732505,4.7005653,0.0,4.736351,6.2946877,8.471591,11.549328,14.083411,15.629067,14.804021,15.132367,17.780111,16.484558,21.096972,20.497374,24.270967,25.716728,30.242985,30.39253,27.396112,26.753513,24.257504,21.952608,20.760387,18.571457,17.059004,14.815389,16.038042,11.531391,17.19291,15.48227,18.203638,20.27867,17.456917,19.292137,18.806368,14.596896,15.45755,10.40086,13.378603,8.730609,13.496184,14.313303,16.78906,18.796377,16.661568,16.306297,12.32833,15.548437,14.042802,17.55332,15.140028,18.552782,18.120354,21.992167,21.207823,24.262535,24.536953,28.070297,32.11528,29.183002,33.35585,32.812557,28.390537,31.902403,26.397978,30.37787,26.976969,29.70503,28.578817,25.422932,24.373945,22.85842,19.702755,21.538216,18.26578,20.576569,15.843976,17.04523,18.091875,14.804331,18.921982,19.714396,20.155943,24.981129,23.314552,27.336124,26.55658,29.194077,26.740353,22.86192,26.748825,23.47264,27.74188,25.830019,30.229898,35.21225,33.871426,31.113516,33.42138,26.714174,28.993145,25.160192,27.084461
8,22.722475,20.162731,17.579622,13.578784,11.159003,8.783947,5.7338133,4.736351,0.0,5.088065,6.1212854,7.6742897,10.910856,13.137673,13.253313,12.893826,16.54605,15.243886,20.419922,20.290503,23.997215,25.887451,29.933914,30.928436,28.234648,28.115728,25.855255,24.008429,22.86775,19.744198,18.687346,14.6356,16.295523,9.702927,15.54688,13.336618,15.438517,18.095783,15.96082,18.497631,18.563093,14.793353,16.574953,11.49287,15.629063,10.599194,15.92585,15.947445,19.189352,21.67668,20.283335,20.500902,16.43945,19.81989,18.405413,21.616846,18.430988,21.543604,21.046583,24.345919,22.964128,25.64607,25.258018,28.934454,32.50926,28.927092,33.13451,33.008045,28.988445,31.742218,26.39233,30.164904,26.317417,29.23386,27.81882,24.514576,22.566936,20.76394,17.18761,18.54548,14.721906,16.556524,12.180056,14.064493,16.264755,12.892607,18.332445,19.569456,20.832407,26.080614,25.254562,29.351034,29.186876,31.767666,29.226246,25.35969,28.55413,24.729088,28.924082,26.150135,30.320658,35.26526,33.28662,30.35763,32.449207,25.619017,27.562948,23.788637,25.131897
9,26.278378,23.969038,20.530676,17.621937,14.075371,11.197106,8.627361,6.2946877,5.088065,0.0,4.4773984,6.76949,9.005497,10.895208,11.139759,12.623493,15.592183,15.641588,19.903599,21.02262,24.264212,26.72649,30.59766,31.389132,28.711197,27.877136,26.298086,23.967512,23.586248,20.521051,20.378561,16.35371,19.396925,13.9559765,20.041767,18.186647,20.207403,23.074875,21.048264,23.383982,23.038872,19.450006,20.415934,15.146438,18.26542,11.989481,16.317892,15.499191,18.252699,20.346355,19.21147,19.45738,16.63692,20.598093,19.67124,23.35955,21.179785,24.57957,24.393057,28.109203,26.90199,29.962566,29.833958,33.425484,37.168713,33.609512,37.74079,37.265396,32.989388,35.531055,29.981262,33.207157,29.136147,31.426907,29.632137,26.069363,24.15024,23.550184,19.475582,21.657688,18.044287,19.97913,16.18109,18.005949,20.143244,15.8148365,21.290052,21.498388,22.87097,27.631004,26.761702,30.775045,30.42167,33.381485,31.284342,27.904434,31.031872,27.49358,31.255474,29.010277,32.84088,37.803646,36.203274,33.45038,36.164787,29.414728,31.733244,28.203066,29.716702
10,28.403942,26.150888,23.178434,19.62184,16.926823,13.951409,11.405844,8.471591,6.1212854,4.4773984,0.0,4.5943694,5.729598,7.247748,7.336648,8.173324,11.498668,11.529769,15.968914,17.37688,20.474506,23.219572,26.751091,28.016203,25.580118,25.140028,23.799145,21.90663,21.640852,17.869799,18.354506,13.178816,17.074467,11.966817,17.989391,16.74142,18.6498,21.936941,20.632975,22.31713,21.57143,18.928677,19.401573,14.271466,17.401842,10.721918,14.951968,13.41055,16.811924,19.431578,19.200684,20.335651,17.253325,21.48164,21.082333,24.399574,21.740551,24.909822,25.47396,28.579096,26.56909,29.8255,29.323732,32.805134,36.279327,32.19423,36.142204,35.473877,31.290043,33.01519,27.491447,30.151613,25.778814,27.845436,25.801517,22.142958,19.935118,19.764996,15.46295,18.062685,14.848326,17.238348,13.836151,15.229583,17.325092,12.440177,18.253916,18.200335,20.123999,24.912941,24.76318,28.746454,28.963705,31.942017,29.969048,26.947023,29.237684,25.438046,28.831308,26.257444,29.697298,34.586433,32.83851,30.135323,33.14825,26.516756,29.026531,25.872084,27.460993
11,30.24695,27.365137,25.130472,20.702608,18.47866,16.273628,13.003715,11.549328,7.6742897,6.76949,4.5943694,0.0,4.0190964,7.195368,9.277592,9.433434,13.578847,13.784833,18.34777,20.156725,23.04102,26.049278,29.065714,31.010555,28.858019,28.797401,27.599955,26.016453,25.701698,21.580198,22.103167,16.17478,19.803263,13.293688,18.814112,17.011656,18.09494,21.63219,20.837845,23.303661,23.24546,20.7071,22.105034,17.17415,21.019915,14.804625,19.300303,17.649574,21.215652,23.90732,23.792782,24.860193,21.676914,25.756765,25.047083,28.320389,25.254854,28.291676,28.401445,31.333364,29.25477,32.047737,31.15874,34.750137,37.85947,33.473564,37.45006,37.27945,33.515312,34.832653,29.588306,32.203144,27.617409,29.89017,27.681917,24.023853,20.951319,20.413042,15.870544,17.645098,13.846895,15.222825,12.772227,14.990602,18.231375,13.84314,20.402428,20.880905,23.264944,28.269129,28.564837,32.546753,33.047142,35.903732,33.791725,30.612022,32.681435,28.58547,32.00991,28.819916,32.101906,36.874966,34.563263,31.729021,34.334972,27.720882,29.731512,26.615948,27.506514
12,33.579422,30.955479,28.446865,24.30438,21.938866,19.337702,16.379734,14.083411,10.910856,9.005497,5.729598,4.0190964,0.0,3.3532617,6.3115187,7.35635,10.884029,12.172337,15.838749,18.670628,20.990187,24.477295,27.04303,29.15776,27.24395,27.029898,26.443407,24.933092,25.130379,20.76354,22.153503,15.908563,20.55366,15.28093,20.660381,19.513655,20.621954,24.33656,23.887403,25.72353,25.144678,23.206049,23.835583,19.009306,22.224325,15.586491,19.223143,16.796228,20.274652,22.961075,23.567636,25.150427,22.508028,26.887373,26.718416,29.96119,27.165762,30.190695,30.900328,33.7039,31.289143,34.416016,33.50684,36.951527,40.02018,35.411068,39.193333,38.65304,34.801373,35.523735,30.247526,32.143055,27.34562,29.017721,26.458246,22.678467,19.533009,20.15526,15.395443,17.953716,14.907476,16.69125,14.88339,16.498295,19.338722,14.3647585,20.660982,20.339008,23.024307,27.592958,28.305851,32.12702,32.866043,35.8937,34.139156,31.490253,33.00089,29.001472,31.882862,28.888706,31.656292,36.31264,34.20394,31.570705,34.73221,28.36804,30.72652,28.040977,29.152203
13,35.504005,33.20114,30.40959,26.610214,24.140762,21.190184,18.593092,15.629067,13.137673,10.895208,7.247748,7.195368,3.3532617,0.0,3.7194047,5.9874945,8.3022175,10.5810175,13.25951,16.847271,18.698015,22.478685,24.78278,26.855883,25.087532,24.688364,24.570232,23.103073,23.711868,19.278194,21.338068,15.158104,20.501698,16.540794,21.792143,21.225372,22.525995,26.26286,25.933382,27.147743,26.060661,24.563751,24.457739,19.79247,22.344643,15.561288,18.327673,15.346758,18.654533,21.304659,22.499992,24.514217,22.309118,26.842337,27.145601,30.29386,27.772821,30.755875,32.001205,34.68945,32.04263,35.47837,34.63386,37.921627,41.01866,36.34025,39.949547,39.022808,35.041508,35.40561,30.090502,31.433273,26.57985,27.717163,24.952883,21.124016,18.219093,19.83814,15.122683,18.40704,16.118786,18.403011,16.74681,17.745537,19.966496,14.626485,20.347246,19.285137,22.059652,26.165813,27.123869,30.773134,31.653563,34.802288,33.36494,31.186958,32.27717,28.454182,30.872866,28.194242,30.5714,35.128647,33.331745,30.906918,34.560688,28.43801,31.152172,28.792301,30.226646
14,34.63519,32.796425,29.666206,26.382132,23.840904,20.51822,18.468151,14.804021,13.253313,11.139759,7.336648,9.277592,6.3115187,3.7194047,0.0,4.7362714,5.4715157,8.076211,10.330382,13.865496,15.756393,19.438097,22.073278,23.671349,21.74087,21.104319,21.01471,19.441261,20.210796,15.898173,18.25891,12.561926,18.299234,15.788795,21.057735,21.018366,22.789299,26.355818,25.831268,26.365467,24.729324,23.447914,22.55265,18.042292,19.85332,13.055562,15.068222,11.821903,15.058112,17.760654,19.242903,21.576193,19.541466,24.112331,24.808142,27.803719,25.557451,28.492413,30.226774,32.838158,30.101309,33.855415,33.219196,36.348667,39.612732,35.09713,38.59993,37.261658,33.03363,33.495132,28.042908,29.225367,24.523016,25.376999,22.693104,18.866558,16.7142,18.796164,14.37919,18.313463,16.603582,19.58209,17.372187,17.72451,19.034994,13.434437,18.328419,16.65832,19.18679,22.978924,23.811157,27.386189,28.207182,31.437254,30.189264,28.309847,29.288794,25.706312,27.91309,25.702806,28.03954,32.631676,31.285519,29.01064,33.03454,27.014805,30.120409,27.85791,29.798573
15,33.496635,31.55068,29.148426,25.167757,23.535408,20.522783,18.380342,15.132367,12.893826,12.623493,8.173324,9.433434,7.35635,5.9874945,4.7362714,0.0,4.7830286,4.943319,9.160568,11.4926405,13.841641,17.248611,19.79441,22.069525,20.303566,20.700632,20.078451,19.26149,19.376945,14.523787,16.53557,9.741008,15.209683,12.587144,17.18444,17.52575,19.079533,22.713707,22.737526,22.89827,21.27256,20.699875,19.95532,15.925553,18.225264,12.291073,14.91481,12.15319,16.096987,19.304209,20.752232,23.22663,20.215054,24.45395,24.984274,27.52691,24.481316,27.057703,28.913141,30.909233,27.668306,31.196884,30.161572,33.219856,36.131233,31.289873,34.678623,33.498516,29.57803,29.562824,24.303167,25.45394,20.59302,21.838623,19.201853,15.393231,12.655492,14.189135,9.67033,13.613818,12.28994,15.587048,13.65972,13.525401,14.796575,9.318564,14.559363,13.491445,16.531126,20.81754,22.224163,25.846424,27.172485,30.083858,28.54722,26.514841,27.004513,23.012756,25.298079,22.343077,24.654755,29.219091,27.365522,24.939304,28.715017,22.703514,25.66833,23.577295,25.398727
16,36.178665,34.72998,31.861238,28.56696,26.66164,23.276325,21.656895,17.780111,16.54605,15.592183,11.498668,13.578847,10.884029,8.3022175,5.4715157,4.7830286,0.0,4.364936,4.9847813,9.105064,10.446532,14.384322,16.648966,18.576103,16.96845,16.917978,17.132656,16.355263,17.24647,12.5057125,15.738898,9.962948,16.163374,15.930551,20.140854,21.150192,22.974815,26.423443,26.400347,25.7972,23.487059,23.386938,21.546322,17.941746,18.928755,13.218637,13.963563,10.387973,13.748767,16.789755,19.17172,22.237171,20.059649,24.35464,25.591082,27.94905,25.530924,28.00904,30.577707,32.46875,29.086567,33.03081,32.22835,34.99446,37.99536,33.276886,36.368984,34.568047,30.433113,30.049734,24.797094,25.071384,20.34886,20.556753,17.6793,13.889712,12.210317,15.514664,11.749847,16.406267,16.162447,19.750837,17.925474,17.163502,17.337946,11.953635,15.33134,12.770093,15.640248,18.839628,20.522594,23.777346,25.238474,28.343527,27.387083,26.188229,26.08373,22.586708,24.032251,21.897562,23.549095,27.914816,26.793951,24.802862,29.349401,23.882673,27.368319,25.763681,28.085674
17,33.27858,31.927416,29.496546,25.972256,24.715263,21.531498,20.111658,16.484558,15.243886,15.641588,11.529769,13.784833,12.172337,10.5810175,8.076211,4.943319,4.364936,0.0,5.8305373,6.574211,9.342088,12.386037,15.345053,17.361118,15.52541,16.35264,15.512246,15.223128,15.197994,10.120925,12.6195345,6.019834,12.027238,12.412211,16.085106,17.513557,19.478727,22.731544,22.827599,21.745485,19.278416,19.612791,17.662373,14.50557,15.663279,10.8831,12.182655,9.504563,13.4706955,16.89318,18.802696,21.76263,18.648298,22.559307,23.59901,25.563944,22.566,24.761457,27.424877,28.8863,25.223946,29.057783,28.10079,30.805222,33.695553,28.93029,32.004276,30.252981,26.18247,25.868757,20.574526,21.231777,16.502811,17.354885,14.817734,11.021729,9.478985,11.762829,8.3234625,13.046901,13.181036,17.178778,14.9957,13.636839,13.171253,7.9505744,11.005965,8.917242,12.028142,15.983471,17.768898,21.222357,22.886122,25.706953,24.363558,22.849558,22.660938,18.827686,20.642937,17.994152,20.060913,24.627993,23.220924,21.010757,25.31663,19.650003,23.158495,21.483562,23.976896
18,38.08387,37.112488,34.276367,31.31896,29.7396,26.278526,25.148216,21.096972,20.419922,19.903599,15.968914,18.34777,15.838749,13.25951,10.330382,9.160568,4.9847813,5.8305373,0.0,5.8753843,5.718915,9.989812,11.891661,13.755316,12.484721,12.82547,13.609772,13.6449375,14.864181,10.275648,14.408766,9.959457,15.8553295,18.060942,21.249357,23.103392,25.051447,28.205893,28.404642,26.799505,23.850227,24.666264,21.855412,19.22625,19.094303,14.754802,13.891155,10.416727,13.100147,16.0439,19.18833,22.769625,20.85049,24.738317,26.526697,28.296082,26.074139,28.116257,31.435629,32.765663,29.001698,33.145004,32.371597,34.714603,37.552,32.885925,35.52968,33.16296,29.057379,28.01938,23.032434,22.29882,17.851027,17.063019,14.093881,10.587486,10.392253,14.96436,12.502752,17.389908,18.398714,22.301764,20.645811,19.053347,18.018316,13.367258,14.471344,10.76022,13.467691,15.435757,17.8443,20.564573,22.534746,25.528563,25.043282,24.716766,23.588705,20.511211,20.966255,19.389513,20.206787,24.247599,23.725521,22.196072,27.35005,22.652935,26.538189,25.586727,28.353222
19,34.830647,34.28034,31.818792,29.036957,28.164194,24.906872,24.318584,20.497374,20.290503,21.02262,17.37688,20.156725,18.670628,16.847271,13.865496,11.4926405,9.105064,6.574211,5.8753843,0.0,4.1811805,5.896336,9.760949,11.036442,9.141755,10.915355,9.925114,10.940212,10.883261,6.0531363,9.69157,6.4815145,11.099502,15.649614,17.709154,20.291496,22.530573,25.140938,25.32505,22.760254,19.301325,20.864363,17.338469,15.840801,15.01113,12.722671,11.472531,9.475652,12.289898,15.488423,18.09648,21.592226,18.80921,21.971947,23.766281,24.820337,22.212059,23.725113,27.474146,28.144669,24.04726,28.198544,27.42678,29.473494,32.239853,27.75997,30.205482,27.552238,23.377642,22.46011,17.406805,16.849466,12.701451,12.299024,10.029215,6.76571,8.630641,11.970563,11.045851,15.552676,17.240059,21.476793,19.325216,16.945509,14.5121355,11.004841,9.577923,5.197862,7.7422314,10.0507965,12.803979,15.651254,17.99407,20.628899,19.83857,19.52077,17.952467,14.741662,15.249627,13.573697,14.780413,19.162142,18.7976,17.204824,22.38578,17.782755,21.948736,21.111008,24.390808
20,38.93404,38.452854,35.909775,33.200657,32.2145,28.86998,28.225876,24.270967,23.997215,24.264212,20.474506,23.04102,20.990187,18.698015,15.756393,13.841641,10.446532,9.342088,5.718915,4.1811805,0.0,4.538517,6.5199723,8.403799,7.576745,9.574398,10.258864,11.872481,12.7494135,8.837745,13.046865,10.64788,15.02666,19.654064,21.448801,24.152786,26.171993,28.841494,29.28815,26.586075,23.06248,24.950071,21.28583,20.004328,18.867645,16.597593,14.6547785,12.221163,14.1969385,16.945232,20.275259,24.061258,21.9917,25.127821,27.254948,28.21033,25.967482,27.352125,31.349533,31.87104,27.68744,31.850557,31.04881,32.85378,35.39508,30.86942,32.952633,30.031176,26.098204,24.34184,19.825977,18.010927,14.130451,12.270502,9.514167,6.847756,9.30072,14.148396,13.57064,18.077549,20.251999,24.339233,22.765192,20.355888,18.010592,14.712316,13.069777,8.636245,10.7725525,11.129203,14.608737,16.606104,19.33788,21.91522,21.778275,22.320396,19.916132,17.297298,16.604574,15.537558,15.375861,19.043423,19.17485,18.17431,23.818615,20.125837,24.318367,24.098288,27.305586
21,38.19907,38.171204,35.82066,33.474968,32.911522,29.707253,29.525768,25.716728,25.887451,26.72649,23.219572,26.049278,24.477295,22.478685,19.438097,17.248611,14.384322,12.386037,9.989812,5.896336,4.538517,0.0,5.291472,5.5194664,4.43829,8.288508,7.8545976,10.7351675,10.856132,8.199363,11.613428,11.479806,14.081473,20.432621,21.274784,24.464989,26.641842,28.800322,29.211414,25.73165,21.810308,24.3116,20.0135,19.834671,17.859007,17.374638,14.809942,13.507755,14.930143,17.431309,20.483828,24.185951,21.924892,24.328121,26.61115,26.894789,24.702145,25.538857,29.977427,29.905602,25.554193,29.705454,29.011223,30.378477,32.795982,28.605726,30.301125,26.927376,23.023783,21.137062,16.934698,14.622847,11.640421,9.1927595,7.4881115,6.416481,10.833593,14.564228,15.28722,19.224257,21.839443,25.997618,24.182852,21.333103,18.03788,15.88213,12.201226,7.7764354,8.573401,7.208151,11.419362,12.818879,16.07659,18.225513,18.251627,19.400661,16.136868,14.025433,12.469825,12.149301,11.502006,15.075012,15.9948,15.387937,21.214167,18.240602,22.613655,22.746752,26.354208
22,43.150963,42.941277,40.817627,38.101326,37.649963,34.48754,34.00548,30.242985,29.933914,30.59766,26.751091,29.065714,27.04303,24.78278,22.073278,19.79441,16.648966,15.345053,11.891661,9.760949,6.5199723,5.291472,0.0,5.453135,7.382427,11.137476,12.265351,15.271725,15.899962,13.375246,16.868864,15.837241,18.598284,24.326702,24.738089,28.024015,29.756096,32.044792,32.999683,29.505,25.758856,28.70885,24.712627,24.602879,23.008015,22.214727,19.889914,18.111004,19.473427,21.786804,25.239069,29.071478,27.080387,29.577906,31.891579,32.16929,29.905256,30.62846,35.056236,34.732265,30.17146,34.0811,33.083923,34.258606,36.17159,31.698238,32.961246,29.60236,26.335106,23.12698,19.85256,16.13251,13.354595,9.528221,7.191056,7.403402,11.28702,16.111534,17.208307,20.895403,24.120558,27.995655,27.052908,24.145657,21.150167,19.256498,15.944786,12.060479,13.445562,11.596874,16.181581,16.767483,20.370287,22.157349,22.57551,24.173944,20.166595,18.308826,15.899565,15.323789,12.987557,15.179926,16.057993,16.128782,22.112406,20.295378,24.396385,25.319447,28.561764
23,42.444664,42.80258,40.20298,38.374557,37.647686,34.320885,34.39508,30.39253,30.928436,31.389132,28.016203,31.010555,29.15776,26.855883,23.671349,22.069525,18.576103,17.361118,13.755316,11.036442,8.403799,5.5194664,5.453135,0.0,3.4310107,7.004942,8.5369005,11.874668,12.876378,12.093367,15.497795,16.728895,19.0275,25.837347,26.552473,29.845865,32.055626,34.065342,34.43171,30.664743,26.564598,29.202915,24.504911,24.68083,21.976944,21.903973,18.367868,17.115376,17.333212,18.991192,22.520327,26.360413,25.02884,27.050285,29.804338,29.755695,28.30499,28.879997,33.70516,33.447086,29.241455,33.455853,33.011776,33.95327,36.26183,32.479366,33.687645,29.821589,26.103369,23.848244,20.432528,17.100506,15.38342,11.667847,10.67192,11.027435,15.538569,19.645374,20.62356,24.48617,27.291185,31.406446,29.700193,26.821407,23.3891,21.394037,17.397488,13.104211,13.00317,9.264353,13.122031,12.880015,16.26434,18.129843,19.258883,21.715855,17.678331,16.960476,13.898268,15.334942,13.312798,15.425518,17.815887,18.18038,24.14128,22.389877,26.71994,27.334494,31.047155
24,39.363922,39.80478,37.013054,35.431572,34.56347,31.19492,31.43798,27.396112,28.234648,28.711197,25.580118,28.858019,27.24395,25.087532,21.74087,20.303566,16.96845,15.52541,12.484721,9.141755,7.576745,4.43829,7.382427,3.4310107,0.0,4.728441,5.2036457,8.582922,9.477603,8.920873,12.334419,14.237438,16.518223,23.47249,24.56456,27.703598,30.156868,32.124794,32.139645,28.497728,24.35929,26.595568,21.774033,21.789103,18.843172,18.827799,15.045798,14.058498,14.167732,15.900839,19.236782,23.028408,21.613369,23.630743,26.397346,26.42106,25.089085,25.806662,30.604776,30.604362,26.594624,30.974466,30.740604,31.853792,34.510574,30.895044,32.423042,28.620413,24.495064,23.138178,19.13113,16.781698,14.865668,12.051074,11.185394,10.803539,15.252074,18.835579,19.463871,23.45656,25.826729,30.0544,27.869938,25.113409,21.651897,19.41735,15.487696,11.035982,10.457069,6.89293,10.201243,10.587305,13.63413,15.920732,16.80496,18.944883,15.565493,14.719668,12.338173,13.990593,13.141662,16.120392,18.317057,18.211704,24.010284,21.495525,25.924162,26.016111,29.874216
25,39.622574,40.220455,36.782223,35.81016,34.29132,30.66677,31.101177,26.753513,28.115728,27.877136,25.140028,28.797401,27.029898,24.688364,21.104319,20.700632,16.917978,16.35264,12.82547,10.915355,9.574398,8.288508,11.137476,7.004942,4.728441,0.0,4.6383114,6.0857854,8.7177105,9.239699,13.0274105,15.462545,18.448833,24.879982,26.919277,29.64365,32.34851,34.445557,33.971436,30.761,26.690763,28.100687,23.234652,22.5913,19.282885,18.497702,13.882158,12.613872,11.482135,12.444264,16.262037,20.18263,19.84504,22.028595,25.148163,25.493979,25.039385,26.140429,30.870928,31.520105,28.068857,32.70605,32.89068,34.18592,37.29255,33.99313,35.807922,32.020382,27.527637,27.062838,22.703327,21.071121,19.081953,16.679096,15.624147,14.5834055,18.403143,22.138887,21.933626,26.283236,28.009443,32.287197,29.699053,27.340593,24.262634,21.25436,18.24967,13.663945,12.848286,9.812828,11.14117,11.618803,13.378556,16.318003,17.628239,19.829405,17.56321,17.176645,15.373114,17.654934,17.511805,20.562265,22.921864,22.677414,28.350292,25.339521,29.78535,29.38971,33.280853
26,35.502098,36.28065,33.065407,32.21126,31.060678,27.628149,28.34739,24.257504,25.855255,26.298086,23.799145,27.599955,26.443407,24.570232,21.01471,20.078451,17.132656,15.512246,13.609772,9.925114,10.258864,7.8545976,12.265351,8.5369005,5.2036457,4.6383114,0.0,3.910895,4.584689,6.3023295,8.961874,12.96647,14.736733,21.892874,23.547855,26.36353,29.23247,30.98747,30.320322,26.84562,22.674187,24.131567,19.021877,18.921926,15.201585,15.678491,11.070391,11.040378,10.309583,11.732711,14.566494,18.194223,16.93206,18.655731,21.616522,21.59714,20.84337,21.708605,26.554577,26.971684,23.494488,28.133545,28.419252,29.663486,32.88757,29.828074,31.722773,27.947027,23.266287,23.496584,18.918108,18.122398,16.457916,14.94306,14.561259,13.612767,17.639011,20.178762,20.341722,24.30678,25.921028,30.22069,27.245657,24.754555,21.267914,18.84575,15.09098,10.966863,9.118812,6.1007237,6.564538,7.8192697,9.624758,12.646061,13.368418,15.238057,13.233598,12.776699,11.552466,14.040555,14.869831,18.462784,20.67448,20.137287,25.425598,22.136545,26.546246,25.880304,29.941565
27,34.034966,34.832752,31.10114,30.681555,28.982216,25.365591,26.233067,21.952608,24.008429,23.967512,21.90663,26.016453,24.933092,23.103073,19.441261,19.26149,16.355263,15.223128,13.6449375,10.940212,11.872481,10.7351675,15.271725,11.874668,8.582922,6.0857854,3.910895,0.0,3.7595112,6.168297,8.714681,12.830665,15.166832,21.450962,23.997036,26.3237,29.386408,31.249678,30.124819,27.19747,23.240192,23.797989,18.885975,18.006086,14.194712,13.793476,8.547838,8.557841,6.757876,7.8383245,10.788447,14.542667,13.877403,15.947809,19.086544,19.548134,19.395136,20.766352,25.335217,26.472267,23.54929,28.335625,28.92763,30.475784,34.10234,31.23782,33.51706,29.983423,25.027052,26.11458,21.149572,21.211296,19.232422,18.288174,17.635069,16.049555,19.383366,21.772608,21.170835,25.306837,26.233002,30.506468,27.134247,25.06854,22.042238,18.982687,16.316015,12.395953,10.668625,9.280277,8.024868,9.992563,10.231791,13.793023,14.319942,15.513865,15.064548,14.52326,14.38746,16.664127,18.26543,22.128122,24.054382,23.202833,28.256273,24.307604,28.632114,27.41072,31.393013
28,31.125317,32.05348,28.669447,28.210136,27.001125,23.629711,24.701593,20.760387,22.86775,23.586248,21.640852,25.701698,25.130379,23.711868,20.210796,19.376945,17.24647,15.197994,14.864181,10.883261,12.7494135,10.856132,15.899962,12.876378,9.477603,8.7177105,4.584689,3.7595112,0.0,5.1603527,5.6476946,11.416791,12.320094,19.32861,21.316862,23.793476,26.93354,28.466372,27.276527,24.023998,19.96583,20.718115,15.553684,15.3566675,11.136125,12.325027,7.4950404,8.965025,8.214688,9.785874,11.37242,14.592707,12.6923485,14.194935,17.06562,17.068033,16.384321,17.44623,22.189457,22.969696,19.888445,24.657475,25.265429,26.738167,30.388319,27.680122,29.970852,26.463146,21.425964,22.994423,17.96122,18.68775,17.048967,16.815546,16.706774,15.356897,18.787533,20.172426,20.031683,23.711905,24.669283,28.906206,25.337933,23.095402,19.677757,17.335602,13.909886,10.665533,8.050067,7.2428703,4.801596,7.823762,8.071287,11.456161,11.211672,11.906912,11.726324,10.998837,11.563736,13.784324,16.122652,20.240843,21.965694,20.924921,25.572851,21.53204,25.760403,24.401237,28.493607
29,31.325773,31.4755,28.439613,26.831593,25.688234,22.278418,22.581982,18.571457,19.744198,20.521051,17.869799,21.580198,20.76354,19.278194,15.898173,14.523787,12.5057125,10.120925,10.275648,6.0531363,8.837745,8.199363,13.375246,12.093367,8.920873,9.239699,6.3023295,6.168297,5.1603527,0.0,4.789212,6.8313136,9.695518,15.820888,18.198828,20.636965,23.532978,25.588938,24.853006,22.020666,18.200214,19.077625,14.605875,13.443188,10.844923,9.927712,6.6457634,6.374949,8.072909,11.04512,13.069452,16.466976,13.759075,16.437222,18.641113,19.401455,17.537416,19.046892,23.206856,24.135406,20.559616,25.13481,25.10074,27.030508,30.419645,26.82964,29.402374,26.3914,21.578756,22.313208,16.919077,17.527338,14.583508,14.663672,13.6952305,11.44408,14.122454,15.837882,15.170023,19.177652,20.150177,24.436228,21.203533,18.982067,15.992103,12.914089,10.434578,6.5709357,5.7560515,7.674606,8.057203,11.501573,12.8334465,15.846033,15.012792,14.670925,14.188513,11.728301,12.857817,12.912504,15.284005,19.867231,20.487345,18.991009,23.816832,19.10602,23.352283,21.939142,25.71981
30,27.079998,27.536991,24.750074,23.442602,22.80376,19.723907,20.542313,17.059004,18.687346,20.378561,18.354506,22.103167,22.153503,21.338068,18.25891,16.53557,15.738898,12.6195345,14.408766,9.69157,13.046865,11.613428,16.868864,15.497795,12.334419,13.0274105,8.961874,8.714681,5.6476946,4.789212,0.0,7.309484,6.80633,13.954874,15.745548,18.183073,21.35296,22.826782,21.66978,18.50048,14.558838,15.269853,10.308859,10.071709,6.5143046,8.534899,6.1763134,8.445282,10.044725,12.675592,13.099451,15.6345825,11.760567,13.541802,15.318094,15.559587,13.149015,14.385328,18.658236,19.361643,15.830212,20.471004,20.669872,22.602036,26.256922,23.11252,25.859646,22.961277,17.897032,19.907057,14.341462,16.447388,14.221194,15.536239,15.470758,13.710732,16.22895,16.150269,16.001757,19.131273,19.780125,23.910015,20.134943,17.867506,14.409348,12.511904,9.182081,7.3745346,4.791375,8.142672,6.6155024,10.706536,11.353908,13.910863,12.060117,10.4831505,11.270575,8.476158,11.275447,11.2208805,14.950145,19.707811,20.128412,18.349764,22.318478,17.322725,21.314318,19.404057,23.36333
31,28.70372,27.903915,25.609322,22.56816,21.883497,18.832802,18.258377,14.815389,14.6356,16.35371,13.178816,16.17478,15.908563,15.158104,12.561926,9.741008,9.962948,6.019834,9.959457,6.4815145,10.64788,11.479806,15.837241,16.728895,14.237438,15.462545,12.96647,12.830665,11.416791,6.8313136,7.309484,0.0,6.262857,9.545786,12.522779,14.573713,17.237545,19.764719,19.370241,17.35068,14.269519,14.833501,11.965737,9.585218,10.028712,7.355923,8.679721,8.104976,11.988155,15.464215,16.483599,19.131414,15.069638,18.24164,19.187283,20.549747,17.183691,19.044333,22.05288,23.13711,19.352776,23.35491,22.626083,25.203362,28.352549,24.011015,27.139408,25.164537,20.745974,21.42086,15.783743,17.53621,13.463901,15.248453,13.843863,10.742413,10.999355,11.059099,9.3596325,13.121591,13.440537,17.694178,14.4112015,12.352612,10.1627,6.1643047,6.5408015,5.1525416,7.143137,12.197094,13.145487,16.952572,18.371637,20.903433,19.052748,17.046192,17.316317,13.3195915,15.987218,13.431383,16.637781,21.560055,20.424402,18.054613,22.00339,16.063015,19.786398,17.717884,20.883867
32,24.834503,24.461197,23.000935,20.078165,20.64136,18.310242,18.432718,16.038042,16.295523,19.396925,17.074467,19.803263,20.55366,20.501698,18.299234,15.209683,16.163374,12.027238,15.8553295,11.099502,15.02666,14.081473,18.598284,19.0275,16.518223,18.448833,14.736733,15.166832,12.320094,9.695518,6.80633,6.262857,0.0,8.6554575,9.023846,11.89607,14.867534,16.289265,15.719481,12.373117,8.604605,10.231652,6.4887147,6.8238287,7.010135,9.231307,10.882798,12.469099,15.528055,18.59103,18.565216,20.494913,15.522847,17.26376,17.646633,17.982868,13.647807,14.6186285,17.738935,17.828644,13.545646,17.375748,16.535,18.969307,22.144608,18.065153,21.257442,19.333748,14.797594,16.571562,10.82394,14.357037,11.459399,14.680662,14.706565,12.88729,13.889031,11.421338,11.762543,13.582808,14.191448,18.074133,14.403417,11.760615,7.8742127,7.746449,4.2197847,6.6486545,6.260464,11.785613,11.926877,15.635464,16.927818,18.57759,15.84933,12.864375,13.550294,9.040006,13.121443,9.917206,14.48123,19.393246,18.031546,15.416058,18.226444,12.120822,15.616565,13.111891,16.80977
33,22.737495,20.742191,19.878057,15.011428,15.643101,13.946999,12.559214,11.531391,9.702927,13.9559765,11.966817,13.293688,15.28093,16.540794,15.788795,12.587144,15.930551,12.412211,18.060942,15.649614,19.654064,20.432621,24.326702,25.837347,23.47249,24.879982,21.892874,21.450962,19.32861,15.820888,13.954874,9.545786,8.6554575,0.0,6.148203,5.7350893,8.64317,11.323218,10.52938,10.65706,9.966441,8.513772,9.931684,6.6872897,11.527241,9.845096,14.744566,15.411456,19.265656,22.43948,21.802055,22.97743,17.773504,20.306587,19.386889,21.019827,16.250675,18.16714,18.91731,20.21366,17.09011,19.68245,18.36422,21.782286,24.74738,20.330858,24.301497,24.083578,20.428646,22.379595,17.286047,21.217438,17.569414,21.225395,20.40092,17.75067,16.120262,12.566117,10.607196,10.999317,8.602293,11.6638975,6.874082,6.1858234,6.745498,5.5858755,9.932694,12.89789,14.302109,20.004002,20.121485,24.037777,24.875982,26.778502,23.880136,20.061205,21.946478,17.482725,21.724306,17.829292,22.051908,26.812397,24.273314,21.193195,22.813057,15.972444,17.894407,14.248614,16.052986
34,23.303827,21.534306,22.112242,17.042656,19.282534,18.419853,17.503014,17.19291,15.54688,20.041767,17.989391,18.814112,20.660381,21.792143,21.057735,17.18444,20.140854,16.085106,21.249357,17.709154,21.448801,21.274784,24.738089,26.552473,24.56456,26.919277,23.547855,23.997036,21.316862,18.198828,15.745548,12.522779,9.023846,6.148203,0.0,4.09347,6.1773744,7.5724607,8.438029,6.2594056,5.9094825,7.581652,9.478326,9.621274,13.528598,14.614546,18.557007,19.673227,23.338053,26.524284,26.005493,27.263021,21.808496,23.447687,22.490185,23.101097,17.752867,18.5142,19.39328,19.1083,15.210497,16.875774,14.633358,17.735907,19.869766,14.854898,18.692656,18.973007,16.151506,17.627464,13.372015,17.81678,14.899943,19.363771,19.320847,17.639452,16.321592,11.042037,11.4442215,9.802131,9.193462,11.557939,8.253349,5.8023033,3.9544363,8.2117405,9.165946,13.641679,14.71712,20.098566,20.724257,24.169867,25.525503,26.666628,23.48214,19.67015,20.69383,16.098577,20.2869,15.498901,19.666876,23.950815,20.727692,17.504078,17.825485,11.147424,12.20032,8.25021,10.041629
35,21.503763,19.03306,19.911991,14.124692,16.548073,16.214298,14.872342,15.48227,13.336618,18.186647,16.74142,17.011656,19.513655,21.225372,21.018366,17.52575,21.150192,17.513557,23.103392,20.291496,24.152786,24.464989,28.024015,29.845865,27.703598,29.64365,26.36353,26.3237,23.793476,20.636965,18.183073,14.573713,11.89607,5.7350893,4.09347,0.0,3.537536,5.591707,5.6329765,6.7635517,8.39444,7.4048305,11.220255,10.121341,14.979634,15.135912,19.886349,20.959642,24.68666,27.787395,26.853075,27.677063,22.199886,23.961134,22.469007,23.549648,18.234715,19.406626,19.227068,19.65272,16.62769,17.839815,15.780807,19.273243,21.544828,17.000526,21.112856,22.008795,19.336388,21.419735,17.30653,21.906998,18.911737,23.272156,22.97296,20.945227,19.085562,14.056324,13.362111,11.48417,9.115719,10.449102,6.4373517,6.0472484,7.26237,9.795669,12.664518,16.760773,17.921831,23.48429,23.69563,27.344383,28.300632,29.618942,26.34418,22.135775,23.974407,19.50434,23.953188,19.427774,23.69698,28.034323,24.791435,21.554228,21.6209,15.077299,15.557279,11.408128,12.037036
36,23.552397,20.66172,22.257698,16.016989,18.80031,18.887938,17.162268,18.203638,15.438517,20.207403,18.6498,18.09494,20.621954,22.525995,22.789299,19.079533,22.974815,19.478727,25.051447,22.530573,26.171993,26.641842,29.756096,32.055626,30.156868,32.34851,29.23247,29.386408,26.93354,23.532978,21.35296,17.237545,14.867534,8.64317,6.1773744,3.537536,0.0,3.9524655,6.2267385,8.301626,10.776816,10.477911,14.503636,13.648348,18.469742,18.382812,23.171345,23.95969,27.826843,31.008621,30.225954,31.100983,25.667204,27.482841,25.915644,26.98907,21.635084,22.650572,22.201365,22.347704,19.356136,19.956144,17.487894,20.815008,22.412123,17.609215,21.524551,23.034746,21.07554,22.49368,19.005884,23.311697,20.297161,24.73096,24.364178,22.467299,20.05204,14.668384,14.153849,11.161523,8.679716,8.571641,6.0784006,6.3292084,8.767471,11.790107,14.914157,19.122488,20.63347,26.123089,26.728159,30.274841,31.469248,32.680164,29.408699,25.293915,26.764032,22.231256,26.44971,21.530842,25.434685,29.497261,25.754139,22.484251,21.948034,15.786736,15.430181,11.566172,10.884367
