,0,1,2,3,4,5,6,7,8,9,10,11,12,13,14,15,16,17,18,19,20,21,22,23,24,25,26,27,28,29,30,31,32,33,34,35,36,37,38,39,40,41,42,43,44,45,46,47,48,49,50,51,52,53,54,55,56,57,58,59,60,61,62,63,64,65,66,67,68,69,70,71,72,73,74,75,76,77,78,79,80,81,82,83,84,85,86,87,88,89,90,91,92,93,94,95,96,97,98,99,100,101,102,103,104,105,106,107,108,109,110,111,112,113,114,115
0,0.0,4.2283435,5.6773815,9.795521,13.143898,15.48522,18.891914,22.61211,25.794481,28.98601,33.832523,36.640873,37.60539,34.867172,35.09624,30.731668,31.920435,27.261591,29.44702,25.210703,28.398188,25.696957,21.911543,23.37947,18.250853,17.5808,17.622566,18.381897,18.663212,19.384356,21.377949,22.157347,27.623827,27.355621,32.23941,33.585094,36.79434,39.18138,37.154255,33.7756,32.125698,32.75705,29.236265,32.73669,29.425303,32.50879,31.084106,33.896255,33.250736,34.13595,31.48838,34.960125,31.460608,33.448586,34.19968,34.542744,37.26826,34.16719,30.727922,30.506802,31.591854,27.055197,23.382595,25.604137,21.393715,22.355055,21.30646,22.636103,20.467953,24.005978,24.450981,27.155367,27.402748,31.855003,32.712193,30.345316,34.763363,34.164665,37.886658,39.55136,41.36564,43.042435,45.219887,46.679348,41.39912,40.26489,36.912273,34.818333,30.701605,27.085932,23.938276,20.34509,18.926622,14.29715,16.334528,12.602926,13.897317,17.012959,19.154806,21.586884,23.565338,24.325161,25.525127,25.717058,23.525297,28.678268,25.572563,30.08517,32.73924,29.904634,26.845701,26.620031,20.886532,19.56323,15.6810255,13.895411
1,4.2283435,0.0,4.072208,6.275639,10.522245,13.218235,16.144115,20.36466,23.047115,26.65114,31.094748,34.087254,35.402603,32.812496,33.501835,29.251568,31.122934,26.5042,29.262749,25.398653,29.123188,27.044323,23.480043,25.470694,20.210531,19.521925,18.39435,18.649776,18.149666,18.283339,19.812859,19.91369,24.931082,24.156868,29.305983,30.13369,33.582016,36.219307,34.559296,31.534454,30.09808,31.330463,27.881788,31.939348,29.066881,32.416706,31.5348,34.60029,34.197678,34.499924,31.626362,34.62989,30.68536,32.439747,32.384167,32.888477,35.055374,31.730251,28.231419,27.51016,28.369205,23.902079,20.641666,23.462553,19.996254,21.478842,21.31065,23.195065,21.700352,25.138933,24.976683,27.985905,27.508453,32.086906,32.475826,29.573635,33.904106,32.789543,36.560326,37.796898,39.567616,40.928566,43.138485,44.256676,38.854046,37.687683,34.26939,32.53247,27.943588,24.978092,21.611412,18.58591,17.645643,13.390229,15.970497,13.201856,15.070421,18.392578,20.253952,22.504911,23.68614,23.865324,24.691578,24.143791,21.38845,26.415146,22.630013,26.86086,29.34727,26.24037,23.258059,22.914381,17.120024,15.768853,11.873092,10.337539
2,5.6773815,4.072208,0.0,5.1233854,8.323727,10.042304,13.817366,17.226719,20.314718,23.569178,28.286272,31.22701,32.221413,29.486658,29.959133,25.67718,27.25757,22.73002,25.284784,21.531948,25.17106,23.399054,19.944662,22.40998,17.158995,17.195724,15.782042,16.619768,15.559748,16.650503,17.32579,18.740263,23.080679,23.36158,27.740437,29.110147,32.58651,35.02775,32.908104,29.954386,27.947418,29.267645,25.36546,29.431324,26.325624,29.555674,28.773392,31.615808,31.69069,32.200375,29.392202,32.569313,28.785683,30.936087,30.981241,32.06235,34.0256,31.248953,27.742306,27.387794,27.654644,22.888474,19.673037,21.689512,18.510872,19.158087,19.444742,20.814602,19.306509,22.446432,21.920729,24.641502,24.053066,28.507315,28.936008,26.223999,30.641441,29.72664,33.634567,35.06798,37.1024,38.571114,40.484512,41.821476,36.531296,35.090096,31.83543,29.880554,25.515041,22.047678,19.091549,15.729652,14.195448,10.365179,12.006199,9.699891,11.339527,14.710637,16.528564,18.915245,19.875988,19.919064,20.750723,20.489408,17.986256,23.146795,19.98171,24.534113,27.28947,24.682016,21.554363,21.95156,15.968828,15.497104,11.554257,11.221188
3,9.795521,6.275639,5.1233854,0.0,5.055567,7.7959504,10.149028,14.6208515,16.919363,20.746668,24.959969,27.994286,29.52796,27.08498,28.144958,24.056572,26.6723,22.169827,25.637596,22.340677,26.78769,25.58698,22.548882,25.227726,20.082684,19.648016,16.910892,16.819204,14.942422,14.929414,15.117113,15.342522,19.181583,18.768463,23.50742,24.333948,27.985422,30.672503,29.003866,26.425192,24.818241,26.797033,23.19235,27.858242,25.46515,29.00432,28.901001,32.109245,32.293564,31.96511,28.912592,31.383259,27.083113,28.829527,27.896107,29.093874,30.415657,27.389502,23.854988,22.979673,23.021196,18.358923,15.621377,18.42107,16.266842,17.739109,19.069767,21.236183,20.707964,23.675392,22.529795,25.727839,24.25261,28.830864,28.61187,25.162317,29.327766,27.71019,31.547222,32.402176,34.257908,35.349567,37.424767,38.33887,32.901592,31.60112,28.199741,26.683512,21.810308,19.278225,15.89102,13.48875,13.0662775,9.928484,12.915601,11.895374,14.617785,18.02708,19.606398,21.874933,21.796696,20.89468,21.059376,19.851425,16.42416,21.353678,17.198956,21.235434,23.812819,20.853731,17.81749,18.559753,12.205265,12.377553,8.55639,9.603066
4,13.143898,10.522245,8.323727,5.055567,0.0,4.4364734,5.7804627,10.522142,13.188503,16.66979,21.33225,23.939985,25.388847,23.021463,23.896135,19.772205,22.697653,18.014883,22.060936,18.799955,23.93456,22.857157,20.282497,22.96023,18.15837,17.522291,13.712777,13.295815,10.604493,10.710684,10.097589,11.179306,14.760217,15.492685,19.441364,21.213718,24.497557,26.801203,24.614582,21.879967,19.94602,21.891338,18.15377,22.90841,20.68611,24.289204,24.54048,27.856339,28.253857,27.575905,24.477646,26.735641,22.404161,24.314392,23.378,25.037983,26.239689,23.789999,20.309244,20.10442,19.777346,14.865331,11.832054,13.713947,11.929821,13.018402,15.173553,17.402617,17.599697,20.169195,18.51574,21.946705,19.973845,24.597975,24.085915,20.371765,24.433075,22.740194,26.523285,27.444653,29.303679,30.536688,32.638596,33.765274,28.401749,27.266926,23.840591,22.012384,17.612476,14.582545,11.093599,8.496337,8.697834,6.078846,10.313909,10.081044,13.990605,17.386726,19.120762,21.803698,21.136625,19.45241,19.132454,18.180752,14.580456,19.526894,15.949327,19.877085,22.742529,20.38989,17.355791,19.696373,13.196303,15.036007,11.790268,14.053265
5,15.48522,13.218235,10.042304,7.7959504,4.4364734,0.0,5.157955,7.197795,10.46673,13.537655,18.413261,21.206009,22.229872,19.600405,20.408083,16.28774,19.01348,14.676612,18.498444,15.882427,20.77789,20.650475,18.460775,21.927677,17.458847,18.035007,14.117901,14.601297,11.018569,12.653161,10.012386,13.22502,14.624454,16.849558,19.394917,21.507406,24.997221,27.145145,24.544527,22.30835,19.527536,21.956205,17.52668,22.41924,20.01317,23.360716,23.930805,26.799498,28.03098,27.634964,24.699389,27.053493,23.00607,25.37086,24.292057,26.781473,27.390928,25.672632,22.334967,22.282776,20.93805,15.938514,13.747957,14.373333,13.808045,13.463678,16.491741,17.81513,18.037785,19.956488,17.624828,20.384249,18.006063,22.272753,21.660818,18.152393,22.30576,20.744587,24.826117,25.858164,28.200333,29.399942,30.908543,32.182926,26.981792,25.196594,22.10868,20.182077,15.815351,12.285288,9.881382,7.252178,6.0730805,6.4015117,7.550004,9.625597,12.397414,15.260981,16.462048,18.845455,17.490295,15.368701,14.825594,13.811319,10.342601,15.400502,12.621727,16.947756,20.093288,18.467613,15.360631,18.394522,12.315577,14.956771,12.214282,15.167664
6,18.891914,16.144115,13.817366,10.149028,5.7804627,5.157955,0.0,6.0555696,7.7948647,11.44235,15.840387,18.319181,20.071844,17.990604,19.352095,15.610058,19.605408,15.380624,20.217342,17.997593,23.59509,23.547823,21.813414,24.847946,20.714718,20.3701,15.633077,14.886747,10.992805,10.901675,7.650103,9.245549,9.712215,11.794554,14.3723545,16.516066,19.86681,22.059952,19.717478,17.683815,15.401875,18.44267,14.619462,20.041117,18.674835,22.289557,23.550014,26.840471,27.897055,26.506126,23.38599,24.824652,20.295427,22.116446,20.049973,22.679213,22.685957,20.915854,17.639502,17.457499,15.815806,10.823256,9.096953,10.080187,11.159197,11.823251,15.831397,18.028242,19.32482,21.025288,18.385532,21.70519,18.612555,22.879652,21.556002,17.218887,20.809683,18.39948,22.17864,22.554066,24.519922,25.406885,27.319775,28.227257,22.83644,21.553514,18.136429,16.544443,11.843147,9.455783,5.934141,5.5198607,7.4141774,8.447691,11.58135,13.399908,17.09293,19.95933,21.236256,23.665184,21.8796,19.155794,18.002073,16.427986,12.390866,16.53847,13.100214,16.241415,19.123425,17.382896,14.63824,18.524807,12.644445,16.066467,13.954783,17.400312
7,22.61211,20.36466,17.226719,14.6208515,10.522142,7.197795,6.0555696,0.0,4.4622107,6.3762407,11.692091,14.141263,15.054558,12.53393,13.708564,9.966763,14.072661,10.574746,15.353684,14.428984,19.703096,20.987879,20.081558,23.797659,20.457901,21.346268,16.648415,16.882313,12.388214,14.132199,8.935008,13.364409,10.7982855,15.303739,15.152159,18.12521,21.303064,22.935587,19.80813,18.511587,14.889276,18.359047,13.68152,18.94309,17.451118,20.513523,22.29651,24.88457,27.073835,26.018377,23.2428,24.729475,20.850328,23.293646,21.324228,25.025223,24.361155,23.879503,21.027094,21.36673,18.583187,14.0480175,13.429975,12.074472,14.389204,12.972202,17.710619,18.627666,20.044239,20.738985,17.266962,19.55867,15.821169,19.322931,17.683537,13.634461,17.140425,14.934003,19.093237,19.702198,22.412073,23.33888,24.293205,25.57587,20.592346,18.341232,15.581494,13.618445,9.620441,5.862462,5.7131734,5.970632,6.1817,10.660022,10.486355,14.383024,16.830633,18.780617,19.40642,21.438307,18.722502,15.233381,13.462411,12.008231,8.588345,12.0704975,10.761537,13.926145,17.16457,16.934341,14.407251,19.33878,14.578091,18.661306,17.143751,20.937744
8,25.794481,23.047115,20.314718,16.919363,13.188503,10.46673,7.7948647,4.4622107,0.0,4.6614156,8.146435,11.130024,13.00585,11.126436,13.569395,10.952266,16.036505,13.57263,18.377228,18.28505,23.376055,25.131472,24.443876,28.158274,24.902369,25.593151,20.716715,20.46614,16.002949,16.743773,11.566808,14.292288,9.43424,13.652463,12.651359,14.8492985,18.368963,20.246468,17.703241,17.514187,14.337748,18.881433,14.904849,20.447176,19.930576,22.948715,25.30073,27.941174,30.215258,28.567167,25.771479,26.472641,22.370758,24.283781,21.105618,25.081528,23.320566,22.897034,20.285427,20.008348,16.324493,12.376559,13.381448,12.522066,16.429914,15.770272,20.879799,22.223488,24.037697,24.639072,21.04189,23.35833,19.26068,22.360779,20.176943,15.823253,18.48892,15.423672,19.236507,18.842766,21.416178,21.622078,22.444016,23.030354,17.919844,15.398358,12.6287775,11.735753,6.4036245,6.098787,6.513098,9.261792,10.536447,14.579044,14.862901,18.675291,21.083952,22.981756,23.358849,25.013721,21.868868,18.138119,16.01291,13.505683,9.764711,11.620212,9.541545,11.155175,14.043935,14.058702,12.081028,17.678122,13.89003,18.483707,17.822138,22.01572
9,28.98601,26.65114,23.569178,20.746668,16.66979,13.537655,11.44235,6.3762407,4.6614156,0.0,5.9906864,7.8966303,8.78208,6.629736,8.96405,6.916692,12.429123,11.034068,15.691258,16.63491,21.441372,23.857904,23.907267,27.633698,25.15245,26.224846,21.390623,21.446718,16.946337,18.397326,12.687939,16.653023,10.955239,16.543404,13.656327,16.91844,19.607958,20.668392,17.341917,17.485882,13.468095,17.883793,13.723801,18.69389,18.380135,20.83865,23.630585,25.775017,28.692518,27.094406,24.629456,25.161825,21.681402,23.91695,21.044277,25.627033,23.622854,24.27944,22.083109,22.541197,18.593315,15.203182,16.209946,13.75949,18.019903,16.247265,21.554703,22.175308,24.254288,24.105917,20.121449,21.779423,17.316692,19.601171,17.035315,12.978493,15.048842,12.086723,15.905934,15.681945,18.746086,19.100204,19.20009,20.286451,15.713178,12.635475,10.608844,9.087917,6.1279817,4.8318124,8.132697,10.749305,11.5969715,16.578123,15.878268,20.190166,22.255636,23.609415,23.78046,25.357016,21.847788,17.75411,15.267756,13.464811,11.007836,11.686839,12.03701,13.157774,15.938136,17.140308,15.559679,21.378605,18.143131,22.744873,22.082226,26.218693
10,33.832523,31.094748,28.286272,24.959969,21.33225,18.413261,15.840387,11.692091,8.146435,5.9906864,0.0,4.2713237,6.8193836,6.654401,10.717919,11.071195,16.333683,16.327477,20.358105,22.15391,26.426003,29.423658,29.670752,33.506035,31.10147,32.194946,27.301775,27.114737,22.650307,23.47049,17.962688,20.566566,13.418429,18.038849,14.003833,15.873761,18.607235,19.712696,17.336714,19.163622,15.931679,21.095776,17.9398,22.697306,23.2793,25.486322,28.722313,30.724524,33.80895,31.776773,29.41467,29.193716,25.732737,27.40421,23.402325,28.182083,24.894804,25.800556,24.065779,23.84544,19.004032,16.833841,19.34295,17.501373,22.731718,21.55689,26.9939,27.86748,30.144066,29.913242,25.874868,27.377703,22.78612,24.48094,21.560886,17.741003,18.67637,15.211461,18.11677,16.55796,19.3774,18.582632,17.950373,17.902243,13.764139,9.708058,8.781857,9.616418,6.8309226,9.969292,12.792102,16.272953,17.43527,22.181993,21.531803,25.932964,27.760014,28.983208,28.813143,29.889732,25.941784,21.753347,19.058086,16.345655,14.116239,12.660027,12.982468,11.6889925,13.427507,15.622826,15.1733885,21.186394,19.609613,24.385103,24.656063,29.032148
11,36.640873,34.087254,31.22701,27.994286,23.939985,21.206009,18.319181,14.141263,11.130024,7.8966303,4.2713237,0.0,4.10428,5.828822,9.443007,10.998657,16.13997,16.6967,20.682116,22.770084,27.052084,30.031614,30.718834,34.205074,32.31109,33.19219,28.227604,27.859592,23.566465,24.305307,18.832598,21.503593,13.959268,19.16135,13.800415,16.569344,18.189043,18.41462,15.542833,17.80532,14.479239,19.44035,16.887457,20.959637,22.199759,23.984364,27.62372,29.431507,32.6602,30.293787,28.185482,27.427902,24.409584,25.961313,21.948572,27.041334,23.414528,25.211851,23.960737,24.346539,19.493715,17.979742,20.505924,17.746403,23.330761,21.83911,27.29429,27.983849,30.653364,29.97847,25.858156,27.193037,22.455227,23.593504,20.318844,16.67543,16.582571,12.960004,15.125582,13.096011,15.929753,14.957757,13.833433,13.972441,10.355488,5.915473,6.1489477,7.127192,7.5852695,10.680242,14.092611,17.740294,19.210173,24.06323,23.654928,27.912949,30.018671,31.145327,31.110413,32.390606,28.479916,24.213058,21.463554,19.429691,17.623514,16.229101,17.149239,15.912272,17.442324,19.719893,19.364946,25.382133,23.615387,28.39901,28.465612,32.800785
12,37.60539,35.402603,32.221413,29.52796,25.388847,22.229872,20.071844,15.054558,13.00585,8.78208,6.8193836,4.10428,0.0,3.3025467,6.16072,9.062493,13.30272,14.972125,18.167501,21.003763,24.65433,28.129662,29.267117,32.812393,31.446619,32.803204,28.126593,28.228004,23.989216,25.49021,19.844124,23.617317,16.647007,22.431915,17.154318,20.478085,21.898808,21.77765,18.329,20.095284,16.140137,20.37733,17.404522,20.790573,21.652067,22.902832,26.528131,27.771097,31.51963,29.605305,27.810604,27.369364,24.960516,26.977274,23.79218,29.029743,25.85686,28.057701,26.798262,27.64347,23.04832,21.18516,23.093554,19.709702,24.758076,22.46407,27.748976,27.768385,30.28514,29.175629,24.948132,25.596899,20.931486,21.330921,18.078354,15.247134,14.817276,12.017516,14.184963,12.972652,16.343985,15.938417,13.953111,15.052758,12.482725,8.11115,9.224312,8.812468,10.621857,11.675036,15.751353,18.653492,19.460434,24.68863,23.380186,27.917982,29.531734,30.209515,29.969387,31.10452,27.07721,22.790455,19.99907,18.632183,17.7526,16.048237,18.384892,17.679443,19.450893,22.167456,21.625933,27.593498,25.753548,30.476692,30.345604,34.59722
13,34.867172,32.812496,29.486658,27.08498,23.021463,19.600405,17.990604,12.53393,11.126436,6.629736,6.654401,5.828822,3.3025467,0.0,4.1794405,6.2151647,10.641487,12.115187,15.309738,18.101181,21.733738,25.27009,26.286436,30.027573,28.55194,30.178276,25.644894,26.06108,21.750938,23.709675,17.952335,22.37652,16.062315,22.02402,17.535328,21.012201,22.891935,23.103436,19.45288,20.48725,16.16313,20.192358,16.49243,20.144419,20.290018,21.699675,24.995064,26.231007,30.025618,28.543161,26.65902,26.811453,24.308756,26.67953,23.991192,29.0921,26.524038,28.333351,26.714848,27.58162,23.251215,20.713379,22.08714,18.761246,23.254667,20.692455,25.886103,25.708538,27.929062,26.920828,22.688553,23.240448,18.657852,19.306849,16.321209,13.513127,13.9604645,11.566999,14.560789,14.206677,17.776442,17.916853,16.40363,17.864214,14.78532,10.717272,10.846506,9.586873,10.3013735,9.9000225,14.08616,16.420898,16.741434,22.107468,20.318445,25.01225,26.370928,26.965849,26.676619,27.807364,23.812372,19.529905,16.756481,15.578687,14.861451,13.525662,16.221462,16.300497,18.52505,21.070713,20.139988,26.019747,23.815855,28.443142,28.09424,32.251057
14,35.09624,33.501835,29.959133,28.144958,23.896135,20.408083,19.352095,13.708564,13.569395,8.96405,10.717919,9.443007,6.16072,4.1794405,0.0,4.4408526,7.2434955,9.746648,12.224619,15.494613,18.728788,22.394146,23.899597,27.428225,26.591793,28.447674,24.241394,25.008133,20.971292,23.561348,17.955492,23.263098,17.83206,24.23867,19.829157,24.0341,25.515408,25.332928,21.088453,21.435152,16.691044,19.698788,15.761074,18.48876,18.211178,19.047688,22.249992,22.973568,27.154003,26.097004,24.54667,25.036715,23.202961,25.995846,24.30608,29.397507,27.468933,29.653868,28.076214,29.550547,25.66341,22.90895,23.54657,19.53502,23.309,19.978806,24.797928,23.94404,26.083727,24.590055,20.345787,20.265732,15.813538,15.724797,12.767296,10.889133,11.071843,9.897794,12.877071,13.688197,17.491894,18.394018,16.71319,19.110119,16.58624,13.136901,13.378799,11.067235,13.065765,10.864547,15.221199,16.664137,16.494858,21.908413,19.6306,24.231533,25.388504,25.638773,25.396751,26.683132,22.898544,18.756512,16.147226,16.188765,16.222637,15.460842,18.828833,19.680935,22.154284,24.589376,23.350565,29.085827,26.382114,30.843578,30.069235,34.01241
15,30.731668,29.251568,25.67718,24.056572,19.772205,16.28774,15.610058,9.966763,10.952266,6.916692,11.071195,10.998657,9.062493,6.2151647,4.4408526,0.0,5.7705164,5.926258,9.788216,11.971276,16.110556,19.170897,20.205305,23.82743,22.537695,24.320423,20.0598,20.950306,16.826426,19.7155,14.121718,19.94733,15.567494,21.92804,18.58504,22.93864,24.783276,24.987783,20.670967,20.122261,15.249953,18.027061,13.359677,16.699923,15.608047,17.03738,19.770733,20.948553,24.755997,23.953331,22.088585,23.204306,20.957273,23.992937,22.735062,27.49806,26.295998,27.872965,25.90145,27.396881,23.982553,20.5818,20.518177,16.668528,19.727592,16.287695,21.030708,20.239357,22.158638,21.014183,16.790375,17.149652,12.668784,13.704232,11.138244,8.460592,10.428774,9.346382,13.292026,14.704037,18.340826,19.6728,18.998331,21.407763,17.983093,15.026974,14.091233,11.191583,11.859041,7.8633113,11.90161,12.588932,12.097725,17.519974,15.282381,19.811232,21.186697,21.706379,21.745077,23.401178,19.95128,15.886636,13.457513,13.779096,13.356202,13.981238,16.688581,18.541424,21.448458,23.188389,21.448954,26.97902,23.51795,27.794321,26.616093,30.384378
16,31.920435,31.122934,27.25757,26.6723,22.697653,19.01348,19.605408,14.072661,16.036505,12.429123,16.333683,16.13997,13.30272,10.641487,7.2434955,5.7705164,0.0,5.2030888,5.05816,9.206194,11.525424,15.584349,17.466894,21.147814,20.899948,23.612959,20.32172,22.119093,18.573408,22.473614,17.451736,24.053673,20.812548,27.160757,24.115568,28.64473,30.38131,30.384424,25.795956,24.8113,19.809969,21.422132,16.677402,18.62265,16.547684,16.985703,19.030706,19.078135,23.575298,23.935555,22.649647,24.558475,23.29917,26.8243,26.774048,31.344446,30.82896,32.61357,30.633049,32.482227,29.428532,25.828608,25.130209,21.076597,22.933699,18.70873,22.507397,20.558897,21.818872,20.044062,16.0384,14.810578,11.162135,10.625571,9.043717,9.256276,11.151769,12.309087,15.687958,18.16417,21.838999,23.677202,22.546642,25.538895,22.840483,19.94839,19.49605,16.409372,17.612185,13.061177,16.610903,15.973926,14.280767,19.355217,15.62927,20.111198,20.36841,19.961855,19.673887,21.116362,17.860128,14.240442,12.248394,14.375009,15.56644,16.171045,20.105928,22.5137,25.497114,27.459126,25.572758,30.683264,27.210371,31.104744,29.652903,33.04628
17,27.261591,26.5042,22.73002,22.169827,18.014883,14.676612,15.380624,10.574746,13.57263,11.034068,16.327477,16.6967,14.972125,12.115187,9.746648,5.926258,5.2030888,0.0,5.596136,6.093276,11.011833,13.335826,14.330655,17.924477,16.851635,19.036951,15.359138,17.059341,13.421029,17.478846,12.68933,19.557526,17.571154,23.628628,21.599335,26.23799,28.096672,28.376957,23.828957,22.034739,17.186968,18.498442,13.3305435,15.907599,13.170923,14.519968,16.126661,17.125996,20.833712,21.087103,19.31894,21.673285,19.826702,23.424967,23.68328,27.827047,27.976631,29.171728,26.905481,28.814695,26.340204,22.34188,20.941954,17.083862,18.143599,13.910936,17.635748,15.966696,17.213438,15.9597645,11.88923,11.798057,7.8201404,9.607786,8.399887,6.9141974,10.6605,11.380975,15.347654,17.97868,21.319304,23.411318,23.324137,26.191917,22.662563,20.370035,18.936539,15.512094,15.806655,10.144546,12.778477,11.240835,9.383292,14.26867,11.211121,15.348747,16.48592,16.80556,17.223284,19.449049,16.840563,13.421116,11.792463,13.815577,13.87504,16.109661,18.61019,21.715786,24.95853,26.055449,23.765198,28.671816,24.330946,28.02666,26.115393,29.31685
18,29.44702,29.262749,25.284784,25.637596,22.060936,18.498444,20.217342,15.353684,18.377228,15.691258,20.358105,20.682116,18.167501,15.309738,12.224619,9.788216,5.05816,5.596136,0.0,5.31663,6.5067716,10.812341,12.856907,16.730045,16.83878,20.24748,17.857628,20.421684,17.454649,22.07518,17.831013,24.838509,23.154554,29.159082,27.107971,31.658333,33.572933,33.761692,29.123453,27.399696,22.491959,23.328144,18.352966,19.882557,16.685629,17.01224,17.89603,17.599539,21.936375,23.354986,22.203016,25.083141,24.086855,27.915249,28.811956,32.883606,33.264393,34.63991,32.40223,34.3759,31.916477,27.87235,26.359758,22.57532,23.03905,18.532948,21.33526,18.71979,19.10485,17.329456,13.82215,11.768842,9.433003,9.068226,9.353797,10.753959,13.608334,15.557414,18.96253,21.998167,25.461456,27.680233,26.97577,30.123251,27.186514,24.571531,23.69768,20.379486,20.981785,15.6149235,18.268875,16.314924,13.660981,17.933601,13.297258,17.338259,16.825857,15.906534,15.67946,17.363937,14.855952,12.051159,10.978505,14.488682,16.169083,17.815434,21.56675,24.838657,28.035908,29.544947,27.287956,31.82506,27.870398,31.237741,29.324718,32.215008
19,25.210703,25.398653,21.531948,22.340677,18.799955,15.882427,17.997593,14.428984,18.28505,16.63491,22.15391,22.770084,21.003763,18.101181,15.494613,11.971276,9.206194,6.093276,5.31663,0.0,6.287022,7.2906384,8.4344845,12.183773,11.752839,14.936241,12.728275,15.621285,13.169167,18.145754,14.854482,21.88824,21.906103,27.410414,26.412773,31.056345,32.94276,33.28766,28.689907,26.12598,21.542603,21.66571,16.646215,18.13926,14.115278,14.979601,14.904623,15.290901,18.731247,20.476322,19.062729,22.634388,21.438217,25.352627,26.958584,30.40859,31.678362,32.535534,30.09261,32.239975,30.544395,26.220541,23.85871,20.343884,19.472351,14.928595,16.877464,14.064007,13.974255,12.564083,9.367708,7.9021635,6.4272375,8.360148,9.630097,10.33126,14.218228,16.120771,19.652697,22.928305,25.992195,28.519169,28.679886,31.823235,28.353281,26.356804,24.768604,21.192173,21.26433,15.248457,16.73566,13.662834,10.705957,13.850279,9.736566,12.743366,12.921081,12.582437,13.369194,16.113575,14.8016205,12.719216,12.361583,15.835924,16.581982,19.63397,22.071285,25.945288,29.318962,30.015757,27.399446,31.57562,26.779678,29.755846,27.281271,29.759941
20,28.398188,29.123188,25.17106,26.78769,23.93456,20.77789,23.59509,19.703096,23.376055,21.441372,26.426003,27.052084,24.65433,21.733738,18.728788,16.110556,11.525424,11.011833,6.5067716,6.287022,0.0,6.009474,8.637545,12.438135,13.629988,18.089256,17.478687,20.90715,19.0402,24.144533,21.096544,28.099848,27.964663,33.50501,32.352787,36.87028,38.886204,39.19203,34.5335,32.192192,27.487427,27.506567,22.627775,23.484194,19.429386,19.408268,18.818884,17.859686,21.732977,24.52917,23.741806,27.56372,27.067745,31.078772,33.000774,36.47906,37.76936,38.794827,36.37822,38.480545,36.647045,32.294445,30.03411,26.61608,25.613733,21.064371,22.39005,19.009344,18.075615,16.324902,14.127418,10.904841,11.328346,10.841514,13.057315,15.454771,18.504768,21.060549,24.235218,27.690296,30.92707,33.46485,33.01819,36.337646,33.345707,30.94735,29.852713,26.401482,26.660234,20.915432,22.730402,19.717443,16.396894,19.161886,13.891266,16.64792,14.76966,12.79718,12.5767145,14.3752365,13.483178,12.567994,12.9772625,17.473154,19.634035,21.960957,25.492874,29.404907,32.688656,33.810364,31.281096,35.078632,30.814957,33.463844,31.10933,33.271915
21,25.696957,27.044323,23.399054,25.58698,22.857157,20.650475,23.547823,20.987879,25.131472,23.857904,29.423658,30.031614,28.129662,25.27009,22.394146,19.170897,15.584349,13.335826,10.812341,7.2906384,6.009474,0.0,3.9354439,6.4648657,8.650903,12.944208,13.548944,17.256804,16.611895,21.712948,20.053886,26.686367,28.199495,33.23758,32.893883,37.600624,39.359653,39.631985,34.96286,31.83205,27.54722,26.595198,22.074852,22.338116,17.717117,17.764626,15.9285145,15.236477,17.974977,21.450129,20.73905,25.228281,24.974674,28.97985,31.872416,34.61747,36.887356,37.590443,35.134068,37.56492,36.572674,32.15383,29.097063,25.841635,23.467678,19.02499,18.919184,15.090704,13.325155,11.6643305,10.812109,7.6089177,10.279648,10.996926,14.019346,16.196886,19.574463,22.28841,25.262953,29.007917,31.788774,34.684505,34.976055,38.411774,35.145966,33.426777,31.824203,28.108637,28.310852,22.186838,23.065668,19.310648,16.181126,17.330944,13.36018,14.1108265,12.993668,11.5857725,12.761797,15.694119,16.332863,16.117193,16.913906,21.10934,22.369883,25.695566,28.106895,32.377655,35.77947,36.218792,33.424953,36.94854,31.91906,34.175304,31.273804,32.934406
22,21.911543,23.480043,19.944662,22.548882,20.282497,18.460775,21.813414,20.081558,24.443876,23.907267,29.670752,30.718834,29.267117,26.286436,23.899597,20.205305,17.466894,14.330655,12.856907,8.4344845,8.637545,3.9354439,0.0,5.1526303,5.17863,10.181602,11.320966,15.299839,14.942816,19.972363,18.91011,25.151272,27.491526,31.942957,32.418583,36.787636,38.808064,39.408775,35.0145,31.67067,27.666624,26.861963,22.28655,23.149178,18.416933,19.168612,17.115696,17.275843,19.128016,22.382423,21.25401,25.896542,25.069605,28.919853,31.701105,34.08187,36.607162,36.729095,34.046143,36.213932,35.545444,30.932562,27.580149,24.974604,21.977055,18.03672,17.502525,14.116431,11.628945,11.149967,10.866179,9.213301,11.690859,13.740621,16.391163,17.55589,21.427855,23.585726,26.841545,30.347784,33.01779,35.80642,36.469444,39.65124,35.94605,34.288727,32.31187,28.719486,28.152594,22.05822,22.233473,18.054398,14.7431755,14.866679,11.092634,10.8549185,9.565102,8.552025,10.475789,13.961591,15.311969,15.547291,16.685144,20.562576,21.382048,25.301167,26.977125,31.540432,34.962868,34.934647,31.988604,35.071114,29.786476,31.648184,28.527834,29.84238
23,23.37947,25.470694,22.40998,25.227726,22.96023,21.927677,24.847946,23.797659,28.158274,27.633698,33.506035,34.205074,32.812393,30.027573,27.428225,23.82743,21.147814,17.924477,16.730045,12.183773,12.438135,6.4648657,5.1526303,0.0,5.2699633,8.439357,11.383653,15.077622,16.144129,20.728476,20.848503,26.562174,29.826822,34.050114,34.696003,39.351337,40.915382,41.243053,36.750053,32.924675,29.269287,27.4819,23.552034,23.375967,18.548668,18.829557,15.77165,15.677063,16.442362,20.451178,19.786503,24.795479,24.678848,28.442383,32.209538,34.008465,37.289635,37.489784,34.994263,37.610756,37.55101,33.142296,29.347584,26.593279,22.75936,18.927717,16.98858,13.100026,9.992576,9.197234,10.802118,9.126413,13.119168,14.888911,17.968681,19.5377,23.00372,25.552698,28.28487,32.071075,34.348446,37.44984,38.444675,41.849106,38.31173,37.192802,35.12802,31.34072,31.287155,25.13342,24.997974,20.734987,18.035288,17.193636,15.088907,13.372249,13.191105,12.683765,14.967797,18.451046,20.307367,20.69949,21.79027,25.585646,26.111626,30.166372,31.5262,36.051228,39.484055,39.24555,36.254303,39.322865,33.709846,35.41552,32.04558,33.048496
24,18.250853,20.210531,17.158995,20.082684,18.15837,17.458847,20.714718,20.457901,24.902369,25.15245,31.10147,32.31109,31.446619,28.55194,26.591793,22.537695,20.899948,16.851635,16.83878,11.752839,13.629988,8.650903,5.17863,5.2699633,0.0,5.4351807,8.015505,11.969646,12.794735,17.279366,17.66253,22.971931,26.755384,30.37602,31.807787,35.97737,37.928074,38.693092,34.582954,30.757824,27.342493,26.164314,21.999695,22.979315,18.256554,19.594688,17.052197,18.17233,18.60248,21.581392,20.1274,24.925684,23.731804,27.279839,30.363289,32.016075,35.179676,34.71778,31.930038,34.078903,34.138157,29.523878,25.615255,23.63814,19.523317,16.33481,14.592952,11.739839,8.30368,9.437721,10.516311,10.813913,13.399301,16.558514,18.91676,19.15086,23.209648,24.907642,28.106485,31.43839,33.709362,36.52199,37.821915,40.81621,36.751587,35.568066,33.130993,29.59279,28.582315,22.622501,21.808006,17.268425,14.458735,12.687984,11.054146,8.333899,8.783659,9.47274,12.406358,16.301237,18.203299,18.543314,19.68373,22.872551,22.777945,27.328466,27.856142,32.544556,35.949593,35.263794,32.178318,34.892715,29.097183,30.542858,27.053135,27.907986
25,17.5808,19.521925,17.195724,19.648016,17.522291,18.035007,20.3701,21.346268,25.593151,26.224846,32.194946,33.19219,32.803204,30.178276,28.447674,24.320423,23.612959,19.036951,20.24748,14.936241,18.089256,12.944208,10.181602,8.439357,5.4351807,0.0,5.368258,8.301728,10.908322,14.31614,16.357107,20.500479,25.554106,28.5156,30.480604,34.69616,36.21397,36.86779,32.941853,28.618124,25.882372,24.002092,20.613787,21.240068,16.794985,18.481722,15.576514,17.623192,16.576965,18.995106,17.323467,22.08904,20.78636,23.957354,27.573305,28.456438,32.32539,31.580679,28.904371,31.338047,32.169064,27.835398,23.443748,21.698437,16.57436,14.112953,10.823054,8.570665,4.5519443,7.469363,9.941302,12.010236,14.438765,18.187014,20.175531,19.720058,23.565536,24.947742,27.778233,30.975723,32.70934,35.613472,37.54368,40.444443,36.268665,35.7666,33.00841,29.473438,28.579674,22.88307,21.335354,16.871964,15.177387,12.075536,13.365949,9.326753,12.275066,14.084947,17.21798,21.185795,22.90058,22.81574,23.61141,26.20804,25.279093,30.079788,29.735794,34.228714,37.570755,36.440987,33.352425,36.092453,29.8815,31.26402,27.576439,28.284576
26,17.622566,18.39435,15.782042,16.910892,13.712777,14.117901,15.633077,16.648415,20.716715,21.390623,27.301775,28.227604,28.126593,25.644894,24.241394,20.0598,20.32172,15.359138,17.857628,12.728275,17.478687,13.548944,11.320966,11.383653,8.015505,5.368258,0.0,4.0406685,5.5666075,9.489991,11.006087,15.532339,20.208275,23.436666,25.130442,29.441998,30.933447,31.5964,27.678335,23.477594,20.66745,19.227848,15.595467,17.024889,12.849719,15.338618,13.478583,16.388418,15.924118,16.98871,14.639145,18.863619,16.705616,19.91559,22.799122,24.142836,27.49559,26.837019,24.109962,26.530237,27.023342,22.694977,18.456345,16.411697,11.69059,8.904598,6.7886705,5.446618,3.9588685,6.8550706,7.2094474,10.853033,11.485893,16.012785,17.128836,15.585467,19.574661,20.332764,23.336597,26.207836,27.94182,30.664207,32.70869,35.407505,31.073158,30.640669,27.768192,24.311165,23.340818,17.766775,16.078772,11.737314,10.642687,7.9057846,10.597575,7.606444,12.230111,14.639046,17.521414,21.450928,22.0924,21.057987,21.261747,23.256083,21.751274,26.468859,25.826086,30.014269,33.316254,32.237373,29.24819,32.490536,26.25908,28.221281,24.749586,26.152657
27,18.381897,18.649776,16.619768,16.819204,13.295815,14.601297,14.886747,16.882313,20.46614,21.446718,27.114737,27.859592,28.228004,26.06108,25.008133,20.950306,22.119093,17.059341,20.421684,15.621285,20.90715,17.256804,15.299839,15.077622,11.969646,8.301728,4.0406685,0.0,4.539571,6.2612586,9.510471,12.594952,18.208904,20.849516,22.89472,27.183157,28.308704,28.90265,25.214231,20.702812,18.559635,16.785666,13.92522,15.443117,12.026553,15.014844,13.560723,17.216402,16.005306,15.885241,13.11749,16.746424,13.998406,16.749533,19.644575,20.48957,24.193987,23.283537,20.624033,23.256609,24.266748,20.25083,15.7317095,13.8734455,8.365233,6.663785,3.2778563,4.9483833,5.7826867,8.612583,8.906174,13.327295,13.229371,17.863758,18.378393,16.055754,19.671497,19.855135,22.534142,25.042797,26.311262,28.955322,31.502756,33.98387,29.547289,29.663143,26.550938,23.245932,22.315487,17.299425,14.9941845,11.205625,11.536031,8.3862505,13.080483,10.24174,15.522144,18.276196,21.115057,24.980793,25.337645,23.949335,23.844542,25.26115,23.144806,27.815042,26.511532,30.341187,33.504005,32.1469,29.263094,32.600807,26.246645,28.299925,24.88432,26.3803
28,18.663212,18.149666,15.559748,14.942422,10.604493,11.018569,10.992805,12.388214,16.002949,16.946337,22.650307,23.566465,23.989216,21.750938,20.971292,16.826426,18.573408,13.421029,17.454649,13.169167,19.0402,16.611895,14.942816,16.144129,12.794735,10.908322,5.5666075,4.539571,0.0,5.172957,5.4813156,10.430712,14.64813,18.060678,19.585135,23.900545,25.422407,26.196127,22.414862,18.410973,15.641613,15.075858,11.214675,14.127009,10.922074,14.354615,14.065612,17.612066,17.678156,17.128162,14.170493,17.205044,13.828034,16.77767,18.34084,20.21708,22.792992,22.079111,19.24751,21.50984,21.59313,17.256077,13.237393,10.967069,7.0647078,4.2319474,5.775483,7.095375,8.628762,10.390003,8.676008,12.952197,11.39128,16.246298,16.133095,13.053472,17.002033,16.647427,19.845985,22.07688,23.747637,26.120924,28.373032,30.69324,26.07488,25.756596,22.657656,19.420982,18.112717,12.931675,10.754532,6.7539115,7.2827587,5.568431,10.168948,9.119136,14.323307,17.06061,19.483562,23.104338,22.69788,20.746204,20.2783,21.308979,19.007757,23.51376,22.296171,26.003447,29.186062,28.07177,25.244886,28.975677,22.813791,25.377016,22.26039,24.384384
29,19.384356,18.283339,16.650503,14.929414,10.710684,12.653161,10.901675,14.132199,16.743773,18.397326,23.47049,24.305307,25.49021,23.709675,23.561348,19.7155,22.473614,17.478846,22.07518,18.145754,24.144533,21.712948,19.972363,20.728476,17.279366,14.31614,9.489991,6.2612586,5.172957,0.0,5.790433,6.345359,12.753941,14.665171,17.251957,21.19632,22.344103,23.23601,20.06336,15.683533,14.259042,13.618033,11.234624,14.465396,12.712045,16.447138,16.551905,20.630327,19.825632,18.086205,14.8330765,16.742558,12.442941,14.292612,15.252079,16.260643,19.198416,17.699137,14.764248,17.084322,18.076046,14.14786,9.526734,8.339273,2.443906,4.6372457,5.8552427,9.731201,11.8963585,14.011206,12.882283,17.462095,15.70453,20.39598,19.776407,16.032812,19.309069,18.08696,20.776323,22.270206,23.235909,25.31183,28.27655,30.110785,25.277395,25.698977,22.228243,19.465261,17.843393,14.016465,10.720778,8.274778,10.674296,8.2626505,14.369603,12.899607,18.44905,21.552116,24.01199,27.548943,27.076511,24.99425,24.340055,24.615488,21.592115,25.985,23.712992,26.892666,29.787954,28.14116,25.490473,29.060434,22.827585,25.278265,22.271389,24.332575
30,21.377949,19.812859,17.32579,15.117113,10.097589,10.012386,7.650103,8.935008,11.566808,12.687939,17.962688,18.832598,19.844124,17.952335,17.955492,14.121718,17.451736,12.68933,17.831013,14.854482,21.096544,20.053886,18.91011,20.848503,17.66253,16.357107,11.006087,9.510471,5.4813156,5.790433,0.0,7.0738044,9.232738,13.378116,14.23475,18.643267,20.26838,21.164629,17.492504,14.027904,11.113109,12.197246,8.118022,12.878492,11.279339,15.044236,16.27629,19.891443,20.599915,18.880724,15.748104,17.319756,13.05467,15.487041,15.072708,17.845465,19.056976,18.479387,15.624247,17.562021,16.745611,12.402244,9.197021,6.228389,5.894446,4.3944244,9.378789,11.456159,13.8653345,14.921406,12.193408,16.11032,13.021634,17.484747,16.202805,11.841553,15.334042,13.614231,16.972752,18.310932,19.992306,21.850044,24.178823,26.035902,21.12361,20.811283,17.503525,14.589203,12.833358,8.31733,5.5449247,3.2763503,6.690227,7.7162514,11.926369,12.788221,17.538326,20.199265,22.071903,25.23706,23.85593,21.104391,19.964188,19.966606,17.003368,20.92751,19.27143,22.248419,25.243938,24.257618,21.714825,26.062223,20.275227,23.556814,21.05255,23.951864
31,22.157347,19.91369,18.740263,15.342522,11.179306,13.22502,9.245549,13.364409,14.292288,16.653023,20.566566,21.503593,23.617317,22.37652,23.263098,19.94733,24.053673,19.557526,24.838509,21.88824,28.099848,26.686367,25.151272,26.562174,22.971931,20.500479,15.532339,12.594952,10.430712,6.345359,7.0738044,0.0,8.054635,8.377211,11.9136915,15.150324,16.42789,17.83387,15.558719,11.823188,11.615716,12.900234,11.489933,16.004822,15.938645,19.76625,21.014362,25.109175,24.727001,22.011248,18.70772,19.053436,13.9781,14.576011,12.660708,13.987992,15.288004,12.9688835,9.64488,11.124759,11.820066,7.995473,3.2830052,4.6867795,4.660677,8.684415,11.806273,15.640061,18.14765,19.915863,18.086515,22.447433,19.688936,24.07852,22.59255,17.98631,20.625423,18.071756,20.575054,20.777327,21.386961,22.607973,25.886353,26.84984,21.658676,22.379,18.603863,16.789944,14.238746,12.61452,8.605306,9.0434065,12.770207,11.80541,17.573723,17.324858,22.534142,25.696226,27.733284,30.850828,29.652687,27.032799,25.89818,25.03999,21.292831,25.063396,21.848225,24.058393,26.516663,24.602337,22.362902,26.127113,20.380116,23.241243,20.94764,23.584314
32,27.623827,24.931082,23.080679,19.181583,14.760217,14.624454,9.712215,10.7982855,9.43424,10.955239,13.418429,13.959268,16.647007,16.062315,17.83206,15.567494,20.812548,17.571154,23.154554,21.906103,27.964663,28.199495,27.491526,29.826822,26.755384,25.554106,20.208275,18.208904,14.64813,12.753941,9.232738,8.054635,0.0,6.6978345,5.1474056,9.70477,11.371785,12.720474,10.009504,8.673649,7.30218,11.914217,10.188558,15.675361,16.810432,20.20258,22.840467,26.357613,27.380606,24.300453,21.285204,20.644978,15.88473,16.573093,12.276426,15.968594,14.064721,13.55195,11.16175,11.859082,8.775786,5.4501605,6.7555876,5.0671062,11.142326,12.303979,17.290552,19.951513,22.88247,23.599152,20.536818,24.036182,20.047403,23.534071,21.049084,15.986387,17.689964,13.916678,16.43135,15.378243,16.425982,16.729609,19.425291,19.838346,14.369378,14.60963,10.764177,9.712627,6.6600614,7.8616295,5.6647596,9.822149,13.610439,15.707402,19.239325,21.129942,25.375969,27.940945,29.23864,31.765621,29.399273,25.935661,24.063463,22.450413,18.746357,21.037102,18.397448,19.280241,21.439178,20.534883,18.942284,23.933733,19.469788,23.49589,22.30264,25.971485
33,27.355621,24.156868,23.36158,18.768463,15.492685,16.849558,11.794554,15.303739,13.652463,16.543404,18.038849,19.16135,22.431915,22.02402,24.23867,21.92804,27.160757,23.628628,29.159082,27.410414,33.50501,33.23758,31.942957,34.050114,30.37602,28.5156,23.436666,20.849516,18.060678,14.665171,13.378116,8.377211,6.6978345,0.0,7.02221,7.2811646,9.505567,12.306418,12.2690525,11.224712,12.579841,16.26994,15.815711,20.841724,22.059235,25.651495,27.830336,31.708641,31.92301,28.623713,25.456278,24.600252,19.50228,19.096582,14.2022085,16.030283,14.126464,11.174214,8.38206,6.459595,4.299341,1.3533658,5.2190723,8.75184,12.923036,16.159472,20.049892,23.636923,26.270584,27.747385,25.329163,29.295496,25.757204,29.635439,27.404425,22.373499,24.187366,20.465229,22.595182,21.129705,21.400616,21.167131,24.384546,23.920986,18.535028,19.37407,15.578714,15.712779,11.876412,14.128086,10.9060135,14.06691,17.826435,18.276937,22.925913,23.879198,28.419779,31.441612,32.91798,35.43088,33.421993,30.31374,28.691236,26.538246,22.297571,24.803745,20.67406,21.155056,22.725124,20.619535,19.285143,23.152601,18.845411,22.13653,21.19367,24.447275
34,32.23941,29.305983,27.740437,23.50742,19.441364,19.394917,14.3723545,15.152159,12.651359,13.656327,14.003833,13.800415,17.154318,17.535328,19.829157,18.58504,24.115568,21.599335,27.107971,26.412773,32.352787,32.893883,32.418583,34.696003,31.807787,30.480604,25.130442,22.89472,19.585135,17.251957,14.23475,11.9136915,5.1474056,7.02221,0.0,6.082869,6.537775,7.855247,6.3354278,7.547855,8.259887,13.318269,13.275198,18.030167,20.247887,23.287474,26.371552,29.803,30.821657,27.151854,24.325287,22.675913,18.127447,17.884033,12.067272,15.822778,11.984082,11.968084,10.639753,10.708319,6.1811047,6.334265,9.9222975,9.086752,15.312111,16.82458,21.609049,24.383232,27.58361,28.100533,25.016384,28.39324,24.228798,27.243315,24.384972,19.395805,20.092354,15.860281,17.375515,15.052461,15.309937,14.54115,17.523676,16.911171,11.51526,12.739567,9.054657,9.756792,7.773438,11.65643,10.594147,14.9396105,18.643627,20.825796,24.264126,26.272085,30.460922,32.965607,34.132137,36.492382,33.843647,30.184265,28.0925,26.081768,22.39092,23.80301,21.079044,20.766012,22.259377,21.552402,20.668009,25.690184,22.166334,26.260817,25.655052,29.42956
