,0,1,2,3,4,5,6,7,8,9,10,11,12,13,14,15,16,17,18,19,20,21,22,23,24,25,26,27,28,29,30,31,32,33,34,35,36,37,38,39,40,41,42,43,44,45,46,47,48,49,50,51,52,53,54,55,56,57,58,59,60,61,62,63,64,65,66,67,68,69,70,71,72,73,74,75,76,77,78,79,80,81,82,83,84,85,86,87,88,89,90,91,92,93,94,95,96,97,98,99,100,101,102,103,104,105,106,107,108,109,110,111,112,113,114
0,0.0,4.418435,7.7929296,10.371903,14.251495,17.448566,18.7432,24.116354,26.597893,29.834677,34.07895,36.401943,38.882435,38.49117,37.113426,32.88954,31.945166,28.672358,27.50988,25.388248,23.385546,21.839733,22.158081,22.901316,24.924236,25.85202,27.156816,30.23654,28.490238,30.94921,30.902279,32.26708,37.69631,37.24204,41.92289,41.661705,46.304043,48.58806,46.323708,44.412113,39.545967,41.594555,36.468544,38.59623,35.099937,35.710846,35.039402,34.254765,37.101715,39.860615,38.316734,41.903763,39.51728,42.872906,44.02518,45.18312,48.48183,46.225716,42.734886,42.746113,44.69781,39.513138,37.868084,37.017853,36.136734,33.80193,35.390766,33.582096,31.944706,32.210102,31.311476,28.994942,28.666044,29.725662,31.368294,31.268364,35.144066,35.237175,39.526688,40.584087,44.418365,44.501736,42.77668,44.32077,41.652275,37.128765,35.503017,32.84283,32.824654,29.013165,28.856249,25.39387,26.972324,25.782951,21.853657,21.8462,21.980057,18.976027,20.948208,18.706623,21.442234,20.334152,24.664127,24.303915,27.751793,28.156519,31.144629,33.668034,30.405392,27.799194,25.233738,21.726376,17.723415,16.391182,11.994884
1,4.418435,0.0,4.220133,7.6256843,10.823547,13.828195,15.960901,20.787138,23.457354,26.775425,31.10386,33.62727,35.812904,35.22609,33.850338,29.765936,28.415905,25.58077,23.888445,22.298191,19.644718,18.875343,19.759325,20.960882,23.030037,24.766378,26.054668,29.124481,27.02303,30.002312,29.24978,31.410255,36.29634,36.3407,40.552563,40.340794,44.983696,46.97884,44.406887,42.493057,37.540344,39.2087,34.237972,35.872433,32.457413,32.706398,32.135025,31.017427,34.258568,36.98853,35.69807,39.272636,37.27329,40.81442,42.23913,43.666466,46.92043,45.125324,41.696205,42.100697,43.68647,38.56935,37.006165,35.518753,34.883602,32.07218,33.924774,31.619059,30.296564,30.07452,28.94522,26.1845,25.926065,26.428179,28.144094,28.510332,32.187824,32.617363,36.814327,38.104225,41.956284,42.24079,40.26028,42.09537,39.69397,35.07974,33.75411,30.79346,31.518553,27.319231,27.843004,24.431734,26.411486,26.07241,21.941963,22.613483,23.38192,20.521898,21.727968,19.587934,21.790794,20.093884,24.433262,23.305449,27.245201,26.65125,29.74355,32.110012,28.670326,26.292324,23.101946,19.989697,16.07552,14.57998,10.78483
2,7.7929296,4.220133,0.0,5.552518,8.476307,12.006518,14.096192,18.640535,20.799543,24.542294,28.388872,31.249264,33.47127,32.969284,31.974127,28.088434,26.898972,24.50452,22.687464,21.956617,18.98043,19.54871,20.653774,22.723623,24.253847,26.987806,27.759888,30.554253,27.917553,30.94741,29.453823,31.801182,36.06235,35.89238,40.00343,39.33073,44.10715,45.990543,43.44627,41.891346,36.918148,38.620884,33.884674,35.312496,32.326984,32.375496,32.279102,31.02075,34.782436,37.136055,36.023983,39.29264,37.483982,41.139385,42.325855,44.26823,47.106674,45.69367,42.27518,42.711414,43.715168,38.66897,37.554432,35.683605,35.762985,32.701843,35.132816,32.596363,31.850964,31.28734,29.678009,26.694443,26.025814,25.969215,27.375412,27.828299,31.141537,31.500875,35.54506,36.66599,40.493774,40.697453,38.27352,40.06302,38.12877,33.31375,32.398594,29.642221,30.848505,26.972414,28.08693,25.182169,27.639265,27.84511,24.119171,25.190643,26.315777,23.118412,23.841116,21.098137,22.792833,20.579939,24.4832,22.69046,26.5431,25.249065,27.911432,29.98107,26.233717,24.220884,20.33739,18.312414,14.1051,13.51344,10.13732
3,10.371903,7.6256843,5.552518,0.0,4.43631,8.438108,9.002253,14.3282585,16.336689,19.886736,23.822819,26.38785,28.882702,28.612099,27.660477,23.615646,23.234793,20.308739,19.507349,18.512394,16.866302,17.504093,17.775484,20.832117,21.16207,24.777914,24.530758,26.877354,23.811478,26.500692,24.72053,26.784601,30.836565,30.427526,34.610813,33.80103,38.604546,40.55308,38.158173,36.769573,31.833422,33.91703,29.187948,31.048975,28.393444,28.838419,29.239,28.578037,32.34108,34.063408,32.71288,35.566456,33.4081,36.976624,37.61966,39.859543,42.31261,40.932014,37.487312,37.76952,38.490307,33.466503,32.65447,30.80943,31.448263,28.519676,31.482676,29.222145,29.060867,28.648712,26.53571,24.043903,22.529825,22.871912,23.732035,23.463684,26.789164,26.6719,30.76024,31.595896,35.417503,35.46261,33.18278,34.829063,32.73238,27.94417,26.918627,24.316277,25.380796,21.814873,23.025318,20.563753,23.33604,23.924105,20.874702,22.346369,23.948168,20.407907,20.40066,17.19492,18.285027,15.697994,19.300335,17.22153,21.126694,19.708544,22.494701,24.689352,21.13459,18.916939,15.490635,12.80109,8.775125,8.016741,5.155557
4,14.251495,10.823547,8.476307,4.43631,0.0,4.224596,5.9174085,10.229301,12.651146,16.122345,20.33589,22.991535,25.109293,24.613573,23.604115,19.686123,19.01151,16.505207,15.384344,15.082629,13.237693,15.035934,15.634681,19.390013,19.306385,23.852526,23.319235,25.430975,22.001274,25.101484,22.511312,25.420969,28.702847,28.947573,32.456528,31.804304,36.497116,38.09054,35.359333,33.956764,28.993784,30.660204,26.173046,27.528221,25.089144,25.223698,25.898249,25.086327,29.209875,30.664179,29.538822,32.220856,30.429272,34.123943,34.959705,37.49396,39.819855,38.948265,35.6281,36.328075,36.638103,31.793133,31.094465,28.57609,29.556318,26.205246,29.497705,26.835789,27.190042,26.318811,23.85311,21.108408,19.405405,19.170778,19.892426,19.993105,23.032778,23.23412,27.188963,28.28066,32.09586,32.384644,29.926407,31.935644,30.063725,25.28947,24.585304,21.603851,23.56635,19.615953,21.64359,19.445944,22.561146,24.098131,21.142538,23.222404,25.35494,22.174149,21.385801,18.624693,18.98734,15.978456,19.244936,16.336979,20.70134,18.030483,21.011131,23.008081,19.493729,17.583601,13.709583,11.410797,8.555757,7.320708,7.2843533
5,17.448566,13.828195,12.006518,8.438108,4.224596,0.0,5.2167616,7.2212396,10.783479,13.503505,18.392424,20.814104,22.376568,21.52164,20.126934,16.233213,14.981765,12.683862,11.166615,11.19028,9.35958,11.97502,12.816553,17.062973,16.63009,21.850634,21.153969,23.084919,19.50544,23.05523,19.921864,23.73256,26.454956,27.611534,30.364937,30.203625,34.646,35.887558,32.75203,31.102564,26.134201,27.25473,22.914001,23.764938,21.310463,21.183352,21.936007,21.04614,25.34644,26.656519,25.68872,28.338352,26.869717,30.658669,31.861092,34.452934,36.85985,36.369137,33.194366,34.360676,34.5262,29.86947,29.044432,25.95565,26.93472,23.216019,26.603722,23.58578,24.302824,23.053799,20.371494,17.445484,15.686691,15.048777,15.800555,16.351189,19.293375,19.981647,23.86654,25.40655,29.210075,29.852633,27.515806,29.975174,28.062809,23.517216,22.91305,19.352259,22.048578,17.447777,20.066133,17.913015,21.13178,23.472065,20.510939,23.073555,25.624784,22.974253,21.548037,19.54219,19.382936,16.278297,19.354626,16.053415,20.849499,17.348923,20.766127,22.693892,19.571115,17.814495,14.245555,11.701966,10.55875,8.374974,10.135928
6,18.7432,15.960901,14.096192,9.002253,5.9174085,5.2167616,0.0,6.198043,8.3776045,11.140825,15.646898,17.750113,20.159588,19.960583,18.98843,14.883212,15.569942,12.366512,13.106938,12.630252,13.171225,15.040549,14.482082,19.244303,17.500122,23.040565,21.194649,22.512339,18.527927,21.128313,17.876535,20.606802,23.227486,23.372992,26.718565,25.943527,30.627205,32.201195,29.569077,28.390392,23.481518,25.580128,21.218473,23.064701,21.246716,21.886877,23.323418,23.342419,27.34928,27.8619,26.4956,28.497988,26.343468,29.88899,30.015484,33.009163,34.768177,34.081764,30.794985,31.404675,31.208647,26.488478,26.261799,23.589945,25.469275,22.267889,26.297203,24.000458,25.241825,24.503315,21.402374,19.460371,16.573986,16.804333,16.553152,15.542568,18.431149,17.940914,21.913967,22.650019,26.463783,26.601624,24.324429,26.252329,24.178442,19.453072,18.678238,15.758466,17.892593,14.333096,16.86739,15.622122,19.150705,21.445465,19.612997,22.155851,24.780605,21.586233,19.818342,16.963615,16.193424,12.803105,15.074959,11.408036,15.903552,12.413116,15.718454,17.812588,14.785113,12.730664,9.867163,6.491207,6.2875037,4.6445236,8.272651
7,24.116354,20.787138,18.640535,14.3282585,10.229301,7.2212396,6.198043,0.0,4.612547,6.329501,11.50276,13.738885,15.160233,14.441999,13.42863,9.715286,10.039077,8.292899,8.752468,10.480183,11.146292,14.958252,14.976649,20.152536,17.937721,24.348894,22.265326,23.072067,18.817703,21.852661,17.330574,21.37153,22.23845,23.553349,25.427336,24.896217,29.197878,30.036924,26.831419,25.740368,20.961061,22.126308,18.54125,19.176134,18.100956,18.03933,20.17287,19.950935,24.501911,24.354542,23.503794,24.990057,23.661755,27.328352,27.75898,31.28291,32.694973,32.993008,30.049273,31.355793,30.379562,26.214134,26.26617,22.471745,24.98303,21.202242,25.637577,22.758263,24.881092,23.380375,19.804066,17.60978,14.453589,13.299726,12.375092,12.171715,13.973143,14.183956,17.652552,18.893211,22.603392,23.23645,20.526451,23.179947,21.750662,17.261223,17.35929,13.912835,17.902508,14.141726,18.018957,17.493599,21.119678,24.538212,22.928875,25.952072,28.961157,26.350498,23.985426,21.893608,20.50809,17.154196,18.577713,14.317967,18.628693,13.404858,16.404179,17.7716,15.192013,14.202125,11.169197,10.100647,11.675685,10.600576,14.439828
8,26.597893,23.457354,20.799543,16.336689,12.651146,10.783479,8.3776045,4.612547,0.0,4.6553345,7.725911,10.717543,12.854378,12.869533,13.141979,10.2513685,12.253325,11.298143,12.547002,14.741572,15.577703,19.561054,19.372253,24.618534,22.058626,28.535217,26.012175,26.436111,22.007515,24.359825,19.588823,22.80324,22.82164,23.1611,25.12036,23.57495,28.03374,28.882393,26.134592,25.896175,21.428701,23.126904,20.166275,21.000141,20.90063,20.974392,23.68874,23.684965,28.258915,27.506283,26.706621,27.5113,26.133648,29.569338,29.160315,33.244186,33.84046,34.390446,31.51972,32.468113,30.739157,26.832926,27.687746,24.010897,27.486107,24.032877,28.887548,26.338076,28.840107,27.434423,23.663155,21.8156,18.313513,17.10619,15.517818,14.683904,15.527314,14.849841,17.71612,18.035389,21.527636,21.680294,18.24464,20.44998,19.829636,15.037012,15.918993,13.627982,17.742525,15.612918,19.613737,20.045166,23.779787,27.12048,26.191185,29.105818,32.0503,29.05212,26.675213,23.927208,22.246323,18.820671,19.283583,14.731138,18.040962,12.211311,13.897465,14.587704,11.740301,11.657058,8.143205,9.783027,11.769761,12.351111,16.214155
9,29.834677,26.775425,24.542294,19.886736,16.122345,13.503505,11.140825,6.329501,4.6553345,0.0,6.012668,7.482346,9.055739,8.943456,8.856137,5.983066,9.556244,8.76347,11.502281,13.651022,15.951191,19.625618,18.986208,24.319632,21.009071,27.759369,24.689022,24.521868,20.051622,22.183386,16.89416,20.473362,19.385303,20.547506,21.508455,20.426798,24.506306,24.970884,21.887386,21.597404,17.273521,18.730093,16.2512,16.912182,17.525572,17.768354,21.023375,21.583065,25.869915,24.382278,23.570883,23.766598,22.450342,25.719976,25.098558,29.463808,29.729017,30.708504,28.059353,29.311228,27.188654,23.673166,24.70856,20.58204,24.552683,21.1309,26.250278,23.847582,26.966043,25.505646,21.487867,20.256647,16.301777,15.2218075,12.824941,11.390579,11.443178,10.494542,13.090118,13.5431595,17.050457,17.493412,14.329991,17.07847,16.236156,11.915499,12.9736,10.237993,15.273044,13.24619,17.74886,18.832481,22.44566,26.396387,25.98991,29.14448,32.337578,29.770262,26.866856,24.73452,22.534693,19.321033,19.17958,14.679142,17.827707,11.562512,13.561218,14.126414,12.6295395,12.647696,11.179663,11.664765,14.925219,14.710489,19.114077
10,34.07895,31.10386,28.388872,23.822819,20.33589,18.392424,15.646898,11.50276,7.725911,6.012668,0.0,4.174752,6.671188,8.108902,10.481658,10.013309,14.08933,14.440522,16.920193,19.58992,21.502142,25.56848,24.993378,30.330866,26.91864,33.66339,30.348642,29.875334,25.392307,26.897423,21.571692,24.227268,21.991095,22.05641,22.717548,20.327957,24.268345,24.50216,22.101587,23.085571,19.586449,21.355358,20.041004,20.575518,22.267214,22.437378,26.103403,26.681082,30.986717,28.93312,28.330746,27.76279,26.653917,29.540533,28.062803,32.986343,32.21217,33.658077,31.257639,32.162106,29.059975,26.159952,28.121763,24.192604,29.039522,26.007591,31.342373,29.209995,32.626488,31.163866,27.072075,26.00611,22.022686,20.68793,18.004349,16.494377,15.384244,13.760427,14.857065,13.949794,16.642586,16.420502,11.973971,14.030585,15.035345,10.882023,13.474268,12.831526,17.570675,17.567657,21.879488,23.776367,27.353027,31.166542,31.311638,34.344032,37.451603,34.575005,31.718893,29.051952,26.666859,23.49859,22.474213,18.015625,19.778765,13.435313,13.20849,12.330516,11.182757,12.834249,11.552324,14.717315,17.870665,18.946672,23.111906
11,36.401943,33.62727,31.249264,26.38785,22.991535,20.814104,17.750113,13.738885,10.717543,7.482346,4.174752,0.0,4.435338,6.869889,9.221747,9.37569,14.511692,14.516999,18.042381,20.132202,23.101793,26.56714,25.488688,30.774366,26.794466,33.504574,29.696032,28.705584,24.32228,25.27615,19.896378,22.188528,18.97315,19.222136,19.136265,16.80232,20.41393,20.425014,18.053026,19.363447,16.283684,18.315826,17.605528,18.45396,20.827429,21.430586,25.389334,26.593544,30.404135,27.760593,26.992048,25.814297,24.487667,27.004564,24.911716,30.077143,28.767105,30.439087,28.24194,29.128147,25.579834,23.124552,25.46348,21.540398,26.911142,24.262362,29.72818,28.031834,31.82291,30.55624,26.394358,26.02341,21.742064,20.919886,17.79392,15.494103,13.842825,11.417354,11.817778,10.156862,12.645019,12.253599,7.8796086,10.202777,11.089864,7.527403,10.560906,10.473899,15.287543,16.127832,20.382118,22.94288,26.293839,30.336565,31.09058,34.171246,37.373207,34.745914,31.55932,29.236944,26.469648,23.577084,21.93095,17.770493,19.03022,12.868398,12.607659,11.628108,12.015183,13.496156,13.980001,16.016798,19.920395,20.570404,25.03212
12,38.882435,35.812904,33.47127,28.882702,25.109293,22.376568,20.159588,15.160233,12.854378,9.055739,6.671188,4.435338,0.0,3.0159988,6.348219,8.566336,13.000215,14.397035,17.417236,20.157955,22.975437,26.809845,26.067976,31.189125,27.292112,34.07086,30.44016,29.342812,25.128275,26.472578,20.821383,24.005043,20.118563,21.675669,20.319466,18.898148,21.720274,20.930052,17.866148,18.924437,16.248484,16.926975,17.155222,16.69625,19.640203,19.663807,23.829845,24.8624,28.681822,25.667992,25.344536,23.786013,23.270634,25.736063,24.19607,29.426857,28.097406,30.482542,28.635674,30.154707,26.462303,24.502172,26.586842,22.0478,27.240206,24.296412,29.586308,27.550476,31.610668,29.939741,25.800722,25.355137,21.36947,19.900143,16.6136,15.117308,12.356827,10.942734,10.130409,9.438975,11.382922,12.01612,7.716805,11.293936,12.672229,10.536076,13.438912,12.526909,17.911957,17.945833,22.463442,24.81378,28.01549,32.45277,32.953766,36.214252,39.55465,37.309765,33.97557,32.177658,29.428585,26.570637,25.235243,21.110493,22.80834,16.64919,16.908325,16.000538,16.39915,17.771805,17.74446,19.494886,23.266413,23.43405,27.942596
13,38.49117,35.22609,32.969284,28.612099,24.613573,21.52164,19.960583,14.441999,12.869533,8.943456,8.108902,6.869889,3.0159988,0.0,3.9417813,7.114909,10.622925,12.872888,15.347793,18.489105,21.055962,25.108822,24.666424,29.653275,25.978788,32.763783,29.424541,28.465391,24.349413,26.179659,20.430462,24.375242,20.70669,23.102737,21.482275,20.799107,23.462662,22.490528,18.904938,19.3008,16.434635,16.206966,16.427006,15.114594,17.922058,17.467236,21.596628,22.355963,26.314001,23.376572,23.317383,21.919445,21.896404,24.557539,23.770493,28.793606,27.932762,30.47519,28.679035,30.62002,27.265675,25.239353,26.846645,21.94256,26.655996,23.354393,28.440416,26.029278,30.069895,28.115131,24.036396,23.343092,19.641783,17.699278,14.47605,13.7391205,10.658512,10.341177,9.557748,10.197264,12.273181,13.621503,9.997961,13.940366,14.827312,12.786756,15.217742,13.3596735,19.061962,18.083302,22.761358,24.666382,27.82394,32.431675,32.53356,35.891975,39.291344,37.27932,33.942177,32.477833,29.869797,26.982141,26.113985,21.954613,24.234337,18.024704,18.941032,18.377714,18.4099,19.468245,18.913288,20.220348,23.788942,23.533201,28.00445
14,37.113426,33.850338,31.974127,27.660477,23.604115,20.126934,18.98843,13.42863,13.141979,8.856137,10.481658,9.221747,6.348219,3.9417813,0.0,4.471298,7.5371685,9.820242,12.54423,15.333982,18.414972,22.042784,21.521923,26.326319,22.602789,29.315634,26.064465,25.099855,21.139578,23.298838,17.545794,22.194271,18.84489,22.259352,20.430965,20.787968,23.331503,22.382465,18.241333,17.643675,14.373813,13.437871,13.295034,11.489092,14.063022,13.529426,17.67647,18.617113,22.428123,19.507143,19.400091,18.210178,18.271976,21.141907,21.022854,25.740501,25.507359,27.956736,26.134981,28.468103,25.656857,23.459255,24.469717,19.272863,23.458513,19.907967,24.821274,22.23615,26.308727,24.272423,20.221455,19.656559,16.015207,14.142942,10.784562,10.247238,6.8851476,7.6205664,7.352062,9.568687,12.128471,14.098013,11.723426,15.918569,15.557091,13.67193,15.21866,12.221449,18.023499,15.942898,20.639341,22.165585,25.149443,29.942602,29.828424,33.267113,36.730858,35.08487,31.650162,30.729498,28.180197,25.42804,24.942059,20.980507,23.81996,17.87158,19.766354,19.823141,19.835884,20.230219,19.820465,19.854525,23.471405,22.467175,26.96978
15,32.88954,29.765936,28.088434,23.615646,19.686123,16.233213,14.883212,9.715286,10.2513685,5.983066,10.013309,9.37569,8.566336,7.114909,4.471298,0.0,5.768192,5.885877,9.649758,11.678138,15.243254,18.445112,17.64644,22.678507,18.914854,25.724386,22.477365,21.816288,17.6226,20.011297,14.314416,19.099236,17.005896,20.172794,19.482328,19.915298,23.10928,22.878368,18.903952,17.7857,13.588624,13.621511,11.706413,11.200801,12.39914,12.445164,16.195076,17.24042,21.15642,18.97531,18.32912,18.056477,17.242506,20.499905,20.496466,24.845222,25.29625,26.889675,24.602983,26.676926,24.57118,21.579544,22.185444,17.239748,21.035486,17.329124,22.363195,19.775314,23.490263,21.725006,17.597378,16.907505,12.887279,11.650421,8.428633,7.074984,5.6629267,6.00829,8.327096,10.44162,13.875794,15.383747,13.356569,17.087406,15.660467,12.816243,13.500903,9.609965,15.298803,12.294823,17.05625,18.175644,21.349684,25.989487,25.662071,29.072565,32.500748,30.73323,27.390741,26.395683,23.975986,21.158653,21.042847,17.052929,20.414824,14.611776,17.30422,18.002745,17.59913,17.345997,16.9122,15.958362,19.544165,18.183826,22.700397
16,31.945166,28.415905,26.898972,23.234793,19.01151,14.981765,15.569942,10.039077,12.253325,9.556244,14.08933,14.511692,13.000215,10.622925,7.5371685,5.768192,0.0,5.274078,5.2347074,8.993964,11.115931,15.159465,15.497792,20.061163,17.326784,23.942558,21.77705,21.778803,18.031904,21.586569,16.30693,22.181816,21.007511,24.972864,24.191872,25.326225,28.306675,27.88974,23.528185,21.653805,17.512783,16.082092,13.9907675,11.767591,11.509242,9.935191,12.960686,12.730659,17.41529,16.118414,16.152246,16.94542,17.28627,20.958345,22.688173,26.239336,27.756456,29.401098,27.213612,29.871998,28.532248,25.456758,25.130896,19.971916,22.256136,17.866339,22.019327,18.418169,21.65135,19.140049,15.344859,13.436744,10.618782,7.442656,5.1125984,7.708601,7.0554876,10.181271,12.24385,15.441107,18.538803,20.55995,18.685472,22.62866,21.3121,18.566778,19.017202,14.671407,19.959156,15.508491,19.962015,19.79287,22.739977,27.349375,25.919378,29.382305,32.78098,31.437408,28.359163,27.934626,26.06916,23.265726,24.237743,20.407892,24.547625,19.06454,22.217646,23.135752,22.056255,21.568573,19.975552,18.705397,21.31393,19.324493,23.308891
17,28.672358,25.58077,24.50452,20.308739,16.505207,12.683862,12.366512,8.292899,11.298143,8.76347,14.440522,14.516999,14.397035,12.872888,9.820242,5.885877,5.274078,0.0,5.6035213,5.8397336,10.347826,12.65008,11.798548,16.825657,13.352083,20.18088,17.464167,17.470835,13.390914,16.842178,11.709557,17.443228,17.395117,21.08827,21.227406,22.54005,25.881641,26.110283,22.050264,19.839216,15.124902,14.957794,11.330571,11.21602,9.846666,9.985502,12.576299,13.429801,17.37251,16.451454,15.439746,16.708836,15.535449,19.286238,20.505457,23.78818,25.641775,26.383419,23.778984,26.02962,25.283865,21.606297,20.99685,16.303135,18.403286,14.171496,18.651075,15.558655,18.600796,16.82853,12.831596,11.6305,7.6216593,6.9788575,4.771356,4.2373395,6.673108,8.379218,12.010409,14.718592,18.301718,19.864658,18.645615,22.103668,19.711111,16.67267,16.15004,11.346859,15.878639,10.686997,14.947742,14.563733,17.628311,22.157486,20.931643,24.38999,27.810514,26.385736,23.197474,22.82198,20.877375,18.18796,19.270542,15.722589,20.130798,15.291416,19.185827,20.73296,19.788435,18.569149,17.794142,14.977835,17.895695,15.331935,19.492207
18,27.50988,23.888445,22.687464,19.507349,15.384344,11.166615,13.106938,8.752468,12.547002,11.502281,16.920193,18.042381,17.417236,15.347793,12.54423,9.649758,5.2347074,5.6035213,0.0,5.351935,5.900832,10.396215,11.504198,15.945437,14.219557,20.574518,19.305628,20.192926,16.675934,20.929113,16.430483,22.410744,22.879986,26.597675,26.798208,28.059042,31.410109,31.477999,27.262648,24.969296,20.433928,19.410612,16.17753,14.719153,12.623086,11.137003,12.548191,11.452346,16.409887,16.740063,16.540163,18.739603,18.714775,22.636415,24.995386,27.77242,30.201693,31.067043,28.568985,31.087355,30.673931,26.99902,25.979942,21.314867,22.388924,17.82132,21.312391,17.346111,19.538046,17.021246,13.667703,10.592534,8.685879,5.306127,5.73071,9.043971,10.695405,13.532901,16.519224,19.580177,22.965727,24.754684,23.003994,26.650438,24.849627,21.580408,21.42674,16.79021,21.279305,15.84235,19.717262,18.342175,21.22651,25.364357,22.998505,26.33987,29.579422,28.296064,25.629646,25.368643,24.100922,21.322046,23.303282,19.745098,24.511833,19.678356,23.395826,24.824862,23.112339,22.042042,19.84313,17.662016,19.327549,16.71923,20.08613
19,25.388248,22.298191,21.956617,18.512394,15.082629,11.19028,12.630252,10.480183,14.741572,13.651022,19.58992,20.132202,20.157955,18.489105,15.333982,11.678138,8.993964,5.8397336,5.351935,0.0,6.3160725,6.860093,6.5129886,11.316187,8.939654,15.471808,14.008691,15.136665,11.789587,16.357258,12.681367,18.674492,20.408163,24.323801,25.012524,26.905901,30.22229,30.700686,26.631617,23.747173,19.03985,18.518679,14.254905,14.096715,10.646066,10.463751,10.881754,10.94363,14.722425,15.621424,14.500489,17.41027,16.306555,20.210482,22.685705,24.748104,27.856909,27.904299,25.183485,27.577831,28.062782,24.039429,22.326002,18.208828,18.25419,13.800412,16.928915,13.208143,14.934099,13.014048,9.700146,7.181551,4.650415,4.8353844,6.195495,7.713564,11.240973,13.457366,17.137651,20.102509,23.618582,25.25276,24.392963,27.740973,24.953552,21.883604,20.788437,15.882097,19.221058,12.977171,16.006092,13.82615,16.374676,20.412945,17.872292,21.250145,24.539095,23.626879,20.838318,21.267178,20.102783,17.741512,20.141071,17.334242,22.335264,18.615837,23.035183,25.046131,23.658937,21.873205,20.642378,16.730265,18.503012,14.946888,18.162159
20,23.385546,19.644718,18.98043,16.866302,13.237693,9.35958,13.171225,11.146292,15.577703,15.951191,21.502142,23.101793,22.975437,21.055962,18.414972,15.243254,11.115931,10.347826,5.900832,6.3160725,0.0,6.305513,9.186361,12.620792,12.923486,18.1874,18.397337,20.35105,17.501701,22.219275,18.904564,24.612934,26.551378,29.988705,30.978691,32.358307,35.92957,36.360657,32.279667,29.666187,24.982073,24.167915,20.318407,19.332207,16.08063,14.710158,14.40928,12.407349,16.984106,19.02801,18.739315,22.071568,21.887705,25.821949,28.774477,30.721867,33.969402,34.151947,31.465612,33.840992,34.320385,30.232235,28.556036,24.52322,24.306332,19.846806,22.27881,18.144987,18.854023,16.4511,14.165941,10.0310545,10.158032,7.8679137,10.330034,13.411171,16.038286,18.667183,22.025967,25.003649,28.506748,30.156118,28.502026,31.924023,29.822731,26.253288,25.662874,21.015327,24.622713,18.663933,21.641867,19.033901,21.57276,24.910751,21.395649,24.412086,27.315163,26.214432,24.221087,24.243315,23.821503,21.253256,24.31409,21.288902,26.428947,22.48834,26.50796,28.317778,26.076242,24.541002,21.802189,18.925905,19.282406,16.142054,18.292782
21,21.839733,18.875343,19.54871,17.504093,15.035934,11.97502,15.040549,14.958252,19.561054,19.625618,25.56848,26.56714,26.809845,25.108822,22.042784,18.445112,15.159465,12.65008,10.396215,6.860093,6.305513,0.0,4.161588,6.345812,7.8394566,12.065308,13.129702,15.772974,13.891108,18.776445,16.972824,22.327919,25.563377,29.243326,30.573599,32.688404,36.065758,36.82024,32.867702,29.638489,25.013268,24.439499,19.952875,19.886309,15.562918,15.166311,13.5763855,12.522357,15.39315,18.334612,17.300108,21.393711,20.4236,24.122364,27.419558,28.338394,32.413086,31.752617,28.975424,31.269173,32.833096,28.558416,26.033138,22.785013,21.074795,17.04027,18.324215,14.540835,13.955204,12.267211,10.983754,7.4239006,8.768838,9.408655,12.31959,14.25059,17.894287,20.14881,23.856146,26.83311,30.338812,31.928288,31.16586,34.372856,31.38325,28.156038,26.726639,21.954613,24.337612,17.889042,19.617085,15.99581,17.703764,20.524683,16.388987,19.249685,22.054026,21.715939,19.831339,21.004623,20.975906,19.131094,22.74458,20.78791,25.986483,23.37002,27.963463,30.28838,28.438221,26.258505,24.53368,20.066208,20.41824,16.352089,17.934958
22,22.158081,19.759325,20.653774,17.775484,15.634681,12.816553,14.482082,14.976649,19.372253,18.986208,24.993378,25.488688,26.067976,24.666424,21.521923,17.64644,15.497792,11.798548,11.504198,6.5129886,9.186361,4.161588,0.0,5.361858,4.2132215,9.654239,9.44935,11.975983,9.932047,14.712551,13.379528,18.406761,22.129732,25.751764,27.29389,29.62684,32.929752,33.90702,30.167492,26.826359,22.216335,22.189154,17.321035,18.248499,13.833602,14.49143,13.213528,13.549038,15.628337,17.908232,16.179394,20.012884,18.131428,21.666971,24.453552,25.25448,29.31731,28.22946,25.311634,27.379324,29.214628,24.824745,22.144478,19.293962,17.422535,13.6931,15.183717,12.045231,11.649674,10.874253,9.202408,7.3856206,7.2431784,9.9341,12.042549,12.508511,16.65597,18.250135,22.168966,24.86804,28.370852,29.774143,29.50179,32.463768,28.9964,26.00375,24.13042,19.434038,21.126438,14.638486,15.815753,12.002493,13.555025,16.548943,12.790217,15.912269,18.990013,18.724695,16.363966,17.89006,17.553936,15.986014,19.427494,17.917742,22.983305,20.954695,25.766895,28.302174,26.888521,24.44315,23.636396,18.403206,19.353489,15.004508,16.988905
23,22.901316,20.960882,22.723623,20.832117,19.390013,17.062973,19.244303,20.152536,24.618534,24.319632,30.330866,30.774366,31.189125,29.653275,26.326319,22.678507,20.061163,16.825657,15.945437,11.316187,12.620792,6.345812,5.361858,0.0,5.466618,5.989306,8.854728,12.262987,12.192455,16.701666,16.877378,21.442425,25.711939,29.62782,31.067549,33.928066,36.925274,37.899216,34.133343,30.381763,26.095463,25.651253,20.959803,21.642664,16.792627,17.293953,14.741467,14.791664,15.46187,18.92278,17.249065,21.727228,20.089792,23.236403,26.81591,26.523283,31.37602,29.88747,27.173325,29.386501,32.068264,27.848978,24.47193,22.222973,18.835762,15.6915245,15.241963,12.350528,9.856488,9.602668,10.153414,8.754414,10.854977,13.4866,16.158777,17.05439,21.02812,22.891487,26.589922,29.496288,32.828224,34.373333,34.46337,37.454445,33.767895,31.04802,28.961767,24.304436,25.479733,19.0618,19.356491,15.0499735,15.39139,17.420328,12.823742,15.289453,17.870304,18.784817,17.037184,19.755663,20.077465,19.252539,23.031973,22.2846,27.170704,25.85514,30.73414,33.39113,32.016506,29.41997,28.661335,23.199497,23.685127,19.219536,20.285666
24,24.924236,23.030037,24.253847,21.16207,19.306385,16.63009,17.500122,17.937721,22.058626,21.009071,26.91864,26.794466,27.292112,25.978788,22.602789,18.914854,17.326784,13.352083,14.219557,8.939654,12.923486,7.8394566,4.2132215,5.466618,0.0,6.8418555,5.492221,7.9514384,6.8647523,11.657904,11.4389305,16.281063,20.261879,24.432903,25.625263,28.660704,31.51428,32.48544,28.788162,25.037775,20.764162,20.672998,15.7875395,17.203077,12.542336,14.000989,12.361489,13.849005,14.523642,16.540377,14.256239,18.080067,15.624159,18.797138,21.719648,21.855976,26.336262,24.885784,22.057514,24.27425,26.674763,22.477066,19.24104,16.789059,13.869828,10.543294,11.233633,8.664217,7.9657474,8.199161,6.9884796,7.48372,7.2919307,11.400891,13.06472,12.676579,16.826935,18.171125,21.894327,24.600725,27.86506,29.321064,29.786045,32.65944,28.725012,26.341543,24.073004,19.44007,20.452646,14.044217,14.384234,10.491623,11.056176,14.300011,11.055719,14.264955,17.491587,18.030313,15.221532,17.799097,17.173103,16.272625,19.284002,18.476742,23.166317,21.774216,26.708536,29.345415,28.517998,25.948069,26.028358,20.362413,21.889347,17.478167,19.620916
25,25.85202,24.766378,26.987806,24.777914,23.852526,21.850634,23.040565,24.348894,28.535217,27.759369,33.66339,33.504574,34.07086,32.763783,29.315634,25.724386,23.942558,20.18088,20.574518,15.471808,18.1874,12.065308,9.654239,5.989306,6.8418555,0.0,5.493171,8.985839,11.031716,14.369305,16.482931,19.888166,24.786495,28.818525,30.21845,33.71425,36.234623,37.385056,33.919914,29.835394,26.04659,25.874548,21.235094,22.743984,17.945633,19.383615,16.689127,17.981466,16.995224,20.015947,17.71703,21.918444,19.485655,21.865622,25.258982,23.903507,29.21491,26.927446,24.340187,26.368183,29.997326,26.00818,21.982784,20.851515,16.118158,14.310251,12.250703,11.129372,7.2672873,9.369579,11.066464,12.110261,13.620629,17.413633,19.484926,19.278196,23.26804,24.570923,28.10498,30.772617,33.83829,35.26716,36.177902,38.886017,34.624985,32.51219,29.90087,25.54929,25.605082,19.667261,18.66719,14.348669,13.197132,14.485679,10.433075,12.3935585,14.798791,17.023249,15.097043,19.192593,19.455183,19.622208,22.996103,23.310785,27.613972,27.395012,32.349453,35.193222,34.416782,31.576014,31.849197,25.766027,26.700298,22.165922,23.213512
26,27.156816,26.054668,27.759888,24.530758,23.319235,21.153969,21.194649,22.265326,26.012175,24.689022,30.348642,29.696032,30.44016,29.424541,26.064465,22.477365,21.77705,17.464167,19.305628,14.008691,18.397337,13.129702,9.44935,8.854728,5.492221,5.493171,0.0,3.8348346,5.903513,8.889614,11.380357,14.494336,19.392467,23.483337,24.811714,28.418518,30.826288,32.068066,28.790905,24.777588,21.051352,21.458858,16.666443,19.116459,14.766393,17.131636,15.447895,17.847157,17.09308,18.674625,15.8385315,19.19964,15.810571,18.082352,20.528112,19.599674,24.477821,22.04156,19.224401,21.107065,24.573048,20.517036,16.552794,15.545951,11.092397,9.592438,8.608097,8.57825,6.872651,9.4944,9.51607,11.971494,11.577983,16.197767,17.303215,15.823192,19.820068,20.420465,23.92872,26.233742,29.205452,30.445637,31.712547,34.194984,29.695171,27.908075,25.086645,20.94634,20.572815,14.939682,13.5958,9.709507,8.313322,10.864403,8.533041,11.346978,14.489312,16.067343,13.005736,16.886143,16.205389,16.405642,18.968744,19.39371,23.358345,23.271988,28.185781,31.009228,30.74764,27.929731,29.008583,22.803345,24.593716,20.219303,22.116888
27,30.23654,29.124481,30.554253,26.877354,25.430975,23.084919,22.512339,23.072067,26.436111,24.521868,29.875334,28.705584,29.342812,28.465391,25.099855,21.816288,21.778803,17.470835,20.192926,15.136665,20.35105,15.772974,11.975983,12.262987,7.9514384,8.985839,3.8348346,0.0,4.519918,6.108634,9.262071,12.048802,16.441732,21.045021,21.790104,25.86617,27.841846,28.977196,25.76577,21.60078,18.263113,18.756039,14.229734,17.174831,13.34976,16.331247,15.191915,18.380743,17.232704,17.769947,14.633684,17.206259,13.209683,15.023967,17.000698,15.937246,20.75041,18.208036,15.431312,17.52253,21.057003,17.298677,13.117862,12.262452,7.303225,6.6556134,5.758167,7.403479,7.4353876,10.215862,9.67227,13.229866,12.00394,16.825924,17.23125,15.0020275,18.606695,18.807825,21.964422,24.10591,26.792236,28.023998,29.81308,32.188152,27.48579,26.278172,23.332422,19.41139,18.73429,13.633206,12.027206,9.264173,7.40953,10.872272,10.502723,13.24702,16.418303,17.914133,14.366031,18.090494,16.71296,17.040968,18.658611,19.19514,22.667559,22.631222,27.404766,30.118015,30.394817,27.701912,29.41565,23.33169,25.785616,21.651709,24.088146
28,28.490238,27.02303,27.917553,23.811478,22.001274,19.50544,18.527927,18.817703,22.007515,20.051622,25.392307,24.32228,25.128275,24.349413,21.139578,17.6226,18.031904,13.390914,16.675934,11.789587,17.501701,13.891108,9.932047,12.192455,6.8647523,11.031716,5.903513,4.519918,0.0,5.0496626,5.4905696,9.770069,13.863318,18.266775,19.29684,22.77597,25.285257,26.457218,23.137331,19.356272,15.347325,16.331697,11.2526655,14.586781,11.027001,14.128462,13.979618,17.04914,17.192358,17.20414,14.217775,16.438833,12.40283,14.970421,16.23186,16.716187,20.58394,18.68619,15.591985,17.515686,19.912437,15.680021,12.396575,10.355471,7.9470468,5.538504,8.253933,8.223209,9.858228,11.26006,9.0307045,11.871582,9.2242775,14.015918,13.914639,11.093713,14.981625,14.890947,18.434511,20.450773,23.44978,24.57597,25.90466,28.326782,23.808744,22.17504,19.379864,15.22213,15.104129,9.413341,8.762259,6.1809764,6.285394,11.057026,10.782477,14.097331,17.584585,17.877596,14.063828,16.534492,14.679956,14.217962,15.660564,15.413689,19.22288,18.460577,23.27723,25.925373,26.078766,23.492813,25.0943,19.22161,21.983557,18.018837,21.005962
29,30.94921,30.002312,30.94741,26.500692,25.101484,23.05523,21.128313,21.852661,24.359825,22.183386,26.897423,25.27615,26.472578,26.179659,23.298838,20.011297,21.586569,16.842178,20.929113,16.357258,22.219275,18.776445,14.712551,16.701666,11.657904,14.369305,8.889614,6.108634,5.0496626,0.0,5.762672,5.9760256,11.17337,15.049725,16.428516,20.214804,22.356739,23.94711,21.33061,17.694195,14.347147,16.527094,11.911844,16.499994,14.07959,17.707342,18.055943,21.566944,21.256224,20.545662,17.362276,18.54451,13.736998,15.22462,14.711498,14.9851265,18.24823,15.35008,11.956296,13.003848,16.059875,11.712754,8.010977,8.089178,5.970835,6.8737473,9.375449,11.536592,13.226504,15.354689,13.476655,16.7953,13.905546,18.563684,17.85665,14.093942,17.40478,16.161306,19.305153,20.459389,23.081583,23.732714,25.793097,27.591076,22.594154,21.6285,18.32683,15.151377,13.281602,9.498464,6.7548075,6.1453686,4.5629926,9.123502,11.405617,14.103525,17.334818,17.64852,13.554582,16.085442,13.665513,14.041877,14.2136755,15.068479,17.673664,18.185577,22.656126,25.350164,26.21606,23.548922,26.277325,20.295425,23.476633,19.940208,22.925747
30,30.902279,29.24978,29.453823,24.72053,22.511312,19.921864,17.876535,17.330574,19.588823,16.89416,21.571692,19.896378,20.821383,20.430462,17.545794,14.314416,16.30693,11.709557,16.430483,12.681367,18.904564,16.972824,13.379528,16.877378,11.4389305,16.482931,11.380357,9.262071,5.4905696,5.762672,0.0,6.6920505,8.851995,13.617848,14.191053,17.504509,20.09111,21.20998,17.928528,14.539039,10.219258,12.318293,7.147821,11.857213,10.089195,13.646541,15.140177,18.525917,19.333017,17.898554,15.074906,15.741785,11.370925,13.794959,13.204927,15.391999,17.713776,16.48236,13.284722,15.007756,15.917702,11.62977,9.70396,6.3505106,8.030516,5.9759517,11.086068,11.294726,14.445408,15.159191,11.950081,14.590532,10.571449,14.573116,13.086456,8.715441,11.861271,10.473401,13.900887,15.323462,18.294327,19.19592,20.718607,22.97649,18.361296,17.054146,14.240972,10.240214,10.3218355,5.204207,5.947989,6.8458858,8.349526,13.442932,14.690808,17.906694,21.366154,20.8171,16.770655,17.914446,15.153685,14.182808,14.0475025,13.107556,16.279196,14.807407,19.287243,21.66113,22.4295,20.190392,22.5116,17.295443,21.023895,17.81149,21.62927
31,32.26708,31.410255,31.801182,26.784601,25.420969,23.73256,20.606802,21.37153,22.80324,20.473362,24.227268,22.188528,24.005043,24.375242,22.194271,19.099236,22.181816,17.443228,22.410744,18.674492,24.612934,22.327919,18.406761,21.442425,16.281063,19.888166,14.494336,12.048802,9.770069,5.9760256,6.6920505,0.0,7.133921,9.166077,11.77982,14.762961,17.314945,19.498703,17.712484,15.117508,11.918989,15.956266,11.8875475,17.39228,16.482822,20.183485,21.664598,25.160904,25.589785,24.057598,21.065212,21.183353,16.311197,17.516779,14.763232,16.609798,17.822752,15.099312,11.527579,11.004018,12.543029,7.4312243,6.1226087,7.225625,9.667107,10.812632,14.634937,16.554274,18.941776,20.610252,18.022337,20.882902,17.074198,21.126087,19.554699,14.865683,17.48518,14.804358,17.695095,17.568848,20.052301,19.93646,22.118546,23.178436,17.983719,17.244411,13.6092005,11.724448,8.153329,7.3812866,3.7948024,7.445906,7.65251,11.190047,14.818967,17.203648,20.203876,19.34682,15.27298,16.050936,12.743606,12.889324,11.038429,11.9946165,13.200567,14.24413,18.102945,20.678345,22.228153,19.719065,23.50514,18.039534,21.890589,19.275307,22.696718
32,37.69631,36.29634,36.06235,30.836565,28.702847,26.454956,23.227486,22.23845,22.82164,19.385303,21.991095,18.97315,20.118563,20.70669,18.84489,17.005896,21.007511,17.395117,22.879986,20.408163,26.551378,25.563377,22.129732,25.711939,20.261879,24.786495,19.392467,16.441732,13.863318,11.17337,8.851995,7.133921,0.0,7.179729,5.4364614,9.897804,11.4709,12.848062,10.603067,8.229916,5.8253083,10.878133,8.870146,14.248141,15.460989,19.028233,21.613811,25.374542,25.94151,23.024553,20.433493,18.919424,14.508098,15.106018,10.503408,14.380037,13.383368,12.580423,9.829795,10.198837,8.162395,4.6226625,6.910986,5.143838,11.4008,12.178688,16.802837,18.343685,22.042967,22.909748,19.76352,22.720226,18.49472,21.622028,19.087996,14.170034,14.931309,11.494274,12.832416,11.9816885,13.666915,13.578946,16.740845,17.835913,12.580678,13.528009,10.473602,9.448456,7.4613237,9.153227,9.216314,13.378616,14.256001,18.271393,21.508907,24.146671,27.251049,26.36438,22.289381,22.598228,19.117132,18.533182,15.934006,15.430556,15.901486,15.023524,17.825998,19.492582,21.94712,20.393404,24.405148,20.463455,25.033018,23.07241,27.195002
33,37.24204,36.3407,35.89238,30.427526,28.947573,27.611534,23.372992,23.553349,23.1611,20.547506,22.05641,19.222136,21.675669,23.102737,22.259352,20.172794,24.972864,21.08827,26.597675,24.323801,29.988705,29.243326,25.751764,29.62782,24.432903,28.818525,23.483337,21.045021,18.266775,15.049725,13.617848,9.166077,7.179729,0.0,6.717104,6.47069,9.80423,13.049966,13.299546,13.408639,11.726553,17.341599,15.324778,20.608463,21.738243,25.117514,27.789814,31.183748,32.2993,29.740047,27.163157,25.93467,21.566183,22.26331,17.331223,20.90068,19.18683,17.635246,14.943185,12.947498,10.510286,7.14662,10.986057,11.88703,17.224173,18.271498,22.760065,24.395063,27.521786,28.659119,25.487589,27.919891,23.486692,26.482801,23.965706,18.922249,19.918234,15.800677,17.339478,14.977452,16.560768,14.965027,17.409716,16.86699,11.711652,12.21676,8.713394,10.692737,5.6685805,11.445552,10.508614,15.268291,16.42583,19.047361,23.040283,25.129572,27.805151,25.986507,22.322617,21.262442,17.609493,17.218655,13.144145,13.355752,11.457462,12.459371,13.8940525,15.548147,18.660707,17.092451,22.29845,18.836462,23.34566,22.416151,26.21365
34,41.92289,40.552563,40.00343,34.610813,32.456528,30.364937,26.718565,25.427336,25.12036,21.508455,22.717548,19.136265,20.319466,21.482275,20.430965,19.482328,24.191872,21.227406,26.798208,25.012524,30.978691,30.573599,27.29389,31.067549,25.625263,30.21845,24.811714,21.790104,19.29684,16.428516,14.191053,11.77982,5.4364614,6.717104,0.0,6.003919,6.07928,7.7269344,7.1105347,7.2314677,7.659913,12.807374,12.78834,17.37939,19.70576,22.978224,26.01339,29.732574,30.41016,26.943312,24.629862,22.299011,18.392265,18.351233,12.544667,16.953434,13.857337,13.900281,12.166872,11.561158,6.7050743,6.3161645,10.660125,10.028143,16.233707,17.323458,21.765135,23.401657,27.287949,28.037205,24.816307,27.671618,23.34278,25.965637,23.057644,18.235762,17.976171,14.072574,14.039115,11.695521,12.071846,11.000856,15.034555,15.074881,9.9446125,12.707964,10.308306,11.5937605,9.517888,13.576922,13.860701,18.389065,19.31127,22.870695,26.526758,28.97697,31.92196,30.77544,26.814861,26.587307,22.968725,22.381317,18.964016,18.416437,17.558796,16.738674,18.123402,19.055817,22.369282,21.449497,26.035133,23.156006,27.927525,26.687588,30.897188
