,0,1,2,3,4,5,6,7,8,9,10,11,12,13,14,15,16,17,18,19,20,21,22,23,24,25,26,27,28,29,30,31,32,33,34,35,36,37,38,39,40,41,42,43,44,45,46,47,48,49,50,51,52,53,54,55,56,57,58,59,60,61,62,63,64,65,66,67,68,69,70,71,72,73,74,75,76,77,78,79,80,81,82,83,84,85,86,87,88,89,90,91,92,93,94,95,96,97,98,99,100,101,102,103,104,105,106,107,108,109,110,111,112
0,0.0,4.4675183,6.7893934,9.722076,12.612295,15.683253,18.00319,22.752556,25.99218,29.287214,33.751953,36.49286,38.027935,39.60632,36.967056,32.5575,32.252827,27.687992,27.242823,23.408592,23.857414,18.936502,17.827091,15.804071,18.111116,14.7561,16.73953,20.012674,20.393738,22.3718,24.809637,25.716572,32.578823,33.255806,37.119453,38.577435,42.289593,44.557957,42.54429,39.388004,35.107,36.794636,31.483099,34.002476,29.574493,30.825314,28.980618,28.962563,30.003601,33.24087,31.211676,35.101086,32.14374,34.87237,36.19331,36.046295,39.856834,36.74698,33.548454,33.742783,37.553005,32.819702,29.517847,30.135979,26.41951,25.361961,24.828295,24.742947,21.172163,22.964178,23.866194,23.119833,23.959711,26.841196,28.811258,28.012255,32.455456,32.690804,36.878918,38.64921,42.26776,42.800514,42.106396,44.41143,40.903545,37.0713,34.40771,30.518517,29.271336,24.29635,22.85038,18.316818,16.975006,14.034974,13.214814,18.244349,18.51236,17.666273,22.181171,19.253319,24.19937,22.46207,28.357996,26.258383,31.148808,33.868145,31.878893,28.6341,28.87663,23.250694,21.927135,18.675098,16.794596
1,4.4675183,0.0,4.9446106,5.6631346,8.494489,11.839655,13.941031,18.670506,21.780048,25.176756,29.440678,32.28089,33.817482,35.434,32.889202,28.469376,28.219221,23.702929,23.26994,19.62856,20.05428,15.648288,14.537133,13.629873,15.505505,13.822054,15.092906,18.410513,17.866493,20.226358,21.827309,23.11689,29.380884,30.272615,34.126507,35.267864,39.234573,41.387417,39.34558,36.379333,31.895693,33.651707,28.321487,30.757719,26.509079,27.65548,26.193556,26.091759,27.756792,30.655336,28.741926,32.47664,29.592527,32.57912,33.721695,34.19005,37.658936,34.987713,31.707537,32.048664,35.31258,30.402723,27.446096,27.527512,24.499369,22.935337,23.26878,22.803244,19.853306,21.248608,21.446554,20.37967,20.737223,23.370836,25.183813,24.373468,28.776644,28.973793,33.22031,34.946793,38.647076,39.151863,38.157143,40.47416,37.202663,33.193035,30.675528,26.716711,25.783669,20.75237,19.847849,15.359312,14.776992,11.798159,12.368916,18.124914,17.715134,16.110714,20.218645,16.673214,21.258478,18.98244,24.926348,22.278103,27.05818,29.681711,27.53222,24.331533,24.434952,18.841543,17.542868,14.23288,12.597249
2,6.7893934,4.9446106,0.0,5.6881313,7.690814,9.623367,12.757185,16.86306,20.387531,23.632113,28.487242,30.879276,32.232937,33.699707,30.957647,26.580517,26.654682,21.803417,22.233746,17.909302,19.749601,14.605334,12.363198,11.258699,12.003387,9.946611,10.473883,13.657179,13.634454,15.806686,18.043922,19.355343,26.072578,27.267277,30.666985,32.46035,36.018524,38.106762,35.90755,32.647953,28.386007,30.042755,24.732086,27.433212,23.123016,24.712723,23.221329,23.830719,24.841125,27.470085,25.23602,28.812933,25.598812,28.328203,29.461786,29.568762,33.22736,30.360239,27.14765,27.631655,31.222765,26.493965,23.16145,23.411455,19.87771,18.66754,18.618616,18.624554,15.706775,17.634611,17.992783,17.864456,17.989973,21.408829,22.971699,21.668272,26.121815,26.211329,30.344856,32.136078,35.687088,36.307793,35.8799,38.328,34.68153,30.942348,28.377642,24.30398,23.325567,17.984322,16.71786,12.253187,10.886049,9.215031,8.807892,13.893485,14.744699,13.718484,17.51072,15.415276,19.5422,18.291103,23.782738,21.78125,26.513653,29.059143,27.476019,24.36552,25.168652,19.177217,19.050114,15.127984,14.983278
3,9.722076,5.6631346,5.6881313,0.0,5.013354,7.0735116,10.138244,13.6829605,16.961126,20.713923,24.836596,27.593714,28.785707,30.184317,27.47705,23.096478,22.594715,18.140507,17.671604,13.973875,14.759703,10.498712,9.19873,9.662819,10.950286,11.517346,12.130097,15.460271,13.954484,17.20767,17.58754,20.065166,25.388248,27.159595,30.387985,31.610397,35.634163,37.41715,35.035557,32.03404,27.379381,28.77117,23.519232,25.54505,21.350595,22.28199,21.068022,20.925123,23.08038,25.65078,23.897732,27.539984,24.927809,28.197004,29.547173,30.517025,33.86504,31.834656,28.638798,29.533531,32.25056,27.34273,24.571985,23.644333,21.154707,18.79522,19.903448,18.759214,16.555346,17.321657,16.78056,15.391624,15.371305,17.817936,19.5674,18.957596,23.317879,23.79445,28.010965,29.991453,33.72061,34.438995,33.26444,35.882355,32.866978,28.65488,26.556913,22.203491,22.18221,16.641207,16.797327,12.666789,12.876747,11.3145485,12.933871,18.337105,18.290638,16.294554,19.386671,16.095953,19.541044,17.026491,22.58612,19.203012,23.590347,25.860928,23.57938,20.623838,20.393087,14.917331,13.955228,9.850014,9.6975975
4,12.612295,8.494489,7.690814,5.013354,0.0,4.4084606,5.504853,10.458042,13.446649,16.701527,21.199717,23.883022,25.53362,27.317566,25.017616,20.570396,21.264645,16.437624,17.374823,13.749121,15.772938,12.7588215,10.503039,12.78619,11.837965,14.046231,12.566709,14.969441,12.524956,14.851831,14.927112,16.421423,21.585804,22.73033,26.506077,27.239267,31.45839,33.477703,31.512146,28.931026,24.271252,26.483486,21.18253,23.987759,20.436958,21.915133,21.638683,22.156233,24.572792,26.177094,24.226719,27.151392,23.997894,27.137434,27.406597,28.991426,31.531404,29.543379,26.169575,26.581842,28.801268,23.718775,21.53274,20.907408,19.489084,17.454159,19.632164,19.095295,17.975414,18.987797,17.61855,16.918297,15.446231,18.141726,18.984758,17.265245,21.529806,21.13606,25.445583,26.82027,30.570513,30.905642,29.763369,31.991327,28.81547,24.734009,22.283487,18.330223,17.666548,12.661124,12.600691,8.627383,9.881734,7.950996,11.1352215,16.814714,15.365734,12.729413,15.237368,11.560065,14.632535,12.062456,17.58524,14.515798,19.114285,21.601562,19.813984,16.691528,17.697334,11.53821,12.194749,8.611973,9.842304
5,15.683253,11.839655,9.623367,7.0735116,4.4084606,0.0,5.0506563,7.250994,10.889137,14.375006,19.141743,21.422087,22.622799,24.101336,21.489235,17.071848,17.763557,12.702461,14.341231,10.20569,13.644686,10.625894,7.4907165,10.916472,8.453121,12.470964,10.059675,12.033705,8.843196,11.911049,11.031314,13.823126,18.383936,20.555414,23.455124,24.72005,28.7056,30.378258,28.00059,25.15518,20.447567,22.2649,16.971209,19.617632,16.040213,17.650553,17.595041,18.535912,20.880047,22.051645,20.053062,22.798677,19.67233,22.90231,23.37997,25.135147,27.733637,26.142035,22.90812,23.880882,25.877014,20.943628,18.675447,17.221008,16.00306,13.43653,16.140265,15.304074,14.974093,15.698999,13.781916,13.485316,11.379538,14.459682,15.010478,13.031099,17.37612,17.166245,21.43574,23.12357,26.833536,27.450148,26.528477,29.124662,25.909498,21.815702,19.712856,15.260824,15.480164,9.654314,10.556644,7.332486,8.882971,9.394044,12.172058,16.599781,16.221615,13.949263,15.367023,13.127067,14.788667,12.94686,17.468758,14.389143,18.402435,20.467886,18.970894,16.245865,17.32519,11.477319,13.068856,9.041474,11.873977
6,18.00319,13.941031,12.757185,10.138244,5.504853,5.0506563,0.0,6.3321266,8.580165,11.344892,16.071896,18.629051,20.571205,22.639324,20.76419,16.391016,18.246265,13.401735,15.751121,12.72757,15.783784,14.4893675,11.96074,15.842049,13.267183,17.39583,14.504531,15.779161,12.153486,13.787761,12.366321,13.511524,17.232779,18.27949,22.172121,22.271082,26.77996,28.763647,27.043854,24.992002,20.27237,23.078367,17.995533,21.179625,18.575285,20.300611,21.127354,22.09276,24.95817,25.461239,23.57621,25.639984,22.339151,25.428755,24.748732,27.282164,28.840616,27.421951,24.052221,24.327694,25.512728,20.387901,19.165707,18.10404,18.411415,16.28526,19.837837,19.412285,19.701048,20.417301,18.053982,17.717144,14.865694,17.259474,17.067268,14.445711,18.275051,17.09544,21.378222,22.208157,25.977026,26.023077,24.691477,26.675344,23.598528,19.486616,16.990347,13.292818,12.661252,8.282562,9.240175,6.925367,9.984872,9.253508,13.418342,18.26314,15.919326,12.8239155,13.571901,10.06339,11.08238,8.247041,12.925652,9.512415,13.887355,16.310093,15.006946,11.979916,14.210768,7.8666368,10.886168,8.363426,11.465601
7,22.752556,18.670506,16.86306,13.6829605,10.458042,7.250994,6.3321266,0.0,3.9126825,7.6846333,12.215303,14.293928,15.375498,16.965822,14.669883,10.244533,12.237702,7.300343,10.994872,8.484862,12.89602,13.056414,10.658638,15.693323,12.1121855,18.134224,14.889988,15.470088,11.040435,13.461153,9.527182,12.992,14.047902,17.052315,19.250767,19.70308,24.038818,25.24797,22.840279,20.688356,15.750328,17.808867,13.056905,15.478136,13.44943,14.900984,16.580605,17.759539,21.033897,20.630943,19.08129,20.589577,17.828571,21.165897,20.760704,24.030586,25.323526,25.01422,22.030003,23.242413,23.533073,18.828995,18.013325,15.127738,16.607878,13.462556,18.034796,16.805529,18.461678,18.284872,14.965655,14.655832,10.765325,12.519753,11.450027,8.540229,12.066108,11.171746,15.459958,16.80643,20.645084,21.159382,19.604244,22.28187,19.636839,15.16983,13.743415,9.0401745,11.109974,6.164706,9.999966,9.876102,12.887273,14.318412,17.791357,21.286024,20.177116,17.576849,17.066786,15.215537,14.259474,12.2966795,14.676982,10.814361,13.23386,14.508712,13.314445,11.401854,12.977568,8.486061,12.117011,9.693896,14.168626
8,25.99218,21.780048,20.387531,16.961126,13.446649,10.889137,8.580165,3.9126825,0.0,4.35876,8.324841,10.651288,12.098404,14.10353,12.5047865,8.34014,11.465124,7.653186,11.677909,10.7617,14.435587,16.017752,14.176433,19.356525,15.880456,22.032104,18.712126,19.00503,14.502877,16.303555,11.8692045,14.57137,13.695312,16.410187,18.612526,18.028463,22.710285,23.785456,21.708174,20.331926,15.510615,17.9373,13.899599,16.112839,15.219567,16.402094,18.795841,19.832067,23.511684,22.511507,21.274054,22.1361,19.664133,22.863514,21.804049,25.767689,26.207388,26.446102,23.596163,24.60557,23.963358,19.46196,19.593111,16.531633,19.226227,16.236656,21.21417,19.998484,22.091198,21.69667,18.11407,17.638796,13.542517,14.317503,12.602518,9.725638,12.026446,10.465274,14.424261,15.112116,18.953243,19.134104,16.88015,19.284662,17.20238,12.490157,11.441131,7.34299,10.132863,7.4474626,11.652828,12.526965,15.899636,17.023838,20.864706,24.34056,22.525297,19.68534,18.56091,16.469776,14.509202,12.247725,13.35173,8.977261,10.09604,10.877099,9.772872,8.439,10.558729,7.479219,11.982946,11.021371,15.552707
9,29.287214,25.176756,23.632113,20.713923,16.701527,14.375006,11.344892,7.6846333,4.35876,0.0,5.944607,7.442824,9.831991,12.482948,11.970453,8.745382,13.494408,10.572115,15.265773,14.717169,18.565166,20.290104,18.223785,23.326937,19.385548,25.483025,21.595121,21.263231,16.816229,17.484482,13.016397,14.283959,11.606527,13.599933,15.937462,14.339959,19.273949,20.445528,18.973478,18.458393,14.043078,17.395058,14.098769,16.874893,17.136724,18.683815,21.650822,23.136482,26.575754,24.878044,23.590765,23.622118,20.91851,23.637575,21.418297,25.923912,25.308838,25.835337,23.1022,23.657917,22.0886,17.876404,19.06759,16.300407,20.23787,17.902945,23.195208,22.53379,25.113413,24.932316,21.257318,21.337168,16.947243,17.779373,15.459801,11.927775,13.117798,10.238251,13.546505,12.956718,16.600393,16.13243,13.836126,15.578157,13.414173,8.827388,7.528799,4.907809,7.5503445,8.00031,11.855803,14.0350065,17.536901,18.809017,22.7267,25.680363,23.277275,20.475119,18.392326,16.920815,13.612612,12.160566,11.171494,8.02124,7.4248247,7.7276473,8.501928,8.006451,11.948613,9.939351,15.063557,14.887186,19.209303
10,33.751953,29.440678,28.487242,24.836596,21.199717,19.141743,16.071896,12.215303,8.324841,5.944607,0.0,3.8659456,6.4891233,9.507799,10.493903,8.933819,13.214791,12.57191,16.087376,17.32924,19.836658,23.160353,21.98323,27.27624,23.855667,30.242275,26.803034,26.664188,22.15676,23.228203,18.361597,20.045713,15.95697,17.92994,19.459883,16.790705,21.613293,22.114027,20.856304,21.258623,17.358017,19.954979,17.832268,19.251287,20.325912,20.973763,24.312843,25.140427,29.222923,27.210403,26.561125,26.250872,24.480879,27.250114,25.209087,30.170822,29.072819,30.416582,28.016293,28.762932,26.417067,22.767445,24.454168,21.19316,25.523046,22.819246,28.188866,26.965805,29.73255,28.983665,25.084557,24.477507,20.281387,19.737099,17.25532,14.957052,14.791393,12.539202,14.651693,13.736878,16.907293,16.315023,12.336623,13.7626705,13.788539,9.339405,10.138177,9.4129095,12.664716,13.878017,17.78821,19.808607,23.354975,24.270819,28.372568,31.58927,28.99449,26.015505,23.978302,21.939762,18.583494,16.456118,14.801598,11.035534,7.827747,5.748737,5.877062,7.8941646,10.269572,11.747695,16.029974,17.174608,21.263126
11,36.49286,32.28089,30.879276,27.593714,23.883022,21.422087,18.629051,14.293928,10.651288,7.442824,3.8659456,0.0,3.8939462,7.233997,9.171186,8.936922,13.987867,13.8154955,18.025743,19.18334,22.325161,25.475899,24.02415,29.283632,25.382137,31.908482,28.097239,27.453503,23.048306,23.654053,18.596535,20.042604,14.506766,16.740595,17.25746,14.395523,18.838568,18.914974,17.750597,18.713787,15.389371,18.039047,16.835323,18.211987,20.199177,21.039007,24.787172,26.071056,29.794872,27.138123,26.507032,25.480963,23.762154,26.126225,23.534342,28.819523,27.04498,28.885607,26.79973,27.600105,24.576376,21.514889,23.742075,20.296446,25.332432,22.916183,28.40963,27.41222,30.68938,29.952467,25.955828,25.863073,21.44332,21.015486,18.061079,15.382407,14.30649,11.478663,12.606576,10.855135,13.616488,12.766211,8.594109,9.9406395,10.400593,6.3061886,8.373797,8.920284,12.546293,14.756694,18.597189,21.3175,24.711514,26.21474,30.0731,32.608967,30.270117,27.568384,24.962725,23.836845,19.857872,18.651052,16.022348,13.561198,9.989123,7.51685,9.345558,11.406412,14.105297,15.3183,19.766857,20.553885,24.80907
12,38.027935,33.817482,32.232937,28.785707,25.53362,22.622799,20.571205,15.375498,12.098404,9.831991,6.4891233,3.8939462,0.0,3.34209,5.885413,7.310443,11.872532,12.941397,16.91178,18.624775,21.704641,25.227703,24.043251,29.256754,25.394,32.147003,28.53731,27.82537,23.502977,24.534105,19.066717,21.49727,15.453891,18.85204,18.088007,16.096096,19.862211,19.18808,17.279984,18.017365,14.908315,16.388165,15.973915,16.21341,18.743315,19.09677,23.075228,24.266499,27.99236,24.960936,24.698143,23.344366,22.315561,24.671799,22.61782,27.990479,26.314663,28.758091,27.003832,28.4034,25.293432,22.632837,24.641495,20.460348,25.469944,22.706127,28.131317,26.725851,30.31497,29.177057,25.077797,24.915188,20.608917,19.611172,16.42724,14.371977,12.298555,10.176331,10.3682375,9.249685,11.768518,11.70926,7.0316463,9.780481,11.096953,7.367664,10.594848,10.318297,14.985678,16.320482,20.523502,23.178957,26.36997,28.330368,31.93858,34.200665,32.557323,30.034252,27.518223,26.688751,22.903883,21.76985,19.549803,16.853794,13.68215,11.257117,12.240013,14.343339,15.808008,17.41372,21.360806,21.805958,26.201801
13,39.60632,35.434,33.699707,30.184317,27.317566,24.101336,22.639324,16.965822,14.10353,12.482948,9.507799,7.233997,3.34209,0.0,4.0202518,7.4022026,10.912152,13.102775,16.686594,18.800459,21.777414,25.514498,24.556768,29.639696,25.848217,32.692444,29.27721,28.4999,24.32661,25.657074,19.992813,23.106089,16.830572,20.96503,19.265602,17.982864,21.136894,19.883825,17.41081,17.925276,15.155658,15.486826,15.862524,15.00769,18.013018,17.902752,22.021927,23.131239,26.776371,23.405231,23.495068,21.820345,21.467985,23.752338,22.21284,27.570202,25.991587,28.928446,27.487955,29.357662,26.213871,23.93166,25.74336,21.061506,25.956432,22.971783,28.239218,26.517315,30.34084,28.87694,24.753262,24.560606,20.444763,18.978907,15.670317,14.273816,11.326427,10.080966,9.228491,8.902646,10.90612,11.640252,7.1235504,10.721773,12.52953,9.428081,13.046287,12.322798,17.428959,18.170454,22.518816,25.10417,28.093412,30.393732,33.77156,35.77854,34.689354,32.327145,29.878515,29.29732,25.656261,24.609606,22.641792,19.859333,16.937654,14.555415,15.150028,17.218115,17.918592,19.701155,23.237614,23.398668,27.836775
14,36.967056,32.889202,30.957647,27.47705,25.017616,21.489235,20.76419,14.669883,12.5047865,11.970453,10.493903,9.171186,5.885413,4.0202518,0.0,4.4475446,7.416271,9.711477,13.411495,15.328028,18.643522,22.090384,21.147665,26.093948,22.35561,29.214104,26.020044,25.346441,21.278284,23.107378,17.337076,21.36896,15.889476,20.83632,19.005579,18.834162,21.927992,20.792618,17.59847,16.996786,13.667838,13.183669,13.070699,11.590312,14.24703,13.918972,18.010939,19.155151,22.761324,19.491959,19.600935,18.227278,18.053133,20.657057,19.954325,25.000181,24.228998,26.994999,25.506115,27.81147,25.335207,22.816381,23.92969,18.85113,23.140764,19.782703,24.884634,22.846962,26.655083,25.020723,20.901402,20.690216,16.658382,15.133755,11.746344,10.655087,7.501191,7.293626,7.0281353,8.588542,11.239757,12.789424,9.495916,13.661208,14.193925,10.58726,13.60042,11.381448,16.94675,16.347433,20.872257,23.092756,25.839382,28.413082,31.516174,33.440315,32.969143,30.75832,28.655941,28.182232,25.033587,23.967443,22.841839,19.731783,17.766743,15.972932,15.962326,17.387129,17.657194,18.634882,21.883448,21.351553,25.875874
15,32.5575,28.469376,26.580517,23.096478,20.570396,17.071848,16.391016,10.244533,8.34014,8.745382,8.933819,8.936922,7.310443,7.4022026,4.4475446,0.0,5.8159833,5.8138976,10.472736,11.607764,15.429357,18.381903,17.177572,22.277308,18.529226,25.376638,22.184784,21.804247,17.545868,19.6482,13.953965,18.212097,14.103267,18.914001,18.17722,18.238726,21.912504,21.527433,18.42644,17.155622,12.900706,13.238871,11.315324,10.967583,12.188493,12.32934,16.031818,17.205723,20.974594,18.464602,18.084116,17.6368,16.656136,19.714392,19.189938,23.878792,23.80492,25.721262,23.751162,25.87166,24.151423,20.887482,21.474663,16.66433,20.376625,16.833832,22.015133,20.024172,23.419731,22.037413,17.930265,17.609953,13.346954,12.42752,9.234709,7.367978,6.0502,5.60108,7.9901195,9.847195,13.356408,14.59296,11.855612,15.642376,14.911288,10.485749,12.22537,8.660409,14.1633215,12.521248,17.17523,18.97829,21.784224,24.157135,27.330135,29.623358,29.055233,26.747524,25.005772,24.206583,21.508484,20.189346,19.840216,16.344723,15.305947,14.231779,13.749128,14.413345,14.885319,14.779959,18.149654,17.228825,21.832315
16,32.252827,28.219221,26.654682,22.594715,21.264645,17.763557,18.246265,12.237702,11.465124,13.494408,13.214791,13.987867,11.872532,10.912152,7.416271,5.8159833,0.0,5.305051,6.296384,9.274389,11.586209,15.563826,15.552289,20.299109,17.65551,24.374622,22.329721,22.61548,18.71398,22.00638,16.563921,21.991077,19.079079,24.220446,23.31733,23.940136,27.384937,26.758568,23.197662,21.323385,17.190401,15.927255,14.0764,11.761255,11.809311,10.154038,13.21098,13.058959,17.618652,15.727091,16.161625,16.62152,17.01884,20.535439,21.80509,25.789549,26.807312,28.771866,26.955023,29.651968,28.611704,25.35435,25.109272,19.981482,22.344992,18.08613,22.505257,19.445759,22.406765,20.202744,16.235102,14.714797,11.478047,8.58366,6.0404825,7.9210134,6.865442,9.644513,11.458843,14.568174,17.62496,19.484884,16.722271,20.764183,20.52551,16.251696,17.981152,13.982608,19.245367,16.194426,20.78212,21.571564,24.009844,26.234617,29.120178,31.718695,31.877125,29.616142,28.65673,27.36569,25.600689,23.665462,24.434027,20.096754,19.621765,18.68026,16.943638,17.439775,15.831709,16.301516,18.032463,16.74342,20.978148
17,27.687992,23.702929,21.803417,18.140507,16.437624,12.702461,13.401735,7.300343,7.653186,10.572115,12.57191,13.8154955,12.941397,13.102775,9.711477,5.8138976,5.305051,0.0,6.0136685,5.808147,10.412435,12.61096,11.493927,16.572968,13.274257,20.098986,17.573433,17.900959,13.773126,17.082102,11.863753,17.30088,15.839924,20.692284,20.651188,21.647245,25.344105,25.401371,22.029753,19.667538,14.972293,14.807088,11.324959,10.922887,9.550018,9.406169,11.995399,12.749875,16.76784,15.511617,14.900174,16.010971,14.922943,18.611116,19.503588,23.153923,24.56772,25.628876,23.367949,25.750666,25.383257,21.577526,20.883211,16.24077,18.117113,13.933851,18.5421,15.952642,18.636011,17.089296,13.100556,12.159676,8.06531,7.3853025,5.050461,4.2299895,6.3844795,8.001084,11.506506,14.318769,17.903223,19.399073,17.410301,21.1432,19.617855,15.132765,15.655743,10.85434,15.449206,11.379432,15.815834,16.322475,18.713728,20.997383,23.83085,26.497452,26.614717,24.41053,23.627546,22.457766,21.028498,19.314478,20.67506,16.620022,17.262447,17.16822,15.679709,15.20612,14.776836,13.169371,15.531245,13.389939,17.886904
18,27.242823,23.26994,22.233746,17.671604,17.374823,14.341231,15.751121,10.994872,11.677909,15.265773,16.087376,18.025743,16.91178,16.686594,13.411495,10.472736,6.296384,6.0136685,0.0,4.998001,5.301226,9.842059,10.88487,15.402307,14.136373,20.31019,19.383123,20.699648,17.094057,21.290497,16.770365,22.448763,21.81498,26.466536,26.661854,27.518263,31.317968,31.277222,27.80954,25.378057,20.81185,19.890057,16.706823,15.109663,12.902088,11.12072,12.204377,10.732534,15.864243,15.979411,16.190178,18.402431,18.49626,22.410616,24.527796,27.592962,29.733654,30.734695,28.529083,31.108643,31.183426,27.304422,26.150578,21.626474,22.37994,17.868032,21.4697,17.988943,19.63312,17.336212,13.889954,10.934717,8.930918,5.5507865,6.0530543,9.228649,10.918944,13.697648,16.585491,19.730143,23.104006,24.798157,22.259192,26.03756,25.170248,20.567696,21.258263,16.594826,20.8877,16.391071,20.487282,19.913368,22.038263,23.584291,26.305939,29.654305,30.014332,27.688736,27.776903,25.67766,25.203035,22.593592,24.907629,19.930622,20.800869,20.704487,17.989325,17.49988,14.848509,14.282468,14.446474,12.330799,16.037098
19,23.408592,19.62856,17.909302,13.973875,13.749121,10.20569,12.72757,8.484862,10.7617,14.717169,17.32924,19.18334,18.624775,18.800459,15.328028,11.607764,9.274389,5.808147,4.998001,0.0,6.289502,6.832122,6.3160276,11.213856,9.217457,15.597278,14.390357,15.817196,12.347113,16.82231,12.937539,18.758924,19.620817,24.143862,24.66774,26.203909,29.855988,30.215965,26.750875,23.764805,19.066755,18.544218,14.426277,13.952801,10.487298,9.873672,10.187063,9.874477,13.995132,14.662953,13.940955,16.756607,15.8122635,19.752048,21.929052,24.392162,27.096214,27.362268,24.94522,27.444279,28.275623,24.184359,22.39947,18.323635,18.145128,13.704764,17.012669,13.778173,15.094563,13.298624,9.905101,7.536302,4.8914633,4.6530337,5.816556,7.31886,10.778452,13.042396,16.582518,19.703121,23.22445,24.836794,23.171469,26.855402,24.978361,20.523987,20.400375,15.326303,18.83057,13.375273,16.913027,15.877116,17.561743,19.447956,21.749367,24.855831,25.699059,23.668844,24.012173,22.390802,22.379196,20.292685,23.15231,18.818134,20.696615,21.25922,19.073462,17.822037,16.496548,13.845199,14.558904,11.154195,14.957818
20,23.857414,20.05428,19.749601,14.759703,15.772938,13.644686,15.783784,12.89602,14.435587,18.565166,19.836658,22.325161,21.704641,21.777414,18.643522,15.429357,11.586209,10.412435,5.301226,6.289502,0.0,6.3917894,9.187807,12.716325,13.387891,18.353252,18.735125,20.958658,17.915346,22.553362,19.07161,24.541706,25.442858,29.610268,30.517767,31.459135,35.43205,35.74054,32.3732,29.679531,24.986265,24.254745,20.521872,19.34014,16.123072,14.436182,13.980077,11.537982,16.436714,18.168598,18.265722,21.502216,21.470356,25.441317,28.060873,30.423529,33.26877,33.615063,31.201437,33.63049,34.469395,30.264906,28.522308,24.60001,24.16908,19.756804,22.429918,18.816542,19.09385,16.849806,14.338276,10.309887,10.245723,7.6923637,10.08453,13.138882,15.707031,18.339624,21.551289,24.654362,28.133793,29.728706,27.270445,30.872288,29.732594,25.03037,25.153902,20.352453,23.821915,18.676403,22.097845,20.424618,22.14522,22.926697,25.388863,29.348495,29.85198,27.529276,28.535276,25.76895,26.411413,23.321377,26.752079,21.499071,23.25645,23.70219,20.434385,19.320303,15.979892,14.759571,13.175107,10.463785,12.964376
21,18.936502,15.648288,14.605334,10.498712,12.7588215,10.625894,14.4893675,13.056414,16.017752,20.290104,23.160353,25.475899,25.227703,25.514498,22.090384,18.381903,15.563826,12.61096,9.842059,6.832122,6.3917894,0.0,4.1896024,6.355707,8.290245,12.1219425,13.373853,16.193869,14.1010065,19.023117,16.969193,22.298004,25.072538,29.02329,30.182873,31.970104,35.63551,36.3132,32.901463,29.565722,24.946053,24.371708,19.982483,19.657488,15.282194,14.526198,12.724546,11.154316,14.393139,17.274736,16.53314,20.595572,19.78157,23.575224,26.594736,27.906849,31.619532,31.069813,28.540936,30.920395,32.825394,28.53854,25.90943,22.720053,20.728558,16.68913,18.150888,14.773789,13.775949,12.065762,10.618415,6.853743,8.344374,8.770841,11.728967,13.671068,17.312473,19.637037,23.20035,26.366894,29.87085,31.474096,29.948174,33.521633,31.407087,26.954851,26.32821,21.255598,23.764112,17.7556,20.120901,17.605696,18.363161,19.332712,20.86355,24.51486,25.969383,24.182423,25.818504,23.624329,25.143293,22.707422,26.869411,22.462084,25.298729,26.39748,23.692776,21.853916,19.854837,16.579823,15.38956,11.226721,13.101169
22,17.827091,14.537133,12.363198,9.19873,10.503039,7.4907165,11.96074,10.658638,14.176433,18.223785,21.98323,24.02415,24.043251,24.556768,21.147665,17.177572,15.552289,11.493927,10.88487,6.3160276,9.187807,4.1896024,0.0,5.3148937,4.5395555,9.683201,9.6051445,12.229233,9.951648,14.846095,13.146862,18.315807,21.695293,25.502012,26.758602,28.854546,32.357697,33.242916,29.946217,26.471327,21.887674,21.774113,17.004612,17.603533,13.061948,13.37211,11.9278145,11.911188,14.309665,16.568638,15.095875,18.894102,17.14779,20.797848,23.327879,24.533329,28.200247,27.293285,24.630558,26.853628,28.975786,24.642931,21.845953,18.97579,16.779768,12.957874,14.606207,11.8041935,11.072539,10.201663,8.435047,6.4788647,6.4509525,9.101781,11.181918,11.608255,15.76084,17.453287,21.23089,24.15584,27.66929,29.12694,28.128546,31.5633,28.902561,24.67621,23.654705,18.583055,20.609127,14.383688,16.366192,13.8895445,14.450205,16.021055,17.402416,20.670145,22.296543,20.701975,22.110016,20.571362,21.940779,20.144459,24.162521,20.450745,23.572348,24.897717,22.825285,20.77311,20.006964,15.761965,15.829908,11.3579855,13.910663
23,15.804071,13.629873,11.258699,9.662819,12.78619,10.916472,15.842049,15.693323,19.356525,23.326937,27.27624,29.283632,29.256754,29.639696,26.093948,22.277308,20.299109,16.572968,15.402307,11.213856,12.716325,6.355707,5.3148937,0.0,5.5888143,5.977052,8.897742,12.304662,11.963333,16.668558,16.502012,21.258652,25.691704,29.33615,30.546043,33.164417,36.345394,37.30337,33.907585,30.05066,25.776096,25.302197,20.664722,21.119892,16.174446,16.406492,13.698776,13.418834,14.292268,17.85599,16.308056,20.756395,19.205606,22.48466,25.79473,25.875721,30.397148,28.93912,26.427826,28.731457,31.711794,27.578386,24.091715,21.8399,18.164581,14.975471,14.628462,11.944219,9.079377,8.601174,9.197653,7.6140084,10.049248,12.721652,15.357339,16.161327,20.161026,22.074903,25.638182,28.734697,32.083595,33.678146,33.057766,36.545742,33.643024,29.613203,28.422571,23.401293,24.956167,18.635408,19.708576,16.635744,16.0673,17.44757,17.551897,20.357887,23.149338,22.181723,24.326492,23.112986,25.312159,23.822285,28.292143,24.971544,28.478598,30.003185,27.918558,25.680655,24.80788,20.36455,19.76579,15.188437,16.479105
24,18.111116,15.505505,12.003387,10.950286,11.837965,8.453121,13.267183,12.1121855,15.880456,19.385548,23.855667,25.382137,25.394,25.848217,22.35561,18.529226,17.65551,13.274257,14.136373,9.217457,13.387891,8.290245,4.5395555,5.5888143,0.0,6.8683634,5.556079,7.935408,6.6249175,11.584697,11.00095,16.084202,20.296366,24.16886,25.049442,27.942543,30.901426,31.850704,28.479712,24.583403,20.365643,20.20295,15.374026,16.572521,11.76059,13.05479,11.31838,12.726668,13.455133,15.50048,13.3033285,17.045498,14.571627,17.825617,20.472145,20.92503,25.07128,23.688662,21.099396,23.46584,26.191124,22.119518,18.739445,16.25649,12.94529,9.54029,10.259928,7.975678,7.032612,7.25474,6.1163845,6.961236,6.7735176,11.059284,12.527127,11.881678,16.039263,17.38225,20.9646,23.843954,27.121763,28.631897,28.466063,31.877218,28.645082,24.8953,23.618645,18.664797,20.194756,13.909998,15.078306,12.790133,12.410027,15.112382,15.513352,17.535181,20.288284,19.37901,20.585957,20.341215,21.60899,20.879543,24.576368,21.901176,25.161688,26.596977,25.23684,23.13367,23.349857,18.603193,19.523602,15.045542,17.63712
25,14.7561,13.822054,9.946611,11.517346,14.046231,12.470964,17.39583,18.134224,22.032104,25.483025,30.242275,31.908482,32.147003,32.692444,29.214104,25.376638,24.374622,20.098986,20.31019,15.597278,18.353252,12.1219425,9.683201,5.977052,6.8683634,0.0,5.5124464,8.943722,10.731809,14.332168,16.167673,19.78803,25.562904,28.680378,29.968826,33.214638,35.88391,37.1415,33.94252,29.806353,25.99679,25.89502,21.205776,22.620956,17.728104,18.998075,16.31261,17.338451,16.602478,19.823065,17.549664,21.669882,19.201424,21.729956,24.735434,23.755026,28.695751,26.305008,23.812086,25.820822,29.726784,25.845276,21.724932,20.65841,15.6604805,13.871407,11.809092,10.836196,6.547377,8.614816,10.626547,11.568106,13.250146,17.107862,19.085909,18.679075,22.737488,23.987925,27.459944,30.237398,33.37787,34.824173,35.030174,38.289318,34.70025,31.183815,29.480606,24.773645,25.341528,19.22713,18.995075,15.804871,13.948058,15.882641,14.460909,15.898292,20.031368,19.99491,22.332016,22.345509,24.861526,24.449865,28.828447,26.700842,30.593525,32.42687,31.026556,28.54955,28.793785,23.560843,23.757809,19.149601,20.368488
26,16.73953,15.092906,10.473883,12.130097,12.566709,10.059675,14.504531,14.889988,18.712126,21.595121,26.803034,28.097239,28.53731,29.27721,26.020044,22.184784,22.329721,17.573433,19.383123,14.390357,18.735125,13.373853,9.6051445,8.897742,5.556079,5.5124464,0.0,3.8647072,5.6120577,8.821846,11.129219,14.355561,20.363731,23.342323,24.62749,27.993803,30.524258,31.920076,28.924953,24.879921,21.145407,21.69469,16.813461,19.245275,14.804456,17.053635,15.456256,17.622398,17.135782,18.929045,16.168303,19.398401,15.907235,18.263485,20.184975,19.625687,24.020279,21.484709,18.733854,20.54654,24.31122,20.344084,16.269863,15.443409,10.64202,9.272261,8.193205,8.57287,6.527088,9.30116,9.700691,12.061842,11.720998,16.363344,17.324776,15.54956,19.61405,20.06112,23.556442,25.896975,28.97462,30.188803,30.780039,33.805317,29.8819,26.67362,24.735146,20.287817,20.461407,14.601333,14.02193,11.43782,9.5059185,12.792089,11.71436,12.470412,16.404783,16.38879,17.856964,18.799007,20.529768,20.869871,24.577974,23.170664,26.9081,28.740242,28.008257,25.601393,26.867458,21.35974,22.8008,18.39178,20.561745
27,20.012674,18.410513,13.657179,15.460271,14.969441,12.033705,15.779161,15.470088,19.00503,21.263231,26.664188,27.453503,27.82537,28.4999,25.346441,21.804247,22.61548,17.900959,20.699648,15.817196,20.958658,16.193869,12.229233,12.304662,7.935408,8.943722,3.8647072,0.0,4.524832,6.1201563,9.243566,12.055822,18.010815,21.107845,21.832394,25.725466,27.754776,29.100685,26.111643,21.922611,18.618093,19.274132,14.653644,17.629107,13.722631,16.6296,15.590356,18.592237,17.615181,18.454405,15.387531,17.817257,13.697566,15.494394,16.890343,16.064775,20.408823,17.657717,14.951378,16.928356,20.856718,17.232012,12.911558,12.326419,6.9342575,6.6837335,5.321648,7.518749,7.320084,10.304503,10.274182,13.736751,12.566589,17.418058,17.679852,15.140645,18.791899,18.781755,21.930855,24.041676,26.835375,28.020348,29.206306,32.136253,27.926281,25.200502,23.245567,19.12934,19.12447,13.8085985,12.913271,11.4573345,9.391762,13.785901,12.569043,11.659775,16.044643,16.451754,16.981112,19.157175,20.064903,21.261152,24.140781,23.486973,26.893381,28.587578,28.456734,26.25075,28.152428,22.727648,24.924358,20.737015,23.3948
28,20.393738,17.866493,13.634454,13.954484,12.524956,8.843196,12.153486,11.040435,14.502877,16.816229,22.15676,23.048306,23.502977,24.32661,21.278284,17.545868,18.71398,13.773126,17.094057,12.347113,17.915346,14.1010065,9.951648,11.963333,6.6249175,10.731809,5.6120577,4.524832,0.0,5.068771,5.5216517,9.724019,14.843012,18.290672,19.275055,22.561459,25.175407,26.480429,23.50546,19.654894,15.695221,16.791807,11.6654005,14.926759,11.219568,14.196932,14.050304,16.92523,17.199959,17.457048,14.62372,16.76235,12.635179,15.1598425,15.90408,16.644058,20.027203,18.096846,15.130623,17.03708,19.834621,15.656599,12.18143,10.43133,7.3927035,5.199458,7.698022,8.285274,9.513543,11.193964,9.486559,12.286909,9.807243,14.538042,14.341325,11.270322,15.173572,14.898786,18.433466,20.454433,23.55786,24.636349,25.322016,28.26613,24.284567,21.179768,19.309528,14.92061,15.377745,9.644139,9.773036,8.73201,8.160306,12.524903,12.930625,13.5984,16.116632,15.548334,15.558298,16.96533,17.23543,17.948652,20.629877,19.472237,22.642084,24.212626,24.018684,21.929281,23.874325,18.642778,21.230457,17.284037,20.500093
29,22.3718,20.226358,15.806686,17.20767,14.851831,11.911049,13.787761,13.461153,16.303555,17.484482,23.228203,23.654053,24.534105,25.657074,23.107378,19.6482,22.00638,17.082102,21.290497,16.82231,22.553362,19.023117,14.846095,16.668558,11.584697,14.332168,8.821846,6.1201563,5.068771,0.0,5.779739,5.986466,12.780322,15.109816,16.450325,20.081532,22.21278,23.988083,21.60261,17.944504,14.652856,16.936058,12.212128,16.763216,14.211104,17.76361,18.205172,21.531254,21.420713,20.993689,17.968061,19.086979,14.225859,15.68331,14.603897,15.16177,17.73894,14.891223,11.537682,12.50862,15.833742,11.604723,7.718961,8.197375,5.4882483,6.764363,8.950805,11.579012,13.081981,15.40702,14.014153,17.251049,14.482155,19.077555,18.279062,14.318134,17.607916,16.163057,19.334164,20.438408,23.202753,23.798286,25.262444,27.62663,23.018564,20.70417,18.228716,14.846504,13.784153,9.5858345,7.7558637,8.099838,6.887403,11.997327,11.945884,10.936392,13.287126,13.371015,12.346176,15.548837,15.186817,17.346586,19.154058,19.58277,22.705881,24.448214,25.148962,23.049667,26.149641,20.6966,24.065468,20.55986,23.748959
30,24.809637,21.827309,18.043922,17.58754,14.927112,11.031314,12.366321,9.527182,11.8692045,13.016397,18.361597,18.596535,19.066717,19.992813,17.337076,13.953965,16.563921,11.863753,16.770365,12.937539,19.07161,16.969193,13.146862,16.502012,11.00095,16.167673,11.129219,9.243566,5.5216517,5.779739,0.0,6.6310873,9.449261,13.666792,14.0792675,17.28617,19.946384,21.121109,18.198263,14.671415,10.439071,12.523988,7.2981186,11.858902,9.875004,13.379991,14.893523,18.18094,19.05335,17.779383,15.15917,15.7698145,11.307381,13.62242,12.547632,14.991644,16.778172,15.7414465,12.749779,14.600227,15.890902,11.625482,9.476175,6.2799373,7.373654,5.3982677,10.47905,11.163686,14.097718,15.04141,12.234765,14.932199,11.032151,14.982549,13.438217,8.9350815,12.005947,10.44626,13.86618,15.285598,18.367897,19.225054,20.133907,22.929642,18.81964,15.958661,14.195388,10.061441,10.955859,6.1927123,7.590527,9.2251835,10.205492,14.588236,16.036081,16.444008,17.574966,16.60903,15.03177,16.929056,15.407294,16.62856,17.74377,17.090141,19.330788,20.495039,21.085232,19.50125,22.246553,17.657429,21.363747,18.20855,22.156397
31,25.716572,23.11689,19.355343,20.065166,16.421423,13.823126,13.511524,12.992,14.57137,14.283959,20.045713,20.042604,21.49727,23.106089,21.36896,18.212097,21.991077,17.30088,22.448763,18.758924,24.541706,22.298004,18.315807,21.258652,16.084202,19.78803,14.355561,12.055822,9.724019,5.986466,6.6310873,0.0,8.247489,9.194031,11.709548,14.565297,17.067015,19.358395,17.822252,15.185235,12.009197,16.077766,11.855512,17.295341,16.25716,19.879822,21.47353,24.780575,25.453123,24.1376,21.377434,21.477192,16.596832,17.792847,14.575775,16.755684,17.137075,14.843218,11.345643,10.899,12.412606,7.3400116,5.903317,7.3099976,9.329279,10.553991,14.228208,16.499275,18.72059,20.557121,18.37332,21.154337,17.459406,21.382833,19.754208,14.979993,17.524355,14.687068,17.653645,17.487915,20.16126,19.997576,21.572046,23.202345,18.286024,16.461596,13.387475,11.259992,8.702242,7.159559,4.5945582,8.117369,8.855302,12.947245,14.306648,13.857617,13.482483,12.871117,9.849235,13.63852,11.296534,14.432044,14.552259,16.23856,18.739193,20.423101,22.061977,20.233112,24.466202,19.399223,23.77998,21.200672,24.750004
32,32.578823,29.380884,26.072578,25.388248,21.585804,18.383936,17.232779,14.047902,13.695312,11.606527,15.95697,14.506766,15.453891,16.830572,15.889476,14.103267,19.079079,15.839924,21.81498,19.620817,25.442858,25.072538,21.695293,25.691704,20.296366,25.562904,20.363731,18.010815,14.843012,12.780322,9.449261,8.247489,0.0,6.4128065,5.239785,8.027782,10.68042,12.094305,10.244138,8.716719,5.5464997,11.049687,8.869581,13.956917,15.402876,18.64695,21.691826,25.062393,26.335855,23.531807,21.416557,19.932976,15.87326,16.800844,12.111583,16.67103,14.669704,15.050847,12.678183,13.104717,10.635462,7.1939845,9.710579,7.429357,13.475022,13.45186,18.37257,19.578892,23.217709,23.94793,20.781485,23.244177,18.770536,21.377146,18.588495,13.601518,14.0302925,9.954991,11.551892,10.00147,12.303891,11.789277,13.830379,15.389985,10.414162,9.371501,7.341338,6.9430075,6.8664412,9.031202,10.306306,14.573575,16.469173,20.061338,22.223219,22.06493,21.30143,20.15427,16.483591,19.217787,15.065951,17.49284,15.201956,16.586655,16.751547,17.127039,19.70816,19.155571,23.476679,20.258776,25.243084,23.558271,27.837345
33,33.255806,30.272615,27.267277,27.159595,22.73033,20.555414,18.27949,17.052315,16.410187,13.599933,17.92994,16.740595,18.85204,20.96503,20.83632,18.914001,24.220446,20.692284,26.466536,24.143862,29.610268,29.02329,25.502012,29.33615,24.16886,28.680378,23.342323,21.107845,18.290672,15.109816,13.666792,9.194031,6.4128065,0.0,6.6648827,6.325858,9.50501,12.729336,13.313085,13.388718,11.681063,17.29523,15.139854,20.344105,21.401983,24.694368,27.483706,30.694592,32.057175,29.65045,27.368597,26.16508,21.82233,22.492044,17.278841,21.09438,18.53076,17.768337,15.193035,13.482662,10.842039,7.364062,11.117226,12.07043,17.133408,18.123018,22.496212,24.396008,27.357428,28.662031,25.819593,28.1779,23.818441,26.64676,24.112015,19.107525,19.997826,15.795794,17.484219,15.067253,16.907574,15.262102,17.151304,17.090662,11.88763,11.952223,8.412113,10.447395,6.446427,11.380147,10.579455,15.044936,16.950182,19.562277,21.883099,21.728083,19.330217,18.175571,13.668631,16.931366,11.964901,15.623731,11.973473,15.676709,15.984356,16.956488,20.347498,19.516037,24.96318,21.415226,26.706089,25.56664,29.389942
34,37.119453,34.126507,30.666985,30.387985,26.506077,23.455124,22.172121,19.250767,18.612526,15.937462,19.459883,17.25746,18.088007,19.265602,19.005579,18.17722,23.31733,20.651188,26.661854,24.66774,30.517767,30.182873,26.758602,30.546043,25.049442,29.968826,24.62749,21.832394,19.275055,16.450325,14.0792675,11.709548,5.239785,6.6648827,0.0,5.963309,5.998009,7.665676,7.0555034,7.135777,7.383717,12.607894,12.39778,17.00453,19.297213,22.552011,25.734535,29.367573,30.205835,26.906715,24.832312,22.555183,18.629286,18.521948,12.545238,17.052858,13.227062,14.091299,12.564162,12.230437,7.6104655,6.764757,10.995043,10.105589,16.29616,17.259,21.605362,23.337849,27.19289,28.077862,25.096447,27.916927,23.526255,26.062717,23.095304,18.253178,17.914787,13.830003,13.995822,11.379181,12.102475,10.856306,14.439324,14.975542,9.713037,11.174223,9.715256,11.4653425,10.64839,14.099361,14.536601,18.974886,20.49435,24.121532,25.921618,24.851807,24.076195,23.380085,19.140818,22.747122,18.150532,21.3163,17.981756,20.5052,20.038885,20.101755,23.40053,23.20389,27.87604,25.025032,30.16722,28.697138,32.941677
35,38.577435,35.267864,32.46035,31.610397,27.239267,24.72005,22.271082,19.70308,18.028463,14.339959,16.790705,14.395523,16.096096,17.982864,18.834162,18.238726,23.940136,21.647245,27.518263,26.203909,31.459135,31.970104,28.854546,33.164417,27.942543,33.214638,27.993803,25.725466,22.561459,20.081532,17.28617,14.565297,8.027782,6.325858,5.963309,0.0,5.328789,7.8587475,9.521209,11.766833,11.25982,16.55015,16.134392,20.346573,22.750961,25.581013,29.06016,32.172386,33.85752,30.665443,28.862831,26.801949,23.227785,23.695557,18.112513,22.892479,19.057783,19.996782,18.27218,17.302027,12.743564,11.324282,15.681283,14.994292,21.095888,21.472025,26.273664,27.596643,31.214495,31.923986,28.635725,30.756907,26.141708,28.103941,25.032177,20.328636,19.85376,15.413048,15.721175,12.0833435,12.93914,10.430918,12.620835,11.606593,6.4872785,8.757426,6.94438,11.125005,9.648313,15.094175,15.865112,20.332018,22.594803,25.232687,27.847364,27.823244,25.603987,24.240082,19.833689,22.335365,17.0537,19.756025,15.1225195,18.053421,16.5052,16.2439,20.256456,20.495413,25.679058,23.617521,29.009333,28.447495,32.595123
