,0,1,2,3,4,5,6,7,8,9,10,11,12,13,14,15,16,17,18,19,20,21,22,23,24,25,26,27,28,29,30,31,32,33,34,35,36,37,38,39,40,41,42,43,44,45,46,47,48,49,50,51,52,53,54,55,56,57,58,59,60,61,62,63,64,65,66,67,68,69,70,71,72,73,74,75,76,77,78,79,80,81,82,83,84,85,86,87,88,89,90,91,92,93,94,95,96,97,98,99,100,101,102,103,104,105,106,107,108,109,110,111,112,113,114,115
0,0.0,4.208946,7.5828643,9.668692,13.680594,16.183247,19.748672,22.63127,26.531242,28.410872,33.87856,36.77577,38.548958,41.109173,38.0291,33.68373,33.01569,28.937408,28.462055,24.994713,24.39589,21.103157,20.03307,19.474092,20.72304,20.502182,21.282372,24.268665,23.781683,25.5135,27.457527,28.004522,34.225636,34.492123,38.85586,39.962696,44.080795,46.35627,44.97619,42.07799,37.62884,39.596066,34.269623,36.81527,32.7006,33.82846,32.371815,32.148727,33.68569,36.694305,34.658817,38.29669,35.117687,37.613224,39.2306,38.192036,42.55589,39.375706,36.193558,36.388386,40.62855,35.80887,32.739395,31.614973,30.387869,29.244356,29.366785,26.625212,27.002192,28.650824,28.491817,26.967594,27.10129,29.031242,30.77642,30.060545,34.3186,34.333458,38.687958,40.03264,43.747925,43.941273,42.39933,44.344704,41.380363,37.419037,34.506138,31.24753,29.260155,25.627832,24.078535,20.239172,20.582146,14.841973,18.792156,20.850557,20.75019,19.523035,17.159098,18.309433,17.965542,22.016163,19.109608,26.015282,24.113981,31.400219,28.137686,33.06382,35.863033,33.82215,30.485497,30.675854,24.563967,23.405876,19.887257,17.97556
1,4.208946,0.0,4.85278,5.5406504,9.638313,12.086537,15.665312,18.458597,22.327015,24.257431,29.705076,32.612823,34.395702,36.973454,33.940075,29.578775,29.149376,24.973618,24.801874,21.347054,21.194756,18.18134,16.81009,17.13388,17.598484,18.463997,18.416819,21.233719,20.23363,22.014057,23.57742,24.22468,30.252075,30.58121,34.87562,35.928703,40.097862,42.29941,40.909863,38.097378,33.58914,35.658756,30.33935,32.985527,29.04364,30.270256,29.140812,29.111197,30.9088,33.53589,31.46987,34.88964,31.62244,34.217766,35.5899,34.908268,39.028244,36.048088,32.78488,33.0088,36.957047,32.04868,29.16225,27.80714,27.005316,25.706709,26.352882,23.49124,24.43,26.00585,25.423275,23.98961,23.630838,25.608904,27.095676,26.135067,30.357073,30.228275,34.59034,35.861958,39.583557,39.75677,38.191486,40.149445,37.20813,33.216705,30.339916,27.04745,25.160011,21.493225,20.130993,16.425323,17.187838,11.850353,16.413565,18.661821,18.82407,17.351543,14.57839,15.424699,14.560185,18.543077,15.36385,22.286793,20.20819,27.489384,24.130276,29.072592,31.845276,29.899233,26.563728,26.955482,20.7238,19.958261,16.236536,14.974756
2,7.5828643,4.85278,0.0,5.2459784,7.348708,10.987839,13.379747,17.594822,20.809212,23.532873,28.789541,31.582762,32.953,35.18111,31.930805,27.55766,27.021446,22.571312,22.76026,18.584822,19.300941,15.230422,13.24506,13.003209,13.358472,13.668648,13.785975,16.798199,16.294252,18.392815,20.304333,21.527794,27.622486,28.930145,32.555767,34.35959,38.123966,40.139427,38.349613,35.138645,30.746141,32.3913,27.07545,29.588747,25.375797,26.729454,25.28804,25.5719,26.822096,29.510698,27.311428,30.833363,27.569351,30.038921,31.850437,30.799194,35.29977,32.37014,29.275616,29.969812,34.131634,29.411568,26.080282,24.505215,23.04904,21.730452,21.854605,19.102488,19.701138,21.440598,21.152794,20.099758,19.987646,22.495682,24.11318,23.155468,27.52344,27.667055,31.96309,33.57656,37.227253,37.687935,36.53141,38.82891,35.65032,31.660975,28.97105,25.268969,23.66002,19.236748,17.751364,13.417763,13.635465,7.8349643,12.065612,14.841566,15.64987,15.003726,12.661671,14.409779,13.668789,17.834623,15.403979,21.976774,20.533888,27.629284,24.243126,29.16756,31.786495,30.072289,26.849201,27.257511,21.156496,20.773815,16.4901,16.184147
3,9.668692,5.5406504,5.2459784,0.0,4.9218163,7.703526,10.754176,13.538826,17.109396,19.320768,24.592009,27.622206,29.44427,32.019535,29.08656,24.678902,24.886309,20.393951,21.100372,17.505142,18.586655,15.921558,13.759087,15.449202,14.281682,16.623531,15.054734,17.31279,15.622985,17.157751,18.375828,18.890646,24.767942,25.156569,29.361841,30.452383,34.59512,36.76109,35.3982,32.674885,28.172628,30.498655,25.18609,28.184002,24.553486,26.12128,25.531467,26.038752,27.98228,29.898792,27.692219,30.652752,27.112143,29.700743,30.573656,30.299452,34.033752,31.218134,27.859266,28.045721,31.674908,26.694946,24.02574,22.564297,22.318188,21.0278,22.410751,19.731184,21.433977,23.060972,21.921001,20.973106,19.722061,22.038597,22.985033,21.370693,25.554304,25.053537,29.412685,30.503841,34.195026,34.300297,32.904564,34.84564,31.756758,27.832756,24.913054,21.639685,19.664421,16.025743,14.663359,11.214928,12.554263,8.396628,13.541376,15.750186,16.195301,14.412822,11.234723,11.600932,9.986689,13.802752,10.565752,17.337893,15.469723,22.66802,19.394846,24.393114,27.155546,25.60331,22.283424,23.32511,16.891891,17.206358,13.212123,13.578019
4,13.680594,9.638313,7.348708,4.9218163,0.0,4.331059,6.1753244,10.43177,13.486016,16.3437,21.55369,24.26396,25.621288,27.912914,24.767277,20.364569,20.331543,15.728007,16.622032,12.707435,14.559434,11.867991,9.313409,12.077589,10.035082,13.898605,11.693112,13.945584,11.583475,14.057936,14.335893,16.199696,21.451767,22.982939,26.354433,27.899733,31.862112,33.63088,31.804026,28.868027,24.230469,26.089878,20.798996,23.440683,19.739744,21.20943,20.726286,21.336601,23.438967,25.126253,22.995079,25.935965,22.602083,25.4371,26.636875,26.687174,30.462147,28.20264,24.940338,25.737034,28.941387,23.999187,21.317278,18.86514,18.842445,16.870895,18.663485,15.425486,17.734972,18.965992,17.398918,16.412674,14.856213,17.219456,18.101261,16.587795,20.829628,20.668476,25.017166,26.48752,30.200619,30.632065,29.245182,31.59863,28.630854,24.473866,21.98433,18.092064,17.059244,12.338411,11.876226,8.1662855,10.171777,7.421863,12.214247,15.075275,16.43145,15.296065,12.430579,12.958984,10.781039,13.9816885,10.977603,16.80894,14.682035,21.348577,17.651257,22.403635,24.848486,23.259806,20.161518,20.85241,14.864909,15.430984,11.028244,12.643928
5,16.183247,12.086537,10.987839,7.703526,4.331059,0.0,4.710101,7.067252,10.844434,13.012838,18.535315,21.007706,22.440351,24.934557,21.896334,17.571259,17.411053,13.277278,13.71872,10.93372,12.138609,11.407754,9.808137,13.866554,11.72441,16.906025,14.489269,16.417345,13.108836,15.825965,14.529147,16.888052,21.028955,22.360767,25.675814,26.58654,30.896513,32.431423,30.665457,28.137817,23.27414,25.168793,20.096903,22.3855,19.183802,20.237507,20.3705,20.579435,23.596148,24.908918,23.140778,25.827734,22.872248,26.059797,26.979258,27.898365,31.098467,29.441822,26.150288,26.940567,29.290129,24.243214,22.292685,19.170988,20.328066,17.779415,20.534227,16.763035,19.865461,20.430424,18.156796,16.573195,14.463815,15.800061,16.342375,15.065231,18.935236,18.761108,23.094831,24.4617,28.261684,28.646772,26.625559,28.9618,26.549648,22.119513,19.921469,15.985288,15.779086,11.29801,12.297806,9.945148,12.895053,11.533678,16.079868,18.853905,20.228035,18.796257,15.745738,15.436573,12.6448,14.89466,11.02871,16.20689,12.618265,18.92813,14.61221,19.127575,21.418674,19.384958,16.334282,16.577675,10.718438,11.216346,6.8667173,9.371652
6,19.748672,15.665312,13.379747,10.754176,6.1753244,4.710101,0.0,6.226737,8.00756,11.500603,16.367674,18.71225,19.694508,21.81382,18.622541,14.218036,14.55649,9.743004,11.689336,8.10685,11.702982,10.708926,8.121584,12.92197,9.202816,15.305466,11.831201,13.022809,9.1080475,12.106359,10.003183,13.347781,16.980082,19.427397,21.893797,23.50128,27.40312,28.69939,26.564537,23.749187,18.90371,20.582886,15.450432,17.8902,14.738715,16.2075,16.694536,17.655066,20.3836,21.039865,19.096645,21.418001,18.282587,21.457745,22.337442,23.442568,26.56911,25.221102,22.044905,23.251593,25.358145,20.46883,18.449541,14.736435,16.113575,13.292347,16.574333,12.982028,16.678339,17.185436,14.508493,13.707128,10.719388,12.801357,12.795673,10.758205,14.831778,14.622577,18.973661,20.580124,24.330723,24.958954,23.417154,26.080673,23.387993,18.996557,17.064713,12.623173,13.005645,7.44187,9.142091,7.181776,10.373259,11.086674,14.560917,17.25566,19.09928,18.146593,15.603811,15.504971,12.78081,14.382821,11.771572,15.446036,12.934688,18.227095,14.267198,18.399136,20.388165,18.9712,16.287006,16.996439,11.955962,13.540494,9.646163,13.188787
7,22.63127,18.458597,17.594822,13.538826,10.43177,7.067252,6.226737,0.0,4.6409454,5.9800887,11.499967,14.166804,16.087254,18.97506,16.50969,12.323008,13.965224,10.193523,12.363526,11.377938,13.922105,15.382902,13.798154,18.861345,15.322591,21.527634,17.78817,18.331682,14.036661,15.719825,12.587017,14.459014,16.665968,17.367645,20.57559,20.594782,25.221071,26.58728,25.18967,23.439466,18.572721,21.207085,16.673685,19.369692,17.646566,18.948463,20.579386,21.361153,24.870195,24.707123,23.101189,24.552334,21.555567,24.68857,24.254896,26.482038,28.324625,27.34864,24.051247,24.493422,25.466042,20.455488,19.855526,16.479887,19.645021,17.15423,21.458122,18.322435,22.437979,22.723537,19.577553,18.65902,15.054266,15.911659,14.884898,12.389008,15.249896,13.914476,18.052137,18.626911,22.400688,22.408924,20.028173,22.08069,19.947409,15.470919,13.38943,9.836657,10.395498,7.500693,10.314137,10.972572,14.631233,16.043144,19.847412,21.873388,23.126139,21.300951,18.397724,16.984991,13.761502,13.89423,10.509744,12.637051,8.301098,12.842205,8.307787,12.413857,14.55772,13.058484,10.17802,11.913416,6.64302,10.047602,7.905967,12.352867
8,26.531242,22.327015,20.809212,17.109396,13.486016,10.844434,8.00756,4.6409454,0.0,4.5097165,8.409048,10.999738,12.587841,15.2324705,12.874269,8.699784,11.858239,8.021047,12.020961,11.310288,15.312228,16.871344,14.968863,20.1662,15.8370075,22.266733,17.896166,17.549593,13.038772,14.2293215,9.929306,12.163462,12.720755,14.302424,16.513252,16.884016,21.222603,22.278036,20.642624,18.942337,14.078164,16.877676,12.662477,15.641324,14.786046,16.450357,18.840963,20.302658,23.581709,22.466375,20.860483,21.49383,18.456858,21.43109,20.40538,23.269396,24.4825,24.052439,20.933712,21.588074,21.785322,17.01523,16.968588,13.100256,17.218512,14.742356,19.723703,17.182978,21.682104,21.831161,18.362705,18.223576,13.91986,14.9856415,13.012791,9.461769,11.679899,9.570735,13.636741,14.051832,17.825336,17.925255,15.886992,18.223907,15.857966,11.301112,9.6040325,5.352355,7.523367,4.9222655,9.118447,11.239006,14.691089,17.694864,20.548717,22.256588,23.72805,22.217525,19.80676,18.436905,15.4252205,14.680704,12.733939,12.673541,9.915063,12.123386,8.570147,11.471828,13.037307,12.592075,10.548328,12.9633255,9.6675,13.525514,11.947813,16.578848
9,28.410872,24.257431,23.532873,19.320768,16.3437,13.012838,11.500603,5.9800887,4.5097165,0.0,5.724657,8.451954,11.074397,14.426652,12.903308,9.542793,12.93553,10.671738,13.611468,14.390295,17.118578,19.831032,18.5408,23.839352,19.921883,26.417944,22.243427,22.025042,17.52647,18.476864,14.265795,15.625511,15.348136,15.368988,18.02217,16.873564,21.709217,22.713074,21.723791,20.974129,16.40753,19.488525,16.04379,18.620567,18.473883,19.68373,22.385685,23.390987,27.179077,25.93709,24.653587,25.043776,22.371956,25.325693,23.821026,27.167921,27.711815,27.530952,24.446814,24.636732,24.132927,19.521328,20.32171,16.899195,21.47055,19.12595,24.201508,21.57117,26.099415,26.070585,22.501846,21.927143,17.755068,17.940584,15.842511,12.931384,14.122953,11.776359,15.126666,14.717525,18.285137,17.877733,14.837478,16.525988,15.094194,10.599405,9.152986,6.8303857,9.008059,9.0935755,12.742019,15.174378,18.720657,21.331926,24.60977,26.206219,27.381308,25.43948,22.776646,20.85006,17.696495,16.434633,13.94171,13.071642,8.944921,9.479786,5.325965,7.355143,8.912616,8.164043,6.1419587,9.567846,7.3763843,11.962484,11.953154,16.462326
10,33.87856,29.705076,28.789541,24.592009,21.55369,18.535315,16.367674,11.499967,8.409048,5.724657,0.0,4.006144,7.5693684,11.027996,10.993106,9.282886,14.259964,13.179437,16.843746,18.20654,21.465944,24.408588,23.020061,28.309706,23.969526,30.443544,25.859987,24.90629,20.514788,20.676533,16.060165,16.74454,14.083137,13.619741,15.15776,12.980189,17.666252,18.229507,17.709925,18.057144,14.236267,17.748194,15.690933,18.253448,19.597628,20.939116,24.391878,25.857779,29.43987,27.194227,26.08325,25.380737,22.920498,25.418938,22.800415,27.011312,26.249136,26.78904,24.058002,24.019852,22.093256,18.210165,20.288305,17.185051,22.657372,20.742079,26.196173,24.338644,29.00579,28.87813,25.153101,25.193764,20.694893,20.791344,17.9454,14.620257,14.243472,10.891643,12.818038,11.004991,14.038549,13.041673,9.692981,10.849609,9.938171,5.7772303,5.6846485,6.2450027,9.35764,11.821265,15.343766,18.842012,22.060045,25.69353,28.33818,29.480352,30.605318,28.720264,26.437235,24.304245,21.403538,19.213776,17.88089,14.811441,12.361035,9.084016,7.8559666,6.180539,6.0118494,7.94132,8.109035,12.219825,12.428986,16.931908,17.51963,21.984789
11,36.77577,32.612823,31.582762,27.622206,24.26396,21.007706,18.71225,14.166804,10.999738,8.451954,4.006144,0.0,4.070182,7.6923995,8.500815,8.366608,13.036069,13.45913,16.578697,18.923307,21.79241,25.413975,24.500378,29.821259,25.70052,32.34707,27.99067,27.07568,22.684639,23.29951,18.189157,19.755348,16.173641,16.653587,16.880575,14.842841,18.875877,18.596815,17.695572,18.382908,14.898018,17.467901,16.355791,17.788244,19.796581,20.550985,24.31873,25.50724,29.348036,26.770218,26.109901,25.106377,23.3957,25.985476,23.612822,28.253605,27.205805,28.499786,26.089428,26.47932,23.958502,20.58437,22.81217,19.127085,24.649103,22.330074,27.798336,25.68263,30.438826,29.842443,25.966785,25.778759,21.40124,20.737492,17.668432,15.07801,13.615743,10.843569,11.701167,10.017569,12.652115,12.056824,7.5317225,9.288239,10.197034,6.383711,8.486133,8.730777,12.943094,14.629683,18.580715,21.83751,25.018864,28.639074,31.129318,32.50433,33.877197,32.233265,30.002373,28.058765,25.130297,23.112654,21.658306,18.813848,16.120157,12.643961,11.276517,8.590017,6.868189,8.183082,9.666114,12.178818,14.272516,18.135344,19.205196,23.585424
12,38.548958,34.395702,32.953,29.44427,25.621288,22.440351,19.694508,16.087254,12.587841,11.074397,7.5693684,4.070182,0.0,3.739001,4.965017,6.7033677,10.912375,12.527304,15.433547,18.248411,21.17377,24.978443,24.343836,29.532137,25.55063,32.19639,28.065218,27.11012,22.855413,23.925045,18.418846,21.027128,16.803638,18.798647,17.684816,16.660444,19.855207,18.822247,17.041206,17.453665,14.169605,15.480625,15.1846695,15.423065,17.994781,18.255516,22.263062,23.370068,27.206354,24.264961,23.988558,22.693644,21.712418,24.362953,22.480165,27.353273,26.303802,28.2857,26.219227,27.24543,24.469828,21.523014,23.552057,19.177143,24.517782,21.804117,27.150074,24.89715,29.643847,28.617002,24.680569,24.47601,20.261145,19.105904,15.821908,13.875992,11.37904,9.429839,9.2527,8.446146,10.841384,11.266048,6.599369,9.815568,11.343254,7.803481,10.944936,10.188468,15.296012,15.881714,20.15493,23.090714,26.090971,29.820353,31.921082,33.523163,35.23544,34.010307,31.957571,30.397017,27.515093,25.795788,24.43874,21.981285,19.438692,16.55915,14.855506,12.591961,10.767269,11.314189,12.89517,13.889274,16.578882,19.797876,20.6566,25.023146
13,41.109173,36.973454,35.18111,32.019535,27.912914,24.934557,21.81382,18.97506,15.2324705,14.426652,11.027996,7.6923995,3.739001,0.0,3.9315746,7.751772,11.150426,13.557936,16.353367,19.263405,22.355015,26.068539,25.546059,30.505594,26.57771,33.05802,29.055702,27.919714,23.917812,25.10829,19.477432,22.589622,17.68836,20.664322,18.3567,18.055128,20.354216,18.629406,16.217577,16.59393,13.928327,14.055667,14.914951,14.084539,17.406738,17.3312,21.546036,22.745682,26.332777,22.886862,22.950897,21.135681,20.842228,23.316172,21.638964,26.746056,25.431667,28.091522,26.435917,27.903164,24.739882,22.388887,24.411781,19.755838,24.908787,22.098486,27.251345,25.169313,29.807884,28.482632,24.584871,24.586182,20.560665,19.179617,15.743192,14.278601,10.812448,9.61826,7.884427,7.7330575,9.270867,10.605922,6.617621,10.494553,12.41244,9.723273,13.390064,12.479976,17.789612,17.942507,22.20618,25.019978,27.757477,31.713934,33.362686,35.003666,36.933598,36.046864,34.225815,32.92672,30.158934,28.522627,27.449865,24.979698,22.834188,20.019283,18.460045,16.275875,14.346221,14.924473,16.573536,17.001646,19.874084,22.749493,23.39586,27.72207
14,38.0291,33.940075,31.930805,29.08656,24.767277,21.896334,18.622541,16.50969,12.874269,12.903308,10.993106,8.500815,4.965017,3.9315746,0.0,4.4276867,7.420277,9.822089,12.673442,15.436961,18.706835,22.234648,21.773409,26.670454,22.883924,29.377573,25.596846,24.710747,20.711403,22.449999,16.72264,20.682396,16.585878,20.400854,18.40749,18.973034,21.513102,20.161106,17.224482,16.485975,13.0021515,12.620151,12.524831,11.3261385,14.005216,13.74389,17.854208,18.964186,22.68237,19.562382,19.571602,18.305267,18.004059,20.890057,20.075,24.771042,24.356693,26.72728,24.917686,26.76448,24.383337,21.588648,22.860783,17.646454,22.369654,19.115555,24.135212,21.618006,26.26135,24.818462,20.89125,20.69306,16.726952,15.255239,11.826184,10.64594,7.2691493,7.025472,6.5249085,8.2068,10.766934,12.558134,9.326184,13.438791,14.13099,10.462302,13.399221,11.004538,16.605728,15.468791,19.92415,22.198078,24.910465,28.582947,30.21117,32.12792,34.24476,33.564034,31.727577,30.737816,27.959175,26.801851,25.516098,23.899273,21.5346,19.992693,17.64369,16.505932,15.204168,15.033745,15.988224,15.87077,18.018896,20.563,20.676647,24.994446
15,33.68373,29.578775,27.55766,24.678902,20.364569,17.571259,14.218036,12.323008,8.699784,9.542793,9.282886,8.366608,6.7033677,7.751772,4.4276867,0.0,5.814408,5.991334,9.910922,11.836796,15.657569,18.718416,17.911589,22.98436,19.027231,25.653814,21.759964,21.084404,16.869864,18.796019,13.121402,17.283741,14.416944,18.208632,17.275091,18.140497,21.29885,20.72248,17.92928,16.477743,12.074655,12.563496,10.597834,10.655142,11.938727,12.262558,15.986455,17.238585,20.994621,18.555277,18.006176,17.547876,16.33553,19.528038,18.974495,23.099434,23.489254,25.019682,22.779541,24.519474,23.051725,19.535868,20.211922,14.904003,19.451767,16.073063,21.196053,18.40349,23.150227,22.043688,18.09655,17.828175,13.563994,12.718906,9.422943,7.30337,5.6481266,4.92491,7.319358,9.179002,12.661712,14.034773,11.260615,15.042408,14.438906,9.924936,11.5823345,7.875806,13.387806,11.363858,15.948151,17.959349,20.817545,24.271616,26.148321,28.152273,30.22321,29.458153,27.502459,26.578236,23.761662,22.891136,21.41808,20.437544,17.941162,17.578249,14.662317,14.704793,14.260574,13.753222,13.765185,14.0223255,14.713101,17.43877,16.940527,21.405216
16,33.01569,29.149376,27.021446,24.886309,20.331543,17.411053,14.55649,13.965224,11.858239,12.93553,14.259964,13.036069,10.912375,11.150426,7.420277,5.814408,0.0,5.236663,5.484189,9.191777,11.518618,15.476156,15.85913,20.61745,17.796377,24.349985,21.548769,21.726686,17.815157,21.047338,15.651924,21.01605,19.20156,23.53034,22.64105,23.914118,26.941122,26.18889,22.96554,20.993734,16.687265,15.636446,13.607181,11.691318,11.674029,10.239913,13.283594,13.141591,17.78169,16.19866,16.368555,17.027718,17.029156,20.733776,21.922295,25.407543,26.809515,28.445057,26.345423,28.666517,27.818819,24.287783,24.132706,18.322515,21.655146,17.475313,21.749308,17.750898,22.214653,20.322325,16.44617,14.869897,11.622188,8.829209,6.214484,7.7889924,6.715128,9.330894,11.301772,14.292501,17.380445,19.281227,16.353722,20.260256,20.176096,15.706309,17.200499,13.024903,18.116741,14.529956,19.051485,19.717674,22.463419,24.812786,26.780798,29.471281,31.894262,31.504023,29.446953,29.028736,26.18016,26.175995,24.015076,24.48805,21.170732,22.052145,18.217579,18.729328,18.330444,16.483393,16.352415,14.358737,15.547557,16.59419,15.966806,19.80297
17,28.937408,24.973618,22.571312,20.393951,15.728007,13.277278,9.743004,10.193523,8.021047,10.671738,13.179437,13.45913,12.527304,13.557936,9.822089,5.991334,5.236663,0.0,5.627852,5.8693357,10.512865,12.781858,12.001501,17.066082,13.454914,20.181652,16.846369,16.95708,12.824098,16.053665,10.876019,16.340487,15.772447,20.147427,19.999586,21.771925,25.01592,24.938421,21.874573,19.324032,14.537507,14.4523325,10.814901,10.758831,9.319021,9.429407,11.967591,12.848019,16.762316,15.628725,14.773801,15.920487,14.491731,18.220404,19.283773,22.160812,24.15648,24.92112,22.473707,24.641378,24.647104,20.650501,19.900835,14.2497835,17.294992,13.217438,17.66303,13.77303,18.421385,17.22597,13.346827,12.383109,8.267029,7.6272454,5.1764765,4.007565,6.144441,7.6957245,11.320675,14.060442,17.628695,19.172478,17.051472,20.710402,19.318455,14.676524,15.012577,10.101751,14.357351,9.752618,14.083122,14.492132,17.23903,19.74955,21.7265,24.32034,26.680325,26.272938,24.266697,23.977858,21.233728,21.445726,19.527655,20.431091,17.673666,19.664291,15.828545,17.573576,18.024214,16.614395,15.529517,14.89982,13.7717,15.461287,13.638742,17.81346
18,28.462055,24.801874,22.76026,21.100372,16.622032,13.71872,11.689336,12.363526,12.020961,13.611468,16.843746,16.578697,15.433547,16.353367,12.673442,9.910922,5.484189,5.627852,0.0,5.374579,6.054764,10.528859,11.66835,16.360588,14.475395,20.946568,18.951845,20.084333,16.357918,20.390625,15.813962,21.386847,21.38283,25.424604,25.570719,26.984419,30.416555,30.202374,27.10886,24.670162,20.008883,19.271421,16.06037,14.754596,12.784148,11.283415,12.656077,11.479773,16.493704,16.619009,16.531717,18.664648,18.312798,22.24995,24.290358,26.807087,29.274977,30.104025,27.718012,30.020891,30.255375,26.216528,25.218527,19.583473,21.878166,17.495996,21.031467,16.123837,20.224606,18.368448,14.821536,12.018262,9.679963,6.4284277,6.1733627,8.893804,10.327278,12.901405,15.868698,18.810339,22.193007,23.874863,21.044569,24.688938,24.07909,19.323849,19.824087,15.135245,19.208565,14.457831,18.515654,17.925972,20.664158,21.72061,24.158836,27.324766,29.784822,29.449738,27.18194,27.100252,24.266562,25.108433,22.308847,24.330252,20.474379,23.069918,18.518883,20.217894,20.535917,17.929775,16.915848,14.184943,13.922376,13.712404,12.232305,15.493476
19,24.994713,21.347054,18.584822,17.505142,12.707435,10.93372,8.10685,11.377938,11.310288,14.390295,18.20654,18.923307,18.248411,19.263405,15.436961,11.836796,9.191777,5.8693357,5.374579,0.0,6.28847,6.9308157,6.675311,11.610605,9.120714,15.701416,13.601604,14.983106,11.52976,16.01814,12.296067,18.125322,19.471354,23.897072,24.333967,26.559341,29.812536,30.03693,26.865044,23.73816,19.010967,18.495913,14.306419,13.988926,10.504713,10.079756,10.322401,10.148926,14.054152,14.873152,13.898417,16.7671,15.486394,19.34632,21.857775,23.432606,26.754696,26.861292,24.37257,26.8057,28.011536,23.833752,21.967274,16.5799,17.783281,13.444201,16.409,11.286107,15.290228,13.917664,10.552637,8.077753,5.442423,4.9167767,5.8952904,7.3501472,10.7650795,13.013322,16.638868,19.656504,23.172747,24.799635,22.903616,26.494959,24.811977,20.178501,19.877237,14.81023,17.794119,11.965312,15.194188,13.649906,15.961823,16.830467,18.931494,22.223673,24.831621,24.839495,22.816927,23.25334,20.726538,22.103136,19.742702,22.463406,19.520721,23.245913,18.925316,21.666027,22.612911,20.577469,18.88016,17.428558,15.086292,15.29897,12.274251,15.477094
20,24.39589,21.194756,19.300941,18.586655,14.559434,12.138609,11.702982,13.922105,15.312228,17.118578,21.465944,21.79241,21.17377,22.355015,18.706835,15.657569,11.518618,10.512865,6.054764,6.28847,0.0,6.2409344,9.0928955,12.848568,12.891259,18.50634,17.923477,20.175272,17.118462,21.716326,18.38243,23.78844,25.349628,29.095232,30.011177,31.570839,35.21298,35.38453,32.366344,29.574068,24.812096,24.170536,20.354641,19.374208,16.180782,14.695421,14.273613,12.040671,16.717583,18.668226,18.448753,21.781181,21.310099,25.219837,28.052526,29.58713,32.990345,33.132984,30.60588,32.8956,34.108444,29.78463,28.02263,22.789978,23.883537,19.590021,21.969625,16.453608,19.635328,17.863718,15.17511,11.165938,10.834368,8.143131,10.238921,13.148961,15.665964,18.185623,21.513865,24.453087,27.94463,29.523928,26.805359,30.270351,29.328228,24.4985,24.319775,19.515543,22.521524,17.125843,20.284588,18.31144,20.73235,20.035917,22.857624,26.505434,28.96198,28.782654,26.390562,26.782394,24.133976,25.935202,22.599703,26.204096,22.05448,26.149227,21.227448,23.82696,24.678583,21.584316,19.94315,16.727718,15.1457,13.289271,10.843325,12.509432
21,21.103157,18.18134,15.230422,15.921558,11.867991,11.407754,10.708926,15.382902,16.871344,19.831032,24.408588,25.413975,24.978443,26.068539,22.234648,18.718416,15.476156,12.781858,10.528859,6.9308157,6.2409344,0.0,4.141555,6.6217804,7.8761215,12.499266,12.903437,15.843199,13.852741,18.7692,16.88429,22.224918,25.069445,29.215765,30.23977,32.653934,35.966125,36.470512,33.311058,29.859545,25.24679,24.569609,20.204685,19.8222,15.493663,14.771638,12.9176855,11.42209,14.388836,17.433603,16.515446,20.633066,19.591337,23.188524,26.711761,27.063318,31.415577,30.864706,28.397968,30.882954,33.12715,28.863146,26.168024,21.425264,20.999084,17.033289,18.068361,12.4981985,14.693773,13.384059,11.663831,7.7574067,8.9714575,8.838039,11.754768,13.873642,17.413696,19.80562,23.41887,26.505548,30.003769,31.62713,29.793993,33.289413,31.440649,26.807657,26.049702,21.04976,23.034714,16.930325,18.893242,15.707498,17.23176,15.6734295,17.890491,21.811676,24.474947,24.899021,22.918375,24.117887,22.004059,24.526636,21.778067,26.142801,23.087542,28.143423,23.57449,26.985426,28.305872,25.78687,23.670464,21.612896,18.462057,17.154797,13.410497,14.649082
22,20.03307,16.81009,13.24506,13.759087,9.313409,9.808137,8.121584,13.798154,14.968863,18.5408,23.020061,24.500378,24.343836,25.546059,21.773409,17.911589,15.85913,12.001501,11.66835,6.675311,9.0928955,4.141555,0.0,5.386169,4.03065,9.781555,9.031663,11.890995,9.897156,14.755785,13.461864,18.526241,21.944145,26.086754,27.255259,29.97205,33.145805,33.911556,30.875637,27.255798,22.709215,22.489592,17.730667,18.284117,13.740458,14.073468,12.440504,12.427197,14.477788,16.94345,15.301324,19.163652,17.207733,20.573523,23.748583,23.779957,28.251457,27.260263,24.687847,27.056059,29.668085,25.379313,22.406792,18.033146,17.261614,13.620752,14.648576,9.420515,11.887263,11.464708,9.699142,7.3558474,7.390811,9.445528,11.614129,12.261209,16.353796,18.128942,21.969534,24.817339,28.330515,29.785465,28.480762,31.838278,29.41308,24.98707,23.840786,18.905245,20.240452,13.998484,15.351137,11.880248,13.154922,12.045676,14.035299,17.85609,20.564356,21.061815,19.26006,20.604145,18.662592,21.191204,19.006857,23.234627,21.003422,26.210846,22.058723,25.786526,27.346619,25.410383,23.092783,22.126802,18.191954,17.910376,13.757811,15.695936
23,19.474092,17.13388,13.003209,15.449202,12.077589,13.866554,12.92197,18.861345,20.1662,23.839352,28.309706,29.821259,29.532137,30.505594,26.670454,22.98436,20.61745,17.066082,16.360588,11.610605,12.848568,6.6217804,5.386169,0.0,5.4680533,6.2772455,8.79486,12.473784,12.433697,17.050303,17.144848,21.865515,25.854004,30.229403,31.27133,34.47092,37.321465,38.135098,34.92983,30.949507,26.73316,26.072617,21.493687,21.76631,16.853752,17.043606,14.187507,13.908851,14.385437,18.089767,16.450703,20.923946,19.282831,22.185081,26.234488,25.194405,30.43823,29.111507,26.833496,29.447073,32.747833,28.751041,25.157663,21.30947,19.100407,15.993299,15.083133,10.345221,10.482274,10.293925,10.487853,8.406492,10.770038,12.956559,15.710045,16.792515,20.744879,22.799437,26.414246,29.46855,32.825806,34.433994,33.4808,36.910812,34.27953,30.011421,28.78417,23.905102,24.829575,18.610138,19.102163,14.948753,15.030582,12.551557,13.405134,17.48998,20.361935,21.644884,20.381968,22.53681,21.232733,24.340612,22.518126,27.265957,25.529984,31.132814,27.114624,31.034792,32.685818,30.740685,28.34463,27.244503,23.159065,22.41483,18.141901,19.106133
24,20.72304,17.598484,13.358472,14.281682,10.035082,11.72441,9.202816,15.322591,15.8370075,19.921883,23.969526,25.70052,25.55063,26.57771,22.883924,19.027231,17.796377,13.454914,14.475395,9.120714,12.891259,7.8761215,4.03065,5.4680533,0.0,6.836965,5.0995364,8.046796,7.0406475,11.855259,11.699239,16.525784,20.412544,24.91849,25.837969,29.16992,31.90923,32.8046,29.711624,25.757458,21.537237,21.344267,16.496107,17.61453,12.849397,14.044527,12.179311,13.385673,14.021739,16.206728,13.957615,17.6942,15.1067505,18.022608,21.322266,20.639072,25.53121,24.151539,21.694664,24.22541,27.34229,23.298548,19.811726,15.886295,14.06123,10.886653,11.032374,6.344218,8.399131,8.968817,7.8306117,7.575987,7.4549766,11.185498,12.8707,12.522255,16.741322,18.177485,21.905752,24.687305,28.031456,29.48439,28.89059,32.20479,29.248161,25.17847,23.835114,19.05479,19.808525,13.597228,14.034887,10.247976,10.526934,10.076206,10.797732,14.55648,17.535133,18.567696,17.328405,19.136118,17.661116,20.201975,18.956999,22.843718,21.740189,26.861254,23.265299,27.102057,28.757153,27.404818,25.059858,24.887526,20.648096,21.069254,16.827541,19.02184
25,20.502182,18.463997,13.668648,16.623531,13.898605,16.906025,15.305466,21.527634,22.266733,26.417944,30.443544,32.34707,32.19639,33.05802,29.377573,25.653814,24.349985,20.181652,20.946568,15.701416,18.50634,12.499266,9.781555,6.2772455,6.836965,0.0,5.557049,8.992497,11.190063,14.667392,16.649275,20.36358,25.044157,29.523466,30.420492,34.290035,36.56926,37.647865,34.52013,30.211086,26.553322,26.098978,21.550304,22.648798,17.765902,18.999115,16.112682,17.296112,16.006277,19.14731,16.791159,20.826366,18.380173,20.340645,24.347076,22.079552,27.855968,25.780546,23.748474,26.377401,30.509916,26.948626,22.701565,19.974777,16.243757,14.445416,11.766691,9.230124,7.156726,9.134149,10.851203,11.47972,13.207565,16.869408,18.95177,18.810633,22.823328,24.297646,27.75551,30.568466,33.68172,35.181755,35.12926,38.39441,35.061905,31.312489,29.74147,25.21717,25.21949,19.378456,18.568977,14.235658,12.78117,10.671416,9.112631,12.886254,15.996798,18.222906,17.946108,20.819353,20.34768,23.503677,22.929462,27.29673,27.024355,32.587574,29.308668,33.425568,35.26308,34.03244,31.53293,31.467207,26.847555,26.96338,22.51278,23.850965
26,21.282372,18.416819,13.785975,15.054734,11.693112,14.489269,11.831201,17.78817,17.896166,22.243427,25.859987,27.99067,28.065218,29.055702,25.596846,21.759964,21.548769,16.846369,18.951845,13.601604,17.923477,12.903437,9.031663,8.79486,5.0995364,5.557049,0.0,3.9615421,5.843191,9.152423,11.363886,14.825252,19.60021,24.011389,24.957693,28.829172,31.094362,32.31481,29.400944,25.210903,21.521814,21.727821,16.907202,18.99307,14.476378,16.62874,14.861907,17.072418,16.374693,18.044119,15.225208,18.379776,14.90594,16.86363,19.832954,18.029808,23.357178,21.120985,18.749624,21.183634,25.17386,21.445803,17.287647,14.638301,11.260872,9.666623,8.2128525,6.353165,6.6722417,9.333154,9.459294,11.330723,10.935129,15.428352,16.528214,15.050816,19.162397,19.88995,23.441343,25.85591,28.962605,30.224321,30.437939,33.50171,29.895794,26.360882,24.618696,20.32444,20.004436,14.404228,13.309779,9.345561,7.8181596,8.143075,6.578524,10.043627,13.293606,15.050998,14.669925,17.090477,16.403332,18.974466,18.942022,22.47312,22.782852,27.873613,25.029663,29.042002,30.894552,30.186829,27.741232,28.497738,23.784843,24.8561,20.544119,22.81592
27,24.268665,21.233719,16.798199,17.31279,13.945584,16.417345,13.022809,18.331682,17.549593,22.025042,24.90629,27.07568,27.11012,27.919714,24.710747,21.084404,21.726686,16.95708,20.084333,14.983106,20.175272,15.843199,11.890995,12.473784,8.046796,8.992497,3.9615421,0.0,4.5416703,6.224379,9.254314,12.22123,16.723276,21.501719,21.938147,26.257677,28.054764,29.281336,26.377844,22.076931,18.798573,19.188154,14.568485,17.290945,13.318748,16.196741,15.085688,18.15799,17.09625,17.650743,14.53609,16.752588,12.594645,13.963901,16.354258,14.3098135,19.586807,17.169674,14.8564205,17.478186,21.53362,18.12709,13.775775,11.525486,7.4306865,6.8401585,5.31882,6.198192,7.0621557,10.0766325,9.874395,13.023646,11.657407,16.501663,16.832123,14.442699,18.19871,18.406408,21.644594,23.809435,26.657642,27.855896,28.670547,31.622244,27.701569,24.611904,22.895193,18.966272,18.41553,13.398925,11.904291,9.028679,6.9530783,9.942936,7.399987,9.440817,12.676795,14.550379,14.686619,16.862669,16.357588,18.19172,19.078684,21.459381,22.666899,27.024446,24.778854,28.508795,30.25476,30.125689,27.865013,29.248621,24.737846,26.502361,22.434166,25.2521
28,23.781683,20.23363,16.294252,15.622985,11.583475,13.108836,9.1080475,14.036661,13.038772,17.52647,20.514788,22.684639,22.855413,23.917812,20.711403,16.869864,17.815157,12.824098,16.357918,11.52976,17.118462,13.852741,9.897156,12.433697,7.0406475,11.190063,5.843191,4.5416703,0.0,5.077633,5.531706,9.825482,13.945377,18.620213,19.358383,23.119904,25.49013,26.660818,23.854183,19.891142,15.939917,16.814865,11.691089,14.754878,10.999279,13.932068,13.747418,16.637756,16.91283,16.965765,14.082384,16.039612,11.831979,14.095113,15.675065,15.246228,19.536575,17.723534,14.954728,17.254913,20.397234,16.354939,12.773907,9.259992,7.751567,5.47764,7.7399626,6.3564897,9.679233,11.420516,9.57816,11.91051,9.150578,13.767889,13.587992,10.623333,14.632564,14.555421,18.192783,20.245855,23.394228,24.482681,24.781416,27.741383,24.058292,20.61171,18.922413,14.717112,14.607085,9.089682,8.550706,6.180922,6.1261954,9.984942,9.74319,11.937774,14.701525,15.42532,14.622153,15.894979,14.557373,15.957537,16.215103,18.334236,18.863958,23.016832,20.513674,24.134367,25.822985,25.603128,23.393614,24.811161,20.477047,22.510815,18.684603,21.964634
29,25.5135,22.014057,18.392815,17.157751,14.057936,15.825965,12.106359,15.719825,14.2293215,18.476864,20.676533,23.29951,23.925045,25.10829,22.449999,18.796019,21.047338,16.053665,20.390625,16.01814,21.716326,18.7692,14.755785,17.050303,11.855259,14.667392,9.152423,6.224379,5.077633,0.0,5.7362742,6.050122,11.437279,15.411994,16.494627,20.511465,22.512447,24.197609,21.95615,18.158817,14.856272,16.923605,12.146657,16.567389,13.948325,17.479599,17.894955,21.240658,21.149256,20.460548,17.409502,18.255981,13.331769,14.439933,14.170538,13.408194,17.0685,14.206245,11.046183,12.615646,16.487207,12.470179,8.37347,7.1784825,5.4845304,6.6490235,8.935292,10.465219,12.904868,15.323336,13.884441,16.82632,13.8200865,18.343283,17.5431,13.603866,16.997633,15.6928835,18.978344,20.125454,22.949541,23.528536,24.624184,27.028913,22.67666,20.020092,17.795397,14.66456,13.022086,9.393679,6.8175144,6.324086,5.03765,11.001722,9.978126,10.30995,12.425986,12.887483,12.730976,13.693854,12.94947,13.498215,15.317633,16.147417,18.390518,21.956568,20.568369,24.113186,25.957108,26.575735,24.380526,26.930456,22.361523,25.187914,21.618496,25.08179
30,27.457527,23.57742,20.304333,18.375828,14.335893,14.529147,10.003183,12.587017,9.929306,14.265795,16.060165,18.189157,18.418846,19.477432,16.72264,13.121402,15.651924,10.876019,15.813962,12.296067,18.38243,16.88429,13.461864,17.144848,11.699239,16.649275,11.363886,9.254314,5.531706,5.7362742,0.0,6.6132884,8.713465,13.960941,14.14127,17.841787,20.233538,21.28137,18.578863,14.939707,10.702376,12.588982,7.347232,11.7875,9.758525,13.208576,14.718621,17.970226,18.936945,17.480824,14.854633,15.249213,10.762568,12.961028,12.542973,13.937154,16.579168,15.482894,12.512762,14.522721,16.283674,12.030034,9.671386,4.839302,7.3341126,5.3222513,10.411242,9.983618,14.047398,15.1055,12.343136,14.707668,10.59838,14.409189,12.813719,8.279463,11.4396925,10.031102,13.570571,15.042382,18.16948,19.042318,19.572021,22.401293,18.589392,15.357768,13.843169,9.913429,10.276104,5.6806736,6.4965672,7.722886,8.999912,14.160448,14.435572,15.669635,17.84805,17.80539,16.834318,16.977747,15.216207,15.106165,15.771354,15.8357315,16.711834,19.30926,17.423344,20.31959,21.70718,22.182579,20.392246,22.572361,18.984823,21.985796,18.95388,22.995628
31,28.004522,24.22468,21.527794,18.890646,16.199696,16.888052,13.347781,14.459014,12.163462,15.625511,16.74454,19.755348,21.027128,22.589622,20.682396,17.283741,21.01605,16.340487,21.386847,18.125322,23.78844,22.224918,18.526241,21.865515,16.525784,20.36358,14.825252,12.22123,9.825482,6.050122,6.6132884,0.0,7.110554,9.403159,11.571901,14.85039,17.296137,19.48344,18.14257,15.305352,12.09992,15.992039,11.728306,17.140617,16.068562,19.662874,21.258392,24.563822,25.290947,23.73885,20.969933,20.780235,15.884983,16.838745,14.206705,15.192016,16.599762,13.963811,10.383662,10.196524,12.817106,7.9008465,5.707623,6.22249,8.918608,10.290568,14.164172,15.463389,18.612383,20.560337,18.40657,20.958216,17.06634,20.848646,19.161585,14.3545065,16.896788,14.107577,17.141838,16.996721,19.697924,19.500196,20.762999,22.463661,17.755983,15.675281,12.892809,11.123538,8.074923,7.5659885,4.691653,8.301453,8.893643,14.798937,15.028224,14.618674,15.640168,14.714991,14.084288,13.401231,12.226838,10.780991,13.368531,11.70203,15.015847,17.141455,16.876688,19.92335,21.763966,23.232878,21.263788,24.951735,20.709736,24.49941,21.71992,25.661423
32,34.225636,30.252075,27.622486,24.767942,21.451767,21.028955,16.980082,16.665968,12.720755,15.348136,14.083137,16.173641,16.803638,17.68836,16.585878,14.416944,19.20156,15.772447,21.38283,19.471354,25.349628,25.069445,21.944145,25.854004,20.412544,25.044157,19.60021,16.723276,13.945377,11.437279,8.713465,7.110554,0.0,7.3976173,5.433893,9.939022,11.561186,12.9089365,11.0934105,8.596097,5.703756,10.76453,8.355073,13.780286,14.8890085,18.32932,21.12304,24.665932,25.658716,22.733232,20.472034,18.760843,14.53512,15.190735,10.732296,14.190209,13.182609,12.778875,10.081799,10.466971,9.189603,5.129296,7.0134425,5.5808153,11.196073,11.819463,16.65985,17.958857,21.697302,22.743088,19.971096,22.648266,18.237862,21.139082,18.462437,13.436284,14.050689,10.34836,11.908492,10.885965,12.986413,12.75878,14.957501,16.727375,11.949373,10.780509,9.376749,8.829483,8.292682,9.782077,10.203984,14.25223,15.376596,21.25026,21.32547,21.18333,22.466263,21.767042,21.162373,20.17019,18.658724,16.45005,18.501884,14.998642,17.63191,16.989939,17.380493,18.674286,19.535927,21.781454,20.811188,24.553461,22.061378,26.228626,24.321928,28.782604
33,34.492123,30.58121,28.930145,25.156569,22.982939,22.360767,19.427397,17.367645,14.302424,15.368988,13.619741,16.653587,18.798647,20.664322,20.400854,18.208632,23.53034,20.147427,25.424604,23.897072,29.095232,29.215765,26.086754,30.229403,24.91849,29.523466,24.011389,21.501719,18.620213,15.411994,13.960941,9.403159,7.3976173,0.0,6.661311,6.3685913,9.905062,13.047485,13.990152,13.843983,12.026981,17.585283,15.384792,20.641602,21.634398,24.861744,27.649998,30.78601,32.291725,29.748098,27.48269,26.079237,21.810877,22.45684,17.632208,20.555185,18.892715,17.456505,14.60975,12.438289,11.057551,7.1597996,10.545848,12.129997,16.941166,18.120039,22.700993,23.842188,27.481663,28.919483,26.193466,28.363077,23.889763,26.554817,23.96617,18.95123,19.752739,15.529719,17.186708,14.708088,16.506498,14.715112,16.362755,16.31511,11.228335,11.322582,8.170741,10.711228,6.984999,12.320554,11.62876,16.399826,17.853262,23.200129,24.151518,23.358494,23.6222,21.767286,20.845161,18.678337,17.269457,13.702668,16.345013,10.611651,14.728823,12.598331,15.011352,16.057999,17.402979,20.558167,19.478674,24.613941,21.75956,26.531643,25.227253,29.497492
34,38.85586,34.87562,32.555767,29.361841,26.354433,25.675814,21.893797,20.57559,16.513252,18.02217,15.15776,16.880575,17.684816,18.3567,18.40749,17.275091,22.64105,19.999586,25.570719,24.333967,30.011177,30.23977,27.255259,31.27133,25.837969,30.420492,24.957693,21.938147,19.358383,16.494627,14.14127,11.571901,5.433893,6.661311,0.0,6.04222,6.1555557,7.9304156,7.68279,7.5233445,7.4871454,12.774383,12.423032,17.152096,19.344578,22.54675,25.731745,29.276598,30.312382,26.865528,24.853807,22.390657,18.64187,18.671104,12.961024,16.971062,13.86568,14.123905,12.257448,11.40358,7.2827363,5.6832657,10.139367,10.678107,15.83825,16.951256,21.534601,23.218214,26.853807,27.844305,25.069887,27.77583,23.30873,25.812023,22.825256,17.950777,17.58358,13.500119,13.628927,11.032628,11.757149,10.425518,13.86002,14.454441,9.340099,10.574295,9.75503,11.7134905,10.972409,14.48483,14.836973,19.252562,20.339268,26.237862,26.29078,25.696886,26.587294,25.622337,25.163431,23.715347,22.369242,19.395563,21.843649,16.889078,20.082422,17.525192,19.25974,19.398546,19.796293,22.979027,22.58462,26.91847,25.156815,29.688023,28.370775,32.91071
