,0,1,2,3,4,5,6,7,8,9,10,11,12,13,14,15,16,17,18,19,20,21,22,23,24,25,26,27,28,29,30,31,32,33,34,35,36,37,38,39,40,41,42,43,44,45,46,47,48,49,50,51,52,53,54,55,56,57,58,59,60,61,62,63,64,65,66,67,68,69,70,71,72,73,74,75,76,77,78,79,80,81,82,83,84,85,86,87,88,89,90,91,92,93,94,95,96,97,98,99,100,101,102,103,104,105,106,107,108,109,110,111,112,113,114
0,0.0,4.474419,7.3132854,9.506975,13.08011,15.627274,18.212301,22.164864,24.693016,28.291296,32.855274,35.01076,37.05153,37.632603,34.221962,30.272688,27.79876,24.259993,23.378496,18.165352,19.142448,13.559953,15.186968,12.057577,14.791755,13.9397335,15.786103,19.328178,19.29376,22.204977,23.783411,26.055372,32.099983,32.795517,36.43659,37.809307,41.995613,43.753788,42.825264,39.426388,35.049297,36.278515,31.071428,32.536457,28.288658,29.039707,26.77021,26.225073,27.115795,30.741613,28.850836,32.93979,30.384594,32.95552,35.69537,34.43786,39.341362,36.69034,33.566883,34.34332,38.52404,33.792957,30.466585,30.44322,26.788626,24.953081,24.740927,23.462711,20.98991,22.180056,22.488113,20.574402,21.332514,22.604263,24.98591,25.389742,29.52775,30.303656,34.570896,36.378235,40.143368,40.725803,38.04128,40.88178,39.294624,34.79068,32.165333,27.877352,26.947948,22.118954,21.119383,17.156456,18.162323,15.482882,18.151241,21.781496,19.80954,18.213324,20.352869,17.408466,17.755728,19.689901,24.206083,21.634895,29.110876,26.02532,30.97393,33.851566,31.775976,28.560883,28.199629,23.02905,22.339153,17.973387,16.191853
1,4.474419,0.0,4.9894485,5.199612,8.863691,11.828387,13.914525,18.213034,20.43822,24.184944,28.596872,30.891884,32.794243,33.299503,29.966936,25.943094,23.771599,20.028852,19.57371,14.391974,15.9152565,10.413436,12.652215,10.116325,11.500942,12.410351,12.861742,16.19811,15.480035,18.427288,19.601263,21.95869,27.728363,28.54749,32.08516,33.451427,37.6587,39.35237,38.45983,35.165108,30.7291,32.140476,26.887623,28.6034,24.484009,25.442478,23.580072,23.362955,24.588736,27.70593,25.71083,29.514809,26.72953,29.399096,31.782537,30.913843,35.523125,33.046795,29.83417,30.568354,34.4658,29.654827,26.531954,26.34285,23.137772,21.18089,21.626116,20.313322,18.62429,19.801554,19.495935,17.827435,17.81266,19.255,21.271633,21.280209,25.436512,25.988142,30.288834,31.970793,35.73998,36.272316,33.59215,36.43121,34.82891,30.317123,27.723166,23.40379,22.603218,17.67804,16.914988,13.127929,14.688586,12.151806,14.566026,18.376888,17.181864,15.656026,17.461042,14.267334,14.04186,15.80855,20.214859,17.336258,24.804245,21.61081,26.59002,29.463947,27.520557,24.29251,24.278692,18.907051,18.721699,14.467846,13.273384
2,7.3132854,4.9894485,0.0,6.0643334,7.264015,9.092688,12.244085,15.529244,18.625425,21.728476,26.68051,28.346779,30.67835,31.398247,27.782124,24.106133,20.982353,17.954184,16.348156,11.315443,11.948584,6.405572,8.79752,7.679566,10.200506,12.292301,13.294272,16.872604,15.518024,19.485222,19.389465,23.133299,27.790174,29.6423,32.351166,34.063423,38.17858,39.402035,38.10627,34.770523,30.118765,30.895958,25.884428,26.63288,22.553505,22.794847,20.733997,19.75311,21.555635,24.937883,23.404905,27.476889,25.415049,28.51273,31.438663,31.01287,35.610477,33.85632,30.789032,32.035618,35.31188,30.570433,27.634682,26.386047,23.538048,20.71161,21.571236,19.252836,17.895437,18.075409,17.418394,14.715875,15.263543,15.70361,18.173311,19.262178,23.133234,24.437122,28.564539,30.75313,34.52154,35.42537,32.451527,35.591618,34.54485,29.869978,27.842178,23.08067,23.476439,17.807583,18.127283,14.694617,16.54476,14.949723,17.349428,20.907524,20.472822,19.535826,21.184162,17.886494,16.940044,18.16013,22.293705,18.265696,25.461634,21.522236,26.315557,28.88143,26.494057,23.58098,22.587997,18.12187,17.531294,13.292004,13.138367
3,9.506975,5.199612,6.0643334,0.0,4.8314247,7.5812354,9.380114,13.5906725,15.456292,19.396183,23.585535,26.132414,27.896006,28.550402,25.312769,21.258715,19.41911,15.662102,15.529049,10.995443,12.515436,8.454468,11.850676,11.095158,10.523109,14.116168,12.727868,15.41741,13.315947,16.216995,16.258446,18.730286,23.627419,24.545366,27.98722,29.053389,33.469414,35.021465,34.314827,31.358534,26.74816,28.512905,23.252588,25.249804,21.503813,22.577211,21.473446,21.447607,23.468872,25.803886,23.858492,27.171518,24.218561,27.125275,28.853432,28.809666,32.781475,30.694183,27.349058,27.895533,31.157385,26.175083,23.63887,23.095036,20.998951,18.756643,20.484697,18.987732,18.66587,19.529568,18.18962,16.614817,15.388436,16.520235,17.893278,17.499247,21.486004,21.717447,26.04204,27.470695,31.263355,31.67345,28.720982,31.441996,30.071829,25.56299,23.045639,18.675682,18.35142,13.37156,13.526186,10.588327,13.37132,11.259227,12.651588,16.719542,16.894133,15.275142,16.164461,12.765326,11.277,12.171955,16.527481,12.656993,20.048616,16.6271,21.531977,24.362803,22.325132,19.105145,19.208483,13.726487,13.890606,9.8588295,9.524762
4,13.08011,8.863691,7.264015,4.8314247,0.0,4.435216,5.1576815,9.787888,11.942007,15.498767,20.052034,22.1161,24.07386,24.57006,21.144281,17.214699,14.945273,11.240368,11.014165,6.222987,8.900534,5.2152905,8.63579,9.522513,7.7250195,13.238487,11.205243,13.591343,10.5847435,14.344452,13.0128,16.947365,20.752888,22.877735,25.311274,26.998741,31.110937,32.226,31.039171,27.9446,23.196476,24.438639,19.332298,20.755322,17.05876,17.882883,16.96287,16.951908,19.361012,21.35711,19.583136,22.818851,20.198515,23.41094,25.42307,25.82785,29.693956,28.280539,25.103899,26.198383,28.83303,24.012987,21.614851,20.020557,18.358948,15.373489,17.771564,15.590194,16.160414,16.36719,14.34373,12.633018,10.890972,11.817204,13.062019,12.939515,16.877728,17.559195,21.803717,23.66784,27.457838,28.22272,25.293343,28.430244,27.290026,22.607883,20.66587,15.834955,16.66003,10.7913685,12.042764,9.723313,12.669314,11.947646,13.248546,16.603214,17.782671,17.147593,17.952353,14.744089,12.699243,13.226552,16.5532,11.924118,18.715654,14.522604,19.340458,21.884542,19.881052,16.960575,16.955854,12.079082,13.031037,9.660544,11.30773
5,15.627274,11.828387,9.092688,7.5812354,4.435216,0.0,5.268981,6.581038,9.834502,12.853466,17.758812,19.588997,21.88392,23.014713,19.442032,15.930536,12.881893,10.420327,8.575118,5.8314238,5.36021,5.79531,9.8128395,12.314963,11.2054825,17.004503,15.271797,17.470407,13.973696,17.722912,15.186217,19.442703,21.747969,24.183027,26.22146,27.512295,31.821999,32.578354,31.477648,28.810303,23.878315,25.022493,20.266962,21.099695,17.941347,18.094559,17.63087,16.848768,20.332092,22.069525,20.83815,23.872936,21.817139,25.355867,27.173426,28.342777,31.683569,30.862688,27.73905,28.78724,30.6715,25.857191,24.124735,21.925402,21.292269,17.890003,20.995567,18.301804,19.449678,18.94533,16.399158,13.895645,12.069763,11.204955,12.256313,13.083461,16.272661,17.314262,21.307932,23.217094,26.97334,27.803486,24.216059,27.25109,26.917599,22.282457,20.797272,15.91914,17.921354,12.322546,14.82546,13.450229,16.706348,16.11964,16.908798,20.2837,21.89549,21.018063,21.353464,18.14661,15.591608,15.201508,18.452028,12.757511,18.768341,14.186278,18.411785,20.608162,17.823418,15.246424,13.789365,10.1004095,10.021412,6.9646645,9.732007
6,18.212301,13.914525,12.244085,9.380114,5.1576815,5.268981,0.0,6.1100397,7.1940436,10.78827,15.114769,17.240604,19.02433,19.42164,16.054987,12.0664425,10.312065,6.2913556,7.38353,4.7972364,8.279669,8.102411,10.772586,13.0098715,9.6426115,16.249247,12.99213,14.133237,9.982811,13.306485,10.074496,14.591958,16.627651,19.501247,21.177477,22.954157,26.96934,27.74126,26.485992,23.659994,18.768456,20.144499,15.205866,16.766293,13.71434,14.69251,14.93706,15.433356,18.46822,19.233078,17.59302,19.985287,17.330189,20.717976,22.041477,23.424095,26.497711,25.754036,22.656467,23.78727,25.472424,20.74367,19.077967,16.685186,16.531693,13.230241,17.039398,14.763061,16.952255,16.755188,13.715367,12.639702,9.272189,9.869065,9.68804,8.693145,12.306885,12.676767,16.898819,18.67057,22.463778,23.273792,20.21881,23.48865,22.57674,17.851223,16.372547,11.332692,13.425374,7.457162,10.454534,10.039818,13.346796,13.694089,13.950012,16.594982,19.071007,18.842861,18.956532,16.141653,13.391175,13.017253,15.052385,9.796061,15.256003,10.550173,15.039357,17.311674,15.500416,12.876174,13.401605,9.108091,11.446697,9.7366495,12.8337755
7,22.164864,18.213034,15.529244,13.5906725,9.787888,6.581038,6.1100397,0.0,4.536745,6.3360286,11.508161,13.042604,15.466649,16.923464,13.322667,10.34435,7.07853,6.411549,4.2370615,7.056399,6.111172,10.713199,13.473066,17.08837,14.745908,21.369444,18.702324,19.838549,15.573555,18.7884,14.469205,19.069616,18.750042,22.096724,22.92893,24.163815,28.258583,28.386349,27.196224,25.08408,20.125507,21.166737,17.133131,17.539589,15.594853,15.426674,16.408674,15.834632,20.192888,20.481153,19.72002,21.67959,20.048014,23.738327,24.80506,27.208147,29.470926,29.644213,26.761034,27.87002,28.415165,23.931536,23.238813,20.055468,21.229986,17.569553,21.915623,19.055159,21.719072,20.658108,17.184807,15.190834,12.134929,10.143943,9.348276,10.069913,11.790908,12.836455,16.28634,18.142614,21.735155,22.709011,18.674192,21.809486,22.278069,17.797264,17.301598,12.585882,16.434814,11.647223,15.648784,16.003035,19.370512,19.727798,19.662842,22.27745,25.044157,24.575514,24.277182,21.48725,18.37275,17.105482,18.903486,12.830279,16.416273,11.465743,14.423535,15.864974,12.841897,11.162593,9.163233,8.00365,9.126235,9.122859,13.267932
8,24.693016,20.43822,18.625425,15.456292,11.942007,9.834502,7.1940436,4.536745,0.0,4.5944014,8.164287,10.962724,12.491566,13.695956,10.59484,7.095947,6.7052193,5.4023514,6.9982705,9.900908,10.591955,14.163443,16.742508,19.861343,16.463383,23.21799,19.592855,19.900423,15.391576,17.500763,12.790854,16.421148,14.995577,18.137405,18.903862,19.764513,23.954622,24.12296,23.304913,21.617851,16.728046,18.620787,14.692365,16.214832,15.011419,15.65667,17.560097,17.991535,21.962955,21.30284,20.268763,21.305994,19.083776,22.451134,22.363085,25.31568,26.78543,27.028831,24.127108,24.82036,24.848309,20.402248,20.410257,17.399906,19.72512,16.616121,21.576048,19.40331,22.750748,22.10214,18.424116,17.531055,13.579692,12.650163,10.679496,9.327308,10.5163,10.041848,13.48631,14.491087,18.104952,18.684267,14.588767,17.548277,17.83295,13.39411,12.915677,8.482488,12.884611,9.339458,13.819169,15.38824,18.84621,19.487686,18.61537,20.788872,24.211374,23.787169,22.936235,20.564112,17.212637,15.445767,16.180946,10.439695,12.401164,7.5244594,10.003673,11.441828,8.933052,7.240752,7.444654,6.1756425,9.374472,10.69096,14.722033
9,28.291296,24.184944,21.728476,19.396183,15.498767,12.853466,10.78827,6.3360286,4.5944014,0.0,5.604163,6.799849,9.158538,10.946445,7.5144067,5.7844386,4.2146945,6.7795553,6.879792,11.905814,11.657175,16.53192,18.525656,22.342775,19.212461,26.000235,22.660645,22.858973,18.39,20.70637,15.3981285,19.593838,16.543669,20.60839,20.03287,21.169256,24.80072,24.232887,23.001846,21.642654,16.96454,17.978598,15.138676,15.296088,15.066642,14.845238,17.311522,17.3263,21.80784,20.563988,20.186026,20.746466,19.48201,22.959196,22.983358,26.544342,27.529455,28.6583,26.137005,27.198969,26.350672,22.459345,22.898706,19.043268,21.973408,18.542345,23.64172,21.02836,24.77253,23.497658,19.585321,18.468723,14.753523,12.713829,10.191035,9.9752865,9.274494,9.72713,11.960235,13.440424,16.656946,17.728275,13.306283,16.522676,17.886002,13.873312,14.708912,10.964768,16.210747,13.14322,17.683537,19.373512,22.539543,23.573914,22.845654,24.6466,28.230597,28.122635,27.336184,25.04111,21.729822,19.96547,20.291103,14.848264,15.42853,11.029885,11.798557,12.014421,9.353037,9.371224,8.026867,9.979001,12.198279,14.068529,18.288923
10,32.855274,28.596872,26.68051,23.585535,20.052034,17.758812,15.114769,11.508161,8.164287,5.604163,0.0,4.7887626,4.753015,7.202006,5.6740446,5.8483214,8.57044,10.692048,12.365242,17.048208,17.176632,21.787622,23.800776,27.339848,23.664268,30.430817,26.49052,26.038816,21.573015,22.781113,17.434696,20.21125,15.243107,18.861872,17.642658,17.900673,21.346672,20.40905,19.803804,19.601847,15.518782,17.365673,15.566491,16.550085,17.577682,17.897562,21.127932,21.791914,25.929026,23.785698,23.370333,22.826244,21.3328,24.268627,22.84153,27.1941,26.875393,28.397438,26.078646,26.598059,24.668192,21.262718,22.88206,19.28522,23.592318,20.887182,26.330261,24.368721,28.602161,27.600246,23.622755,23.254072,19.14918,17.724352,14.691698,13.199297,11.422878,10.127575,10.929413,10.700278,13.291852,13.758642,8.703606,11.30103,13.593951,10.497876,12.306754,10.476638,15.897841,15.0191555,19.470675,22.136011,25.244318,26.434183,24.995579,26.318037,30.41185,30.271189,28.908138,27.095154,23.68155,21.428755,20.640162,16.116611,13.941433,10.994052,9.226282,8.02196,6.3059316,8.230577,8.74033,11.932255,14.732193,17.629974,21.602009
11,35.01076,30.891884,28.346779,26.132414,22.1161,19.588997,17.240604,13.042604,10.962724,6.799849,4.7887626,0.0,3.6682649,6.3777504,4.3994246,7.2749586,8.07704,11.982926,12.516932,17.935621,17.717697,22.818853,24.21366,28.246206,24.899443,31.582542,28.065529,27.685848,23.350542,25.093563,19.422934,23.198719,17.853321,22.479288,20.165411,21.300087,23.929703,22.342846,20.88635,20.522358,16.73732,17.102087,16.298931,15.546673,17.188976,16.587341,19.99505,20.233376,24.592764,22.106651,22.333952,21.56211,21.154018,24.206957,23.457607,27.980381,27.667702,29.93273,27.998837,29.150871,26.859272,23.967798,25.389652,20.992178,25.156252,22.014238,27.287174,24.814474,29.177498,27.587255,23.557003,22.948711,19.289642,17.115917,13.997159,13.696151,10.743572,10.940313,10.499535,11.505081,13.470839,14.885378,10.478828,13.524118,16.33699,13.644431,16.15473,14.129819,19.742819,18.142632,22.581429,24.925598,27.744978,29.273588,28.263466,29.378513,33.40607,33.654766,32.638412,30.714949,27.410475,25.469982,24.7929,20.182041,18.513056,15.289375,13.883129,12.450639,10.979079,12.894029,12.062585,15.758844,17.974554,20.52661,24.70216
12,37.05153,32.794243,30.67835,27.896006,24.07386,21.88392,19.02433,15.466649,12.491566,9.158538,4.753015,3.6682649,0.0,3.953863,4.618812,7.8357177,10.741428,13.716549,15.347124,20.361702,20.666546,25.365456,26.847881,30.583628,26.800781,33.463757,29.50816,28.715939,24.414219,25.442326,19.889675,22.73361,16.474049,20.74052,18.05073,18.735388,21.117826,19.334543,18.28352,18.649496,15.343725,16.38832,16.113342,16.228973,18.39543,18.398329,22.118067,22.928144,26.903864,23.993378,23.98735,22.615425,21.80566,24.439531,22.711636,27.602043,26.51019,28.891962,27.075489,27.862118,24.992826,22.439598,24.51156,20.417906,25.300297,22.69604,28.115326,26.157097,30.757996,29.4774,25.454983,25.398014,21.40335,19.865417,16.523859,15.212516,12.181562,11.111511,9.954743,9.572789,10.987989,11.931787,7.3563566,10.031819,13.288431,11.355777,14.38613,13.53035,18.937223,18.531702,22.803782,25.677841,28.429108,30.047327,28.625671,29.41864,33.716938,33.976353,32.64932,31.04445,27.73964,25.611366,24.272213,20.340317,17.337357,15.006748,12.536005,10.451726,10.142923,12.60763,13.146434,16.674307,19.39945,22.278358,26.305704
13,37.632603,33.299503,31.398247,28.550402,24.57006,23.014713,19.42164,16.923464,13.695956,10.946445,7.202006,6.3777504,3.953863,0.0,3.9769516,7.3732953,11.388116,13.633982,16.267113,20.722713,22.064426,25.962221,27.01096,30.476645,26.279266,32.712723,28.50365,27.244764,23.182919,23.7784,18.277,20.953964,14.024381,18.949594,15.269205,16.862316,18.478556,16.420942,14.737741,14.959077,12.004782,12.8106165,13.298904,13.577327,16.361595,16.785267,20.804771,22.298557,25.664711,22.214712,22.066261,20.053747,19.15648,21.406956,19.268991,24.384563,22.893494,25.624386,24.102884,25.113295,21.85995,19.806358,22.003305,17.67237,22.922483,20.648695,25.996595,24.385544,29.25367,28.099495,24.152445,24.794329,20.645247,19.815784,16.228252,14.164759,10.772276,9.101891,6.7918425,6.0974183,7.2088056,8.7371855,5.3689585,9.122631,11.401152,9.631939,13.1998415,12.760675,17.919558,17.883242,21.794073,24.906054,27.23384,29.268671,27.818567,28.019012,32.475883,33.179707,31.945341,30.610035,27.516989,25.680298,23.757156,20.591652,17.321686,15.285384,13.020789,11.089174,12.145973,14.141683,15.932167,18.288303,21.649939,24.125116,28.112053
14,34.221962,29.966936,27.782124,25.312769,21.144281,19.442032,16.054987,13.322667,10.59484,7.5144067,5.6740446,4.3994246,4.618812,3.9769516,0.0,4.377652,7.426517,10.12793,12.342304,16.961649,18.201332,22.188803,23.208843,26.85079,22.91434,29.442102,25.533827,24.662552,20.48036,21.781319,16.078854,19.773975,14.027524,19.302958,16.404346,18.405235,20.625748,19.078592,17.132812,16.297838,12.433106,12.775575,12.07476,11.770385,13.788496,13.852215,17.631948,18.780733,22.482758,19.518484,19.39188,18.126709,17.316229,20.135513,19.077084,23.696777,23.269474,25.613317,23.804783,25.147707,22.778282,20.084969,21.467684,16.855873,21.309061,18.435688,23.76464,21.672031,26.339798,24.99514,20.984566,21.199165,17.158783,15.981107,12.456402,10.913262,7.6006217,6.970354,6.1416836,7.494323,9.911107,11.688977,8.105636,12.137828,13.784835,10.731989,13.472124,11.492196,17.010576,15.65443,19.81085,22.440142,24.890623,26.824337,25.749466,26.318,30.521906,31.186493,30.253235,28.587778,25.477968,23.833982,22.576927,18.690552,16.857279,13.766306,12.718738,11.579784,11.48558,12.830763,13.851837,15.895508,19.059267,21.134565,25.23805
15,30.272688,25.943094,24.106133,21.258715,17.214699,15.930536,12.0664425,10.34435,7.095947,5.7844386,5.8483214,7.2749586,7.8357177,7.3732953,4.377652,0.0,5.751185,6.3838406,9.891839,13.638432,15.600168,18.834747,20.141186,23.399494,19.223984,25.820929,21.699581,20.907778,16.582176,17.887508,12.253701,16.023245,11.480533,16.520641,14.787832,16.840263,19.791231,19.060993,17.40601,15.863487,11.235103,12.533116,10.022872,11.129589,11.852502,12.681591,16.018053,17.453754,20.968765,18.634823,17.881063,17.31716,15.520313,18.53428,17.65427,21.704205,22.035488,23.512253,21.248337,22.439196,20.998037,17.550547,18.396038,14.152822,18.124565,15.233365,20.66926,18.751928,23.217869,22.281286,18.315086,18.635668,14.248665,13.766778,10.384045,7.7766833,6.088947,4.4497237,6.603628,7.9108157,11.403776,12.647935,9.159093,13.170897,13.542737,9.380546,10.930042,7.729447,13.263089,11.319249,15.568858,18.142546,20.753872,22.528902,21.439205,22.224474,26.341566,26.876081,25.991377,24.244814,21.147087,19.619736,18.586735,14.557474,13.681193,10.001626,10.254093,10.231759,10.000587,10.173491,12.070519,12.49227,16.15246,17.777084,21.744558
16,27.79876,23.771599,20.982353,19.41911,14.945273,12.881893,10.312065,7.07853,6.7052193,4.2146945,8.57044,8.07704,10.741428,11.388116,7.426517,5.751185,0.0,5.0241075,4.971734,10.057097,10.958975,15.123032,16.20726,20.218891,17.041584,23.677555,20.568533,20.701921,16.446152,19.262026,13.771384,19.081778,16.324028,21.369503,20.108225,22.392086,25.426914,24.699972,22.646883,20.548286,15.867522,15.736876,12.973433,11.951336,11.492473,10.769674,13.251,13.343314,17.770666,16.39641,16.191664,16.909172,16.158295,19.82809,20.76013,24.05917,25.54884,26.949684,24.667326,26.408525,25.724056,22.100014,21.9612,17.460752,19.839327,15.97996,20.848799,17.834843,21.715193,20.066753,16.090723,15.082626,11.472873,9.2849655,6.321022,6.9522295,5.916417,8.078305,10.347945,13.112768,16.345747,18.083551,14.538844,18.436329,19.266417,15.073792,16.116728,11.9442005,17.048418,13.104512,17.33929,18.652496,21.314152,22.841938,22.614138,24.011923,27.479906,27.95824,27.654238,25.354574,22.342274,21.185785,21.436268,16.372427,17.670658,13.069161,14.539574,14.887114,13.067496,12.802167,12.071872,12.809293,15.1618595,16.036503,20.205923
17,24.259993,20.028852,17.954184,15.662102,11.240368,10.420327,6.2913556,6.411549,5.4023514,6.7795553,10.692048,11.982926,13.716549,13.633982,10.12793,6.3838406,5.0241075,0.0,5.422211,7.366638,10.517192,12.578279,13.88853,17.056026,13.112238,19.84115,16.162321,16.155293,11.741719,14.45387,9.203309,14.597968,13.527669,18.125406,17.876877,20.351486,23.689102,23.681261,21.841902,19.173552,14.2293825,14.964654,10.764233,11.5473795,9.727209,10.48394,12.359553,13.430897,16.930803,16.063625,14.884806,16.065716,13.972791,17.54651,18.43566,21.037579,23.16334,23.661524,21.020256,22.613337,22.864952,18.752367,17.969263,14.058209,15.730536,12.038428,16.960943,14.42801,18.168903,17.253674,13.409042,13.104144,8.759855,8.630503,6.142429,3.9960003,6.282896,6.9964714,10.906002,13.214827,16.904911,18.213642,15.25273,19.087008,18.635912,13.974185,13.877289,8.977471,13.174264,8.370136,12.420802,13.647456,16.34866,17.875109,17.628742,19.044159,22.459627,22.98049,22.779964,20.516752,17.64717,16.841759,17.151503,12.418203,14.928034,10.157763,13.120079,14.455047,13.241683,11.788437,12.733484,10.866568,14.073845,14.116383,17.918085
18,23.378496,19.57371,16.348156,15.529049,11.014165,8.575118,7.38353,4.2370615,6.9982705,6.879792,12.365242,12.516932,15.347124,16.267113,12.342304,9.891839,4.971734,5.422211,0.0,5.8516088,6.1132545,10.429719,11.880504,16.094875,13.764718,20.320702,17.95566,18.978563,14.902888,18.628767,13.924225,19.62358,18.905603,23.330027,23.160173,25.34148,28.807922,28.566988,26.645643,24.10432,19.244633,19.188559,15.55013,14.672764,12.673234,11.769142,12.665509,11.826607,16.444542,16.607365,16.204473,18.29416,17.402788,21.27449,23.13643,25.489649,28.005676,28.681019,26.123333,27.898796,28.252476,24.16884,23.193682,19.225256,20.13752,15.99786,20.17337,16.76236,19.67607,18.010519,14.361248,12.215814,9.350688,6.440511,5.4669585,7.8318005,9.181,11.573129,14.670289,17.451544,20.906809,22.474953,18.93027,22.634026,23.079618,18.578169,18.691486,13.8633795,18.055601,12.851241,16.677418,16.858276,19.639282,20.646286,21.030565,23.082085,25.862354,26.07017,26.183207,23.480158,20.642756,19.86824,21.242168,15.684422,18.987114,13.9847355,16.752533,17.841396,15.380971,14.183486,12.551111,11.955326,13.347003,13.002342,16.971361
19,18.165352,14.391974,11.315443,10.995443,6.222987,5.8314238,4.7972364,7.056399,9.900908,11.905814,17.048208,17.935621,20.361702,20.722713,16.961649,13.638432,10.057097,7.366638,5.8516088,0.0,5.8973947,5.3372574,6.8721175,10.449021,8.189406,14.674492,12.686578,14.435859,10.85551,15.316538,12.033613,17.816822,19.557207,23.37825,24.168163,26.662848,30.207962,30.583666,28.656872,25.445152,20.626022,20.73635,16.22692,16.107924,12.637739,12.504925,11.80075,11.337689,14.706543,16.242107,15.058382,18.241825,16.63612,20.338562,22.957375,24.050474,27.67922,27.40191,24.64407,26.515821,28.128967,23.778946,21.725533,18.548504,17.648489,13.614777,16.733559,13.390831,15.185773,14.046802,11.026819,8.665358,6.383519,5.75785,7.0872707,8.566053,11.978378,13.924776,17.730652,20.45371,24.10568,25.505413,22.584953,26.28685,25.719097,20.983135,20.144411,15.017507,17.61676,11.438735,14.004087,12.817002,15.271978,15.999427,17.169216,19.47435,21.47481,21.777525,22.524813,19.640059,17.35138,17.482582,19.575804,14.580854,19.764297,14.915457,18.984196,20.846104,18.815193,16.686695,16.051332,13.06742,14.44947,12.371038,15.439668
20,19.142448,15.9152565,11.948584,12.515436,8.900534,5.36021,8.279669,6.111172,10.591955,11.657175,17.176632,17.717697,20.666546,22.064426,18.201332,15.600168,10.958975,10.517192,6.1132545,5.8973947,0.0,6.8581815,9.473976,13.615061,13.245338,19.025568,17.967312,20.130075,16.612223,20.879395,17.40303,22.732203,23.672207,27.192446,28.100117,29.828377,33.766273,33.919758,32.30344,29.655062,24.730078,24.899803,20.825792,20.164358,17.390478,16.389626,15.87914,13.97007,18.351171,20.102942,19.650831,22.760204,21.833317,25.678566,28.08918,29.668554,32.894985,32.89965,30.09946,31.687828,32.895752,28.436264,26.917418,23.69781,23.422966,19.385267,22.603483,19.081873,20.547634,19.015812,16.193617,12.752191,11.634208,8.664134,10.120515,12.899405,15.103785,17.326733,20.706892,23.292711,26.84401,28.18563,24.407227,27.760372,28.166197,23.594711,23.00206,18.0512,21.258205,15.588666,18.690838,17.624315,20.51373,20.564308,21.55639,24.46157,26.29361,25.901104,26.369688,23.240923,20.6704,20.181091,22.89859,17.01233,21.92296,16.995924,20.428116,21.973917,18.836313,17.073679,14.259958,12.885017,12.340646,10.462337,13.717164
21,13.559953,10.413436,6.405572,8.454468,5.2152905,5.79531,8.102411,10.713199,14.163443,16.53192,21.787622,22.818853,25.365456,25.962221,22.188803,18.834747,15.123032,12.578279,10.429719,5.3372574,6.8581815,0.0,4.282722,6.991866,7.621152,12.499946,12.289665,15.251394,12.793072,17.458292,15.708069,20.841911,23.994717,27.077717,28.644886,30.89854,34.674545,35.366924,33.603027,30.250944,25.501175,25.677681,21.003735,20.95028,17.07821,16.837112,15.048688,13.86552,16.507408,19.390696,18.181353,22.097073,20.554678,24.04059,27.154581,27.433565,31.696955,30.818329,27.960611,29.716522,32.11786,27.60514,25.023663,22.592075,20.529655,16.871906,18.687025,15.490374,15.509317,14.675362,12.919902,9.684238,9.727295,9.365934,11.895361,13.693364,17.247522,19.154493,23.032862,25.67338,29.360828,30.640629,27.66336,31.178503,30.491001,25.741693,24.422972,19.355627,21.027382,14.825725,16.335846,13.831263,15.970526,15.74845,17.720098,20.628508,21.479897,21.366865,22.653553,19.47912,17.75597,18.438704,21.591702,16.821388,23.141272,18.552029,23.011421,25.171633,22.820484,20.349033,19.174551,15.622489,15.799108,12.4534855,14.308001
22,15.186968,12.652215,8.79752,11.850676,8.63579,9.8128395,10.772586,13.473066,16.742508,18.525656,23.800776,24.21366,26.847881,27.01096,23.208843,20.141186,16.20726,13.88853,11.880504,6.8721175,9.473976,4.282722,0.0,4.9394054,6.587498,10.433724,11.258617,14.2689295,12.59531,17.621931,16.079203,21.82327,24.971756,28.700342,29.615454,32.59386,35.85613,36.36416,34.065006,30.306982,25.798893,25.152927,20.813961,19.942446,15.814506,15.190962,12.498828,11.1185255,12.941562,16.537971,15.457735,19.864923,18.917456,22.310602,26.325481,26.136887,30.86239,30.203808,27.67853,30.019133,32.472813,28.348814,25.381681,22.562803,19.812048,15.969307,16.919739,13.248765,12.711123,11.251596,10.045187,6.2384367,8.145974,8.241273,11.463054,13.822694,17.248957,19.732332,23.300133,26.434622,29.959433,31.59529,29.106998,32.95509,32.10705,27.373196,26.36669,21.294346,23.026058,16.713915,17.841873,15.158192,16.378523,16.83623,19.291048,21.505352,22.160812,22.813112,24.554522,21.602472,20.278482,21.390644,24.067623,19.838123,25.861536,21.253138,25.63262,27.633457,25.638283,23.370638,22.448631,19.18639,19.778643,16.656319,18.574196
23,12.057577,10.116325,7.679566,11.095158,9.522513,12.314963,13.0098715,17.08837,19.861343,22.342775,27.339848,28.246206,30.583628,30.476645,26.85079,23.399494,20.218891,17.056026,16.094875,10.449021,13.615061,6.991866,4.9394054,0.0,5.484051,6.166496,8.599547,12.308159,12.054808,16.681425,16.821388,21.65918,26.279694,29.301554,30.867954,33.86298,37.094185,38.034996,35.883583,31.885208,27.610182,27.290829,22.672184,22.58215,18.138054,18.272528,15.297339,14.799398,15.084638,18.989664,17.337877,21.837307,20.263182,23.116558,27.201372,26.065725,31.330378,29.88284,27.311903,29.519016,32.83197,28.706049,25.15159,23.268562,19.37429,16.328823,15.949948,13.185969,10.966648,10.799849,11.077698,8.825574,10.846884,12.581072,15.452318,16.708908,20.60415,22.496344,26.275852,29.121195,32.672966,34.08757,31.98479,35.71209,34.256992,29.55663,28.02035,23.156769,23.742464,17.68725,17.55392,13.986232,14.371536,14.384797,17.502312,19.659164,19.31566,20.068998,22.386444,19.566235,19.039,20.884424,23.794756,20.548388,27.148653,23.014513,27.789742,30.13379,28.490982,25.851168,25.645918,21.414736,22.157312,18.53842,19.552155
24,14.791755,11.500942,10.200506,10.523109,7.7250195,11.2054825,9.6426115,14.745908,16.463383,19.212461,23.664268,24.899443,26.800781,26.279266,22.91434,19.223984,17.041584,13.112238,13.764718,8.189406,13.245338,7.621152,6.587498,5.484051,0.0,6.801806,4.919778,7.851881,6.6346374,11.461206,11.3771105,16.338202,20.915813,24.054724,25.466583,28.641508,31.702902,32.69726,30.586159,26.579422,22.359098,22.38913,17.558323,18.25957,13.813987,14.851297,12.678102,13.603092,13.932596,16.542494,14.301029,18.171705,15.733711,18.548151,22.049078,21.172476,26.16911,24.7041,22.026283,24.203676,27.362804,23.244984,19.751102,17.826572,14.173208,11.1034775,11.552416,9.088122,8.517238,9.033766,8.083662,7.747453,7.373393,10.728604,12.5374155,12.354657,16.547152,17.82007,21.703672,24.280516,27.81175,29.094326,27.348192,31.065777,29.24227,24.612991,23.045467,18.338709,18.751919,12.802409,12.5614395,9.44737,9.935076,10.903924,13.53403,15.203905,15.859511,17.070135,19.005772,16.425426,15.573404,17.331078,19.415854,16.587658,22.670954,18.720013,23.455326,25.806198,24.76631,22.139336,23.00486,18.46611,20.321554,17.318579,18.93499
25,13.9397335,12.410351,12.292301,14.116168,13.238487,17.004503,16.249247,21.369444,23.21799,26.000235,30.430817,31.582542,33.463757,32.712723,29.442102,25.820929,23.677555,19.84115,20.320702,14.674492,19.025568,12.499946,10.433724,6.166496,6.801806,0.0,5.563817,8.946752,11.001737,14.546801,16.542397,20.363697,26.121931,28.753233,30.422434,33.84976,36.56269,37.821495,35.577133,31.224974,27.53002,27.241064,22.71104,23.281017,18.757196,19.76591,16.736814,17.601177,16.11739,19.67355,17.376099,21.56137,19.390633,21.347662,25.550348,23.230742,29.03968,26.902056,24.572,26.914919,30.981356,27.281235,23.071285,22.049162,16.862354,14.996168,12.727848,11.435092,7.4837995,9.3015995,11.1677475,11.411602,13.022911,16.387749,18.638988,18.63777,22.680677,23.975822,27.64315,30.250534,33.61378,34.913155,33.658375,37.364433,35.118702,30.636463,28.837618,24.459402,23.943333,18.59452,17.043198,13.192986,11.833057,12.33597,15.93188,17.00766,15.827099,17.567661,20.513676,18.352299,18.794632,21.402067,23.64005,21.988642,28.342434,24.866087,29.723682,32.211823,31.371222,28.60305,29.579693,24.711487,26.255823,22.763464,23.485014
26,15.786103,12.861742,13.294272,12.727868,11.205243,15.271797,12.99213,18.702324,19.592855,22.660645,26.49052,28.065529,29.50816,28.50365,25.533827,21.699581,20.568533,16.162321,17.95566,12.686578,17.967312,12.289665,11.258617,8.599547,4.919778,5.563817,0.0,3.9331653,5.7137856,9.019568,11.329723,14.804059,20.751734,23.225204,24.989117,28.374779,31.06918,32.45502,30.425293,26.188915,22.507496,22.829565,18.027788,19.634521,15.275954,17.183968,15.153911,17.063456,16.110657,18.315239,15.535099,18.921238,15.7302265,17.633184,20.917057,18.970316,24.397764,22.10185,19.488354,21.613848,25.60876,21.764347,17.627548,16.824766,11.871388,10.277622,8.95809,8.484634,6.773628,9.348778,9.67069,11.293168,10.744843,14.972183,16.2323,14.869497,19.063368,19.581152,23.357403,25.527372,28.882053,29.93575,28.90926,32.471134,29.914984,25.542902,23.606335,19.490793,18.622633,13.620859,11.720612,8.215313,6.70747,8.251111,11.357303,12.053283,12.003787,14.084271,16.546644,14.567278,14.662648,17.158504,18.677517,17.5042,23.365307,20.19967,24.967855,27.484648,27.143705,24.376217,26.254374,21.14035,23.511932,20.568705,21.699738
27,19.328178,16.19811,16.872604,15.41741,13.591343,17.470407,14.133237,19.838549,19.900423,22.858973,26.038816,27.685848,28.715939,27.244764,24.662552,20.907778,20.701921,16.155293,18.978563,14.435859,20.130075,15.251394,14.2689295,12.308159,7.851881,8.946752,3.9331653,0.0,4.5302873,6.059331,9.338331,12.153723,18.218855,20.744406,22.174343,25.937187,28.165312,29.609018,27.491924,23.130278,19.861547,20.295486,15.676219,17.921751,13.907015,16.523201,15.120625,17.93464,16.59043,17.763134,14.666448,17.210705,13.381576,14.690284,17.544111,15.27465,20.7206,18.219007,15.683805,18.009062,22.098896,18.579084,14.203116,13.677766,8.18841,7.6028414,5.8096995,7.097996,6.8843293,9.943015,9.956123,12.9484005,11.473688,16.194563,16.678774,14.304285,18.233868,18.173962,21.68248,23.577763,26.708225,27.678413,27.272234,30.78668,27.80411,23.693817,21.82011,18.213776,16.937565,12.7840805,10.332052,7.9107966,5.2995863,8.420781,10.681353,9.9495735,10.754887,13.710663,15.877357,14.547365,14.697316,17.13226,17.553186,17.342655,22.265526,19.580496,24.031837,26.437166,26.752527,24.144854,26.82524,21.77726,24.815351,22.395931,23.797241
28,19.29376,15.480035,15.518024,13.315947,10.5847435,13.973696,9.982811,15.573555,15.391576,18.39,21.573015,23.350542,24.414219,23.182919,20.48036,16.582176,16.446152,11.741719,14.902888,10.85551,16.612223,12.793072,12.59531,12.054808,6.6346374,11.001737,5.7137856,4.5302873,0.0,5.0776134,5.62095,10.031956,15.1270275,18.130342,19.47226,22.957756,25.647194,26.885117,24.913599,20.85408,16.95394,17.764515,12.691379,15.179673,11.228439,13.896182,13.246452,15.918617,15.891823,16.533802,13.640314,15.96219,12.008419,14.214705,16.408453,15.643816,20.235798,18.417912,15.538208,17.590683,20.813059,16.754072,13.1194315,11.619491,8.039437,5.7982626,7.6635222,7.2806306,9.249853,10.903437,9.179921,11.528258,8.658207,13.1024475,13.081262,10.285299,14.414392,14.2226715,18.05399,19.925243,23.29448,24.244513,23.304684,26.853853,24.244274,19.894257,18.132355,14.093782,13.615306,8.675067,7.419852,5.836367,5.7865796,8.634054,9.937616,10.179404,12.40739,14.395969,15.705536,13.91045,12.94754,14.625931,15.052419,13.730421,18.566036,15.416351,19.87578,22.23299,22.333712,19.787413,22.383694,17.561523,20.794237,18.762936,20.681246
29,22.204977,18.427288,19.485222,16.216995,14.344452,17.722912,13.306485,18.7884,17.500763,20.70637,22.781113,25.093563,25.442326,23.7784,21.781319,17.887508,19.262026,14.45387,18.628767,15.316538,20.879395,17.458292,17.621931,16.681425,11.461206,14.546801,9.019568,6.059331,5.0776134,0.0,5.7671847,6.110023,12.890422,14.729878,16.650871,20.076742,22.450474,24.204767,22.66489,18.71998,15.502998,17.340612,12.490228,16.56582,13.5054865,16.93388,17.046068,20.29445,19.910063,19.697912,16.61032,17.742552,12.952939,13.986739,14.476298,13.339471,17.443613,14.639393,11.434413,12.900205,16.869377,12.859646,8.730946,9.201433,5.531165,6.570258,8.163505,10.211527,12.333846,14.717611,13.357606,16.392286,13.24609,17.63832,16.935593,13.030176,16.594488,15.103355,18.601864,19.509026,22.571257,22.995148,22.836752,25.935509,22.507776,18.671288,16.447187,13.600272,11.416673,8.839809,5.6474037,5.9767184,4.650857,8.166706,7.9965277,6.26268,9.69227,12.257084,13.069249,12.307032,11.806226,13.604836,12.592797,13.470397,17.13464,15.286024,19.33799,21.760712,22.79651,20.268126,24.090715,18.999153,22.823078,21.271593,22.902887
30,23.783411,19.601263,19.389465,16.258446,13.0128,15.186217,10.074496,14.469205,12.790854,15.3981285,17.434696,19.422934,19.889675,18.277,16.078854,12.253701,13.771384,9.203309,13.924225,12.033613,17.40303,15.708069,16.079203,16.821388,11.3771105,16.542397,11.329723,9.338331,5.62095,5.7671847,0.0,6.849319,9.656808,13.613516,14.126227,17.827444,20.4049,21.41324,19.492908,15.701388,11.5333805,13.148329,7.8334746,11.796409,9.087164,12.467858,13.598364,16.765446,17.530663,16.511133,13.847143,14.548074,10.078524,12.305163,12.656151,13.639658,16.75092,15.703671,12.720927,14.551273,16.47616,12.291807,9.76587,7.0353966,6.9805727,4.8789473,9.813609,9.740321,13.601497,14.521425,11.726371,14.255381,10.018529,13.694321,12.13447,7.6144314,10.955245,9.441611,13.182712,14.514049,17.853949,18.652966,17.946,21.473583,18.741018,14.474709,13.067796,9.368871,9.642953,5.819293,6.289566,8.186335,9.255507,12.095052,11.60673,11.200131,15.044557,16.772215,16.917835,15.577733,13.774225,14.311277,13.196279,11.954897,14.712014,11.836099,15.520575,17.549202,18.373991,16.274761,19.786598,15.684274,19.766748,18.928627,21.50923
31,26.055372,21.95869,23.133299,18.730286,16.947365,19.442703,14.591958,19.069616,16.421148,19.593838,20.21125,23.198719,22.73361,20.953964,19.773975,16.023245,19.081778,14.597968,19.62358,17.816822,22.732203,20.841911,21.82327,21.65918,16.338202,20.363697,14.804059,12.153723,10.031956,6.110023,6.849319,0.0,8.214523,8.633987,11.4664345,14.164637,16.87107,19.01887,18.379831,15.298282,12.305519,15.913442,11.441288,16.972767,15.281701,18.941053,20.298733,23.60647,24.043304,22.820786,20.003302,19.933828,14.962405,15.709616,13.560177,14.16274,16.01723,13.356292,9.764051,9.472899,12.574664,7.7483277,5.233781,7.3040037,8.3154545,9.921308,13.20426,15.09368,18.142378,20.064568,17.965485,20.740282,16.731195,20.362345,18.707964,13.923031,16.556574,13.578414,16.699202,16.227747,19.062557,18.718946,18.807835,21.244053,17.329208,13.991391,11.298506,9.968412,6.412312,7.58505,5.21262,8.929226,9.497037,11.720126,9.416235,7.6186647,12.41128,13.876474,12.98034,12.912262,11.584006,12.044876,8.925692,11.205684,12.402101,11.98047,15.079961,17.400917,19.350729,17.09331,22.091347,17.371511,21.820719,21.357786,23.177471
32,32.099983,27.728363,27.790174,23.627419,20.752888,21.747969,16.627651,18.750042,14.995577,16.543669,15.243107,17.853321,16.474049,14.024381,14.027524,11.480533,16.324028,13.527669,18.905603,19.557207,23.672207,23.994717,24.971756,26.279694,20.915813,26.121931,20.751734,18.218855,15.1270275,12.890422,9.656808,8.214523,0.0,6.768113,4.662783,8.789643,10.911146,11.885661,10.933857,8.732663,5.337369,10.506622,7.7686152,13.548135,14.140992,17.435116,20.34279,23.649462,24.928947,22.206308,20.128975,18.471373,14.352264,15.189652,11.054522,14.774209,13.821261,13.90571,11.425362,11.448385,9.913986,6.12958,8.376925,6.433146,12.290637,12.617945,17.389654,18.20918,22.639267,23.397718,20.355717,22.91409,18.313608,20.72988,17.871458,12.862327,13.227084,9.020465,10.522166,8.647432,11.062882,10.512317,11.293863,13.847364,9.909951,6.9143953,6.2941685,7.110032,7.502817,10.270388,11.566328,15.637814,16.935099,19.303183,17.095173,15.832977,20.621773,21.861555,20.488518,20.224222,18.023117,17.10295,13.444589,13.918287,11.139356,11.017649,11.432498,12.371475,15.481171,14.646539,19.94783,17.454779,22.24968,23.218287,26.03362
33,32.795517,28.54749,29.6423,24.545366,22.877735,24.183027,19.501247,22.096724,18.137405,20.60839,18.861872,22.479288,20.74052,18.949594,19.302958,16.520641,21.369503,18.125406,23.330027,23.37825,27.192446,27.077717,28.700342,29.301554,24.054724,28.753233,23.225204,20.744406,18.130342,14.729878,13.613516,8.633987,6.768113,0.0,6.6098576,6.024629,9.706367,12.595307,14.092432,13.416074,11.684898,17.049934,14.334923,20.232483,20.296957,23.699753,26.198189,29.362726,30.599825,28.41113,26.063963,24.807297,20.29035,20.717653,16.138906,18.718468,17.457542,15.857428,13.065624,10.563126,10.147906,5.994381,9.223358,11.280291,15.678606,17.140692,21.142527,22.752522,26.426897,27.906096,25.253393,27.694536,23.185297,25.796227,23.298923,18.338923,19.369934,15.15191,16.914995,14.234659,16.099422,14.281194,14.887262,15.650146,11.006837,9.625326,6.6745634,9.772349,6.360437,12.255309,12.16933,16.465723,17.838959,19.289797,16.108881,14.860808,19.497122,19.90518,17.591793,18.14289,16.229193,14.939227,10.10896,13.169263,8.979887,11.663509,11.712436,13.215736,16.75143,15.491224,21.625937,18.340677,23.033627,24.117586,26.09286
34,36.43659,32.08516,32.351166,27.98722,25.311274,26.22146,21.177477,22.92893,18.903862,20.03287,17.642658,20.165411,18.05073,15.269205,16.404346,14.787832,20.108225,17.876877,23.160173,24.168163,28.100117,28.644886,29.615454,30.867954,25.466583,30.422434,24.989117,22.174343,19.47226,16.650871,14.126227,11.4664345,4.662783,6.6098576,0.0,6.0183387,6.3650846,7.600531,7.6317296,7.107003,6.576464,11.915915,11.107073,16.502478,17.913048,21.131943,24.296114,27.73936,28.844154,25.661373,23.711771,21.344347,17.481165,17.522526,12.011128,16.09605,13.277737,13.771707,12.049325,11.137947,7.4103217,5.7131305,10.004732,9.396963,15.471337,16.567589,20.89154,22.167095,26.626148,27.4827,24.564432,27.347078,22.79049,25.127226,22.102154,17.199196,16.894533,12.618146,12.764808,9.663764,10.5426235,8.978366,11.485959,12.884583,8.058439,7.584129,7.7668524,10.837457,10.580672,14.670474,15.547365,19.740692,20.750254,23.080906,20.551105,18.802092,23.58462,24.842632,23.122183,23.389704,21.388432,20.293581,15.962588,17.44471,13.05239,14.3339815,13.365064,13.5801525,17.55894,17.3184,22.935194,21.004469,25.791574,27.167799,29.884262
