,0,1,2,3,4,5,6,7,8,9,10,11,12,13,14,15,16,17,18,19,20,21,22,23,24,25,26,27,28,29,30,31,32,33,34,35,36,37,38,39,40,41,42,43,44,45,46,47,48,49,50,51,52,53,54,55,56,57,58,59,60,61,62,63,64,65,66,67,68,69,70,71,72,73,74,75,76,77,78,79,80,81,82,83,84,85,86,87,88,89,90,91,92,93,94,95,96,97,98,99,100,101,102,103,104,105,106,107,108,109,110,111,112,113,114,115
0,0.0,4.3179817,6.1047063,9.969777,12.121211,13.3424,12.539527,9.1790495,7.322411,9.412119,10.423629,14.052392,14.962597,17.487957,15.385678,13.016874,13.179353,12.8015,13.105561,15.300926,14.190709,18.36147,19.44784,22.646196,21.899899,22.916327,18.129549,18.238573,13.945769,15.589985,10.628631,14.642959,11.035008,16.645853,16.02682,20.563852,23.762108,26.346004,26.807735,25.99866,22.425293,25.398212,22.809137,24.55151,24.514395,25.006695,27.61761,27.666166,32.154118,31.835903,30.803688,32.108727,30.122015,33.596786,33.27753,36.15575,37.820545,36.819885,33.772385,34.42691,33.041172,28.291594,28.71357,25.768183,29.320488,26.42071,31.27694,30.076012,31.178127,29.792946,25.883635,24.606853,20.936632,20.12643,18.58654,17.61509,18.435936,17.405308,20.072153,19.73869,22.976341,22.52266,18.424955,19.539122,20.269253,16.130507,17.255493,14.737153,18.120312,16.445807,20.020687,21.32636,25.041832,26.302046,31.21571,32.45435,33.73516,30.671991,27.291327,30.213478,27.950298,26.222084,24.875578,21.297756,23.384184,20.62281,21.903185,23.100658,23.99817,27.73608,27.504452,33.50777,31.809956,36.099197,37.66054,39.75938
1,4.3179817,0.0,5.085344,6.1534047,9.401693,10.568598,10.058025,8.942229,7.300499,11.079821,12.868078,16.722633,17.59721,19.40032,17.0893,13.788825,13.989793,12.051947,12.989209,13.590692,13.412454,16.161026,16.559238,19.616804,18.521227,19.094261,14.155863,14.021831,9.8370285,11.635254,7.205021,11.956421,10.776529,15.826848,16.626127,20.764639,23.877636,26.520508,26.89104,25.626717,21.693789,25.055004,21.729359,24.12351,23.385534,24.278498,26.435286,26.710253,30.821463,30.889463,29.502462,31.15281,28.66038,32.03871,31.71881,34.09635,36.065674,34.53044,31.321142,31.806149,30.965694,26.020247,26.049314,23.729021,26.7806,24.155115,28.710884,27.875948,28.54393,27.53424,23.805641,22.733635,19.10945,19.119894,17.999346,16.622972,18.443974,17.26192,20.630726,20.459343,23.9966,23.57484,20.186047,21.358067,20.998734,16.514664,16.612564,13.63669,16.013407,13.848544,16.838589,17.78142,21.420872,22.230978,27.359606,28.370161,29.738232,26.746881,23.554495,26.687231,24.733618,23.375925,21.888157,18.78376,20.486498,18.78345,19.688215,21.76948,23.018213,26.980522,26.626871,32.836266,31.114964,35.551655,36.763054,39.208813
2,6.1047063,5.085344,0.0,6.3203497,7.056516,9.667012,10.802669,8.517735,9.387755,12.230997,15.31198,18.164568,19.848316,22.168156,19.35904,16.479393,14.904029,13.833616,12.682604,13.57909,11.205248,14.325468,15.852623,17.966757,18.365679,18.425848,14.449791,15.61528,12.012564,15.180516,11.278796,16.795134,15.64051,20.868023,21.344206,25.635864,28.658598,31.15542,31.195383,29.672283,25.49725,28.165052,24.716555,26.289,25.117458,25.332954,27.071707,26.50241,30.985653,31.67663,30.617552,32.833702,30.839539,34.456066,34.96992,37.023308,39.577564,38.10081,34.93654,35.770535,35.336315,30.348093,29.860207,27.35907,29.682127,26.610079,30.796494,29.365917,29.533237,28.10025,24.641853,22.626835,19.777473,18.856754,18.42603,18.417814,20.217474,20.059866,23.331884,23.842678,27.36496,27.316933,23.604153,25.16701,25.313293,20.764408,21.279995,17.821346,20.594706,17.379732,20.387938,20.344349,23.980886,24.090204,29.469397,30.294191,31.245792,28.062672,24.739891,28.316923,26.372158,24.925507,24.380884,21.551224,23.917398,22.504108,24.087847,26.432983,27.871984,31.668919,31.06886,37.32768,35.09689,39.4766,40.44609,42.601433
3,9.969777,6.1534047,6.3203497,0.0,4.5687757,5.970206,7.355772,9.301221,9.827396,14.034822,17.361994,20.572065,21.979626,23.273272,20.390745,16.564419,15.507811,12.456705,12.725988,11.086343,11.228139,11.59251,11.504773,13.849852,13.104032,13.011271,8.395069,9.312775,5.961715,9.937209,7.4777527,13.6734705,15.138731,19.636576,21.428562,25.018991,27.598742,29.97682,29.752815,27.636288,23.144072,26.168392,21.919931,24.334694,22.348484,23.223377,24.394302,24.403845,28.147263,29.157232,27.570723,30.072256,27.388565,30.772873,31.231962,32.634293,35.519016,33.44319,30.158285,30.86846,31.154116,26.07191,25.004059,23.273518,24.85972,22.217619,25.9515,25.092299,24.797491,23.973501,20.771833,19.348883,16.482664,17.034225,17.02409,16.20573,19.194763,18.74033,22.709467,23.370192,27.14224,27.162098,24.465837,26.14599,24.942781,20.158674,19.534513,15.650827,17.130735,13.199127,15.271294,14.583009,18.052116,17.783922,23.261982,23.97754,24.986168,21.872423,18.727749,22.436834,20.855062,19.90276,19.146292,17.042822,18.913258,18.915445,20.166403,23.535158,25.453924,29.278088,28.442533,34.806328,32.483547,36.95038,37.439194,39.994534
4,12.121211,9.401693,7.056516,4.5687757,0.0,3.960805,7.3961926,8.692354,11.206046,14.564244,18.95156,21.260536,23.320154,24.801365,21.457434,17.953974,15.395417,13.034972,11.49561,9.731551,8.099857,8.08556,9.331616,10.916913,11.791431,11.977815,8.798995,11.42537,9.055258,13.826198,11.324677,18.036287,18.807947,23.869715,25.153141,28.835566,31.098297,33.20829,32.478462,30.005823,25.291357,27.490574,23.182554,24.695616,22.261356,22.4583,23.141478,22.365498,26.370714,27.982641,26.727617,29.769674,27.649578,31.236303,32.619095,33.699257,37.182026,35.316902,32.18436,33.4155,34.068142,29.057364,27.45557,25.33366,26.149504,22.994179,26.303656,24.739523,24.025023,22.699478,19.813251,17.448206,15.477397,15.149754,15.918454,16.456793,19.41531,19.976866,23.821304,25.208567,28.96042,29.419529,26.614073,28.796997,27.876846,22.991657,22.825077,18.44739,20.573496,15.681089,17.96083,16.367744,19.72703,19.186602,24.469542,25.275782,25.660128,22.324125,18.922958,22.820496,21.091679,19.903078,20.29302,18.42016,21.1469,21.164827,23.335007,26.80847,28.976969,32.488533,31.302813,37.67329,34.694435,39.047962,39.226463,41.42461
5,13.3424,10.568598,9.667012,5.970206,3.960805,0.0,4.0962834,7.5984015,10.085422,13.434005,18.063143,20.120956,22.169415,23.081545,19.62455,15.921148,13.3074875,10.275512,9.275972,6.159216,6.805191,5.858017,6.244889,9.544144,9.064182,11.297161,7.6892824,10.328671,7.909373,12.890338,10.246703,17.357533,18.081503,23.320415,24.508745,27.811739,29.471144,31.249535,30.049059,27.187756,22.335129,24.22199,19.724722,21.189768,18.467232,18.79246,19.36594,18.898315,22.700445,24.220388,22.84561,25.921028,23.75355,27.338919,28.949795,29.916672,33.578697,31.84254,28.81626,30.382109,31.201166,26.298267,24.385078,21.999548,22.512035,19.18013,22.477644,20.802502,20.26879,18.910143,15.896279,13.774804,11.579027,11.767157,12.615794,13.007765,16.354574,17.107681,21.086647,22.821112,26.58903,27.303738,25.026213,27.54363,26.147146,21.22905,20.956312,16.214025,18.445887,12.852959,15.274112,13.441817,16.852333,17.11676,21.85804,23.202665,23.354498,19.897276,16.1486,19.66621,17.593142,16.136425,16.759642,14.857897,18.039932,18.066442,20.822033,24.461813,26.937231,30.113382,28.613745,34.939747,31.565588,35.845444,35.77666,37.90714
6,12.539527,10.058025,10.802669,7.355772,7.3961926,4.0962834,0.0,6.1680965,7.404664,10.841458,15.152002,17.291502,19.062735,19.522917,16.165674,12.25027,10.320069,6.473034,7.2321606,4.151822,7.680326,8.261003,7.7851367,12.433512,10.296064,13.895049,9.497163,10.8724575,7.597145,11.756572,8.127136,15.269215,15.217647,20.712751,21.53835,24.590658,25.848469,27.42963,26.034954,23.126316,18.277212,20.21077,15.803495,17.500063,15.185317,15.886832,17.113522,17.36638,21.116133,21.836967,20.341833,22.871326,20.560009,24.159893,25.404202,26.842285,30.140572,28.719862,25.756771,27.451443,27.857262,23.032394,21.39054,18.456846,19.634825,16.181139,20.14519,18.568335,18.924479,17.593868,13.997191,12.735984,9.340703,10.077399,9.927306,9.269385,12.687706,13.084388,17.157553,18.841518,22.61858,23.37257,21.395107,24.04079,22.38665,17.492674,17.29972,12.394059,15.12067,9.400229,12.61797,11.663892,15.331424,16.986933,21.137966,23.061525,23.376545,19.974272,16.040127,18.799938,16.24045,14.337993,14.362245,11.638665,15.153994,14.278031,17.461617,20.80017,23.336859,26.30529,24.712936,31.01769,27.573515,31.852453,31.922703,34.039066
7,9.1790495,8.942229,8.517735,9.301221,8.692354,7.5984015,6.1680965,0.0,4.525335,6.163478,11.317821,12.798134,15.188248,16.731586,13.145677,10.271077,6.955575,6.4481497,4.2518654,6.880354,5.9340835,10.861592,12.510864,16.460695,15.795926,18.880575,14.759749,16.254505,12.354165,15.998852,10.893758,17.642036,14.896254,21.377403,20.770763,24.508863,26.083511,27.714537,26.488428,24.222355,19.774282,21.184914,17.930758,18.419895,17.36111,17.114449,19.199839,18.709238,23.396564,23.589813,22.8246,24.86669,23.508255,27.31766,28.573727,30.818907,33.635815,32.962883,30.183943,31.976236,31.531157,26.853449,25.949373,22.184376,24.317974,20.51132,24.926115,22.738594,23.704557,21.68721,17.901045,15.949135,12.762965,11.118122,10.11223,10.775615,12.197828,13.109971,16.264479,17.91839,21.456118,22.252434,19.135118,21.926514,21.69558,16.969664,18.177319,13.711959,18.003595,13.482725,17.577694,17.52486,21.257425,23.075773,27.25881,29.194942,29.538633,26.118603,22.14379,24.77078,21.95848,19.629456,19.762266,16.29508,20.059269,17.466707,20.903395,23.019608,25.035494,27.925505,26.565126,32.730522,29.33834,33.483307,34.11216,35.71247
8,7.322411,7.300499,9.387755,9.827396,11.206046,10.085422,7.404664,4.525335,0.0,4.6099873,8.036211,10.923134,12.381348,13.678278,10.627912,7.1993685,6.798381,5.493272,7.0895915,9.290505,10.358141,14.432462,15.051834,19.42837,17.689034,20.684526,15.795212,16.14586,11.776345,14.091171,8.388197,14.184872,10.460568,17.082174,16.2657,19.99092,21.704601,23.516766,22.70413,20.880013,16.714188,18.959585,16.044098,17.440224,17.212109,17.730852,20.453827,20.869234,25.17008,24.58722,23.529312,24.803484,22.95703,26.538403,26.773756,29.568449,31.631132,30.993376,28.157635,29.561552,28.497997,23.856518,23.664839,19.907436,23.111357,19.757149,24.708223,23.164879,24.712742,23.145697,19.073784,18.16628,14.155097,13.569917,11.59543,10.311554,11.360094,10.7658615,13.957183,14.6733,18.279774,18.6144,15.454195,17.880077,17.485844,12.73651,13.9684,9.926081,14.471112,11.200528,15.572443,16.706348,20.46783,22.8915,26.932318,28.95308,29.762278,26.551287,22.767061,25.024189,22.237642,20.015894,19.0473,15.100792,18.190224,14.845191,17.6898,19.241299,20.957304,24.024448,22.984106,29.140022,26.341406,30.585506,31.651955,33.52099
9,9.412119,11.079821,12.230997,14.034822,14.564244,13.434005,10.841458,6.163478,4.6099873,0.0,5.5902925,6.742158,9.044822,10.919184,7.497909,5.8487177,4.2267876,6.7487044,6.861194,11.178432,11.314039,16.604864,17.89082,22.314884,20.934072,24.495838,19.918242,20.564669,16.284525,18.566692,12.842734,17.993149,12.665142,19.506502,17.341312,21.039421,22.27882,23.66791,22.473541,20.876167,17.143707,18.321198,16.47276,16.542027,17.223524,17.020584,20.263227,20.368418,25.018843,23.915375,23.411562,24.247002,23.266281,26.921507,27.454386,30.702732,32.558727,32.668663,30.151617,31.944847,30.462729,26.19045,26.202652,21.690262,25.124067,21.427773,26.484432,24.389505,26.460361,24.404741,20.292524,19.174032,15.402835,13.661612,11.1222515,10.793913,10.037807,10.253489,12.198579,13.315631,16.486736,17.218296,13.547177,16.535591,17.179325,12.973665,15.444051,11.907396,17.326746,14.440649,19.10435,20.369864,24.035913,26.917305,30.541079,32.87134,33.450912,30.183895,26.228662,28.11871,24.996336,22.34925,21.791195,17.551216,21.139162,16.778015,20.301163,20.9595,22.471561,24.947517,23.790321,29.579046,26.425655,30.361841,31.629044,32.906246
10,10.423629,12.868078,15.31198,17.361994,18.95156,18.063143,15.152002,11.317821,8.036211,5.5902925,0.0,4.8787203,4.7317195,7.189144,5.6595435,5.761424,8.5179205,10.481299,12.28788,16.101994,16.834381,21.865757,22.682785,27.260347,25.327578,28.661552,23.641495,23.45908,19.037191,19.977425,14.380144,17.394617,10.245171,16.641947,13.1690235,16.865543,18.236694,19.74043,19.238163,18.757032,16.070353,17.858799,17.210217,17.83162,19.741547,20.080362,23.85942,24.62372,28.904459,26.990606,26.394512,26.257904,25.09183,28.361414,27.73363,31.722929,32.499966,32.92236,30.512207,31.858414,29.420364,25.501623,26.547874,22.051098,26.65783,23.535051,28.949509,27.4206,30.05223,28.337059,24.11019,23.757221,19.594501,18.487413,15.462218,13.855589,12.213081,10.76749,11.486968,10.828879,13.45298,13.414956,8.897337,11.319918,12.966338,9.601432,12.984452,11.256851,16.649967,15.908577,20.430254,22.802366,26.31582,29.645933,33.0604,35.41942,36.41879,33.387665,29.665358,31.190897,28.138342,25.614729,24.145575,19.647543,22.365438,17.144514,19.750856,19.047806,19.768826,22.161343,21.591228,26.951096,24.714642,28.516157,30.534208,31.87029
11,14.052392,16.722633,18.164568,20.572065,21.260536,20.120956,17.291502,12.798134,10.923134,6.742158,4.8787203,0.0,3.6367128,6.523193,4.5145454,7.376444,8.069785,11.933575,12.436582,17.096949,17.289518,22.843666,24.162403,28.74336,27.16671,31.113333,26.468906,26.800861,22.489824,24.007668,18.345196,21.973505,14.972083,21.251497,17.374453,20.619333,21.17607,21.988844,20.687874,20.001596,17.570728,17.82396,17.972338,17.03151,19.424694,18.943676,22.89296,23.243315,27.716454,25.51626,25.502647,25.15932,24.961027,28.30337,28.385872,32.474197,33.41109,34.48446,32.407516,34.311047,31.909044,28.31825,29.08307,23.985405,28.217949,24.676151,29.918257,27.751324,30.652468,28.45647,24.357609,23.700848,20.005661,17.981556,14.851771,14.395054,11.543213,11.479208,10.875479,11.346865,13.227695,14.073679,9.791586,13.075511,15.351923,12.730701,16.53119,14.587776,20.325298,18.914286,23.608664,25.598938,29.04851,32.634727,35.694218,38.3475,38.969242,35.82104,31.884924,33.162975,29.818676,26.928894,26.14674,21.62245,25.024364,19.463287,22.980637,22.07938,22.952623,24.592936,23.63127,28.559605,25.591864,28.972218,30.86158,31.482044
12,14.962597,17.59721,19.848316,21.979626,23.320154,22.169415,19.062735,15.188248,12.381348,9.044822,4.7317195,3.6367128,0.0,4.0898933,4.6125484,7.801572,10.624574,13.539197,15.181424,19.340717,20.182116,25.405457,26.293642,31.04093,28.992998,32.832306,27.896816,27.709652,23.377312,24.132496,18.68604,21.124264,13.586758,19.241083,14.777297,17.722197,18.171553,18.978378,18.095665,18.1124,16.385653,17.1657,17.914253,17.622932,20.551786,20.615587,24.76066,25.650478,29.771162,27.168638,26.93464,26.054722,25.524916,28.570704,27.836481,32.301468,32.564144,33.734585,31.712006,33.297787,30.371037,27.029497,28.38353,23.419237,28.295156,25.191124,30.60409,28.907919,32.080048,30.204401,26.04026,25.932878,21.91796,20.53464,17.202799,15.7820215,12.904302,11.67014,10.537264,9.629186,11.047541,11.284912,6.521008,9.523567,12.354029,10.528526,14.658377,13.828741,19.28433,19.06171,23.564642,26.159723,29.47989,33.32767,36.223362,38.886097,39.77365,36.79474,33.0314,34.08099,30.825027,28.074156,26.688013,22.089521,24.895475,19.000422,21.893108,20.23774,20.65128,22.17659,21.57549,26.198263,23.868555,27.176609,29.509708,30.280512
13,17.487957,19.40032,22.168156,23.273272,24.801365,23.081545,19.522917,16.731586,13.678278,10.919184,7.189144,6.523193,4.0898933,0.0,3.9585226,7.29731,11.291673,13.451917,16.114334,19.596262,21.56967,26.15856,26.511822,31.554167,28.884447,33.19536,28.240732,27.759705,23.667599,24.012428,18.965223,20.882828,13.740438,18.838282,14.479072,16.463818,15.817911,16.011051,14.456646,14.335565,13.057085,13.535784,15.023909,14.83881,18.355658,18.830023,23.139086,24.657703,28.233696,25.12237,24.747643,23.285727,22.66444,25.418566,24.30633,29.022594,28.910645,30.397686,28.6033,30.315578,27.192179,24.234606,25.725851,20.555874,25.661003,22.822134,28.220356,26.77787,30.358746,28.70694,24.607445,25.17717,21.045141,20.28721,16.732859,14.557053,11.358987,9.473691,7.369771,5.863026,6.97832,7.594198,3.9719956,8.106749,9.786819,8.562686,12.742876,12.359575,17.633392,17.857557,22.150167,25.030703,28.054914,32.449673,34.727154,37.658844,38.51997,35.702274,32.046425,32.55118,29.245129,26.480291,24.853046,20.27964,22.890179,16.615086,19.673311,17.550962,18.055014,18.956347,18.112759,22.492481,19.938992,23.1328,25.514242,26.249462
14,15.385678,17.0893,19.35904,20.390745,21.457434,19.62455,16.165674,13.145677,10.627912,7.497909,5.6595435,4.5145454,4.6125484,3.9585226,0.0,4.385207,7.353007,10.016584,12.2121935,15.916674,17.71053,22.388493,22.97083,27.947853,25.567186,29.992426,25.237747,25.18585,21.091713,22.158524,16.852674,20.06826,13.481374,19.475666,15.911735,18.45069,18.211258,18.661106,16.793753,15.656509,13.142164,13.383914,13.713289,13.1545315,15.94482,16.065603,20.23082,21.367899,25.297504,22.673365,22.342892,21.586655,21.035099,24.20622,23.948292,28.174248,28.92157,30.08336,28.106197,30.10488,27.66555,24.257065,25.040405,19.770569,24.21159,20.879602,26.21095,24.360374,27.62506,25.72719,21.59257,21.71512,17.693314,16.563557,13.076484,11.441207,8.323454,7.3852205,6.5024786,7.075102,9.4583645,10.647137,7.492174,11.47134,12.341367,9.569861,13.262936,11.311887,17.060133,15.894934,20.47774,22.769676,25.97993,30.112549,32.621986,35.524048,36.158382,33.161934,29.32871,30.110834,26.723944,23.838392,22.727068,18.150604,21.410273,15.499676,19.274828,18.234434,19.368057,20.673798,19.422594,24.410727,21.170197,24.6368,26.424284,27.217566
15,13.016874,13.788825,16.479393,16.564419,17.953974,15.921148,12.25027,10.271077,7.1993685,5.8487177,5.761424,7.376444,7.801572,7.29731,4.385207,0.0,5.7377777,6.269663,9.819363,12.571138,15.173545,19.172955,19.306808,24.348349,21.66311,25.915503,21.039066,20.8341,16.78499,17.874632,12.6390505,16.343222,10.723004,17.021034,14.62246,17.34812,17.549088,18.469536,16.804976,15.035657,11.464735,12.910459,11.611766,12.41393,14.096688,14.838311,18.63712,19.985596,23.81507,21.75827,20.900337,20.775972,19.36735,22.682167,22.382412,26.151741,27.344645,27.77983,25.451366,27.270348,25.319475,21.410378,21.851713,16.947378,21.198736,17.910265,23.317104,21.779968,24.656548,23.054924,18.820465,19.062048,14.693124,14.334426,11.028855,8.4519205,6.963613,5.129053,7.0630193,7.7258387,11.230852,12.034144,9.505596,12.905077,12.340094,8.184031,10.848121,7.665021,13.498573,11.694633,16.358566,18.56011,21.881298,25.825455,28.572899,31.330141,32.06056,29.060894,25.279049,26.293423,23.054123,20.369343,19.018473,14.447543,17.65002,12.214206,15.9599495,15.896905,17.492792,19.466557,18.12818,23.809357,20.616426,24.560513,25.987154,27.41203
16,13.179353,13.989793,14.904029,15.507811,15.395417,13.3074875,10.320069,6.955575,6.798381,4.2267876,8.5179205,8.069785,10.624574,11.291673,7.353007,5.7377777,0.0,5.014137,4.906626,9.218165,10.502568,15.288792,16.417112,21.149988,19.496164,24.010668,19.814865,20.740625,16.868889,19.478529,14.144194,19.694384,15.084273,21.750198,19.78196,22.888988,23.275145,24.1152,22.061829,19.7305,15.721118,15.851585,13.878829,13.047657,13.504726,12.914199,16.208889,16.34718,20.964584,19.749434,19.399807,20.338127,19.752497,23.51834,24.757582,27.794872,30.070957,30.461489,28.169569,30.505644,29.38864,25.320602,24.796053,19.862482,22.68391,18.627098,23.486935,20.953917,23.249523,20.934172,16.86839,15.815508,12.192884,10.154947,7.2309747,7.597444,6.4451857,8.151961,10.136855,12.547561,15.704653,17.143286,14.456236,18.08673,18.037144,13.898051,16.183895,12.093029,17.573668,13.789129,18.453127,19.288715,22.752598,26.072842,29.08124,31.783735,31.977234,28.674372,24.576746,26.031404,22.644491,19.685507,19.722366,15.548959,19.809465,15.411897,19.9145,20.842718,22.823883,24.742401,23.037786,28.728891,24.756264,28.532827,29.334177,30.326038
17,12.8015,12.051947,13.833616,12.456705,13.034972,10.275512,6.473034,6.4481497,5.493272,6.7487044,10.481299,11.933575,13.539197,13.451917,10.016584,6.269663,5.014137,0.0,5.4262743,6.3796563,10.140903,13.100156,13.0630245,18.14659,15.569429,20.10906,15.627031,16.148745,12.464924,14.952225,10.102049,15.962177,13.099968,19.304003,18.59988,21.4091,21.883947,22.959455,21.053228,18.254467,13.62767,14.902009,11.488724,12.460943,11.74985,12.370696,15.120292,16.01841,19.995474,19.201433,18.052938,19.38885,17.634848,21.328028,22.221897,24.792955,27.324993,26.974613,24.379488,26.475283,25.846746,21.451641,20.571905,16.18653,18.757347,14.94905,19.87228,17.975508,19.93774,18.22606,14.041376,13.648754,9.315689,9.285139,6.836165,4.8461466,6.757833,7.0846705,10.845923,12.821946,16.495329,17.57952,15.700756,18.895863,17.516521,12.849853,13.813653,8.950317,13.663059,9.014721,13.578093,14.305825,17.822191,21.157156,24.229946,26.866688,27.220003,23.981617,19.982862,21.515087,18.300611,15.625654,15.172375,11.063782,15.16869,11.598149,15.919996,17.838026,20.223135,22.537285,20.770517,26.855225,23.070887,27.1862,27.679565,29.343878
18,13.105561,12.989209,12.682604,12.725988,11.49561,9.275972,7.2321606,4.2518654,7.0895915,6.861194,12.28788,12.436582,15.181424,16.114334,12.2121935,9.819363,4.906626,5.4262743,0.0,5.376639,5.7081676,10.530286,12.225471,16.594902,15.690811,20.015709,16.378605,18.102224,14.628137,18.302923,13.45165,20.126944,17.137886,23.688118,22.70798,26.014853,26.79236,27.884878,25.91295,23.177118,18.67578,19.005934,15.92295,15.35812,14.170191,13.328103,15.450157,14.769492,19.632404,19.686602,19.220541,21.326765,20.557419,24.475203,26.434202,28.606014,31.71911,31.503387,29.016409,31.381527,31.0917,26.705622,25.440414,21.103075,22.771692,18.543844,22.798151,20.020697,21.32679,18.87236,15.088488,12.990347,10.020636,7.4359093,6.1963725,8.249936,9.301067,11.473879,14.309837,16.8861,20.249722,21.629347,19.061703,22.453077,22.025192,17.487242,18.951939,14.237876,18.901901,13.851699,18.070469,17.755772,21.26707,23.715378,27.14834,29.554049,29.477982,26.01264,21.840494,23.90722,20.718836,17.94052,18.766558,15.265548,19.764673,16.82327,21.23318,23.25334,25.55947,27.83894,26.02982,31.991175,27.87551,31.783243,32.088356,33.283207
19,15.300926,13.590692,13.57909,11.086343,9.731551,6.159216,4.151822,6.880354,9.290505,11.178432,16.101994,17.096949,19.340717,19.596262,15.916674,12.571138,9.218165,6.3796563,5.376639,0.0,6.1569066,6.911919,7.2256737,12.14833,10.435833,15.3385,12.023288,14.003713,11.411594,15.526737,11.995465,18.934355,18.11067,23.927338,24.157286,27.046291,27.708153,28.829046,26.767475,23.469233,18.579126,19.32725,15.087431,15.53531,12.810867,12.7291355,13.665827,13.405877,17.494703,18.430021,17.293262,20.186537,18.596802,22.400866,24.614658,25.88811,29.643627,28.712814,26.065569,28.411108,29.003525,24.480473,22.433819,18.862072,19.365206,15.294253,18.953981,16.477642,16.967617,14.931141,11.341786,9.329544,6.3407316,5.9890304,6.5173783,7.662203,10.928471,12.65582,16.35013,18.911375,22.498062,23.798618,22.054813,25.246202,23.72997,18.995684,19.297247,14.215204,17.542402,11.44569,14.778303,13.376978,16.704773,18.792984,22.168962,24.513254,24.246721,20.745441,16.557066,18.835531,15.835178,13.339441,14.579755,11.9304905,16.40811,15.14761,19.38339,22.513636,25.258226,27.654293,25.648201,31.749758,27.555725,31.583496,31.321262,32.959503
20,14.190709,13.412454,11.205248,11.228139,8.099857,6.805191,7.680326,5.9340835,10.358141,11.314039,16.834381,17.289518,20.182116,21.56967,17.71053,15.173545,10.502568,10.140903,5.7081676,6.1569066,0.0,6.466713,9.716795,12.664657,13.592276,16.851137,14.286601,17.074924,14.313124,18.95187,14.960791,22.167492,20.566238,26.815851,26.593359,30.179987,31.482414,32.880764,31.162872,28.332417,23.630701,24.205261,20.557774,20.21444,18.024927,16.986013,17.84991,16.18521,21.008995,22.403536,21.940636,24.985765,24.145182,28.045116,30.503662,31.904766,35.644314,34.85505,32.199657,34.429207,34.818005,30.188656,28.407824,24.830011,25.514963,21.395426,24.837511,21.98221,22.03588,19.564198,16.493002,13.21947,11.74487,9.061311,10.047027,12.758873,14.693923,16.8536,19.956303,22.448257,25.896654,27.140572,24.381037,27.496675,27.08208,22.352373,23.317095,18.484,22.294619,16.716805,20.168362,18.727829,22.123934,23.184637,27.234056,29.062263,28.739939,25.17625,21.129984,24.043242,21.341408,19.043627,20.58784,18.022663,22.284094,20.769268,24.694376,27.475054,29.870588,32.52809,30.782507,36.909103,32.864445,36.855274,36.860916,38.20698
21,18.36147,16.161026,14.325468,11.59251,8.08556,5.858017,8.261003,10.861592,14.432462,16.604864,21.865757,22.843666,25.405457,26.15856,22.388493,19.172955,15.288792,13.100156,10.530286,6.911919,6.466713,0.0,4.2588754,6.3470683,7.998768,11.41879,10.419547,13.997658,12.921198,17.909334,15.757032,22.825146,23.362862,28.800293,29.708696,32.849575,33.979164,35.345207,33.481987,30.118061,25.170753,25.9323,21.436865,21.760794,18.272713,17.744091,17.192644,15.67616,19.409567,21.970423,20.989346,24.868006,23.446297,27.075188,29.95176,30.23949,34.709255,33.19554,30.482176,32.692116,34.12341,29.498049,26.85229,24.257013,23.45758,19.72516,22.005934,19.45961,18.186459,16.20367,14.050034,10.605464,10.516022,9.79878,12.209489,14.359453,17.609638,19.56363,23.215809,25.80162,29.397839,30.64744,28.65287,31.677622,30.293915,25.454098,25.423738,20.412598,22.855488,16.63324,18.764538,15.931708,18.731783,18.770834,22.707685,24.236649,23.483358,19.926786,16.072094,19.408064,17.261082,15.621228,17.93194,16.780134,20.660706,21.044794,24.642128,28.435661,31.22041,33.8976,31.947723,38.08766,33.927307,37.932262,37.29781,38.98734
22,19.44784,16.559238,15.852623,11.504773,9.331616,6.244889,7.7851367,12.510864,15.051834,17.89082,22.682785,24.162403,26.293642,26.511822,22.97083,19.306808,16.417112,13.0630245,12.225471,7.2256737,9.716795,4.2588754,0.0,5.330665,3.9341588,8.851459,7.693529,10.982718,10.778874,15.425689,14.352662,20.924812,22.592937,27.394188,28.914894,31.611795,32.528122,33.845497,31.977575,28.411245,23.44575,24.589855,19.674288,20.830551,16.931505,17.215324,16.38873,15.848155,18.681469,21.193878,19.63198,23.501772,21.354616,24.723164,27.312294,27.195515,31.75268,29.799845,27.005013,29.071556,30.90962,26.324526,23.36131,21.37162,20.071348,16.766842,18.72014,16.81778,15.204212,13.965146,11.936847,9.596125,9.16334,10.52333,12.710509,13.604018,17.538675,18.915207,22.880383,25.256332,28.90581,30.033962,28.62589,31.49121,29.404942,24.62322,23.93256,19.01012,20.530582,14.222885,15.523869,12.145945,14.664914,14.660389,18.44889,20.054785,19.329203,15.759489,11.849221,15.273537,13.328078,12.107538,14.267537,13.818818,17.246851,18.649508,21.888124,26.146223,29.100433,31.74872,29.752249,35.83644,31.818308,35.852528,34.996414,37.033573
23,22.646196,19.616804,17.966757,13.849852,10.916913,9.544144,12.433512,16.460695,19.42837,22.314884,27.260347,28.74336,31.04093,31.554167,27.947853,24.348349,21.149988,18.14659,16.594902,12.14833,12.664657,6.3470683,5.330665,0.0,5.6186643,6.6349225,8.836218,12.773977,13.799348,18.44695,18.26463,24.55984,26.944796,31.443249,33.351048,36.190765,37.41438,38.89433,37.186832,33.63623,28.68219,29.851599,24.891483,25.946482,21.829275,21.854372,20.392115,19.216673,21.656168,25.001173,23.584148,27.865694,25.86351,29.039015,31.91737,31.211332,36.09783,33.777027,30.990755,32.8677,35.20309,30.636894,27.42015,26.098621,24.142591,21.227404,22.255531,20.482294,17.801708,16.811483,15.892719,13.122785,14.015284,14.854672,17.51732,18.890102,22.718237,24.221241,28.160501,30.534306,34.200935,35.283665,33.69113,36.449795,34.472683,29.64489,28.818293,24.00744,25.09316,19.024157,19.657099,15.768392,17.631292,15.875857,19.874744,20.602089,19.514608,16.174948,13.095025,17.107649,16.130754,15.726329,18.253294,18.623976,21.480295,23.661312,26.42922,30.95211,33.865063,36.682274,34.764874,40.83174,36.90499,40.910442,39.862125,41.93619
24,21.899899,18.521227,18.365679,13.104032,11.791431,9.064182,10.296064,15.795926,17.689034,20.934072,25.327578,27.16671,28.992998,28.884447,25.567186,21.66311,19.496164,15.569429,15.690811,10.435833,13.592276,7.998768,3.9341588,5.6186643,0.0,6.6116753,6.6069365,9.453335,10.806413,14.791569,15.196782,20.932035,23.857601,27.880472,30.065123,32.377476,33.198387,34.513813,32.724545,29.033878,24.158352,25.637146,20.457653,22.290592,18.091278,18.972002,17.717861,17.783031,19.626377,22.31193,20.325712,24.230534,21.506668,24.469435,26.83413,26.08862,30.803852,28.281765,25.430195,27.250406,29.684328,25.200096,21.842484,20.803864,18.734903,16.159357,17.312433,16.230839,13.870123,13.616606,12.293624,11.047957,10.885249,13.466073,15.532915,15.591722,19.845575,20.744892,24.846968,26.990494,30.625593,31.614683,30.660269,33.313515,30.689024,26.030184,24.71503,20.059029,20.485542,14.452075,14.502236,10.355768,12.116543,11.256294,14.967033,16.331268,15.493363,11.944553,8.234192,12.1225395,10.918456,10.691345,12.726362,13.491095,16.01222,18.775192,21.366474,26.099943,29.151718,31.79836,29.815237,35.766014,31.964167,35.96902,34.844048,37.20305
25,22.916327,19.094261,18.425848,13.011271,11.977815,11.297161,13.895049,18.880575,20.684526,24.495838,28.661552,31.113333,32.832306,33.19536,29.992426,25.915503,24.010668,20.10906,20.015709,15.3385,16.851137,11.41879,8.851459,6.6349225,6.6116753,0.0,5.511999,8.516469,11.376303,14.985983,16.76974,21.705376,25.90803,29.158745,32.12163,34.663094,36.270424,38.095318,37.02173,33.744114,28.973413,31.231853,26.019884,28.388777,24.444115,25.425354,24.314,24.13592,26.04821,28.914284,26.91045,30.752428,27.763018,30.543661,32.30663,31.430756,35.864117,32.717354,29.631449,30.61311,33.1873,28.537134,25.485113,25.491241,23.715239,21.867647,22.830853,22.439943,19.660656,19.888094,18.871107,17.492783,17.265278,19.351843,21.295038,21.190266,25.390818,25.812593,30.078907,31.691422,35.450157,36.018715,34.64094,36.79082,34.312946,29.606539,27.941992,23.709053,23.338825,18.20336,17.518469,13.587063,14.919566,11.374971,16.428717,16.077177,15.811245,12.853922,10.855102,15.568821,15.731979,16.479868,17.530178,18.57345,19.845413,23.277607,24.586447,29.515514,32.243645,35.472733,33.956406,39.990574,36.930714,41.100323,40.191765,42.915817
26,18.129549,14.155863,14.449791,8.395069,8.798995,7.6892824,9.497163,14.759749,15.795212,19.918242,23.641495,26.468906,27.896816,28.240732,25.237747,21.039066,19.814865,15.627031,16.378605,12.023288,14.286601,10.419547,7.693529,8.836218,6.6069365,5.511999,0.0,4.105633,5.8851275,9.948574,11.258454,16.45243,20.39748,23.781294,26.614676,29.227528,30.966908,32.919006,32.08443,29.092196,24.37221,27.104761,22.024242,24.827103,21.479343,22.794094,22.590813,22.923328,25.366062,27.318544,25.229729,28.46102,25.240805,28.193516,29.233288,29.202631,33.002014,30.11104,26.85197,27.675383,29.480585,24.589111,22.155348,21.701466,21.175596,19.16532,21.354782,21.089636,19.454855,19.515285,17.411612,16.506699,14.823677,17.063671,18.183485,17.27663,21.386007,21.252758,25.579206,26.799301,30.589987,30.942932,29.451962,31.424637,28.994328,24.286484,22.638685,18.494406,18.281633,13.331495,13.195306,10.136369,12.570282,10.620424,16.211037,16.57257,17.117426,13.972071,11.173389,15.5064335,14.845927,14.986074,14.895285,14.878543,16.15574,18.815802,19.972881,24.649075,27.228857,30.649248,29.322344,35.502766,32.741226,37.065014,36.6166,39.437435
27,18.238573,14.021831,15.61528,9.312775,11.42537,10.328671,10.8724575,16.254505,16.14586,20.564669,23.45908,26.800861,27.709652,27.759705,25.18585,20.8341,20.740625,16.148745,18.102224,14.003713,17.074924,13.997658,10.982718,12.773977,9.453335,8.516469,4.105633,0.0,4.504714,6.537569,9.667137,13.361981,18.51863,20.933317,24.38642,26.611519,28.419073,30.502636,30.043282,27.286852,22.841,26.256046,21.23961,24.862999,21.887274,23.807499,23.974157,24.991898,27.12427,28.519615,26.141005,28.844343,25.092707,27.741417,27.88375,28.012312,31.25831,28.046892,24.638687,24.88441,26.547758,21.629757,19.548803,19.805729,19.815834,18.532393,20.95607,21.520884,20.315207,20.933659,18.647636,18.677834,16.31013,19.179974,19.69318,17.732176,21.814705,20.872454,25.218328,25.861174,29.584894,29.598318,28.43591,29.991304,27.142963,22.680819,20.441015,16.889898,15.561486,11.658044,10.558715,8.2325325,10.512082,8.700327,14.553978,14.771488,16.13744,13.396124,11.165593,15.026675,14.681765,15.214725,13.787498,13.867836,13.898522,17.079922,17.15029,21.948479,24.379097,27.979227,26.92476,33.00135,30.8437,35.215477,34.945747,38.1285
28,13.945769,9.8370285,12.012564,5.961715,9.055258,7.909373,7.597145,12.354165,11.776345,16.284525,19.037191,22.489824,23.377312,23.667599,21.091713,16.78499,16.868889,12.464924,14.628137,11.411594,14.313124,12.921198,10.778874,13.799348,10.806413,11.376303,5.8851275,4.504714,0.0,5.1052403,5.4925156,10.824834,14.599046,17.961452,20.754517,23.424698,25.423168,27.604551,27.220085,24.728714,20.234858,23.714481,19.006113,22.43172,20.07815,21.82187,22.72055,23.671854,26.481169,27.326796,25.19132,27.526323,24.075542,27.048923,27.030079,28.011293,30.861818,28.272293,24.887714,25.352913,26.117996,21.040995,19.625769,18.748974,19.963503,18.049389,21.506954,21.546192,21.208858,21.2072,18.184305,17.98766,14.83701,17.08257,16.99697,14.892371,18.596054,17.497494,21.78337,22.283188,26.05897,26.02151,24.411695,26.008492,23.596588,18.960346,17.221836,13.44019,13.244337,9.198183,9.888839,9.03918,12.35632,12.418601,17.724842,18.60391,19.913235,16.989864,14.092435,17.47265,16.20958,15.808044,14.188833,12.771629,13.639767,15.047218,15.634564,19.818703,22.0887,25.813675,24.845158,31.125006,28.934704,33.40438,33.571667,36.540913
29,15.589985,11.635254,15.180516,9.937209,13.826198,12.890338,11.756572,15.998852,14.091171,18.566692,19.977425,24.007668,24.132496,24.012428,22.158524,17.874632,19.478529,14.952225,18.302923,15.526737,18.95187,17.909334,15.425689,18.44695,14.791569,14.985983,9.948574,6.537569,5.1052403,0.0,5.783761,6.853533,12.960051,14.471769,18.32422,20.355974,22.52481,24.940258,25.19995,23.169485,19.243301,23.633015,19.234343,23.612259,21.826754,24.21679,25.452778,27.103628,29.465132,29.7235,27.304861,28.966564,24.963724,27.459473,26.23646,27.449398,29.452936,26.509039,23.002508,22.602337,22.993574,17.947891,17.3051,17.435108,19.487726,18.613804,22.191895,23.199703,23.289152,23.901077,20.87701,21.620617,18.06487,20.877113,20.225897,17.050144,20.468096,18.330233,22.422329,22.040464,25.60599,25.041653,23.928547,24.824276,21.842094,17.72716,15.063387,12.562188,10.398845,8.928262,8.165213,9.196439,11.842538,12.360786,17.237339,17.91215,20.038107,17.737644,15.632916,18.292513,17.461914,17.528374,14.5002365,13.249541,12.239848,14.073443,12.738895,16.894135,18.815634,22.856348,22.379879,28.437647,27.217382,31.69897,32.156353,35.58227
30,10.628631,7.205021,11.278796,7.4777527,11.324677,10.246703,8.127136,10.893758,8.388197,12.842734,14.380144,18.345196,18.68604,18.965223,16.852674,12.6390505,14.144194,10.102049,13.45165,11.995465,14.960791,15.757032,14.352662,18.26463,15.196782,16.76974,11.258454,9.667137,5.4925156,5.783761,0.0,7.258154,9.139579,13.249014,15.39929,18.321745,20.521902,22.869547,22.835083,20.92433,16.752481,20.712837,16.727222,20.33941,19.186905,21.062183,22.988676,24.30287,27.463764,27.304813,25.32787,26.777485,23.458052,26.45763,25.640343,27.690111,29.623764,27.655327,24.35089,24.711248,24.263,19.217741,18.958384,17.196157,20.141417,18.14009,22.618805,22.614601,23.434273,23.158594,19.504875,19.698862,15.640445,17.431526,16.21186,13.266446,16.078712,14.096092,18.088375,17.870012,21.573666,21.200663,19.322102,20.64386,18.464476,13.848767,12.406562,8.98136,9.74554,7.2682276,9.678385,11.218606,14.750261,16.467888,21.00946,22.404041,23.961603,21.175697,18.151787,20.66985,18.827782,17.795746,15.39589,12.549042,13.436822,12.627041,13.055517,16.13638,17.99884,21.89643,21.249285,27.568401,25.791773,30.31431,31.133673,34.028915
31,14.642959,11.956421,16.795134,13.6734705,18.036287,17.357533,15.269215,17.642036,14.184872,17.993149,17.394617,21.973505,21.124264,20.882828,20.06826,16.343222,19.694384,15.962177,20.126944,18.934355,22.167492,22.825146,20.924812,24.55984,20.932035,21.705376,16.45243,13.361981,10.824834,6.853533,7.258154,0.0,7.9741735,7.6442056,12.034439,13.885437,16.749361,19.66457,20.981451,20.128416,17.196022,22.366243,19.147394,23.821545,23.45009,26.01888,28.221054,30.2599,32.84362,32.06835,29.789253,30.394417,26.475739,28.760435,26.279528,28.667412,29.27608,26.924688,23.578344,22.622282,21.326435,16.57937,17.836933,17.507866,21.558205,20.97493,25.37381,26.534468,27.70734,28.161692,24.660557,25.794085,21.552652,23.94216,22.300798,18.406622,20.664122,17.443985,20.79275,19.131048,22.278826,20.960642,19.807686,19.725447,16.831768,13.479287,10.557213,10.271878,7.701968,10.354008,10.695254,14.01895,16.487415,18.34805,22.270094,23.271883,25.700716,23.6869,21.621706,23.453331,22.23139,21.834007,18.055252,15.69817,14.195362,13.72531,10.980684,13.195916,14.043289,18.58481,18.981127,24.771456,24.751009,29.189566,30.564083,34.063095
32,11.035008,10.776529,15.64051,15.138731,18.807947,18.081503,15.217647,14.896254,10.460568,12.665142,10.245171,14.972083,13.586758,13.740438,13.481374,10.723004,15.084273,13.099968,17.137886,18.11067,20.566238,23.362862,22.592937,26.944796,23.857601,25.90803,20.39748,18.51863,14.599046,12.960051,9.139579,7.9741735,0.0,6.844462,6.444517,10.134688,13.153448,16.016281,17.245323,17.158895,14.626316,19.181864,17.329626,20.860708,21.877699,23.81533,26.992025,28.77173,32.085186,30.503199,28.840117,28.777903,25.833693,28.485619,26.208805,29.783148,29.946295,29.00318,26.07936,26.010914,23.509628,19.207958,21.051573,18.506704,23.672083,22.04829,27.304352,27.442108,29.585678,29.13945,25.08911,25.827234,21.221014,22.323801,19.80194,16.188353,16.794271,13.382091,15.719785,13.472829,16.42096,14.948841,12.55221,12.498897,11.056124,7.429409,7.097136,7.438197,9.438133,11.779521,14.725371,18.243467,21.331022,24.267376,27.86776,29.614523,31.505922,29.039127,26.153053,27.7129,25.529308,24.065676,20.92411,17.125961,17.441732,13.763733,13.19495,12.948254,13.205593,17.198488,17.59326,23.328257,22.899574,27.194565,29.289434,32.014133
33,16.645853,15.826848,20.868023,19.636576,23.869715,23.320415,20.712751,21.377403,17.082174,19.506502,16.641947,21.251497,19.241083,18.838282,19.475666,17.021034,21.750198,19.304003,23.688118,23.927338,26.815851,28.800293,27.394188,31.443249,27.880472,29.158745,23.781294,20.933317,17.961452,14.471769,13.249014,7.6442056,6.844462,0.0,5.774269,7.013881,11.22614,14.77671,17.608667,18.53151,17.267088,22.60621,21.070673,25.482876,26.561562,29.081154,32.086357,34.369724,37.100758,35.36995,33.353127,32.91151,29.357914,31.35598,27.840666,31.334604,30.520054,29.054882,26.138311,24.864353,21.824667,18.062017,20.997988,20.043966,25.513208,25.102285,29.975248,31.110445,33.18393,33.426254,29.637842,31.010918,26.419294,28.276712,25.863499,21.721615,22.57518,18.668844,20.684498,17.642902,19.854193,17.610434,16.482157,14.8696785,12.520916,11.131406,8.892562,11.835365,10.337215,15.296452,16.434048,20.56489,22.864828,25.545465,28.759054,30.062456,32.5698,30.709736,28.596296,29.825544,28.270226,27.46622,23.445524,20.416143,18.938873,16.42155,13.270167,12.232436,11.1434555,15.663885,17.225891,22.100225,23.526207,27.601078,30.02553,33.35565
34,16.02682,16.626127,21.344206,21.428562,25.153141,24.508745,21.53835,20.770763,16.2657,17.341312,13.1690235,17.374453,14.777297,14.479072,15.911735,14.62246,19.78196,18.59988,22.70798,24.157286,26.593359,29.708696,28.914894,33.351048,30.065123,32.12163,26.614676,24.38642,20.754517,18.32422,15.39929,12.034439,6.444517,5.774269,0.0,4.7542024,9.035027,12.413097,15.2518635,16.941103,16.260838,20.8973,20.476227,23.977758,25.982916,28.06186,31.615866,33.741512,36.829655,34.56378,32.974457,32.049232,29.203886,31.362406,28.031118,32.241516,31.146257,30.669481,28.087954,27.48486,23.812105,20.448788,23.523237,21.213127,27.17679,26.150188,31.435907,31.9374,34.590866,34.298683,30.256075,31.421078,26.725466,27.814743,24.928097,21.088255,20.800636,16.939966,17.923632,14.391391,16.057697,13.551255,11.671527,9.451344,8.579359,8.173218,8.286516,11.707823,12.69289,16.986378,19.355873,23.478348,26.12484,29.417873,32.47107,34.250286,36.406467,34.250237,31.640045,32.701077,30.58433,29.169987,25.584047,21.837349,21.42855,17.246527,15.616647,13.184377,11.750901,15.352351,16.852524,21.406885,22.525291,26.350143,29.274227,31.978498
