,0,1,2,3,4,5,6,7,8,9,10,11,12,13,14,15,16,17,18,19,20,21,22,23,24,25,26,27,28,29,30,31,32,33,34,35,36,37,38,39,40,41,42,43,44,45,46,47,48,49,50,51,52,53,54,55,56,57,58,59,60,61,62,63,64,65,66,67,68,69,70,71,72,73,74,75,76,77,78,79,80,81,82,83,84,85,86,87,88,89,90,91,92,93,94,95,96,97,98,99,100,101,102,103,104,105,106,107,108,109,110,111,112,113
0,0.0,4.3525825,6.1733546,9.296875,11.905621,13.3083515,13.985575,12.841048,12.942725,16.25741,18.515432,21.947252,23.19347,25.364006,22.90082,19.874159,19.004967,17.370523,16.969193,16.860434,14.920606,16.791258,21.130943,21.531752,20.982676,25.372095,22.849146,24.692984,21.865082,23.249249,22.624746,23.15112,26.364542,26.262636,30.550236,29.737528,34.61355,36.784058,34.84301,34.34098,29.751467,32.855095,28.07324,31.122952,28.487867,29.637205,30.224253,30.243359,33.499878,34.9512,33.135662,35.79363,32.76475,35.891144,35.40307,38.003826,39.079945,37.593586,34.389362,33.71574,34.386738,29.45349,28.58438,28.033506,28.4511,26.567232,29.682962,29.736565,28.713158,28.962135,26.341646,25.18181,22.614525,22.689358,22.509876,21.630154,24.06781,23.38508,26.872408,27.132854,30.966732,30.980406,27.654942,29.158415,28.552114,24.438005,22.639885,19.958914,19.836773,17.485235,17.862577,17.148428,20.147139,18.707148,23.748564,19.796034,18.611612,17.643654,12.701597,13.807966,12.041521,14.1425705,14.30316,17.537558,19.743729,24.828838,28.207495,29.604794,27.090643,32.338882,27.066553,29.319061,28.238552,29.129433
1,4.3525825,0.0,5.090007,5.414084,9.130333,11.333079,11.849864,12.741841,12.894936,16.96092,19.655018,23.192724,24.405552,25.980968,23.37286,19.776543,18.993187,16.304346,16.501871,15.024027,14.425368,14.52468,18.801003,18.4892,17.732883,21.649094,19.04946,20.873365,18.42944,19.645971,19.76749,20.087427,24.406416,24.310608,28.785364,28.516174,33.23081,35.488792,33.463806,32.44406,27.85123,30.88257,25.832636,29.109283,26.147547,27.619955,27.8838,28.268026,30.96551,32.553123,30.502882,33.311836,30.021942,33.024612,32.702347,34.858536,36.309532,34.432957,31.1659,30.56604,31.835642,26.856697,25.457687,25.273775,25.01584,23.40708,26.075838,26.419859,25.148895,25.790857,23.444942,22.712774,20.275843,21.148643,21.230778,20.01692,23.106007,22.38334,26.284147,26.745638,30.64489,30.714367,28.038052,29.652746,28.25114,23.952213,21.656672,18.770653,17.831766,15.128161,14.650085,13.441773,16.154696,14.479469,19.437664,15.462389,14.451287,13.832364,8.713797,10.726404,9.619692,12.615053,13.459041,17.072304,19.466753,24.476625,27.759378,29.064407,26.40284,31.488085,25.876858,28.370552,26.790525,28.07531
2,6.1733546,5.090007,0.0,5.900899,7.4029727,10.00833,12.32085,12.584374,14.402806,17.793762,21.510729,24.244501,26.115202,27.960747,24.886297,21.560827,19.39074,17.349775,15.977543,14.205681,12.2314825,12.377502,16.762411,16.470188,17.116667,20.76982,19.3459,21.955011,19.768724,22.035065,22.006073,23.491186,27.878113,28.56805,32.487072,32.706726,37.24266,39.199043,36.697548,35.40843,30.604305,32.910076,27.833912,30.227291,26.89868,27.757353,27.490112,27.133339,30.040428,32.306625,30.590895,33.93309,31.234512,34.546516,35.121445,37.073807,39.136017,37.400936,34.25498,34.16276,35.65022,30.651686,28.830229,28.074104,27.204296,25.016216,27.301239,26.936451,25.084286,25.30051,23.321632,21.656685,20.109684,20.20515,20.999691,21.000393,24.047754,24.2565,28.096775,29.233412,33.197796,33.6881,30.874428,32.957237,31.880848,27.385832,25.520496,22.003572,21.79159,17.930008,17.818787,15.509042,18.143497,15.23159,20.941765,17.464737,17.377449,17.632774,12.486439,15.288096,14.015255,17.389576,17.304216,21.424904,22.96456,28.259176,31.605856,32.378796,29.469942,34.013397,28.200935,29.964643,28.01699,28.639992
3,9.296875,5.414084,5.900899,0.0,4.8043685,8.105475,9.254288,12.355848,13.465703,17.642328,21.311098,24.338299,25.887993,26.919437,23.91146,19.98177,18.490042,15.0834255,15.133957,11.86286,12.556635,10.311217,14.362851,13.3261,12.801644,16.27561,14.0863695,16.392696,14.48255,16.397984,17.124596,18.311888,23.682268,24.413885,28.378086,29.184717,33.447147,35.46718,32.95553,31.171679,26.47873,28.820137,23.54243,26.401558,22.887646,24.338234,23.955816,24.390322,26.554865,28.598042,26.494955,29.746962,26.585728,29.65308,30.162937,31.728668,34.008198,31.9324,28.756086,28.746742,30.721449,25.763186,23.479345,23.091959,21.678724,19.887323,21.856892,21.99896,20.196222,20.97252,19.09794,18.39407,16.590458,18.017292,18.766441,17.901144,21.628294,21.498962,25.71597,26.87997,30.815247,31.274979,29.28762,31.38031,29.387098,24.823364,22.45749,18.890928,17.80612,13.7430315,12.69156,9.910295,12.289781,9.651574,15.219492,11.961872,12.18038,12.665498,7.840692,11.141194,10.470113,14.506075,14.904349,19.185833,20.805338,25.799839,28.944996,29.63326,26.662453,31.024275,25.000763,27.192076,24.831934,26.13394
4,11.905621,9.130333,7.4029727,4.8043685,0.0,4.1545367,7.109596,10.279884,12.773906,16.252842,20.86485,23.03818,25.125025,26.09565,22.659649,18.951696,16.246761,13.258568,12.106882,8.118892,8.6899805,5.614126,9.860036,9.641692,9.757855,14.051178,12.554916,15.47011,13.392384,16.678633,16.583973,19.43295,24.253489,26.16985,29.128588,30.629663,34.533527,36.073284,32.954567,30.889978,26.024384,27.479616,22.314646,24.149147,20.378332,21.20547,20.466572,20.32517,22.801605,25.235031,23.476904,27.105055,24.619526,28.027735,29.449427,31.007618,33.782524,32.17467,29.269714,29.985346,31.843632,26.971422,24.438349,23.01826,21.335619,18.68306,20.62444,19.803986,17.87268,17.906487,16.068333,14.479804,13.308891,14.084246,15.444439,15.709033,19.380318,20.215755,24.32184,26.246153,30.175846,31.136929,29.246847,31.912241,30.128561,25.384802,23.60741,19.321316,19.329391,13.981247,13.907713,10.405961,12.949203,10.283902,16.241093,14.330652,15.482861,16.253334,11.955534,14.728357,13.286396,17.502356,16.465021,21.301483,21.66477,26.836935,29.966446,29.893625,26.655529,30.237206,24.077326,25.454107,22.704924,23.400795
5,13.3083515,11.333079,10.00833,8.105475,4.1545367,0.0,4.315624,7.013475,10.111454,12.974597,18.003056,19.636478,21.944975,22.805798,19.184408,15.687056,12.402374,9.780129,8.060569,4.2705026,5.348931,4.2209926,8.076471,10.051495,9.092768,14.884038,12.855463,15.416888,12.515239,16.395561,14.945976,18.881418,22.513622,25.281046,27.38698,29.170832,32.841484,33.998333,30.524914,28.556305,23.60357,24.653378,19.735365,21.0106,17.463749,17.90702,17.58248,17.238232,20.38939,22.426273,20.91829,24.351677,22.269978,25.900785,27.48757,29.507288,32.11715,31.149427,28.473196,29.565407,30.828632,26.05745,23.821041,21.455194,20.446117,17.133118,19.814518,18.386765,17.25235,16.513098,13.996295,12.007759,10.297288,10.324196,11.485072,12.258987,15.624041,16.94056,20.851267,23.149479,27.03582,28.28896,26.404749,29.426868,27.904049,23.121265,21.924122,17.234192,18.351824,12.418375,13.646741,10.7196,13.750856,12.604388,18.11418,16.914783,18.032515,18.281818,14.301561,15.970417,13.644941,17.664005,15.314345,20.39318,19.676554,24.887564,27.980906,27.376806,24.021185,27.148739,21.051207,21.922052,19.224596,19.547842
6,13.985575,11.849864,12.32085,9.254288,7.109596,4.315624,0.0,6.239027,7.5244913,10.932662,15.366361,17.423323,19.251747,19.613733,16.22624,12.316779,10.235167,6.3313622,7.1193905,4.2407336,7.83141,7.513201,10.140942,12.297377,9.286624,15.684864,12.186091,13.7236595,9.978705,13.3961525,11.146197,15.13322,18.222994,21.179955,23.084734,24.944178,28.538334,29.688799,26.27544,24.397524,19.444233,20.904963,15.930497,17.90889,14.746082,15.822123,16.31962,16.886967,19.921293,20.989096,19.178541,21.968124,19.38823,22.880096,23.797287,26.21936,28.332363,27.555658,24.886658,25.904682,26.767546,22.017641,20.108913,17.530676,17.329067,14.084039,17.61879,16.626,16.520498,15.966639,12.722053,11.969576,8.692626,9.782598,9.7088585,8.852713,12.507057,13.110139,17.245626,19.280762,23.17299,24.300201,22.730328,25.68526,23.822317,19.04055,17.785858,13.034974,14.306353,8.218391,10.166485,8.303993,11.780415,12.570503,17.225775,16.239656,16.946697,16.500603,13.172793,13.638555,10.889791,14.669556,11.808148,16.875208,15.829493,20.862514,23.865242,23.2363,19.887974,23.172558,17.02974,18.405323,15.901407,16.897366
7,12.841048,12.741841,12.584374,12.355848,10.279884,7.013475,6.239027,0.0,4.5221043,6.165146,11.392318,12.863729,15.293657,16.72954,13.115048,10.234645,6.835096,6.365471,4.2235427,7.1376266,5.8189087,10.620591,13.374463,16.683264,14.755709,21.240536,18.277271,19.853765,15.911787,19.099375,15.847848,19.70984,20.79588,23.801413,25.298756,26.352337,30.15886,31.055204,27.64712,26.696121,21.790071,23.25199,19.025728,20.30599,18.029352,18.201126,19.399145,19.012642,23.219183,23.99496,22.809536,25.19892,23.338099,26.95827,27.593351,30.773243,32.199413,32.14374,29.62528,30.489288,30.362692,25.7172,24.736933,21.643946,22.690088,19.20298,23.287256,21.834412,22.088614,20.841438,17.356764,15.5883,12.479836,11.067839,10.242259,10.657307,12.327477,13.311386,16.528887,18.466839,22.33031,23.564205,20.832552,23.96884,23.47162,18.851894,18.635576,14.050965,16.944403,11.899642,15.033326,14.219016,17.848373,18.35876,23.308971,21.7774,21.990057,21.077814,17.12341,17.030306,13.455639,16.331224,12.265123,17.10274,15.2767515,20.652386,23.863213,23.12346,19.906588,23.318455,17.80442,18.438084,17.030878,16.923643
8,12.942725,12.894936,14.402806,13.465703,12.773906,10.111454,7.5244913,4.5221043,0.0,4.653735,8.148394,11.004359,12.503233,13.7043,10.627217,7.2019396,6.7625413,5.4857597,7.1010537,9.982192,10.285935,14.013065,16.677988,19.591145,16.689724,23.181345,19.308186,20.090256,15.829145,17.963106,14.337486,17.265036,17.386427,19.994957,21.657848,22.177258,26.183731,27.261318,24.237827,23.782347,19.025873,21.376396,17.315287,19.610233,18.010584,18.865356,20.789572,21.214085,25.122787,25.084488,23.603132,25.257782,22.825111,26.108427,25.678831,29.302652,29.922686,29.97239,27.40836,27.850805,27.153494,22.559532,22.275976,19.395609,21.50992,18.527279,23.17722,22.389893,23.30965,22.454205,18.645811,17.926392,13.952839,13.530738,11.6722145,10.140937,11.45652,10.903056,14.134721,15.155818,19.079117,19.88205,17.03042,19.850388,19.236748,14.648068,14.386943,10.133429,13.340216,9.476918,13.12718,13.766757,17.464771,19.130205,23.382828,21.642593,21.238382,19.594881,16.174969,14.848118,10.89023,12.913322,8.16666,12.780941,10.827097,16.264397,19.544409,19.192766,16.13833,20.326262,15.045373,16.57945,15.934561,16.64093
9,16.25741,16.96092,17.793762,17.642328,16.252842,12.974597,10.932662,6.165146,4.653735,0.0,5.6682167,6.797508,9.151586,10.908146,7.445086,5.7966876,4.201357,6.8225107,6.914766,11.952396,11.235144,16.38946,18.426062,22.198872,19.488894,26.223047,22.614126,23.370584,19.008526,21.469658,17.076729,20.652786,19.233479,22.532581,23.064161,23.614285,27.219183,27.729794,24.410795,24.404589,19.861816,21.565636,18.358074,19.596682,18.701536,18.800234,21.19986,21.117998,25.63784,25.212702,24.251684,25.53544,23.875805,27.235851,26.994783,31.037512,31.391073,32.18865,29.961815,30.718107,29.362774,25.125536,25.248495,21.603704,24.285532,20.903614,25.800308,24.44432,25.789768,24.312555,20.34709,19.157501,15.363412,13.674507,11.307604,10.839503,10.328145,10.560747,12.540588,13.942572,17.570204,18.802532,15.464256,18.786716,19.23435,15.045655,16.050089,12.03902,16.492462,12.965447,17.145193,17.856928,21.48089,23.248987,27.502674,26.0969,25.832447,24.178083,20.827505,19.365545,15.352746,16.832676,11.559353,15.352104,11.992398,16.926699,19.98931,18.907227,15.96808,19.332079,14.814164,15.19016,15.290215,14.9989805
10,18.515432,19.655018,21.510729,21.311098,20.86485,18.003056,15.366361,11.392318,8.148394,5.6682167,0.0,4.858181,4.7574944,7.164813,5.636025,5.8374677,8.663641,10.704743,12.432188,17.1115,16.809603,21.658026,23.75185,27.281742,24.07514,30.729862,26.55303,26.685795,22.229,23.648232,19.067646,21.423058,18.233454,20.867697,21.173151,20.630054,24.298326,24.816519,22.159283,23.265675,19.339983,21.89969,19.500454,21.447844,21.55206,22.081514,25.121025,25.570492,29.875141,28.669407,27.603333,28.015114,26.057215,28.936779,27.480497,32.07751,31.294031,32.46064,30.343975,30.589375,28.252733,24.407787,25.62125,22.24915,26.171772,23.391115,28.669825,27.866224,29.780289,28.567177,24.4364,23.950737,19.7387,18.612425,15.710477,14.010466,12.584653,11.099265,11.804189,11.408533,14.603535,15.169011,10.893025,13.756548,15.185959,11.747962,13.58957,11.137469,15.975216,14.66894,18.902235,20.843636,24.346573,26.884964,30.541067,28.89618,28.027163,25.712349,22.92269,20.38968,16.4,16.396173,11.0425205,13.030247,9.068549,13.166823,16.090647,15.434908,13.189216,17.28125,14.144793,15.190045,16.765047,17.02555
11,21.947252,23.192724,24.244501,24.338299,23.03818,19.636478,17.423323,12.863729,11.004359,6.797508,4.858181,0.0,3.6709728,6.43512,4.422465,7.348454,8.223123,12.117042,12.5892315,18.064306,17.302656,22.772057,24.24206,28.428686,25.465868,32.261444,28.471487,28.74823,24.299156,26.338543,21.292767,24.642649,20.94414,24.485802,23.686012,23.773035,26.773098,26.613056,23.423159,24.506838,20.762323,22.207346,20.518755,21.13119,21.641317,21.36203,24.565142,24.474493,29.192045,27.805925,27.281351,27.53511,26.464138,29.474768,28.660841,33.36213,32.752808,34.51514,32.733932,33.514954,30.99404,27.442202,28.527666,24.40963,28.270746,24.993362,30.250603,28.793118,30.909191,29.113022,24.994389,24.021603,20.209976,18.120672,15.143749,14.652211,12.0185175,11.8834305,11.33926,12.015111,14.60658,15.978355,11.94001,15.476093,17.590616,14.632799,17.219711,14.493216,19.823938,17.755478,22.274311,23.761267,27.231298,29.652409,33.463062,32.268738,31.79182,29.74823,26.846617,24.6564,20.628618,21.023798,15.508183,17.68248,13.090594,16.444788,18.888369,17.159082,14.963611,17.378906,14.935024,14.3663845,16.257639,15.35299
12,23.19347,24.405552,26.115202,25.887993,25.125025,21.944975,19.251747,15.293657,12.503233,9.151586,4.7574944,3.6709728,0.0,4.00501,4.6162086,7.854629,10.831895,13.777823,15.366847,20.446453,20.241825,25.286781,26.848959,30.782257,27.408907,34.135487,29.936394,29.802078,25.331682,26.710512,21.658054,24.239546,19.623943,22.745794,21.773478,21.278141,24.218914,24.070946,21.340984,23.065578,19.763725,21.808674,20.539255,21.778955,22.778969,22.951895,26.452919,26.860361,31.272585,29.445473,28.726793,28.479147,27.06457,29.72517,28.112022,33.070286,31.778315,33.68891,31.974806,32.440723,29.391489,26.126066,27.813894,23.946625,28.465137,25.62564,31.054136,30.028084,32.46271,30.933838,26.732418,26.316788,22.178362,20.703163,17.479065,16.03632,13.336549,12.020258,10.894104,10.191409,12.382503,13.230289,8.680827,11.95398,14.604886,12.283429,15.318165,13.602702,18.90665,18.055452,22.502344,24.66509,28.019888,30.950901,34.327408,33.054688,32.257923,29.86377,27.395006,24.62379,20.708624,20.367542,15.009761,16.145512,11.345669,13.794434,15.990573,14.482344,12.812959,15.66787,14.13843,14.250131,16.883274,16.655586
13,25.364006,25.980968,27.960747,26.919437,26.09565,22.805798,19.613733,16.72954,13.7043,10.908146,7.164813,6.43512,4.00501,0.0,3.976029,7.317319,11.419519,13.633899,16.193707,20.767164,21.6203,25.907244,27.018427,30.911394,27.03155,33.629932,29.174814,28.57472,24.182669,25.243444,19.941483,22.5368,16.996521,20.693966,18.74591,18.799738,21.15827,20.62484,17.628813,19.44456,16.483206,18.402311,17.777739,19.029003,20.645296,21.046736,24.88017,25.789654,29.818258,27.415184,26.648333,25.82993,24.405294,26.765362,24.848337,29.974514,28.363972,30.647268,29.202114,29.86648,26.48429,23.605906,25.514278,21.355873,26.311167,23.64867,29.145405,28.244452,31.174543,29.687183,25.46488,25.626223,21.335268,20.383715,16.877491,14.789134,11.6717825,9.7614975,7.6536217,6.4840684,8.427554,9.628099,5.9384947,10.015428,12.013102,9.977059,13.562453,12.135336,17.631706,17.165699,21.658499,24.16903,27.240442,30.804022,33.596855,32.80427,32.101467,29.654457,27.779373,24.722794,20.989632,20.54103,15.176953,16.011759,10.494577,11.907475,13.608025,11.206686,9.550054,11.709966,10.876421,10.989185,14.229247,14.474134
14,22.90082,23.37286,24.886297,23.91146,22.659649,19.184408,16.22624,13.115048,10.627217,7.445086,5.636025,4.422465,4.6162086,3.976029,0.0,4.37287,7.4644585,10.188284,12.274802,17.038706,17.753658,22.1612,23.238289,27.27795,23.64914,30.35142,26.179817,25.957458,21.524591,23.227598,17.908552,21.315128,17.012009,21.120535,19.689568,20.3916,23.046436,22.723837,19.242357,20.122185,16.40611,17.87478,16.408525,17.289856,18.21026,18.34478,21.897404,22.48373,26.755877,24.845018,24.115149,23.928858,22.62262,25.425877,24.340576,29.148134,28.37969,30.306887,28.675417,29.624664,26.973658,23.613218,24.775936,20.407015,24.622639,21.502157,26.89287,25.6424,28.23375,26.57795,22.370878,22.116236,17.956152,16.657505,13.252974,11.705767,8.733294,7.821277,7.002901,7.8804026,10.830797,12.482875,9.40955,13.457464,14.530375,11.344246,14.122937,11.281385,16.891987,15.038744,19.681765,21.570383,24.78843,27.923082,31.122446,30.385757,29.98472,27.87081,25.591656,23.07253,19.196465,19.53741,13.901475,15.991736,10.669937,13.616993,15.860345,13.548618,11.031247,13.199471,10.531598,10.2182665,12.388143,12.20559
15,19.874159,19.776543,21.560827,19.98177,18.951696,15.687056,12.316779,10.234645,7.2019396,5.7966876,5.8374677,7.348454,7.854629,7.317319,4.37287,0.0,5.770075,6.415985,9.830943,13.717232,15.233947,18.822006,20.162998,23.76521,19.917625,26.5498,22.181995,21.96098,17.494034,19.12942,14.029374,17.405993,14.271299,18.277287,17.749887,18.753942,21.879646,22.112122,18.638897,18.784348,14.447543,16.481436,13.843167,15.681984,15.782128,16.538042,19.745031,20.709385,24.639158,23.125196,21.932085,22.232235,20.231787,23.167204,22.12622,26.608042,26.289316,27.555023,25.598032,26.446365,24.444168,20.60555,21.292883,17.228832,21.014223,17.976202,23.333424,22.390995,24.717375,23.431084,19.224491,19.27379,14.821856,14.340274,11.071602,8.523969,7.114329,5.417213,7.2682776,8.345307,12.15611,13.448506,11.03613,14.671979,14.313269,10.100793,11.698508,7.8080983,13.203761,10.733667,15.372516,17.23216,20.481264,23.654055,26.814991,26.01721,25.640871,23.603462,21.37587,18.962189,15.133371,15.897388,10.266354,13.215086,8.362304,12.472348,15.187129,13.478699,10.363284,13.648219,9.189527,10.252984,11.129835,11.950458
16,19.004967,18.993187,19.39074,18.490042,16.246761,12.402374,10.235167,6.835096,6.7625413,4.201357,8.663641,8.223123,10.831895,11.419519,7.4644585,5.770075,0.0,5.062084,4.8580627,10.06563,10.495724,15.030464,16.125027,20.387432,17.441803,24.241125,20.802444,21.490215,17.19566,20.214184,15.425644,20.10209,18.678194,22.965988,22.633137,24.201689,27.23237,27.329931,23.417917,22.813185,18.200682,18.91438,15.854047,16.133408,15.199732,14.859008,17.337582,17.177599,21.800161,21.22915,20.488512,21.80667,20.64281,24.161798,24.653378,28.552883,29.374998,30.446184,28.478222,29.835064,28.662806,24.605955,24.309128,19.999823,22.348421,18.518764,23.335238,21.464931,23.087784,21.196787,17.191048,15.914699,12.222922,10.136568,7.413899,7.7866826,6.8622837,8.623114,10.666378,13.338478,16.867071,18.708698,16.320057,20.14351,20.064524,15.818977,16.980494,12.4323635,17.080093,12.620822,16.961962,17.252478,20.636225,22.637949,26.658684,26.02023,26.26755,24.946934,21.927633,20.730028,16.911356,18.86818,13.562235,17.613459,13.649015,18.178446,20.938227,19.024923,15.804948,17.949558,13.122119,12.563288,11.984533,11.192236
17,17.370523,16.304346,17.349775,15.0834255,13.258568,9.780129,6.3313622,6.365471,5.4857597,6.8225107,10.704743,12.117042,13.777823,13.633899,10.188284,6.415985,5.062084,0.0,5.3671756,7.434015,10.252282,12.578377,13.9021635,17.349483,13.638574,20.358938,16.356453,16.791836,12.404658,15.2328615,10.739814,15.385711,15.350709,19.438938,19.832277,21.779469,24.98687,25.545086,21.780437,20.506983,15.588955,16.898104,12.768468,14.356141,12.605013,13.399111,15.5085535,16.304348,20.055283,19.664268,18.21596,19.820652,17.66861,21.128893,21.447296,24.95295,26.10576,26.497938,24.25631,25.506956,24.990347,20.639322,19.827765,15.949395,17.790527,14.190722,18.991024,17.69149,19.199377,17.942667,13.89288,13.546515,9.181001,9.186022,6.794247,4.7137175,6.8181925,7.3579144,11.142885,13.457872,17.301373,18.757978,17.170212,20.594358,19.211346,14.547385,14.540612,9.517868,13.147618,7.838009,12.014051,12.30309,15.644258,18.081139,21.762836,21.240892,21.534645,20.276453,17.651361,16.485468,12.960717,15.403246,10.646256,15.204029,12.098701,16.83238,19.667591,18.233912,14.802209,17.611773,11.766047,12.66074,11.026344,11.854765
18,16.969193,16.501871,15.977543,15.133957,12.106882,8.060569,7.1193905,4.2235427,7.1010537,6.914766,12.432188,12.5892315,15.366847,16.193707,12.274802,9.830943,4.8580627,5.3671756,0.0,5.8482275,5.850082,10.369582,11.740633,16.001339,13.8126,20.51083,17.756657,19.218475,15.2836485,19.06574,15.188953,20.17881,20.70663,24.7086,25.155548,26.99977,30.234764,30.637407,26.703688,25.416485,20.552155,21.031809,17.168432,17.335974,15.121769,14.656117,15.946319,15.260321,19.820602,20.424831,19.590536,21.972095,20.77822,24.56,25.88619,29.054941,30.79056,31.196913,29.010073,30.475033,30.260473,25.887608,24.722677,20.83556,21.786009,17.774912,21.870626,19.747463,20.406542,18.530521,14.919609,12.808992,9.8406,7.398087,6.401942,8.290169,9.518139,11.791243,14.705243,17.550652,21.215092,22.979609,20.801668,24.431519,23.851812,19.30231,19.592607,14.683213,18.189444,12.5938635,16.120443,15.108841,18.460274,19.37763,23.993786,23.338387,24.026516,23.328243,19.851728,19.722198,16.243353,19.148897,14.649524,19.414745,16.56215,21.53327,24.46519,22.905912,19.53753,21.821085,16.351376,16.015562,14.189584,13.429038
19,16.860434,15.024027,14.205681,11.86286,8.118892,4.2705026,4.2407336,7.1376266,9.982192,11.952396,17.1115,18.064306,20.446453,20.767164,17.038706,13.717232,10.06563,7.434015,5.8482275,0.0,5.8751154,5.326067,6.753549,10.371723,8.0877075,14.709664,12.286548,14.343033,11.024966,15.444964,12.929597,18.032663,20.749218,24.481552,25.55267,27.974232,31.1539,31.87129,27.9783,25.801563,20.8784,21.223537,16.580442,17.112095,13.620633,13.738629,13.661768,13.392267,16.881712,18.494705,17.156847,20.45648,18.791021,22.57903,24.578264,26.779123,29.470648,29.044119,26.685225,28.308426,29.244322,24.731617,22.53411,19.276894,18.542963,14.639063,17.729557,15.683892,15.3663225,13.930698,10.849319,8.75841,6.4609966,6.203403,7.3681912,8.757601,12.078925,14.076415,17.814947,20.674414,24.399446,26.016258,24.599688,27.988918,26.379065,21.650318,20.937029,15.946743,17.859617,11.480701,13.577112,11.090214,13.992832,14.179946,18.90831,18.701262,20.033012,20.086266,16.838581,17.738295,15.1244,18.871729,15.63923,20.686184,18.883188,23.78482,26.651579,25.372519,21.90674,24.20538,18.157185,18.442635,15.439335,15.533688
20,14.920606,14.425368,12.2314825,12.556635,8.6899805,5.348931,7.83141,5.8189087,10.285935,11.235144,16.809603,17.302656,20.241825,21.6203,17.753658,15.233947,10.495724,10.252282,5.850082,5.8751154,0.0,6.9416113,9.470561,13.120129,12.923475,18.82236,17.355045,19.857523,16.69243,20.847664,18.328686,22.908216,25.09256,28.422247,29.788506,31.456936,35.0209,35.768044,32.003967,30.434097,25.483185,25.997467,21.67857,21.881075,18.832338,18.259806,18.256561,16.83374,21.062792,23.021297,22.200504,25.49394,24.316168,28.170624,30.042591,32.532608,34.93536,34.667683,32.23729,33.56853,34.17325,29.539099,27.758512,24.603971,24.305582,20.46962,23.55464,21.380413,20.662155,19.010588,16.303898,13.21752,11.896673,9.529477,10.646376,13.078706,15.136557,17.338985,20.513674,23.204165,26.953959,28.551174,26.141396,29.51527,28.89499,24.22798,23.906637,19.085299,21.504044,15.661504,17.981007,15.666535,18.815077,17.872282,23.342775,22.259283,23.276049,23.290243,19.105412,20.316267,17.384783,20.92414,17.542841,22.547365,20.889294,26.186123,29.308361,28.238409,24.883339,27.52155,21.836977,21.713865,19.443085,18.631287
21,16.791258,14.52468,12.377502,10.311217,5.614126,4.2209926,7.513201,10.620591,14.013065,16.38946,21.658026,22.772057,25.286781,25.907244,22.1612,18.822006,15.030464,12.578377,10.369582,5.326067,6.9416113,0.0,4.403987,6.303103,6.9874883,12.039653,11.442666,14.651924,12.677552,17.167671,16.285717,20.732077,24.899366,28.029783,29.791649,32.15783,35.49064,36.46765,32.72534,30.254389,25.395517,25.683548,20.847525,21.33662,17.313482,17.350199,16.03056,15.23152,17.916311,20.80819,19.490593,23.527786,21.932901,25.609264,28.135986,29.540342,32.896652,31.812212,29.310972,30.850609,32.632282,28.030819,25.221067,22.766104,20.71974,17.249203,18.947489,16.967138,15.042453,14.050959,12.391054,9.6552305,9.714229,9.759682,12.12187,13.838253,17.327656,19.298262,23.120571,25.900333,29.656298,31.168213,29.683567,32.903427,31.168993,26.399212,25.216553,20.417353,21.352957,15.137073,15.856376,12.0996065,14.302649,12.275802,17.691833,17.342669,19.226364,20.1879,16.613121,18.891775,17.0909,21.265291,19.139414,24.201338,23.308027,28.331038,31.275808,30.33569,26.902103,29.362394,23.235077,23.627491,20.349516,20.37969
22,21.130943,18.801003,16.762411,14.362851,9.860036,8.076471,10.140942,13.374463,16.677988,18.426062,23.75185,24.24206,26.848959,27.018427,23.238289,20.162998,16.125027,13.9021635,11.740633,6.753549,9.470561,4.403987,0.0,5.253042,6.0776224,10.636386,10.924252,14.044075,12.6187315,17.583454,16.524185,21.759005,25.660688,29.49073,30.437386,33.498028,36.305187,36.905888,32.79796,29.90213,25.233007,24.57522,20.109592,19.557339,15.33308,14.817713,12.69683,11.50674,13.86988,17.287611,16.28312,20.695005,19.811628,23.529156,26.977518,28.009706,31.910442,31.092117,28.946918,31.089592,32.988174,28.713434,25.609768,22.638773,20.084179,16.27326,17.38112,14.560725,12.578048,10.772488,9.686396,6.061297,8.053375,8.04665,11.248202,13.760522,17.066395,19.691465,23.230938,26.533012,30.040157,31.885921,30.940327,34.434296,32.525013,27.856237,26.942045,22.019953,23.22381,16.801512,17.650187,13.870077,15.441823,13.953317,18.492498,19.310234,21.662203,22.820765,19.90739,21.974274,20.245222,24.341368,21.882359,26.89126,25.362843,30.051933,32.75093,31.252699,27.770388,29.30108,23.333008,23.08742,19.335634,19.037712
23,21.531752,18.4892,16.470188,13.3261,9.641692,10.051495,12.297377,16.683264,19.591145,22.198872,27.281742,28.428686,30.782257,30.911394,27.27795,23.76521,20.387432,17.349483,16.001339,10.371723,13.120129,6.303103,5.253042,0.0,5.424951,6.576402,8.6765,12.489657,12.547015,16.93414,17.616951,21.799297,27.183506,30.251888,31.979103,34.991863,37.90645,38.895416,35.129646,31.935326,27.408127,27.153442,22.36307,22.604078,18.100048,18.347189,15.737943,15.314094,16.0838,19.927385,18.448566,23.042719,21.527678,24.842197,28.221346,28.444923,32.765285,31.094954,28.75302,30.644852,33.428616,29.13365,25.474283,23.58559,19.875925,16.949339,16.716286,14.755718,11.286996,10.98234,11.321673,9.296168,11.40864,12.915934,15.817685,17.268469,21.137794,23.109465,27.005392,29.930912,33.504112,35.051064,34.29634,37.464684,35.05815,30.386396,28.801615,24.203476,24.203978,18.197842,17.665953,13.168131,13.740057,10.676828,15.089772,16.085434,18.93561,20.861452,18.323704,21.261005,20.477295,24.752684,23.45799,28.296543,27.716568,32.325584,35.010548,33.994373,30.593405,32.542168,26.422731,26.861372,22.966478,23.34253
24,20.982676,17.732883,17.116667,12.801644,9.757855,9.092768,9.286624,14.755709,16.689724,19.488894,24.07514,25.465868,27.408907,27.03155,23.64914,19.917625,17.441803,13.638574,13.8126,8.0877075,12.923475,6.9874883,6.0776224,5.424951,0.0,6.802738,4.938054,8.083713,7.2668114,11.987043,12.253822,16.782637,21.92233,25.263918,26.665787,29.922667,32.62961,33.56373,29.816616,26.554209,22.070295,22.00512,17.086338,17.900814,13.436312,14.46525,12.552208,13.447399,14.196142,16.85525,14.812207,18.931131,16.732195,20.043604,22.961372,23.509684,27.518637,26.008593,23.663046,25.642282,28.150787,23.913683,20.3481,18.177622,14.7727785,11.643147,12.211766,10.533759,8.289039,8.240427,7.182249,6.9791985,7.305547,10.517306,12.598762,12.853231,17.046764,18.542347,22.548157,25.307613,28.786837,30.247627,29.931713,33.022728,30.252516,25.687616,24.060886,19.549255,19.500246,13.512712,13.124359,9.015809,9.740277,9.100907,12.773386,14.240398,16.783545,18.05389,16.174007,18.119701,17.149508,21.20171,19.64701,24.299232,23.430006,27.676659,30.172108,29.0626,25.711855,27.585388,21.479399,22.293827,18.375996,19.435276
25,25.372095,21.649094,20.76982,16.27561,14.051178,14.884038,15.684864,21.240536,23.181345,26.223047,30.729862,32.261444,34.135487,33.629932,30.35142,26.5498,24.241125,20.358938,20.51083,14.709664,18.82236,12.039653,10.636386,6.576402,6.802738,0.0,5.585348,8.778622,11.159294,14.443588,16.81671,20.094318,26.4737,29.2164,30.951447,34.46705,36.897884,37.994667,34.47906,30.710028,26.718985,26.39604,21.732822,22.48191,17.96893,19.108723,16.174044,17.176077,15.905593,19.422678,17.346636,21.726664,19.619192,22.196995,25.696192,24.787546,29.691626,27.311975,25.104736,27.153715,30.845772,27.003668,22.685549,21.68889,16.586454,14.827296,12.633403,11.719398,7.1306887,8.993833,10.904716,11.42849,13.384209,16.604944,19.020655,19.246014,23.430426,24.783333,28.751936,31.416962,34.735455,36.08896,36.185783,39.080986,35.84918,31.448803,29.376198,25.297073,24.202112,18.980993,17.235744,12.875561,11.610281,9.19043,10.925594,13.764985,17.194365,19.599258,18.685019,21.498377,21.666218,25.681688,25.218227,29.540428,29.336538,33.26644,35.570236,34.659477,31.452057,33.12032,27.193634,28.147514,23.997229,25.241222
26,22.849146,19.04946,19.3459,14.0863695,12.554916,12.855463,12.186091,18.277271,19.308186,22.614126,26.55303,28.471487,29.936394,29.174814,26.179817,22.181995,20.802444,16.356453,17.756657,12.286548,17.355045,11.442666,10.924252,8.6765,4.938054,5.585348,0.0,3.9233751,5.73243,8.995861,11.415368,14.558118,20.956268,23.649086,25.455797,28.886997,31.378832,32.59058,29.244816,25.634892,21.575417,21.900658,16.949764,18.738974,14.449137,16.462149,14.621486,16.611483,15.995348,18.140701,15.5167465,19.1907,16.09553,18.701136,21.20783,20.944815,25.20167,22.884544,20.418081,22.256664,25.593283,21.571795,17.431128,16.412209,11.773543,10.034876,9.089239,9.15434,6.4554234,8.701262,8.63636,10.638606,10.503582,14.690678,16.177542,15.135042,19.519337,20.161718,24.265903,26.536581,29.844793,30.97617,31.228556,33.92681,30.47556,26.160109,23.943605,20.058805,18.732723,13.758057,11.87377,7.8741603,6.605355,6.874705,8.416237,11.129349,14.013874,15.629253,15.117506,17.031782,17.06017,20.841722,20.327705,24.417215,24.215244,27.90014,30.122396,29.363207,26.241983,28.234543,22.299778,23.847221,19.948404,21.86881
27,24.692984,20.873365,21.955011,16.392696,15.47011,15.416888,13.7236595,19.853765,20.090256,23.370584,26.685795,28.74823,29.802078,28.57472,25.957458,21.96098,21.490215,16.791836,19.218475,14.343033,19.857523,14.651924,14.044075,12.489657,8.083713,8.778622,3.9233751,0.0,4.4764886,6.0658216,9.322126,11.889557,18.386549,21.081015,22.591293,26.363182,28.46898,29.66451,26.474974,22.636168,18.951141,19.412188,14.641676,17.069195,13.215314,15.959251,14.671067,17.560326,16.451998,17.558096,14.560611,17.46348,13.669756,15.765047,17.793747,17.297745,21.509893,18.994167,16.553648,18.558035,22.069027,18.328094,13.953332,13.219654,8.007811,7.1950445,5.8025503,7.4929986,6.558552,9.374034,8.970792,12.379797,11.4034395,16.134886,16.936947,14.916589,19.161728,19.217613,23.177292,25.14933,28.19142,29.170242,30.001467,32.49765,28.601267,24.586992,22.23588,18.8191,17.046219,12.918166,10.696341,8.000241,5.833677,8.927761,8.140752,11.603574,14.059539,15.165273,15.77322,16.769827,17.017221,20.279356,19.914879,23.47634,23.21325,26.262861,28.151905,27.377789,24.456697,26.223436,20.598242,22.534863,18.752842,21.306688
28,21.865082,18.42944,19.768724,14.48255,13.392384,12.515239,9.978705,15.911787,15.829145,19.008526,22.229,24.299156,25.331682,24.182669,21.524591,17.494034,17.19566,12.404658,15.2836485,11.024966,16.69243,12.677552,12.6187315,12.547015,7.2668114,11.159294,5.73243,4.4764886,0.0,5.083037,5.691696,9.826979,15.345856,18.57598,19.924679,23.448977,25.890442,27.009018,23.624872,20.229204,15.991637,16.86769,11.671826,14.496197,10.772092,13.603963,13.294606,16.063887,16.295103,16.816137,13.9433,16.530155,12.665216,15.393451,16.776377,17.679098,20.978619,19.260826,16.700146,18.511427,20.896852,16.703745,13.110593,11.192096,8.115106,5.623641,7.9062247,8.481724,9.048684,10.2756405,7.9393854,10.963254,8.414098,13.089515,13.274927,10.729334,15.06813,14.975949,19.086792,21.05669,24.294615,25.322248,25.807987,28.444157,24.857548,20.6318,18.547647,14.712549,13.711499,8.784655,7.69692,5.5315604,5.6672654,9.725509,10.85533,12.709619,14.393278,14.591952,14.36306,14.616038,13.939632,17.20989,16.00122,19.835714,19.092318,22.44776,24.544464,23.66261,20.579098,22.67137,16.767214,18.788815,15.23066,17.81454
29,23.249249,19.645971,22.035065,16.397984,16.678633,16.395561,13.3961525,19.099375,17.963106,21.469658,23.648232,26.338543,26.710512,25.243444,23.227598,19.12942,20.214184,15.2328615,19.06574,15.444964,20.847664,17.167671,17.583454,16.93414,11.987043,14.443588,8.995861,6.0658216,5.083037,0.0,5.705131,5.840406,13.011556,15.060799,17.157549,20.54396,22.888828,24.476295,21.830704,18.443535,14.832179,16.858522,11.974606,16.31661,13.576556,17.071394,17.313143,20.59801,20.334213,20.107117,16.982655,18.520285,13.764147,15.396592,15.064216,15.723561,18.320282,15.741012,12.733975,13.861905,16.81832,12.6382265,8.619494,8.717952,5.5781865,6.3986955,8.237393,11.03841,12.1557,14.2702875,12.391603,15.933794,13.148305,17.770758,17.352488,13.739223,17.688429,16.352182,20.294033,21.313002,24.265549,24.713085,25.702923,27.688805,23.430416,19.680754,16.888763,14.255994,11.535891,9.070068,6.1950445,6.536068,5.0977907,10.96411,9.823581,11.645045,12.546471,12.140865,13.634766,12.950226,13.258112,15.654621,15.664752,18.425797,18.5553,21.031818,22.760885,22.516907,19.887678,22.43913,17.070255,20.13006,17.203695,20.58268
30,22.624746,19.76749,22.006073,17.124596,16.583973,14.945976,11.146197,15.847848,14.337486,17.076729,19.067646,21.292767,21.658054,19.941483,17.908552,14.029374,15.425644,10.739814,15.188953,12.929597,18.328686,16.285717,16.524185,17.616951,12.253822,16.81671,11.415368,9.322126,5.691696,5.705131,0.0,6.5610366,9.806329,13.885731,14.437881,18.13741,20.430836,21.426847,18.039106,14.961289,10.540248,12.451359,7.161927,11.726126,9.569532,13.039764,14.483472,17.708298,18.557335,17.457108,14.650469,15.607262,11.187417,13.584957,13.117878,15.542592,17.322903,16.458641,13.95981,15.589631,16.5478,12.297235,9.883849,6.5402136,7.2500896,5.0852637,10.116442,11.095726,13.610622,14.193712,10.923411,14.099186,10.138466,14.235597,12.906717,8.599046,12.1706505,10.731359,14.638295,16.006723,19.053965,19.878418,20.805101,23.280962,19.42594,15.430371,13.54106,10.04916,9.560948,5.8223586,6.563698,8.093301,9.154059,14.37547,14.974045,16.14588,16.717064,15.612169,15.833039,14.265757,12.918672,15.057643,13.069683,16.165337,14.673605,17.317026,19.144861,18.102365,15.135318,17.356112,11.641375,14.506221,11.735112,15.214771
31,23.15112,20.087427,23.491186,18.311888,19.43295,18.881418,15.13322,19.70984,17.265036,20.652786,21.423058,24.642649,24.239546,22.5368,21.315128,17.405993,20.10209,15.385711,20.17881,18.032663,22.908216,20.732077,21.759005,21.799297,16.782637,20.094318,14.558118,11.889557,9.826979,5.840406,6.5610366,0.0,8.303561,9.233917,12.20115,14.914792,17.620699,19.682768,17.783628,15.242522,11.97828,15.7785845,11.494259,17.137276,15.748147,19.41816,20.8166,24.178576,24.571758,23.406439,20.409748,20.804537,15.814221,16.916584,14.247201,16.250025,16.712952,14.5244255,11.278714,11.023441,12.538698,7.7381635,5.4713373,6.744337,8.2407875,9.704009,12.987007,15.755462,17.729378,19.391417,16.808613,20.14788,16.414703,20.47291,19.072342,14.458684,17.564756,14.83636,18.380354,18.190977,20.899828,20.68729,21.835619,23.165318,18.548609,15.265202,11.983404,10.7580595,6.800566,7.902676,5.6999545,9.471892,9.453646,15.22109,14.259954,14.648783,14.056908,12.055114,14.084566,11.399612,11.521218,12.338166,12.660281,14.064676,14.595097,16.143421,17.615623,18.057344,15.908794,19.355555,14.668394,18.785778,17.070223,20.948025
32,26.364542,24.406416,27.878113,23.682268,24.253489,22.513622,18.222994,20.79588,17.386427,19.233479,18.233454,20.94414,19.623943,16.996521,17.012009,14.271299,18.678194,15.350709,20.70663,20.749218,25.09256,24.899366,25.660688,27.183506,21.92233,26.4737,20.956268,18.386549,15.345856,13.011556,9.806329,8.303561,0.0,6.401106,4.913545,8.614189,10.7298,12.107142,9.875278,8.69361,5.8469276,11.359032,9.268172,14.98664,15.844224,19.135942,22.041176,25.382458,26.568047,23.952509,21.506048,20.277586,15.978989,16.707108,12.210962,16.53357,14.439413,14.893081,12.882062,12.890715,10.186415,6.6694417,9.07629,6.8100605,12.896912,13.198504,17.862944,19.571629,22.917757,23.459095,20.077143,23.133713,18.726448,21.708513,19.101845,14.045171,15.028429,11.074896,12.98474,11.515564,13.383755,12.820367,15.013953,16.167963,11.179372,8.825142,6.9456296,7.6279325,7.1064672,10.302864,11.784744,15.927109,17.012346,22.612625,22.377779,22.675735,21.822454,19.248669,20.439259,16.708572,15.294071,14.571548,12.7003975,12.548526,10.6521635,9.971926,10.530993,10.1204815,8.490802,11.814119,8.79577,13.601926,13.794844,17.90006
33,26.262636,24.310608,28.56805,24.413885,26.16985,25.281046,21.179955,23.801413,19.994957,22.532581,20.867697,24.485802,22.745794,20.693966,21.120535,18.277287,22.965988,19.438938,24.7086,24.481552,28.422247,28.029783,29.49073,30.251888,25.263918,29.2164,23.649086,21.081015,18.57598,15.060799,13.885731,9.233917,6.401106,0.0,6.816509,6.3335648,9.978542,13.150945,13.427947,13.387769,12.013212,17.542475,15.378911,21.2596,21.650692,25.085958,27.621334,30.923647,31.956131,29.772173,27.10355,26.173311,21.514847,21.867933,16.802582,20.201206,17.51095,16.62354,14.159465,11.991857,9.391613,5.989412,9.7362385,11.209328,16.036343,17.53059,21.39286,23.959272,26.627672,27.855507,24.77513,27.830738,23.48295,26.645601,24.265768,19.211563,20.605673,16.461666,18.464634,16.074482,17.724722,16.110334,17.653387,17.347445,12.203943,10.976666,7.48724,10.618303,7.0744095,13.041803,12.911626,17.571745,18.295273,23.641178,22.852875,22.26219,20.493376,17.315104,19.401686,15.015589,14.696439,12.555313,13.061888,10.949877,11.954762,10.36419,10.63101,12.822346,12.386627,16.91661,14.714958,19.65039,20.04392,24.032766
34,30.550236,28.785364,32.487072,28.378086,29.128588,27.38698,23.084734,25.298756,21.657848,23.064161,21.173151,23.686012,21.773478,18.74591,19.689568,17.749887,22.633137,19.832277,25.155548,25.55267,29.788506,29.791649,30.437386,31.979103,26.665787,30.951447,25.455797,22.591293,19.924679,17.157549,14.437881,12.20115,4.913545,6.816509,0.0,5.875061,6.0295033,7.5018916,6.7459655,7.0521617,7.383423,12.658408,12.519527,17.696447,19.438602,22.634642,25.781294,29.283031,30.231224,27.053596,24.744455,22.686977,18.638075,18.474556,12.7325,17.199423,13.320418,14.555467,13.317543,12.77918,7.9865313,6.976734,11.118615,9.919519,16.14975,17.12752,21.34393,23.29311,26.96775,27.560947,24.330343,27.580534,23.261568,26.124926,23.34031,18.39062,18.647484,14.588475,15.253478,12.849575,13.324894,12.009045,15.378993,15.568202,10.1387205,10.044839,8.998003,11.574207,11.036702,15.165013,16.381174,20.641445,21.413511,27.143599,26.337477,26.743792,25.657175,22.892494,24.596365,20.548748,19.431818,17.935205,16.495321,15.043842,13.275371,10.393446,9.297138,9.117582,9.238124,11.532627,11.177079,15.668621,16.762125,20.817125
