,0,1,2,3,4,5,6,7,8,9,10,11,12,13,14,15,16,17,18,19,20,21,22,23,24,25,26,27,28,29,30,31,32,33,34,35,36,37,38,39,40,41,42,43,44,45,46,47,48,49,50,51,52,53,54,55,56,57,58,59,60,61,62,63,64,65,66,67,68,69,70,71,72,73,74,75,76,77,78,79,80,81,82,83,84,85,86,87,88,89,90,91,92,93,94,95,96,97,98,99,100,101,102,103,104,105,106,107,108,109,110,111,112
0,0.0,4.455305,6.2652636,8.487385,12.517471,13.407787,17.982914,19.144915,22.391638,25.152807,29.934282,31.61611,34.117634,35.779778,32.30376,28.986172,25.473349,23.702644,20.924217,17.739803,15.29863,13.661137,15.661743,14.601073,17.212688,20.042747,20.001041,23.191654,22.998014,25.32505,26.904709,28.196947,34.876656,35.660637,39.416016,40.57198,44.89564,46.68678,45.68279,42.368217,38.082283,39.222378,33.966675,35.213226,30.994354,31.585043,29.300564,28.348217,29.603254,33.393375,31.697483,35.86773,33.283745,35.597736,38.462227,37.046104,41.312706,38.77278,36.11647,37.204975,41.84894,37.239815,33.886795,34.040966,30.405806,28.450514,28.413311,27.660065,24.503386,25.15958,25.200804,22.76038,23.719202,24.675009,27.227554,27.732729,31.85097,32.47533,36.758152,38.73507,42.50401,43.448574,40.60358,43.831844,42.61378,38.111824,35.240204,31.23349,30.141,25.49982,24.662416,20.309992,20.531986,14.751225,18.592333,18.49162,22.9476,18.547144,22.932518,19.729685,26.368235,25.706738,31.878117,30.31448,35.369392,38.59047,38.351223,34.884533,36.838818,30.991558,31.024477,27.535997,26.70673
1,4.455305,0.0,5.065355,4.58021,8.919719,10.723362,14.571036,16.758575,19.517094,22.809406,27.441399,29.481155,31.71713,33.057434,29.69729,26.064064,23.094385,20.641607,18.674486,14.96048,13.645651,11.090736,13.995505,12.384329,13.703765,16.816883,16.10562,19.056252,18.924915,20.971895,22.862288,23.904823,30.838812,31.567398,35.342075,36.630756,40.838303,42.688183,41.66356,38.289646,34.13364,35.419754,30.109425,31.732304,27.506615,28.484148,26.395075,26.01421,27.076202,30.517668,28.556381,32.48671,29.558657,31.70889,34.349575,32.84045,37.044907,34.38579,31.698149,32.773632,37.490604,32.9479,29.503021,29.831915,26.13662,24.411964,24.377138,23.944113,20.990091,22.039223,22.02742,20.166956,20.610067,22.218306,24.473366,24.391266,28.6493,28.98523,33.319416,35.157963,38.894115,39.77585,37.21683,40.4755,38.94964,34.44228,31.51383,27.597818,26.21491,21.645233,20.456127,16.069014,16.117743,10.3393545,14.307648,14.286049,18.58878,14.272834,18.706959,15.899562,22.601952,22.366896,28.462357,26.992075,32.07824,35.28642,35.190155,31.714226,33.870567,27.752808,28.218948,24.548273,24.297428
2,6.2652636,5.065355,0.0,5.953808,7.723286,9.22515,13.154393,15.087388,18.612324,21.245193,26.427744,27.711105,30.3371,31.545677,27.894148,24.512152,20.73023,18.72673,15.924372,12.026815,10.582456,7.551902,9.477874,8.815064,11.663601,15.0457945,14.944144,18.487122,17.986267,21.135826,22.080944,24.5345,30.678349,32.417458,35.359974,37.204468,41.159348,42.555496,41.09354,37.578667,33.216442,33.826706,28.725325,29.428602,25.160557,25.515532,23.10151,22.096142,23.401482,27.182987,25.59388,29.85918,27.579386,30.104248,33.33332,32.17463,36.554955,34.523224,32.12066,33.71131,37.994843,33.414875,30.024502,29.392088,25.746626,23.258585,23.408894,22.103243,19.187037,19.380245,19.169039,16.519756,17.673819,18.591547,21.300814,22.160093,26.23559,27.29498,31.476894,33.835957,37.527813,38.784058,36.122986,39.67809,38.60628,33.978546,31.516693,27.101574,26.718973,21.348661,20.957428,16.406652,16.840631,11.94319,16.309351,17.181639,20.955124,16.592007,20.692581,17.15018,23.928596,22.544495,28.921244,26.647339,31.830822,34.954384,34.20784,30.710445,31.984415,26.090363,25.841175,22.096405,21.15969
3,8.487385,4.58021,5.953808,0.0,4.846467,6.7357054,10.147143,12.705489,15.13668,18.67141,23.209024,25.403223,27.48561,28.662909,25.37384,21.623755,18.998697,16.264406,14.825077,11.238671,10.529293,8.3855,12.323513,11.385148,11.040776,15.310821,13.26139,15.984956,15.112151,17.211355,18.593761,19.792973,26.405323,27.344484,30.94373,32.284264,36.478313,38.240334,37.236942,33.96627,29.725134,31.17175,25.828106,27.682335,23.609259,24.783813,23.141829,23.069626,24.521677,27.42592,25.405107,29.016693,25.897388,28.193764,30.429424,29.356262,33.192425,30.810387,28.068266,29.097769,33.495613,28.817986,25.60102,25.697676,22.492104,20.596998,21.276625,20.813799,18.661165,19.696312,19.054401,17.465212,17.060925,18.823036,20.676971,20.175116,24.426271,24.537104,28.890081,30.62448,34.37505,35.21853,32.643017,35.910473,34.40158,29.880116,27.005482,23.026012,21.818287,17.11063,16.203632,11.879587,12.607161,7.960626,12.503615,12.661901,16.00432,10.964674,15.091383,11.684657,18.475786,17.942347,24.100748,22.477436,27.591051,30.783222,30.65606,27.179607,29.424932,23.259792,23.93701,20.319399,20.430296
4,12.517471,8.919719,7.723286,4.846467,0.0,4.471422,5.89969,9.865943,12.271123,15.720538,20.50037,22.363253,24.47706,25.19225,21.788988,17.937782,15.261234,12.077282,11.055861,6.6908283,7.980533,4.8343773,9.333474,9.143169,7.392559,12.675325,9.818847,12.679758,11.072482,14.073119,14.557719,17.022749,22.957722,24.853025,27.636702,29.600845,33.454838,34.844948,33.452415,30.033459,25.677467,26.716446,21.457329,22.940647,18.849741,19.941813,18.410711,18.505579,20.146898,22.756714,20.783636,24.331818,21.367907,23.917028,26.32521,25.636084,29.445772,27.605295,25.083645,26.542904,30.496656,25.817924,22.660847,21.934517,18.90918,16.424393,17.613699,16.647099,15.151765,15.7953005,14.597646,13.095697,12.255329,14.188983,15.926564,15.475799,19.749594,20.156576,24.460556,26.508114,30.210762,31.31684,28.89014,32.444412,31.076933,26.443905,23.971647,19.595028,19.15611,13.676749,13.38506,8.950144,10.26444,7.784871,12.324025,13.404935,15.553032,10.812136,14.133168,10.399294,16.95964,15.603983,21.85316,19.524603,24.723112,27.802727,27.21371,23.717684,25.383749,19.1288,19.656734,15.783612,16.036491
5,13.407787,10.723362,9.22515,6.7357054,4.471422,0.0,5.469629,6.1406007,9.394979,12.277616,17.273573,18.938473,21.296577,22.550272,19.054642,15.607989,12.399808,10.418411,8.260711,6.3842983,4.709227,6.607961,10.638152,12.2434435,11.106852,16.683432,13.564455,16.1223,13.51834,16.472225,15.63065,18.18577,23.003716,24.909838,27.650078,29.10989,33.272877,34.553474,33.46321,30.49559,25.845808,27.13576,21.976645,23.356695,19.713392,20.453768,19.488796,19.019962,21.753876,24.017035,22.436117,25.741117,23.031435,25.977129,27.840271,27.981762,31.111568,29.765411,27.157913,28.276093,31.625048,26.680359,24.222113,23.154526,21.260998,18.423277,20.657118,19.352308,18.671976,18.77276,16.800663,14.693234,13.319636,13.934959,15.411769,15.28899,19.162518,19.520435,23.749266,25.672043,29.473776,30.475632,27.379475,30.743628,29.942469,25.384274,22.975494,18.521446,18.767881,13.416486,14.370046,10.787665,13.298345,11.727549,16.195335,16.770153,18.407824,12.768723,15.446532,10.200524,16.352982,13.72111,20.169502,17.630045,22.771255,25.89305,25.172047,21.688463,23.437025,17.674204,17.798628,14.587322,14.294667
6,17.982914,14.571036,13.154393,10.147143,5.89969,5.469629,0.0,6.2027864,7.3731327,10.853838,15.374981,17.244896,19.110624,19.472439,16.152796,12.160667,10.167293,6.31358,7.0611377,4.5774293,7.6784525,7.651776,11.424248,12.708552,9.224302,14.876255,10.537523,12.263706,8.779922,11.92346,10.244693,13.658873,18.030106,20.66227,22.754108,24.860813,28.612898,29.697548,28.299065,25.146788,20.535343,21.758543,16.545357,18.243404,14.665798,15.951611,15.56037,16.09091,18.636702,20.02579,18.192553,20.958944,17.912027,20.840109,22.410593,22.832867,25.748514,24.711111,22.252342,23.627188,26.652233,21.795088,19.36548,17.809078,16.24667,13.225266,16.161777,14.9286375,15.4009695,15.633207,13.1060505,12.170341,9.336463,11.038468,11.6037445,10.314317,14.432794,14.511023,18.82782,20.794052,24.542906,25.657427,23.058487,26.682371,25.566439,20.907902,18.75522,14.085148,14.661146,8.681582,10.028719,6.9611435,10.052898,11.233002,14.849967,15.949478,16.181921,11.483271,12.960111,8.472442,13.662577,10.985467,17.11297,14.141759,19.317831,22.29609,21.424448,17.934391,19.518497,13.2457075,14.018181,10.335776,11.363713
7,19.144915,16.758575,15.087388,12.705489,9.865943,6.1406007,6.2027864,0.0,4.525958,6.1725845,11.433762,12.798148,15.253207,16.70176,13.167474,10.171095,6.865208,6.5149193,4.462144,7.493978,5.9346037,10.895088,13.969816,16.7503,14.785239,20.515575,16.629454,18.408121,14.632279,17.411142,14.600337,17.62367,20.22363,22.660269,24.679518,25.895084,30.05571,30.96313,30.060701,27.665125,22.78863,24.274616,19.507862,20.79824,18.05575,18.577505,18.793856,18.274807,22.103748,23.261417,22.0955,24.604462,22.168474,25.473341,26.430634,27.800343,29.861973,29.42244,26.921684,27.797,30.018923,24.961834,23.532656,21.696003,21.49789,18.292278,21.94291,20.339188,21.17672,20.786705,17.785784,15.859509,13.204946,12.625867,12.921793,12.623057,15.619816,15.738985,19.65707,21.388384,25.181128,26.119284,22.422495,25.657661,25.55524,21.152811,19.18815,14.642076,16.315323,11.2942,14.106603,12.253003,15.814906,16.43339,20.366457,20.883734,21.162884,15.570927,16.658194,10.795807,14.889927,10.253272,16.363834,13.117732,17.993816,20.98246,19.851828,16.457348,18.074722,13.040715,12.84266,10.760069,10.44835
8,22.391638,19.517094,18.612324,15.13668,12.271123,9.394979,7.3731327,4.525958,0.0,4.6516433,8.280112,10.981094,12.482316,13.658608,10.694538,7.1896224,6.8535933,5.6684413,7.325704,10.258071,10.357422,14.15961,17.51042,19.745356,16.556772,22.133108,17.443935,18.277744,14.145658,15.858309,12.553628,14.6724825,16.420038,18.53275,20.678505,21.5026,25.807463,26.855057,26.335949,24.311407,19.523678,21.791025,17.08201,19.386232,17.253468,18.453821,19.547794,19.884432,23.5534,23.807253,22.439117,24.106894,21.185684,24.247929,24.122314,25.933405,27.181875,26.848833,24.241735,24.650698,26.433203,21.326464,20.505812,18.896547,19.765942,17.044598,21.350876,20.320038,22.000172,22.025223,18.822521,17.912691,14.2599125,14.376636,13.531629,11.6486225,14.262991,13.174603,17.053535,18.049818,21.869076,22.417707,18.698305,21.701782,21.332436,16.999107,14.816622,10.53878,12.22695,8.097305,11.55156,11.226772,15.174607,17.258612,20.491352,20.743319,19.93844,14.696291,14.532227,9.020621,11.238096,5.916932,11.861339,8.676397,13.626323,16.702526,16.032057,12.613877,15.344802,10.232752,11.3403845,9.990529,11.259769
9,25.152807,22.809406,21.245193,18.67141,15.720538,12.277616,10.853838,6.1725845,4.6516433,0.0,5.644036,6.745223,9.099605,10.878275,7.530604,5.7473435,4.392635,6.9883957,7.250527,12.255729,11.473196,16.55447,19.094362,22.211304,19.663063,25.210436,20.87448,21.868057,17.55401,19.703472,15.522149,18.37908,18.338226,21.07415,22.241581,23.006823,27.053156,27.56063,27.003693,25.4189,20.556341,22.377457,18.37038,19.714264,18.26976,18.692574,20.188265,19.872757,24.294643,24.238567,23.45679,24.910467,22.752079,26.131802,25.945503,28.48039,29.289562,29.720783,27.39123,27.893312,28.863676,23.913599,23.692007,21.319334,22.89509,19.744257,24.396864,22.79499,24.847357,24.2383,20.659748,19.24977,15.764886,14.471824,13.320077,12.506605,13.914297,13.402597,16.550987,17.729404,21.35401,22.071657,17.691053,20.589024,21.33233,17.343111,16.021593,11.914874,15.10829,11.5529,15.632251,15.57376,19.47745,21.526625,24.918047,25.318674,24.518257,19.343409,19.061083,13.632868,14.968306,8.95624,13.371076,9.557309,13.516786,16.1858,14.625863,11.515367,13.182867,9.760773,9.425472,9.6942005,9.853501
10,29.934282,27.441399,26.427744,23.209024,20.50037,17.273573,15.374981,11.433762,8.280112,5.644036,0.0,4.779008,4.6393204,7.150415,5.806243,6.0763507,8.847594,10.981082,12.746144,17.461948,17.032936,21.861753,24.567505,27.438055,24.27909,29.673508,24.885216,25.162668,20.761974,21.864897,17.414013,19.035715,17.06054,19.145521,20.080282,19.812956,23.935394,24.405064,24.62706,24.02892,19.545607,22.213116,18.922283,21.015148,20.628191,21.435778,23.774311,23.988394,28.336842,27.4169,26.653141,27.155659,24.836685,27.904152,26.403452,29.624321,29.21491,30.01588,27.705318,27.529367,27.537111,22.802376,23.726812,21.606075,24.584044,22.032673,27.1515,26.028706,28.755245,28.3995,24.708254,23.960741,19.972334,18.973856,17.007826,15.209797,15.506236,13.748066,15.964971,15.848042,19.141485,19.168972,14.259527,16.27014,17.496859,14.234983,13.189331,10.553689,14.082532,12.9137,17.128647,18.476511,22.421688,25.326576,28.167624,28.229359,26.576687,21.826134,20.45443,15.816527,14.637388,8.815743,10.297451,7.1606116,9.241536,11.576275,10.458213,7.9903216,11.188397,9.912733,10.673525,12.64572,13.779674
11,31.61611,29.481155,27.711105,25.403223,22.363253,18.938473,17.244896,12.798148,10.981094,6.745223,4.779008,0.0,3.7240388,6.417529,4.391527,7.2188835,8.188486,12.070057,12.716586,18.169436,17.485348,22.745234,24.675299,28.193487,25.643734,30.947762,26.622902,27.23267,22.766142,24.638746,19.661518,22.490843,19.882137,22.94596,22.820612,23.188559,26.706268,26.515272,26.229269,25.640118,21.11838,22.791914,20.115732,20.868027,20.841694,20.789167,23.19298,22.74875,27.587824,26.575186,26.376354,26.9103,25.450682,28.833193,27.832138,31.413282,31.098314,32.51684,30.540384,30.836039,30.470427,25.947004,26.844322,23.888182,26.829489,23.71394,28.860073,27.084818,29.921164,28.942768,25.044277,23.81227,20.213734,18.129782,16.15668,15.624925,15.063236,14.44963,15.960055,16.587015,19.551275,20.127016,15.047434,17.269459,19.553362,16.567808,16.52235,13.598426,18.019352,16.041372,20.533958,21.440434,25.325148,28.035788,31.162294,31.581123,30.205921,25.43624,24.427465,19.556194,19.106363,13.107571,14.724026,11.064324,12.520657,14.105857,11.574861,9.718446,10.136092,10.643538,9.45168,12.423236,12.360373
12,34.117634,31.71713,30.3371,27.48561,24.47706,21.296577,19.110624,15.253207,12.482316,9.099605,4.6393204,3.7240388,0.0,4.0033097,4.693252,7.8761134,10.915202,13.83012,15.570038,20.630388,20.437737,25.3052,27.512877,30.705069,27.598814,32.79442,28.126904,28.24863,23.777317,24.971527,19.963133,22.019165,18.367064,21.037487,20.699938,20.528568,23.970509,23.76023,23.947714,23.946783,19.75816,22.017212,19.751335,21.161692,21.68232,22.07202,24.92238,25.026926,29.602573,28.078308,27.74012,27.676762,25.959879,29.051706,27.211563,31.10856,30.067505,31.641422,29.691856,29.593624,28.67471,24.36101,25.896416,23.166277,26.86961,24.207106,29.560452,28.183702,31.40586,30.703808,26.802895,26.125977,22.139318,20.588394,18.179739,16.768568,15.808648,14.275044,15.243143,14.917137,17.616264,17.690662,12.409939,14.022216,16.536293,14.087129,14.307649,12.415493,16.83701,16.171934,20.59542,22.280647,26.137848,29.435219,32.16308,32.416573,30.489185,26.099367,24.456738,20.185545,18.44124,12.901431,12.812809,9.755715,9.739477,10.859294,8.55251,7.402675,8.983652,10.665431,10.637814,14.005469,14.880049
13,35.779778,33.057434,31.545677,28.662909,25.19225,22.550272,19.472439,16.70176,13.658608,10.878275,7.150415,6.417529,4.0033097,0.0,3.9860854,7.3365006,11.513595,13.649151,16.368214,20.91676,21.794157,25.827204,27.849682,30.841486,27.297874,32.121162,27.416367,27.14049,22.716158,23.758585,18.397898,20.780678,15.95123,19.435595,17.987871,18.539984,21.320478,20.647549,20.44016,20.496828,16.468412,18.503214,16.856564,18.153448,19.320108,19.820522,23.12986,23.711533,28.005358,25.865046,25.577667,24.920265,23.354982,26.29169,24.113365,28.393764,26.960094,29.024017,27.387028,27.492205,26.030994,22.041765,23.846231,20.624746,24.841125,22.268505,27.748676,26.404078,30.129831,29.395649,25.447605,25.32045,21.101799,19.834763,16.906649,15.06696,13.324843,11.516269,11.702835,11.206845,13.7170515,13.999917,8.791279,11.014726,13.695883,11.296848,12.461402,10.759899,15.853212,15.4344845,19.890284,22.024164,25.663195,29.656012,32.004368,32.522682,30.1586,26.446,24.437853,20.860798,18.67816,13.551895,12.771079,9.340747,8.639,9.125481,5.5319366,4.849113,5.2288227,8.481411,8.864153,12.727177,14.310252
14,32.30376,29.69729,27.894148,25.37384,21.788988,19.054642,16.152796,13.167474,10.694538,7.530604,5.806243,4.391527,4.693252,3.9860854,0.0,4.3699203,7.56183,10.219924,12.46401,17.20668,17.97441,22.113382,24.002672,27.17482,23.974459,28.936106,24.45223,24.61141,20.135393,21.83862,16.46945,19.678509,16.247576,20.109503,19.188242,20.334265,23.392899,22.949299,22.224989,21.426699,16.890797,18.416142,15.960126,16.788347,17.171062,17.394255,20.268248,20.479609,24.981241,23.38601,23.090963,23.125612,21.609808,24.876602,23.62969,27.452814,26.930746,28.656866,26.905754,27.428158,26.766966,22.425861,23.410961,20.021053,23.340527,20.287184,25.611872,23.923048,27.277407,26.36234,22.39588,21.83994,17.81888,16.252245,13.616759,12.338421,11.224369,10.26484,11.577858,12.341012,15.416536,16.261496,11.491032,14.466539,16.406271,13.11561,13.583297,10.403265,15.512392,13.561597,18.177217,19.573,23.274479,26.802118,29.497808,30.185196,28.32302,24.253395,22.834175,18.688997,17.785862,12.096586,13.283234,8.985961,10.456729,11.902989,8.699293,6.4802346,6.136858,6.624572,5.9457703,9.501249,10.609468
15,28.986172,26.064064,24.512152,21.623755,17.937782,15.607989,12.160667,10.171095,7.1896224,5.7473435,6.0763507,7.2188835,7.8761134,7.3365006,4.3699203,0.0,5.72175,6.3901916,9.864534,13.789772,15.249844,18.65977,20.985353,23.6804,20.069822,25.078274,20.372782,20.474674,15.990872,17.639517,12.479124,15.742345,13.669092,17.498974,17.363792,18.885431,22.294226,22.372995,21.473457,19.950136,15.118212,16.973263,13.433275,15.085347,14.569618,15.435976,17.943678,18.612743,22.685978,21.472406,20.658125,21.086664,18.875244,22.086342,21.133018,24.35874,24.440224,25.537872,23.545202,24.178776,24.314339,19.651033,19.988403,16.906818,19.612026,16.609684,21.84125,20.410975,23.54593,22.994268,19.17795,18.89621,14.60686,13.9532585,11.484474,9.242313,9.539446,8.105889,10.960221,11.994936,15.637581,16.502666,12.431036,15.858624,16.445066,12.32264,11.8151655,7.5194054,12.21586,9.330624,13.950448,15.204986,18.910307,22.533115,25.137394,25.852474,24.02436,20.017075,18.70278,14.642661,14.284175,8.693599,11.300561,6.5515504,10.016213,12.303741,10.087972,6.7921815,8.162834,4.236822,5.415383,6.8592305,9.091934
16,25.473349,23.094385,20.73023,18.998697,15.261234,12.399808,10.167293,6.865208,6.8535933,4.392635,8.847594,8.188486,10.915202,11.513595,7.56183,5.72175,0.0,5.064305,4.950849,10.174908,10.624921,14.9314165,16.67289,20.140816,17.778206,23.030924,19.11934,20.301855,16.000038,18.993334,14.336505,18.68812,18.423607,22.317747,22.521103,24.356369,27.786135,27.83306,26.505438,24.43702,19.490986,20.262522,16.454716,16.63173,15.069186,14.8807535,16.278816,15.680254,20.329067,20.24532,19.755493,21.400763,19.838594,23.483337,24.056164,26.639585,27.882076,28.72143,26.75518,27.93119,28.828773,24.087656,23.50359,20.285212,21.478254,17.74944,22.315933,20.09536,22.319666,21.175406,17.400953,15.799611,12.458741,10.462316,9.222154,9.500679,10.729353,11.501834,14.581506,16.76805,20.30283,21.666836,17.736086,21.270725,22.11896,17.950891,17.283173,12.602292,16.481073,11.869848,16.028593,15.556668,19.155706,21.39115,24.78318,25.763752,25.065851,20.396946,20.364887,15.333215,17.298607,11.603673,16.037022,11.56903,15.52521,17.895807,15.467085,12.37894,12.12656,8.391864,6.565877,6.2297916,5.478216
17,23.702644,20.641607,18.72673,16.264406,12.077282,10.418411,6.31358,6.5149193,5.6684413,6.9883957,10.981082,12.070057,13.83012,13.649151,10.219924,6.3901916,5.064305,0.0,5.379965,7.5346885,10.28169,12.418318,14.853495,17.301842,13.812624,18.992067,14.564685,15.4025955,11.033924,13.951619,9.557472,14.152206,15.254847,19.139917,19.775269,22.122112,25.520733,25.940159,24.40362,21.718359,16.797956,17.82198,13.188298,14.359408,11.950077,12.830125,13.966688,14.50669,18.179802,18.17077,16.942846,18.696535,16.239872,19.64162,20.361017,22.314337,24.056152,24.322414,22.227634,23.583305,25.141895,20.343094,19.09884,16.186739,16.696674,13.115905,17.595654,15.810104,18.050186,17.496115,13.903392,13.222987,9.1586275,9.256082,7.9841504,6.285102,9.305037,9.442736,13.479903,15.64434,19.383133,20.707474,17.659195,21.470074,21.148508,16.574038,15.346923,10.294692,13.22141,7.605346,11.38078,10.774364,14.258853,17.134487,20.141985,21.290495,20.339272,16.191908,16.093367,11.7494755,14.189137,9.56547,14.6218605,10.423794,15.154843,17.7949,16.04543,12.640042,13.347796,7.421727,7.7600555,4.7566323,6.6602325
18,20.924217,18.674486,15.924372,14.825077,11.055861,8.260711,7.0611377,4.462144,7.325704,7.250527,12.746144,12.716586,15.570038,16.368214,12.46401,9.864534,4.950849,5.379965,0.0,5.836163,5.931379,10.195109,12.017085,15.576413,13.970452,19.39117,16.030432,18.011414,14.175988,17.862621,14.311446,18.852259,20.61667,24.199837,25.112236,27.17669,30.758581,31.131733,29.596706,26.935497,22.005873,22.5023,18.114637,18.158636,15.420116,15.176466,15.247307,14.206633,18.477991,19.631245,18.87887,21.57676,19.889833,23.507757,25.13054,26.741823,29.042952,29.195993,27.109404,28.592571,30.461063,25.635525,24.119793,21.321737,21.02067,17.16915,20.839315,18.462898,19.58682,18.448574,15.114028,12.734248,10.316527,8.5802555,9.120626,10.257822,12.93613,14.237259,17.8682,20.388233,24.018436,25.492487,22.009003,25.679276,25.944695,21.502851,20.279106,15.344401,18.055668,12.430886,15.613168,13.700043,16.934458,17.945456,21.793474,22.941029,23.158037,18.244167,19.280544,14.024517,17.869932,13.000218,18.639376,14.609394,19.25697,21.932041,19.939217,16.646755,16.701355,11.930403,10.5119,8.03394,6.488518
19,17.739803,14.96048,12.026815,11.238671,6.6908283,6.3842983,4.5774293,7.493978,10.258071,12.255729,17.461948,18.169436,20.630388,20.91676,17.20668,13.789772,10.174908,7.5346885,5.836163,0.0,5.8640094,5.0298204,7.509126,10.076124,8.211146,13.670431,10.714525,13.359546,10.357222,14.684443,12.662963,17.371561,21.066721,24.515486,25.795115,28.443243,31.821007,32.463974,30.55369,27.175056,22.515083,22.68283,17.868217,18.044128,14.205085,14.421673,13.181428,12.6888275,15.55751,17.71158,16.339012,19.845505,17.76782,21.051573,23.699858,24.120945,27.544918,26.962143,24.908504,26.863522,29.694195,25.056524,22.489109,20.127626,18.111639,14.383103,16.803474,14.495016,14.494477,13.685853,11.070724,8.730083,7.1982007,7.7406454,9.585109,10.404999,14.274546,15.709787,19.702671,22.43879,26.037306,27.63511,25.030703,28.94398,28.329157,23.671825,22.098808,17.14085,18.621016,12.385749,14.008754,10.738015,12.986831,13.250957,17.109432,18.758572,19.611706,15.357498,17.255869,12.99025,18.15873,14.915256,20.921522,17.363253,22.381163,25.172676,23.579657,20.168808,20.445013,14.647248,14.098621,10.126978,9.609626
20,15.29863,13.645651,10.582456,10.529293,7.980533,4.709227,7.6784525,5.9346037,10.357422,11.473196,17.032936,17.485348,20.437737,21.794157,17.97441,15.249844,10.624921,10.28169,5.931379,5.8640094,0.0,6.957395,9.219672,12.605291,12.741228,18.149393,15.730898,18.587788,15.6942215,19.436409,17.506565,21.249775,24.834047,27.5819,29.478134,31.238155,35.171326,35.97533,34.588444,31.685219,26.85139,27.47436,22.718258,22.980345,19.553308,19.388927,18.31673,16.850624,20.36074,22.786596,21.805765,25.316357,23.453629,26.820051,29.084425,29.742605,32.820488,32.16121,29.844675,31.289248,34.080624,29.173971,26.993439,25.026857,23.488335,19.97376,22.491941,20.33755,19.910784,19.06553,16.692272,13.582223,12.798241,11.759263,13.683527,15.02178,18.336105,19.575338,23.461044,25.885061,29.59143,30.933033,27.525713,31.048534,30.9614,26.443727,24.62187,19.849995,21.312416,15.63968,17.566648,14.336237,16.953232,15.742687,20.209238,21.15715,22.699932,17.302593,19.644194,14.2131405,19.681437,15.850612,22.13124,18.850784,23.788317,26.721039,25.26463,21.881998,22.547958,17.488874,16.43255,13.564614,11.9050865
21,13.661137,11.090736,7.551902,8.3855,4.8343773,6.607961,7.651776,10.895088,14.15961,16.55447,21.861753,22.745234,25.3052,25.827204,22.113382,18.65977,14.9314165,12.418318,10.195109,5.0298204,6.957395,0.0,4.531286,5.910761,6.4638047,11.419177,10.069098,13.62548,12.119716,16.297337,15.936695,19.909807,24.930439,27.826365,29.67599,32.26139,35.726845,36.63352,34.712048,31.08132,26.636068,26.720898,21.828886,22.004799,17.777767,17.980352,15.752348,14.993135,16.733799,20.009926,18.482689,22.610924,20.556091,23.441887,26.771168,26.23765,30.417002,29.167198,27.071386,29.128315,32.715916,28.200472,25.022219,23.328032,20.120422,16.875368,17.825443,15.77872,14.006675,13.520936,12.299366,9.56857,10.178055,11.24298,13.869213,14.916027,18.920788,20.390568,24.417248,27.141472,30.71371,32.28102,29.870077,33.74158,32.83652,28.153347,26.260603,21.47954,22.084436,16.032686,16.468496,12.231055,13.31753,11.254263,15.476512,17.232048,19.38478,15.332459,18.359863,14.621163,20.777596,18.500671,24.738604,21.66505,26.807129,29.71945,28.413628,24.962988,25.467064,19.563633,19.111395,15.065657,14.303298
22,15.661743,13.995505,9.477874,12.323513,9.333474,10.638152,11.424248,13.969816,17.51042,19.094362,24.567505,24.675299,27.512877,27.849682,24.002672,20.985353,16.67289,14.853495,12.017085,7.509126,9.219672,4.531286,0.0,4.96464,8.26094,11.580339,12.000356,15.739038,14.651052,19.314186,18.5902,23.379263,27.784397,31.32341,32.489216,35.542458,38.653618,39.190983,36.839283,33.041824,28.659811,27.908108,23.485334,22.504065,18.310076,17.64685,14.680696,12.967331,14.477927,18.527649,17.52563,22.135191,21.04137,24.04234,28.177982,27.64751,32.15266,31.323978,29.61544,32.124775,35.47817,31.188932,27.963453,25.651146,22.244957,18.63433,19.117325,16.304583,14.186765,12.63313,11.765476,7.91363,10.496882,10.54306,13.918145,16.279032,19.801779,22.126825,25.769262,28.996908,32.368904,34.299934,32.00654,36.080956,35.503567,30.852293,29.40954,24.46231,25.685982,19.448294,20.176281,16.124702,16.875914,14.912435,18.76292,20.906137,23.15485,19.64052,22.581337,19.010645,24.930708,22.250889,28.357988,24.869907,29.868246,32.60896,30.791498,27.452675,27.002153,21.571423,20.349823,16.374807,14.760951
23,14.601073,12.384329,8.815064,11.385148,9.143169,12.2434435,12.708552,16.7503,19.745356,22.211304,27.438055,28.193487,30.705069,30.841486,27.17482,23.6804,20.140816,17.301842,15.576413,10.076124,12.605291,5.910761,4.96464,0.0,5.9844675,7.6872144,9.508555,13.429306,13.740515,17.896818,18.671095,22.716038,28.25764,31.317366,32.89863,36.05743,39.068176,39.905796,37.533337,33.44885,29.421051,28.818941,24.240625,23.861048,19.366688,19.411978,16.15627,15.530412,15.435122,19.657885,18.047195,22.686382,21.052933,23.416529,27.82549,26.319231,31.400736,29.857328,28.15006,30.753876,34.774693,30.744507,26.949032,25.347034,20.918737,18.031723,17.20791,15.116359,11.643094,11.120161,11.719471,9.367863,12.030488,13.80531,16.818966,18.166237,22.06674,23.933691,27.720648,30.72723,34.05543,35.85882,34.08121,38.14141,36.926933,32.260662,30.513916,25.834572,26.122162,20.16572,19.75123,15.347304,14.927935,12.063957,15.365946,17.789707,20.563086,18.032585,21.369463,18.972958,25.119217,23.612974,29.624477,26.628584,31.70585,34.509308,33.13053,29.74991,29.818089,23.879244,23.413383,19.08622,18.391754
24,17.212688,13.703765,11.663601,11.040776,7.392559,11.106852,9.224302,14.785239,16.556772,19.663063,24.27909,25.643734,27.598814,27.297874,23.974459,20.069822,17.778206,13.812624,13.970452,8.211146,12.741228,6.4638047,8.26094,5.9844675,0.0,5.7512894,3.858872,7.7352343,7.842997,11.934013,13.028531,16.90963,22.648369,25.641958,27.217606,30.493498,33.361523,34.321873,32.027645,27.914408,24.032639,23.862066,19.04782,19.617538,15.087648,16.167599,13.68639,14.610531,14.462902,17.42564,15.123222,19.084578,16.444115,18.622616,22.419575,20.915586,25.774422,24.073444,22.237617,24.789116,28.812405,24.81756,20.9656,19.544252,15.095053,12.427688,11.962681,10.485953,7.951037,8.681021,8.592742,8.354305,8.738304,12.268694,14.226863,14.018754,18.21487,19.361855,23.272673,25.91931,29.22437,30.83581,29.456303,33.45736,31.775898,27.158289,25.332073,20.89691,20.794336,15.065642,14.208933,10.062998,9.446549,8.722592,11.487392,14.169036,15.746699,13.770505,16.398252,14.805561,20.315567,19.393606,24.957348,22.193386,27.143913,29.871252,28.806787,25.482206,26.037386,19.727453,20.166695,15.672248,16.309954
25,20.042747,16.816883,15.0457945,15.310821,12.675325,16.683432,14.876255,20.515575,22.133108,25.210436,29.673508,30.947762,32.79442,32.121162,28.936106,25.078274,23.030924,18.992067,19.39117,13.670431,18.149393,11.419177,11.580339,7.6872144,5.7512894,0.0,5.5897274,8.313173,10.870107,14.094992,16.32476,19.893589,25.793837,28.83971,30.045776,33.842934,36.125862,37.00138,34.292797,29.805927,26.561872,25.73165,21.486591,21.598864,17.130024,18.161728,15.011442,16.377172,14.220331,17.597542,15.146955,19.21329,16.983604,18.264029,23.050081,20.387474,26.122978,24.100208,22.813307,25.911242,30.262152,26.980099,22.62329,21.408463,15.827769,13.991314,11.161731,10.089618,5.193196,6.8326645,9.384746,10.387702,12.141607,15.914568,17.913458,17.841978,21.651014,23.018497,26.51706,29.287834,32.23367,34.010185,33.357883,37.44422,35.43139,30.968605,29.348505,25.212639,24.805258,19.550364,17.978685,14.273363,12.232029,11.316448,12.279971,15.53336,17.31566,17.26338,19.822334,19.60291,24.721468,24.511314,29.651466,27.048218,31.77811,34.32517,33.245705,30.077421,30.267576,24.114758,24.594702,20.074478,20.79898
26,20.001041,16.10562,14.944144,13.26139,9.818847,13.564455,10.537523,16.629454,17.443935,20.87448,24.885216,26.622902,28.126904,27.416367,24.45223,20.372782,19.11934,14.564685,16.030432,10.714525,15.730898,10.069098,12.000356,9.508555,3.858872,5.5897274,0.0,3.9345534,5.5129256,8.892973,11.070976,14.463097,20.528393,23.394758,24.887764,28.41513,30.962645,32.019016,29.658205,25.387463,21.902296,21.869585,17.11432,18.339834,13.927843,15.800194,13.764507,15.801346,14.940899,17.074478,14.296769,17.624834,14.31643,15.907993,19.510622,17.490717,22.5285,20.483135,18.706554,21.420639,25.65773,21.964466,17.807346,16.73125,11.678181,9.711089,8.489851,8.063671,5.8787007,8.109008,8.406506,10.112821,9.461655,13.904954,15.068324,13.742143,17.851952,18.457745,22.239523,24.595144,27.720106,29.216747,28.423374,32.363358,30.19552,25.710459,23.882334,19.85035,19.222,14.067613,12.409004,8.874558,7.197785,8.491185,9.736338,12.741374,13.37983,12.819555,14.77547,14.573503,19.264769,19.195114,24.133377,21.709385,26.40021,28.981936,28.191158,25.010857,25.818888,19.42195,20.54918,16.106903,17.6569
27,23.191654,19.056252,18.487122,15.984956,12.679758,16.1223,12.263706,18.408121,18.277744,21.868057,25.162668,27.23267,28.24863,27.14049,24.61141,20.474674,20.301855,15.4025955,18.011414,13.359546,18.587788,13.62548,15.739038,13.429306,7.7352343,8.313173,3.9345534,0.0,4.485975,5.963976,9.307752,11.931342,18.078798,20.796602,22.137182,25.887463,28.07815,29.22206,26.844326,22.485804,19.454594,19.68417,15.073758,17.133284,13.125965,15.794458,14.506935,17.442554,16.257797,17.320929,14.229982,16.567993,12.524461,13.407065,16.429466,13.987649,19.021173,16.63857,14.881636,17.74286,22.107594,18.73325,14.333664,13.6480465,8.06689,7.2387853,5.4382515,6.871624,6.4309034,9.478899,9.671236,12.644652,10.990868,15.800132,16.125904,13.702417,17.505758,17.437677,20.984486,22.930298,25.829628,27.1559,26.957912,30.767988,28.131393,23.853174,22.06833,18.572443,17.450762,13.1677475,10.815737,8.561317,6.181104,9.944614,9.5955515,12.509442,11.689654,12.6216755,13.498629,14.678912,18.171064,18.893736,23.006996,20.96924,25.26341,27.641752,27.145767,24.179478,25.264164,18.95575,20.77259,16.592775,18.973148
28,22.998014,18.924915,17.986267,15.112151,11.072482,13.51834,8.779922,14.632279,14.145658,17.55401,20.761974,22.766142,23.777317,22.716158,20.135393,15.990872,16.000038,11.033924,14.175988,10.357222,15.6942215,12.119716,14.651052,13.740515,7.842997,10.870107,5.5129256,4.485975,0.0,5.0387974,5.559698,9.794899,15.077278,18.359312,19.518255,23.117645,25.655146,26.644201,24.421492,20.344696,16.628656,17.198957,12.108647,14.409795,10.443643,13.198926,12.702481,15.457877,15.643852,16.179188,13.362883,15.480434,11.364118,13.284253,15.4685545,14.606704,18.578724,17.058325,15.038381,17.506351,21.08088,17.055872,13.397982,11.779717,8.059285,5.5027184,7.505438,7.4824743,8.993706,10.603851,8.957301,11.347011,8.23131,12.786911,12.59333,9.652902,13.6847315,13.448664,17.307684,19.299332,22.481627,23.81324,23.067347,26.942736,24.686209,20.21971,18.496376,14.552072,14.185713,9.149692,7.977563,6.044238,6.078072,10.778358,11.784336,14.054945,12.772399,11.885041,12.204629,12.005599,15.262086,14.98871,19.28907,16.809248,21.23845,23.685263,22.979622,19.911526,21.024025,14.602892,16.46603,12.360403,15.02222
29,25.32505,20.971895,21.135826,17.211355,14.073119,16.472225,11.92346,17.411142,15.858309,19.703472,21.864897,24.638746,24.971527,23.758585,21.83862,17.639517,18.993334,13.951619,17.862621,14.684443,19.436409,16.297337,19.314186,17.896818,11.934013,14.094992,8.892973,5.963976,5.0387974,0.0,5.844278,5.996979,12.896336,14.895987,16.881641,20.157045,22.658838,24.207188,22.464933,18.546665,15.520037,17.25914,12.338748,16.32881,13.261021,16.715704,16.926243,20.13093,20.021637,19.872593,16.886614,17.895979,13.055044,13.80569,14.280641,12.875946,16.2207,13.635077,11.027262,12.95222,17.255953,13.346456,9.186507,9.530105,5.8272963,6.504579,8.079465,10.326295,12.063507,14.574969,13.486126,16.334665,13.071676,17.494478,16.733814,12.771607,16.247433,14.68536,18.267876,19.217396,22.180223,22.92272,22.773178,26.18595,23.094152,18.964142,16.784887,13.987666,11.917666,9.002244,5.7416053,6.1485424,5.091653,11.46312,10.809373,12.4492035,9.439792,10.385027,9.269275,11.506221,13.132272,14.760227,17.880983,16.554909,20.43725,22.748375,22.920273,20.127924,22.290459,16.077698,18.987593,15.526676,18.868507
30,26.904709,22.862288,22.080944,18.593761,14.557719,15.63065,10.244693,14.600337,12.553628,15.522149,17.414013,19.661518,19.963133,18.397898,16.46945,12.479124,14.336505,9.557472,14.311446,12.662963,17.506565,15.936695,18.5902,18.671095,13.028531,16.32476,11.070976,9.307752,5.559698,5.844278,0.0,6.7548947,9.689612,13.775537,14.248242,17.983189,20.455872,21.301836,19.26561,15.537059,11.477004,13.036701,7.6556554,11.625281,9.027791,12.448071,13.774794,16.858166,17.950905,16.944195,14.457478,14.972636,10.523563,12.549959,12.491597,13.42098,15.547836,14.944751,12.815511,14.734803,17.087147,12.695304,10.205344,7.5985775,7.3773203,5.116242,10.049231,10.302954,13.690289,14.766291,12.177107,14.615572,10.233552,13.830497,12.14176,7.478754,10.622723,8.895868,12.698929,14.051624,17.28989,18.38004,17.721745,21.504414,19.140245,14.706561,13.2288065,9.493401,9.779253,5.594785,6.02685,7.583938,9.261217,15.005655,15.763555,17.304274,14.607551,13.561613,12.043232,11.848479,12.619252,11.983005,14.980268,12.451071,16.308266,18.497913,17.888063,15.052105,16.560406,10.385439,13.319133,10.214339,14.040598
31,28.196947,23.904823,24.5345,19.792973,17.022749,18.18577,13.658873,17.62367,14.6724825,18.37908,19.035715,22.490843,22.019165,20.780678,19.678509,15.742345,18.68812,14.152206,18.852259,17.371561,21.249775,19.909807,23.379263,22.716038,16.90963,19.893589,14.463097,11.931342,9.794899,5.996979,6.7548947,0.0,8.484519,9.055377,12.22258,14.511491,17.631119,19.695755,18.93926,15.929742,12.987734,16.508743,11.856651,17.26704,15.445259,19.066319,20.42866,23.545414,24.349268,23.38236,20.701195,20.72263,15.841964,16.577187,14.60005,14.754524,15.696384,13.472758,10.286542,10.29145,13.784375,9.04708,6.4569287,8.21618,8.848123,10.027889,13.253505,15.315969,17.871408,19.989893,18.174784,20.665958,16.590494,20.21875,18.635952,13.846928,16.50345,13.470469,16.752138,16.385977,19.332062,19.282436,19.015604,21.802368,18.27542,14.42776,11.659178,10.125182,6.5272117,6.900638,3.8342822,8.129146,9.116012,15.202038,14.718348,15.129389,10.937816,11.131752,7.691924,10.417643,8.747649,11.460816,12.849044,12.637504,15.748705,17.936493,18.989723,16.52568,19.972626,14.385019,18.243711,15.9481,19.837612
32,34.876656,30.838812,30.678349,26.405323,22.957722,23.003716,18.030106,20.22363,16.420038,18.338226,17.06054,19.882137,18.367064,15.95123,16.247576,13.669092,18.423607,15.254847,20.61667,21.066721,24.834047,24.930439,27.784397,28.25764,22.648369,25.793837,20.528393,18.078798,15.077278,12.896336,9.689612,8.484519,0.0,6.5173707,4.7504025,8.753332,10.879209,11.950145,11.130316,9.118303,6.0186825,11.153027,8.411032,14.24003,14.797321,18.132885,21.081768,24.290934,25.812319,23.261383,21.296816,19.635426,15.608905,16.468828,12.106341,15.293829,13.152469,13.845252,11.927191,11.612899,10.669619,6.2064238,8.387697,6.744835,12.391535,12.746493,17.438307,18.54528,22.69669,23.81005,21.09789,23.639977,18.958513,21.415731,18.58195,13.546412,13.820955,9.583701,10.976297,8.977637,11.386271,10.88375,11.41518,14.03936,10.3327875,6.806362,5.921566,6.599893,6.6882977,9.614595,10.7294445,15.037576,16.89961,22.99935,22.987852,23.581497,19.37339,19.04233,15.419553,16.347755,12.439835,12.771941,10.927125,10.309354,10.903184,11.834781,12.599859,11.287306,14.371991,11.104496,15.422483,15.117435,19.422144
33,35.660637,31.567398,32.417458,27.344484,24.853025,24.909838,20.66227,22.660269,18.53275,21.07415,19.145521,22.94596,21.037487,19.435595,20.109503,17.498974,22.317747,19.139917,24.199837,24.515486,27.5819,27.826365,31.32341,31.317366,25.641958,28.83971,23.394758,20.796602,18.359312,14.895987,13.775537,9.055377,6.5173707,0.0,6.638163,5.8449783,9.8002405,12.852947,14.19054,13.508194,12.066741,17.381725,14.712286,20.662216,20.734705,24.204744,26.75678,29.873383,31.292885,29.221863,26.986828,25.651878,21.230799,21.592756,16.996754,18.956398,16.553486,15.608845,13.006053,10.457082,10.2802925,6.1305118,9.099582,11.280196,15.681066,17.191513,21.034891,22.998632,26.394077,28.173035,25.874655,28.306108,23.744898,26.470264,24.007639,18.961618,19.88185,15.6027155,17.217169,14.593713,16.570877,14.9749365,15.291588,16.385048,11.861149,9.845575,7.0475183,10.057023,6.353143,12.173086,11.754405,16.447319,18.015602,23.709578,23.142488,22.840773,18.1527,18.266739,13.861319,16.140072,10.411759,13.343106,9.897107,12.072472,11.921743,12.8931265,15.606255,14.612605,19.287743,16.163862,20.606663,20.254705,24.390667
34,39.416016,35.342075,35.359974,30.94373,27.636702,27.650078,22.754108,24.679518,20.678505,22.241581,20.080282,22.820612,20.699938,17.987871,19.188242,17.363792,22.521103,19.775269,25.112236,25.795115,29.478134,29.67599,32.489216,32.89863,27.217606,30.045776,24.887764,22.137182,19.518255,16.881641,14.248242,12.22258,4.7504025,6.638163,0.0,5.9531364,6.2597103,7.4903297,7.653677,7.365979,6.959195,12.318066,11.5461235,17.004467,18.43569,21.677557,24.91901,28.283464,29.625164,26.569632,24.745163,22.336477,18.621927,18.810999,13.212487,16.785429,12.8552885,14.165377,12.852117,11.621275,8.298338,5.7475433,10.0902405,9.417731,15.555515,16.637138,20.897907,22.321419,26.667614,27.859762,25.27624,28.054535,23.412949,25.762842,22.728458,17.822744,17.364708,13.136508,13.13777,9.939903,10.849052,9.27257,11.423472,12.814436,8.134883,6.929591,7.3442235,10.3595915,10.120076,14.242507,15.013618,19.503725,21.073324,27.265774,26.823387,27.23945,22.624031,22.940025,18.932173,20.477377,15.6381,16.53354,13.060492,13.494225,12.273369,12.037357,13.483704,13.375479,16.38101,14.760746,18.932234,19.288202,23.542233
35,40.57198,36.630756,37.204468,32.284264,29.600845,29.10989,24.860813,25.895084,21.5026,23.006823,19.812956,23.188559,20.528568,18.539984,20.334265,18.885431,24.356369,22.122112,27.17669,28.443243,31.238155,32.26139,35.542458,36.05743,30.493498,33.842934,28.41513,25.887463,23.117645,20.157045,17.983189,14.511491,8.753332,5.8449783,5.9531364,0.0,5.457804,8.590784,11.582898,12.9684725,12.533532,17.96274,16.783745,22.24393,23.401415,26.524466,29.698683,32.700607,34.512444,31.797298,29.967232,27.935822,24.111572,24.500555,19.07072,22.178545,18.333166,18.78174,16.952927,14.389462,11.5442505,9.2649555,13.680302,14.586123,20.136889,21.289614,25.555326,27.13088,31.054722,32.430595,29.776651,32.111065,27.3722,29.45931,26.539486,21.689928,21.486134,17.035448,17.334734,13.625017,14.575064,12.022119,12.80212,12.4608965,7.5901093,8.028193,7.0881605,11.919274,10.497317,16.235695,16.955826,21.61023,23.5216,29.234865,28.903734,28.634836,23.994982,23.785345,19.44653,20.909838,14.768343,16.35052,11.099629,13.476978,10.928845,10.362518,13.625048,14.001368,18.523932,17.45349,21.696732,22.505566,26.544966
