,0,1,2,3,4,5,6,7,8,9,10,11,12,13,14,15,16,17,18,19,20,21,22,23,24,25,26,27,28,29,30,31,32,33,34,35,36,37,38,39,40,41,42,43,44,45,46,47,48,49,50,51,52,53,54,55,56,57,58,59,60,61,62,63,64,65,66,67,68,69,70,71,72,73,74,75,76,77,78,79,80,81,82,83,84,85,86,87,88,89,90,91,92,93,94,95,96,97,98,99,100,101,102,103,104
0,0.0,4.400836,5.9166207,10.639351,11.933507,13.350032,12.841642,9.098507,8.518978,10.490485,12.486106,15.636719,17.005732,19.582426,17.108408,14.635576,13.885267,13.623685,12.938024,15.407635,12.422774,17.568632,21.413239,22.79212,20.396185,26.690926,23.171953,24.724125,20.70197,22.636269,19.546537,21.295008,21.543428,22.366701,25.69605,24.368334,29.434498,30.29529,29.416975,28.825058,24.225082,26.422216,22.759422,24.119072,22.979753,22.981,24.596582,24.03304,28.64981,28.578697,27.894934,29.133389,27.051943,30.371994,28.060396,32.65738,33.237232,33.235863,30.310062,30.754896,31.305017,26.508102,26.418354,24.394926,26.457554,23.84086,28.313,24.297506,28.994215,29.051573,25.621243,24.46662,20.822456,19.291315,18.096157,17.61279,18.57022,17.99173,20.868904,20.987555,24.308754,24.157595,19.90492,21.785742,22.12756,17.907055,16.882704,13.473786,16.24848,14.220374,17.639051,18.158056,22.02178,22.60052,19.126339,21.249035,16.159138,17.447784,13.013024,13.727237,11.672015,13.729719,12.175805,6.234353,7.1423254
1,4.400836,0.0,5.0646563,6.94095,9.348827,10.689752,10.037623,8.500433,7.489362,11.149088,13.473418,17.06472,18.197939,20.003595,17.44581,14.091629,13.875738,12.025323,12.4787035,13.46304,11.783689,15.362479,19.560257,20.212608,17.187986,23.43644,19.613861,21.03219,17.19774,18.808052,16.427916,17.66574,19.226778,19.729603,23.576199,22.671001,27.663103,28.979645,28.118458,27.124346,22.407047,24.994831,20.743666,22.837538,21.175678,21.760548,23.107098,23.059793,27.138975,27.271086,26.129107,27.52894,24.847818,27.969505,25.883852,29.749275,30.657787,30.080153,26.985916,27.321712,28.501032,23.49657,22.970991,21.506926,23.041826,20.792986,25.013775,21.301407,25.86633,26.38613,23.22031,22.489624,18.751738,18.18072,17.121386,15.8779125,17.705488,16.714117,20.19414,20.30173,23.844208,23.612492,20.0667,22.088694,21.355528,16.945854,15.106188,11.50974,13.173137,10.788328,13.632185,14.040438,17.879168,18.521482,14.766805,16.896694,11.830343,13.477067,9.116177,10.865222,10.5945425,12.322003,9.289108,3.2737377,7.5102744
2,5.9166207,5.0646563,0.0,6.599911,6.614476,9.175969,10.424442,8.573255,10.108021,13.152479,16.747583,19.466417,21.33243,23.382414,20.33151,17.175358,15.265529,13.821768,12.374564,12.676829,9.239881,13.263819,17.418043,18.016293,16.40111,22.5175,19.756006,22.008913,18.587297,21.146788,19.084288,21.248322,23.464464,24.458027,28.059216,27.571241,32.450115,33.653637,32.427017,31.06075,26.19612,28.077637,23.716707,25.045715,22.725412,22.663269,23.248634,22.317238,26.60739,27.580591,26.6733,28.834784,26.613163,30.00144,28.59483,32.390507,34.042892,33.3644,30.334122,31.07531,32.68656,27.676956,26.561413,24.873589,25.46421,22.747887,26.373178,22.020039,26.061462,26.32675,23.329344,21.619781,18.734222,17.442719,17.319088,17.453405,19.576801,19.632658,23.222485,24.062778,27.688879,27.850494,24.19064,26.52397,26.100916,21.55722,19.970125,15.947494,17.709734,14.106635,16.548756,15.525913,19.14441,18.523638,15.965943,19.386793,14.360689,17.288559,13.248868,15.694031,15.569986,17.203798,13.775842,8.327863,12.011635
3,10.639351,6.94095,6.599911,0.0,3.9951577,5.377323,6.493781,9.113009,10.0335455,14.294588,18.00747,20.965298,22.519512,23.500307,20.429491,16.448465,15.247771,11.800378,12.140804,9.87246,9.664744,10.029288,14.550408,13.978502,11.018906,17.070654,13.771207,15.875897,12.868233,15.205542,14.345378,16.198141,20.251232,21.253632,24.991848,25.431204,29.883644,31.530458,30.142597,28.119884,23.25264,25.362381,20.365166,22.512772,19.458904,20.23274,20.376612,20.358946,23.628666,24.81464,23.242517,25.592348,22.607433,25.642792,24.724245,27.398918,29.649422,28.236828,25.111744,25.943825,28.43326,23.373919,21.449564,20.39299,19.928165,17.686338,20.74971,16.862558,20.627745,21.56943,19.035732,18.118208,15.168174,15.575865,15.63754,14.687162,17.956055,17.61397,21.79305,22.76493,26.53213,26.73527,24.165325,26.765236,25.088072,20.484417,18.231956,14.127972,14.418487,9.870289,10.981011,9.106344,12.598866,12.109347,9.693016,13.471297,9.362918,12.884645,9.847096,13.739789,15.452477,17.074026,12.511129,8.624235,13.943298
4,11.933507,9.348827,6.614476,3.9951577,0.0,4.0166993,7.3824596,9.3206215,11.849262,15.4374695,19.925924,22.233717,24.311115,25.498726,22.084146,18.382622,15.937159,13.10256,11.842622,9.007837,7.44544,7.682694,12.155805,11.68206,10.386325,16.20907,14.129044,16.984142,14.389663,17.623777,16.68884,19.498638,23.436735,25.001266,28.310242,29.029839,33.393707,34.822594,33.093468,30.837206,25.906662,27.33199,22.439116,23.778677,20.324955,20.44938,19.96311,19.145563,22.585447,24.456055,23.165155,26.106342,23.675108,26.93681,26.552336,29.34108,32.106766,30.822998,27.870203,29.117647,31.699392,26.761257,24.543991,23.0629,22.025879,19.289251,21.846159,17.374226,20.628962,21.175615,18.766266,16.896122,14.814868,14.483279,15.371403,15.706737,18.98717,19.529999,23.639566,25.178917,28.969387,29.509855,26.76953,29.640303,28.339525,23.616993,21.746534,17.313211,18.162796,13.046819,14.230817,11.487243,14.495563,12.961832,12.197277,16.649597,12.962414,16.783993,13.83863,17.64185,18.798187,20.694828,16.283535,11.766521,16.714746
5,13.350032,10.689752,9.175969,5.377323,4.0166993,0.0,4.1750855,7.7745023,10.478126,13.840142,18.645378,20.521616,22.693737,23.404982,19.847548,16.10678,13.415499,10.165428,9.198896,5.2022524,6.0412784,4.811436,9.247598,9.608033,7.4187665,13.566742,11.1738825,13.978705,11.1557665,15.044434,13.64897,17.524216,21.222204,23.688477,26.198055,27.63727,31.618923,32.84132,30.670248,28.035248,23.12645,24.05899,19.177149,20.226664,16.503489,16.637892,16.023018,15.499388,18.758211,20.51935,19.156923,22.157124,19.81445,23.137077,23.006754,25.89199,28.918089,27.862219,25.1293,26.880138,29.3634,24.666548,22.206629,20.15658,18.88963,15.756627,18.34359,13.613656,17.122036,17.418705,14.819033,13.136469,10.809366,10.877747,11.812477,12.169722,15.737318,16.626673,20.781103,22.764116,26.54367,27.411438,25.107716,28.370207,26.90811,22.13636,20.610703,15.871875,17.053019,11.124536,12.539142,9.707447,12.608621,12.033941,12.120711,16.086262,13.532284,16.554518,13.9705305,17.808882,18.542995,21.286425,17.245111,12.439251,17.292603
6,12.841642,10.037623,10.424442,6.493781,7.3824596,4.1750855,0.0,6.1363745,7.511162,10.999322,15.453404,17.427557,19.31673,19.642944,16.203875,12.276501,10.340548,6.3094525,7.205519,4.389702,7.443095,7.388718,10.919308,12.111132,8.321447,14.462457,10.785665,12.597624,8.793826,12.485764,9.957564,14.343883,17.229801,20.211336,22.229715,23.893555,27.721066,28.799244,26.518528,23.896738,18.975315,20.022375,15.140489,16.492788,13.149512,13.755477,14.004199,14.381363,17.646887,18.396273,16.903484,19.20603,16.589308,19.92077,19.256021,22.619337,25.17947,24.492947,21.821873,23.663683,25.659964,21.069334,18.913084,16.375372,15.923819,12.648062,16.1833,11.702301,16.171646,16.393692,13.288032,12.68696,9.014114,9.69919,9.41077,8.474219,12.090571,12.543892,16.774534,18.677841,22.45309,23.34762,21.307178,24.6922,23.080873,18.32827,17.039864,12.186537,13.788108,7.582533,9.92593,8.407895,11.680554,12.9181,12.166209,14.876791,12.827192,14.539253,12.016057,15.453074,15.646414,19.056599,15.654916,10.798804,15.280491
7,9.098507,8.500433,8.573255,9.113009,9.3206215,7.7745023,6.1363745,0.0,4.543276,6.4060726,11.630828,13.106522,15.575742,16.967737,13.315618,10.304341,6.982783,6.22538,4.0465527,7.0464416,5.730827,10.692621,13.651336,16.259806,13.863598,19.872854,16.720299,18.446877,14.367185,17.757788,13.867682,18.273222,18.76274,21.982517,23.581532,24.408104,28.590397,29.062075,26.803034,24.899027,20.022066,20.698631,16.788008,17.008213,14.949558,14.430413,15.603733,14.974932,19.56314,19.671244,19.08901,20.844597,19.28171,22.936163,21.524317,26.322313,27.98988,28.29772,25.811827,27.546038,28.401968,23.960646,22.829649,19.522488,20.595482,16.98031,21.195044,16.555344,21.247944,20.656725,17.027716,15.684347,12.05379,10.223286,9.151775,9.701488,11.30774,12.336251,15.77182,17.661585,21.309528,22.302494,19.114166,22.506067,22.24439,17.46269,17.136389,12.162652,15.678409,10.723804,14.539866,14.157698,17.671144,18.792093,17.335224,19.796415,16.580317,17.79117,14.183546,16.36375,14.402465,18.489887,16.302853,9.784656,12.672771
8,8.518978,7.489362,10.108021,10.0335455,11.849262,10.478126,7.511162,4.543276,0.0,4.602294,8.248588,10.988369,12.574504,13.768077,10.608569,7.0874043,6.651406,5.3289075,6.9506836,9.98128,10.179675,14.056564,17.168816,19.330494,15.793794,21.800188,17.695478,18.562113,14.125461,16.376587,12.039416,15.481456,14.956012,17.878906,19.603045,19.99378,24.333973,24.874815,22.979488,21.521837,16.700602,18.27384,14.461828,15.690706,14.585519,14.945816,17.061115,17.471077,21.642002,20.831366,19.974482,20.780567,18.642872,21.975163,19.67859,24.63896,25.41826,25.868504,23.292744,24.58162,24.912903,20.456734,20.020674,16.865398,19.131699,16.084291,20.970625,17.141077,22.279564,22.062178,18.384663,18.14918,13.779282,13.00913,10.872727,9.296462,10.3285,9.7404785,13.136109,14.1157,17.789885,18.356733,15.132897,18.31054,17.814035,13.028333,12.67442,7.802803,11.851108,8.123574,12.577189,13.687074,17.346952,19.466835,16.888618,18.18608,15.047828,15.021509,11.391607,12.6996765,10.084231,14.639353,13.253796,7.16249,9.299404
9,10.490485,11.149088,13.152479,14.294588,15.4374695,13.840142,10.999322,6.4060726,4.602294,0.0,5.62366,6.799675,9.196836,10.951628,7.476656,5.687651,4.1303587,6.715749,6.926611,12.0303135,11.696907,16.560081,18.85577,21.96668,18.94144,24.645668,20.869833,21.63293,17.18052,19.647863,14.535686,18.63101,16.247435,20.033785,20.493614,20.930174,24.940985,24.732845,22.443972,21.268127,16.774586,17.380873,14.734087,14.58897,14.552319,14.092732,16.837255,16.92134,21.513212,20.031445,19.831211,20.100725,18.950832,22.398619,19.836502,25.771473,26.105007,27.476585,25.325169,26.939064,26.390596,22.486856,22.530237,18.518497,21.443537,18.026426,23.084768,19.19352,24.374308,23.498997,19.561157,19.151562,14.925315,13.122332,10.423441,9.8383465,8.911568,9.204085,11.334047,12.755718,16.07968,17.125053,13.418517,16.961842,17.63924,13.19206,14.242802,9.888051,14.956203,11.896969,16.523026,17.800228,21.264849,23.572735,21.375845,22.484434,19.587303,19.109308,15.591582,16.102503,11.940462,17.115124,16.921047,10.896477,11.063376
10,12.486106,13.473418,16.747583,18.00747,19.925924,18.645378,15.453404,11.630828,8.248588,5.62366,0.0,4.7312517,4.7251644,7.1950183,5.6092663,5.7472677,8.53213,10.688375,12.437729,17.18728,17.16898,21.78422,24.215025,27.071064,23.456436,29.09089,24.74998,24.831371,20.323364,21.62772,16.409739,19.075472,14.647901,17.875988,17.939365,17.33813,21.386835,20.826962,19.130291,19.09861,15.252534,16.705883,15.15225,15.69673,17.178919,17.347298,20.815794,21.566267,25.774265,23.433565,23.186756,22.354027,21.015356,23.929472,20.350931,26.529346,25.496717,27.370451,25.34219,26.359455,24.711266,21.222029,22.466297,18.685253,23.035852,20.354765,25.795618,22.767479,28.123299,27.473963,23.588081,23.927559,19.408154,18.201319,15.070217,13.257758,11.310934,9.814539,10.372732,9.9286,12.652384,13.033355,8.475387,11.5993,13.163195,9.384977,11.502197,8.896614,14.277908,13.686066,18.255278,20.731916,24.137823,27.094511,24.019701,24.040365,21.244333,19.514166,16.27799,15.19584,9.551229,14.949291,16.590586,12.056917,9.831475
11,15.636719,17.06472,19.466417,20.965298,22.233717,20.521616,17.427557,13.106522,10.988369,6.799675,4.7312517,0.0,3.6818364,6.3568664,4.36732,7.1897793,8.056133,11.966575,12.603234,18.046875,17.962376,22.837734,24.493124,28.085333,24.994629,30.27598,26.404964,26.580645,22.179068,24.064104,18.433039,22.187046,17.245605,21.503088,20.315401,20.472404,23.801643,22.54379,20.102436,19.851166,16.408367,16.292744,15.799414,14.664288,16.744614,16.052076,19.714693,20.118814,24.455433,21.711554,22.089434,20.992342,20.73907,23.764473,20.426874,27.234428,26.309492,28.886635,27.310772,28.922655,26.925203,23.981218,25.063744,20.504711,24.703238,21.534752,26.807802,23.582514,28.777624,27.509485,23.527956,23.620205,19.482496,17.568962,14.348071,13.63954,10.50691,10.48081,9.744492,10.565428,12.649233,14.010162,9.924247,13.501643,15.857676,12.685932,15.500052,12.804104,18.27244,16.875704,21.485441,23.562418,26.783878,29.726435,27.373613,27.655718,25.187494,23.646454,20.515306,19.784607,14.255198,19.668869,21.197514,16.18243,14.289021
12,17.005732,18.197939,21.33243,22.519512,24.311115,22.693737,19.31673,15.575742,12.574504,9.196836,4.7251644,3.6818364,0.0,4.005688,4.670053,7.827597,10.778438,13.76851,15.471368,20.512562,20.83354,25.36346,27.24981,30.524763,26.936941,32.196968,27.914438,27.65949,23.264437,24.407232,18.879606,21.69073,15.7626915,19.600632,18.13203,17.745647,20.956617,19.513699,17.489101,17.979113,15.038682,15.661398,15.701725,15.375819,18.10234,18.056831,21.986168,22.942272,26.906622,23.796,23.92843,22.258598,21.60846,24.219133,20.301195,26.997595,25.250391,28.001507,26.484356,27.688606,25.097742,22.4519,24.203625,19.940928,24.874308,22.256449,27.692696,25.053614,30.337633,29.352032,25.464087,26.098644,21.70495,20.406254,17.004477,15.332889,12.198222,10.897881,9.431839,8.706712,10.212061,11.034639,6.5548034,9.910418,12.742316,10.292821,13.662115,12.152093,17.393192,17.301018,21.740803,24.46731,27.612652,30.958174,28.112902,27.728792,25.46011,23.21509,20.403933,18.930624,13.08062,18.341091,20.714676,16.705036,14.044584
13,19.582426,20.003595,23.382414,23.500307,25.498726,23.404982,19.642944,16.967737,13.768077,10.951628,7.1950183,6.3568664,4.005688,0.0,3.9808693,7.3739686,11.392374,13.661424,16.343119,20.791061,22.182087,25.802633,27.406425,30.59435,26.629406,31.428408,26.992928,26.241945,22.055605,22.794918,17.22932,20.01005,13.285823,17.902485,15.253331,15.793428,18.2679,16.544922,13.927434,14.198526,11.631986,12.009108,12.829634,12.639488,16.083342,16.540499,20.723087,22.387,25.70189,22.089458,22.049316,19.743595,18.998312,21.210516,17.0044,23.750029,21.622728,24.749565,23.551622,24.954514,21.978483,19.861015,21.74893,17.219332,22.5034,20.18053,25.551815,23.538105,28.720774,27.784056,24.061548,25.362276,20.911982,20.322638,16.720655,14.306103,10.898961,8.978239,6.3465476,5.187544,6.3787937,7.8684564,5.0184264,9.214585,11.055813,9.045843,12.845274,11.793577,16.631084,16.793625,20.898834,23.924688,26.689322,30.546118,27.932283,27.01866,25.595392,22.83685,20.675205,19.271553,13.994672,19.326534,21.604658,18.199846,16.169008
14,17.108408,17.44581,20.33151,20.429491,22.084146,19.847548,16.203875,13.315618,10.608569,7.476656,5.6092663,4.36732,4.670053,3.9808693,0.0,4.3402863,7.422411,10.129519,12.405458,17.01947,18.336761,22.039757,23.57043,26.912464,23.23553,28.146717,23.970177,23.627659,19.34337,20.812834,15.072024,18.86577,13.47546,18.469841,16.577654,17.623774,20.531725,19.337168,16.450457,15.69665,12.136489,12.029879,11.59483,10.890806,13.439288,13.489542,17.48393,18.80714,22.471678,19.30669,19.299183,17.71232,17.02552,19.799013,16.19469,22.995417,21.94332,24.608456,23.174917,24.96232,22.889585,20.16922,21.21644,16.42408,20.897388,17.973389,23.312958,20.656654,25.873753,24.78897,20.929142,21.81046,17.407757,16.488094,12.932812,10.976137,7.5999136,6.609438,5.4536476,6.622224,9.216297,10.967926,8.095363,12.386588,13.51053,10.203977,13.164507,10.556058,15.780897,14.517298,18.87595,21.314978,24.203506,27.711409,25.502558,25.234241,23.604214,21.540674,19.037231,18.439981,13.500018,19.122747,20.443296,16.089216,14.951113
15,14.635576,14.091629,17.175358,16.448465,18.382622,16.10678,12.276501,10.304341,7.0874043,5.687651,5.7472677,7.1897793,7.827597,7.3739686,4.3402863,0.0,5.7420444,6.424972,9.937697,13.71963,15.546918,18.646185,20.635153,23.45427,19.422663,24.546257,20.121262,19.851566,15.44541,16.921597,11.312404,15.163813,11.193234,15.980677,15.250435,16.501938,19.928562,19.584017,16.957289,15.581642,11.12673,12.082314,9.715701,10.465871,11.588219,12.314896,15.87029,17.404251,20.977646,18.48295,17.870567,17.010733,15.31342,18.273113,14.959137,21.098015,20.734308,22.501904,20.603392,22.296753,21.148708,17.69792,18.169369,13.735039,17.715109,14.803757,20.23918,17.427603,22.777582,22.135584,18.326756,19.298159,14.600733,14.328009,10.920356,7.9864945,6.2296844,4.1793475,6.2402325,7.4019437,11.005723,12.203622,9.7000265,13.751459,13.460883,9.134048,10.832626,7.049419,12.197676,10.21453,14.6451235,17.020224,20.007761,23.467863,21.162891,21.01737,19.39463,17.5737,15.073786,15.075377,11.043219,16.619007,17.033892,12.656285,12.69091
16,13.885267,13.875738,15.265529,15.247771,15.937159,13.415499,10.340548,6.982783,6.651406,4.1303587,8.53213,8.056133,10.778438,11.392374,7.422411,5.7420444,0.0,5.0193224,5.038454,10.153334,11.171154,15.071989,16.526794,20.145267,17.262903,22.420225,18.972492,19.67856,15.426466,18.457464,13.089198,18.405981,16.216269,21.041456,20.597492,22.157064,25.5606,25.171692,22.177275,20.244984,15.760147,15.224093,12.629235,11.423659,11.022583,10.073911,12.874645,13.098034,17.582088,15.930915,15.886635,16.282955,15.615246,19.245367,17.217478,23.303646,24.22144,25.80236,23.9693,26.239529,25.854162,22.27713,21.782112,17.149994,19.502048,15.609709,20.425415,16.39144,21.440563,20.14706,16.140251,15.809932,11.683185,9.784579,6.675186,6.770324,5.483495,7.5131454,9.766047,12.524001,15.834293,17.563835,14.818222,18.886457,19.147488,14.770446,16.010746,11.437024,16.199604,12.14418,16.488266,17.330921,20.37614,22.87128,21.62478,22.81044,20.7795,20.365545,17.376984,18.477917,14.944914,20.24798,19.610876,13.776669,14.817579
17,13.623685,12.025323,13.821768,11.800378,13.10256,10.165428,6.3094525,6.22538,5.3289075,6.715749,10.688375,11.966575,13.76851,13.661424,10.129519,6.424972,5.0193224,0.0,5.382065,7.388404,10.319906,12.293573,14.392242,17.03067,13.19398,18.513186,14.478124,15.0312395,10.638965,13.625633,8.623587,14.039058,13.71219,18.16927,18.567743,20.526012,24.010841,24.353497,21.592712,19.145292,14.269614,14.728365,10.595394,11.2390585,9.360588,9.884514,11.993468,13.116736,16.76286,15.724412,14.69004,15.600484,13.521716,17.03397,15.31627,20.342783,21.854954,22.487597,20.278948,22.451355,22.995665,18.967422,17.795988,13.747681,15.3303385,11.628686,16.472221,12.53486,17.776579,17.223143,13.424116,13.750836,9.066131,9.123624,6.5164437,3.9977486,6.1758413,6.6778865,10.651419,12.95028,16.654465,17.963179,15.9846325,19.835125,18.745346,14.083733,14.12758,9.168439,12.753694,7.628855,11.660189,12.376132,15.385189,18.128807,16.874132,17.982374,16.447674,16.18552,13.657044,15.570709,13.642473,18.445042,16.810595,11.6734915,14.235579
18,12.938024,12.4787035,12.374564,12.140804,11.842622,9.198896,7.205519,4.0465527,6.9506836,6.926611,12.437729,12.603234,15.471368,16.343119,12.405458,9.937697,5.038454,5.382065,0.0,5.9063053,6.2969365,10.403768,12.071829,15.698189,13.617041,18.988684,16.248281,17.871054,13.948458,17.883114,13.499654,19.067413,19.010136,23.282307,23.793737,25.429756,29.079428,29.174522,26.299757,23.95816,19.222254,18.817812,15.298227,14.376044,12.153644,10.9121,12.033495,11.200892,16.00727,15.932687,15.692342,17.552488,16.699884,20.528624,19.529177,24.678385,26.6709,27.42879,25.336035,27.68418,28.348644,24.34077,22.987293,18.929981,19.75815,15.62562,19.670034,14.824512,19.432693,18.209066,14.385407,12.901664,9.383945,6.7394176,5.3882265,7.475859,8.741248,11.097845,14.219464,17.013075,20.514437,22.086395,19.377148,23.246428,23.072006,18.405142,18.695318,13.664208,17.485037,12.125435,15.868363,15.336883,18.381243,19.840996,19.33354,21.623915,19.309393,20.17784,17.053873,19.229156,16.94485,21.567654,19.668411,13.415165,15.9306755
19,15.407635,13.46304,12.676829,9.87246,9.007837,5.2022524,4.389702,7.0464416,9.98128,12.0303135,17.18728,18.046875,20.512562,20.791061,17.01947,13.71963,10.153334,7.388404,5.9063053,0.0,5.845714,5.0757737,7.2731977,10.045019,7.8078437,13.231498,10.921204,13.273053,10.1005745,14.753054,12.003414,17.558544,19.921038,23.766312,24.892855,27.106382,30.581995,31.271637,28.435545,25.447681,20.651636,20.506845,16.055765,16.000343,12.124161,11.670839,11.008088,10.490571,14.076488,15.486913,14.409938,17.450733,15.797247,19.413916,19.530262,23.139517,26.29914,26.002779,23.744,26.231346,28.134487,23.940508,21.512718,18.270779,17.200287,13.217422,16.082947,10.855055,14.833986,14.164544,10.913125,9.122615,6.2226014,5.7862706,6.8127556,8.220676,11.6659,13.584174,17.43722,20.208157,23.848124,25.283943,23.330122,27.105015,25.892126,21.167358,20.49885,15.5006695,17.682524,11.365167,13.567447,11.470651,13.950739,14.689048,15.472295,18.491144,16.954468,18.771975,16.39717,19.715672,19.28508,23.122194,19.958176,14.63752,18.673742
20,12.422774,11.783689,9.239881,9.664744,7.44544,6.0412784,7.443095,5.730827,10.179675,11.696907,17.16898,17.962376,20.83354,22.182087,18.336761,15.546918,11.171154,10.319906,6.2969365,5.845714,0.0,6.946924,9.600383,12.387682,12.012286,17.530323,15.925109,18.655762,15.469,19.735899,16.875574,21.707148,23.520012,26.767338,28.472534,29.719688,33.76416,34.342686,31.835794,29.454567,24.574055,24.629583,20.54592,20.148302,17.033524,15.863253,15.507939,13.637867,18.17251,19.74912,19.330265,22.259268,21.152143,24.897657,24.574461,28.725346,31.413393,31.318182,28.89617,30.9748,32.572796,28.119081,26.208885,23.099064,22.711895,18.853281,21.902386,16.675928,20.351423,19.524183,16.378319,13.623135,11.642191,9.0648155,10.135516,12.551269,14.837507,16.840303,20.333786,22.805721,26.434053,27.688713,24.709383,28.207178,27.853317,23.048695,22.483429,17.46692,20.236248,14.533282,17.277742,15.282017,18.26791,17.959312,18.02208,21.673838,18.63639,21.09951,17.796337,20.795332,19.759644,23.275854,20.212872,14.010673,17.598463
21,17.568632,15.362479,13.263819,10.029288,7.682694,4.811436,7.388718,10.692621,14.056564,16.560081,21.78422,22.837734,25.36346,25.802633,22.039757,18.646185,15.071989,12.293573,10.403768,5.0757737,6.946924,0.0,4.560967,5.619709,5.857115,10.758787,10.221719,13.644315,11.836794,16.506653,15.397002,20.191439,23.97723,27.168036,28.944916,31.098091,34.65444,35.673195,32.999462,29.867361,25.106808,25.100588,20.438221,20.586615,16.238312,15.785506,13.98143,12.805538,15.548632,18.336271,17.141876,20.950123,19.254602,22.591839,23.435307,25.996286,29.830555,28.83134,26.463243,28.831823,31.542358,27.208233,24.235397,21.810127,19.525568,16.014402,17.501772,12.364522,14.816447,14.573774,12.425721,9.655127,9.078003,9.021654,11.331501,13.018918,16.658741,18.49554,22.440462,25.117596,28.787935,30.100046,28.143753,31.757093,30.329992,25.585985,24.40691,19.553783,20.862581,14.572945,15.562707,12.076917,13.894697,12.7669735,14.881382,18.987257,17.47012,20.481749,18.385508,22.29659,22.85864,25.928846,21.949783,17.131996,21.78167
22,21.413239,19.560257,17.418043,14.550408,12.155805,9.247598,10.919308,13.651336,17.168816,18.85577,24.215025,24.493124,27.24981,27.406425,23.57043,20.635153,16.526794,14.392242,12.071829,7.2731977,9.600383,4.560967,0.0,5.229115,7.66202,10.061279,11.225322,14.553145,13.505174,18.48987,17.27659,22.80107,26.201403,30.10951,31.066982,33.822536,36.9508,37.681843,34.53623,31.035822,26.516758,25.57917,21.368946,20.56034,15.955687,14.864168,12.019235,10.162238,12.221776,15.920633,15.065035,19.463684,18.62571,21.905811,23.548647,25.993172,30.359537,29.643564,27.715034,30.643955,33.290787,29.393229,26.178804,23.269587,20.4527,16.645874,17.265638,12.068371,13.4490385,12.296455,10.599899,6.630346,8.334603,7.9890366,11.269919,14.011703,17.328173,19.938,23.490728,26.73727,30.212742,31.937283,30.314087,34.221333,32.90589,28.254839,27.499548,22.60199,24.193457,17.782526,18.729982,15.279518,16.364933,15.405464,18.53707,22.359879,21.576794,24.264435,22.434732,26.243402,26.430792,29.92077,26.187784,21.221859,25.583124
23,22.79212,20.212608,18.016293,13.978502,11.68206,9.608033,12.111132,16.259806,19.330494,21.96668,27.071064,28.085333,30.524763,30.59435,26.912464,23.45427,20.145267,17.03067,15.698189,10.045019,12.387682,5.619709,5.229115,0.0,5.7451696,6.9259844,9.275603,13.102006,13.217142,17.623196,18.053074,22.422766,27.335176,30.366898,32.13662,34.78921,37.973404,39.223343,36.456955,32.9015,28.392347,28.190716,23.477047,23.723288,18.880064,18.677532,15.851601,14.892582,15.870668,19.707342,18.213043,22.586334,20.84683,23.659193,25.504786,26.714672,31.412903,29.771091,27.585306,30.12845,33.61872,29.532236,25.87501,24.072874,20.352467,17.415098,17.09911,12.658917,12.946944,13.188078,12.634151,9.913204,11.437785,12.597011,15.409313,16.906647,20.811823,22.640678,26.573204,29.366592,32.94762,34.31846,32.896797,36.531612,34.62893,30.016973,28.562418,23.968159,24.432587,18.27542,17.99746,13.715407,14.04562,11.685276,15.835895,20.132658,19.774437,23.15104,21.903835,26.158958,27.552515,30.236645,25.819378,21.869757,26.829283
24,20.396185,17.187986,16.40111,11.018906,10.386325,7.4187665,8.321447,13.863598,15.793794,18.94144,23.456436,24.994629,26.936941,26.629406,23.23553,19.422663,17.262903,13.19398,13.617041,7.8078437,12.012286,5.857115,7.66202,5.7451696,0.0,6.3000703,4.503034,8.187603,7.645697,11.963633,12.610812,16.684393,21.895306,24.765272,26.625002,29.337383,32.428463,33.85784,31.294216,27.799536,23.301172,23.728333,18.690449,19.919546,15.217353,16.03208,14.116502,14.620925,15.65928,18.223366,16.122318,19.749752,17.001328,19.68605,20.96486,22.065706,26.380798,24.566122,22.159876,24.516832,27.995508,23.823242,20.199183,18.633455,15.11252,12.432947,12.8739395,8.58625,10.472669,11.594363,10.366956,9.639683,8.860241,11.574302,13.219916,13.024254,17.310625,18.288033,22.425116,24.794628,28.376343,29.502007,28.44644,31.930384,29.567478,25.096869,23.4198,19.097324,19.073074,13.056146,12.404454,8.27857,8.7994175,8.102231,11.465783,15.053275,15.263239,17.966496,17.124403,21.326628,23.037252,25.720871,21.457798,18.127438,23.122557
25,26.690926,23.43644,22.5175,17.070654,16.20907,13.566742,14.462457,19.872854,21.800188,24.645668,29.09089,30.27598,32.196968,31.428408,28.146717,24.546257,22.420225,18.513186,18.988684,13.231498,17.530323,10.758787,10.061279,6.9259844,6.3000703,0.0,5.564766,8.451438,10.8056,14.274924,16.2847,20.022057,25.758595,28.773785,30.101954,33.541767,35.96837,37.452106,34.63111,30.633493,26.645647,26.4926,21.802681,22.741022,17.754208,18.634651,15.694262,16.475435,15.445037,18.874146,16.55358,20.62167,18.14681,20.03017,22.627771,22.111017,27.44937,25.126362,23.23848,26.006706,30.119707,26.587812,22.312737,21.202095,16.118128,14.220675,12.020044,9.318713,7.4819293,9.333543,10.480979,10.300022,11.820018,15.159406,17.28433,17.307291,21.45455,22.668322,26.488356,29.118872,32.445923,33.77556,33.40701,36.991333,34.264492,30.06317,28.414433,24.423101,23.88209,18.27281,16.694147,12.607184,11.094896,9.832642,15.125529,18.160719,19.873005,22.40975,22.445618,26.665688,28.759672,31.335411,26.998339,24.259434,29.254229
26,23.171953,19.613861,19.756006,13.771207,14.129044,11.1738825,10.785665,16.720299,17.695478,20.869833,24.74998,26.404964,27.914438,26.992928,23.970177,20.121262,18.972492,14.478124,16.248281,10.921204,15.925109,10.221719,11.225322,9.275603,4.503034,5.564766,0.0,3.8832004,5.4482555,8.908063,11.033382,14.499542,20.381088,23.211409,24.744312,28.027851,30.557487,32.170963,29.604738,25.819723,21.710936,22.2854,17.250134,19.147167,14.482759,16.199917,14.421029,16.130615,15.955993,17.988354,15.323955,18.502266,15.060038,17.042177,18.689726,18.557007,23.237091,20.894815,18.608837,21.117899,25.0553,21.245438,17.139036,16.137705,11.555062,9.774168,9.060425,6.246211,7.4980483,9.869467,9.513703,10.76548,9.807828,13.839167,14.88358,13.483818,17.803482,18.196955,22.189077,24.350368,27.712852,28.768007,28.50829,31.90402,28.932386,24.822811,23.007828,19.25459,18.409054,13.03219,11.241106,7.558176,6.2953877,7.4057965,11.188778,13.459786,15.395064,17.240194,17.46027,21.504417,23.703527,26.272448,22.188145,19.879332,24.729418
27,24.724125,21.03219,22.008913,15.875897,16.984142,13.978705,12.597624,18.446877,18.562113,21.63293,24.831371,26.580645,27.65949,26.241945,23.627659,19.851566,19.67856,15.0312395,17.871054,13.273053,18.655762,13.644315,14.553145,13.102006,8.187603,8.451438,3.8832004,0.0,4.525058,6.151892,9.368156,12.152547,18.208513,21.056232,22.17583,25.898474,27.929964,29.64101,27.106121,23.173159,19.446938,20.25322,15.334001,17.911766,13.650615,16.158375,14.936405,17.575949,16.84611,17.974432,14.976085,17.334646,13.238527,14.540647,16.154415,15.115751,19.84149,17.158148,14.941025,17.596739,21.7199,18.255579,13.880308,13.2823,8.00762,7.34255,6.0562015,5.617062,7.05409,10.044531,9.941778,12.673511,11.100621,15.670068,15.996788,13.531264,17.608759,17.366472,21.108984,22.970097,26.08446,27.038033,27.441706,30.70771,27.29239,23.568722,21.743021,18.57938,17.193209,12.658445,10.2584915,7.927147,5.7518067,9.10793,11.872141,12.51438,15.657721,16.389553,17.3777,21.025007,23.376522,25.931057,22.255497,20.698446,25.206112
28,20.70197,17.19774,18.587297,12.868233,14.389663,11.1557665,8.793826,14.367185,14.125461,17.18052,20.323364,22.179068,23.264437,22.055605,19.34337,15.44541,15.426466,10.638965,13.948458,10.1005745,15.469,11.836794,13.505174,13.217142,7.645697,10.8056,5.4482555,4.525058,0.0,5.07065,5.588222,9.884859,14.978685,18.265444,19.43591,22.773981,25.305157,26.79801,24.254732,20.632656,16.381607,17.44551,12.200172,14.916841,10.903741,13.426375,13.114542,15.674059,16.228994,16.657589,13.942387,15.900245,11.7837,13.947672,14.37036,15.291326,19.013952,17.217104,14.71038,17.213888,20.401783,16.435352,12.793556,11.0698,7.891405,5.6104345,7.96082,5.449089,9.707712,11.399778,9.583552,11.9425745,8.784625,12.944514,12.595484,9.559858,13.720037,13.27767,17.278786,19.094204,22.430466,23.368313,23.302385,26.649748,23.572075,19.56434,17.930525,14.343542,13.701768,8.508953,7.3395286,5.8851385,6.2354407,10.185748,11.075881,11.771249,13.608884,13.958698,14.129607,17.586092,19.250414,22.269388,18.93077,16.721554,21.001158
29,22.636269,18.808052,21.146788,15.205542,17.623777,15.044434,12.485764,17.757788,16.376587,19.647863,21.62772,24.064104,24.407232,22.794918,20.812834,16.921597,18.457464,13.625633,17.883114,14.753054,19.735899,16.506653,18.48987,17.623196,11.963633,14.274924,8.908063,6.151892,5.07065,0.0,5.835219,6.031518,12.8411875,14.9792795,16.626854,20.030453,22.18383,24.229078,22.276451,18.838884,15.128355,17.431295,12.353697,16.552757,13.605482,16.876747,17.228273,20.300741,20.47178,20.214552,17.30762,18.201155,13.372257,14.399737,14.110309,13.556033,16.580067,13.785791,10.777068,12.575502,16.47928,12.457782,8.36471,8.721046,5.5231256,6.626396,8.660543,9.234937,12.498144,14.9145155,13.718751,16.762587,13.564071,17.709154,16.806282,12.778356,16.3257,14.568362,18.217356,19.0164,22.025019,22.396189,23.060726,25.849142,21.954536,18.580585,16.370544,14.096371,11.746017,8.863382,5.747893,6.6751733,5.874992,11.206866,10.660047,8.986424,12.543905,11.508263,13.17778,16.11996,18.768204,21.034428,17.966894,17.580004,21.494347
30,19.546537,16.427916,19.084288,14.345378,16.68884,13.64897,9.957564,13.867682,12.039416,14.535686,16.409739,18.433039,18.879606,17.22932,15.072024,11.312404,13.089198,8.623587,13.499654,12.003414,16.875574,15.397002,17.27659,18.053074,12.610812,16.2847,11.033382,9.368156,5.588222,5.835219,0.0,6.86248,9.554626,13.76825,14.160738,17.616615,20.100763,21.355341,18.798344,15.435345,10.969159,12.819853,7.4360685,11.442292,9.084493,12.304458,13.786642,16.885036,18.048344,16.826305,14.396124,14.660928,10.255145,12.352018,10.842164,13.382925,15.421871,14.630228,12.074057,14.411959,16.219254,12.19953,9.715356,6.5262027,7.10634,5.0671053,10.179887,8.8979025,13.842914,14.829562,12.247795,15.046606,10.740633,14.131813,12.294969,7.5710335,10.660668,8.758821,12.559256,13.783411,17.041834,17.830389,18.094193,21.381893,18.18367,14.373132,13.164238,10.003389,9.920982,6.0101714,6.6666255,8.722722,10.133308,14.806647,13.683588,12.75689,14.155204,12.56785,12.609239,14.834429,15.493658,19.112097,17.023382,15.058673,18.219116
31,21.295008,17.66574,21.248322,16.198141,19.498638,17.524216,14.343883,18.273222,15.481456,18.63101,19.075472,22.187046,21.69073,20.01005,18.86577,15.163813,18.405981,14.039058,19.067413,17.558544,21.707148,20.191439,22.80107,22.422766,16.684393,20.022057,14.499542,12.152547,9.884859,6.031518,6.86248,0.0,8.28384,8.981265,11.699896,14.307194,16.840712,19.275108,18.187157,15.707499,12.186003,16.216427,11.645056,16.916515,15.596551,19.020433,20.588503,23.698614,24.641418,23.420677,20.825436,20.579956,15.77966,16.613888,14.442908,14.8981905,15.506241,13.226624,9.779765,9.837885,12.614357,7.6835904,5.4448657,7.0916634,8.629785,10.184704,13.726105,14.314168,18.23603,20.224018,18.393244,21.329214,17.304232,20.687098,18.883303,14.082833,16.576195,13.398258,16.551237,15.943746,18.700764,18.280575,19.099014,21.190603,16.82432,13.977131,11.265316,10.534617,6.868857,7.6573277,5.4205794,9.628182,10.384648,15.397693,12.441113,8.96011,11.659974,8.167803,10.393754,11.853302,14.6107435,16.465809,14.4918165,15.508111,18.33759
32,21.543428,19.226778,23.464464,20.251232,23.436735,21.222204,17.229801,18.76274,14.956012,16.247435,14.647901,17.245605,15.7626915,13.285823,13.47546,11.193234,16.216269,13.71219,19.010136,19.921038,23.520012,23.97723,26.201403,27.335176,21.895306,25.758595,20.381088,18.208513,14.978685,12.8411875,9.554626,8.28384,0.0,6.6988935,5.0069947,8.422945,10.751275,12.020416,10.440585,8.833391,5.3067937,10.692659,8.200076,13.348374,14.658624,17.795303,20.871302,24.115173,25.648048,22.873142,21.0035,19.102226,15.280351,16.09703,11.838675,15.208307,13.017174,13.76378,11.59903,11.976086,10.256604,6.743923,8.917886,6.5740337,12.643267,12.951399,17.802607,18.020063,22.691753,23.515144,20.870443,23.837614,19.234554,21.561918,18.632185,13.6158905,13.776803,9.498349,10.729644,8.629171,10.747878,10.072317,11.817379,13.927255,9.581682,7.53241,7.0839505,8.093244,7.8231654,10.494563,11.918837,16.236225,17.838648,22.76024,19.711212,16.778538,17.730797,13.493126,13.978905,13.099267,12.363431,15.780964,16.510118,16.542105,17.05491
33,22.366701,19.729603,24.458027,21.253632,25.001266,23.688477,20.211336,21.982517,17.878906,20.033785,17.875988,21.503088,19.600632,17.902485,18.469841,15.980677,21.041456,18.16927,23.282307,23.766312,26.767338,27.168036,30.10951,30.366898,24.765272,28.773785,23.211409,21.056232,18.265444,14.9792795,13.76825,8.981265,6.6988935,0.0,6.8423166,6.0088453,9.556406,12.620165,13.63355,13.682236,11.657107,17.246254,14.730922,19.987411,20.79292,23.949081,26.692846,29.710464,31.363186,29.09638,27.012484,25.51735,21.32954,21.874414,17.989326,19.683846,17.165102,16.436974,13.749743,11.718497,10.654325,6.6201754,10.000097,11.413305,16.229351,17.631523,21.849562,22.409842,26.752922,28.268688,25.92912,28.71945,24.164976,26.573898,23.931358,18.99942,19.719267,15.426431,16.9106,14.021424,15.637969,13.667407,14.864083,15.187571,10.096378,9.466641,6.638352,10.26035,6.8843594,12.65789,12.761625,17.491356,18.992899,23.546183,19.251726,15.2895,16.103537,10.899456,12.504767,10.359104,11.766511,12.6564,13.862761,16.638464,16.819233
34,25.69605,23.576199,28.059216,24.991848,28.310242,26.198055,22.229715,23.581532,19.603045,20.493614,17.939365,20.315401,18.13203,15.253331,16.577654,15.250435,20.597492,18.567743,23.793737,24.892855,28.472534,28.944916,31.066982,32.13662,26.625002,30.101954,24.744312,22.17583,19.43591,16.626854,14.160738,11.699896,5.0069947,6.8423166,0.0,5.924065,6.02846,7.629754,7.1581483,7.0761757,6.792607,12.191798,11.631343,16.406136,18.546377,21.73029,24.971489,28.45063,29.6321,26.411093,24.602467,21.992828,18.394426,18.334213,13.770024,16.258308,12.209137,13.487812,12.067212,11.421556,7.3841014,6.220414,10.370496,9.481142,15.617723,16.820576,21.109686,22.193895,26.491783,27.40414,25.031147,28.33112,23.854437,26.252789,23.216053,18.259878,17.872051,13.6347685,13.561245,10.506713,10.92542,9.3652935,12.769836,13.665934,8.688006,9.347579,9.478109,12.326787,11.470701,15.328482,16.197258,20.668457,21.864563,26.939287,23.723036,20.072289,21.487541,16.67541,17.77466,16.052757,15.325372,17.925678,19.623186,20.667288,20.399311
35,24.368334,22.671001,27.571241,25.431204,29.029839,27.63727,23.893555,24.408104,19.99378,20.930174,17.33813,20.472404,17.745647,15.793428,17.623774,16.501938,22.157064,20.526012,25.429756,27.106382,29.719688,31.098091,33.822536,34.78921,29.337383,33.541767,28.027851,25.898474,22.773981,20.030453,17.616615,14.307194,8.422945,6.0088453,5.924065,0.0,5.3818865,7.6777716,9.987287,12.082099,11.513598,16.880472,16.137758,20.626492,22.760895,25.578241,28.97087,31.959127,33.8748,30.854136,29.213326,26.900404,23.430305,23.86232,19.245768,22.043283,18.084385,18.95782,17.135035,15.415272,11.845902,10.071418,14.455733,14.429516,20.326385,21.273802,25.869055,26.316618,30.918062,31.911987,29.25622,32.024937,27.304697,29.133722,26.026354,21.293028,20.759983,16.362347,16.329542,12.380723,12.670546,9.835325,11.758306,10.868625,5.6135397,7.973455,7.629679,12.30609,11.330184,16.754498,17.985035,22.684818,24.45039,29.069263,24.846464,21.197874,21.424913,16.378056,17.041569,13.956599,12.880432,14.310236,17.378561,19.478998,18.030102
36,29.434498,27.663103,32.450115,29.883644,33.393707,31.618923,27.721066,28.590397,24.333973,24.940985,21.386835,23.801643,20.956617,18.2679,20.531725,19.928562,25.5606,24.010841,29.079428,30.581995,33.76416,34.65444,36.9508,37.973404,32.428463,35.96837,30.557487,27.929964,25.305157,22.18383,20.100763,16.840712,10.751275,9.556406,6.02846,5.3818865,0.0,4.064893,7.630076,10.423133,12.084323,16.889626,17.381435,21.683775,24.336765,27.359926,30.790262,34.212646,35.47859,32.0146,30.354542,27.394436,24.092545,23.70296,19.069052,21.070734,15.978197,17.42076,16.511726,14.719199,9.561544,10.420531,15.175258,15.353166,21.251871,22.79509,26.86532,28.196754,32.388756,33.365093,31.037113,34.32867,29.812874,32.001534,28.839823,24.003233,23.19646,18.943327,18.13783,14.338644,13.4604645,10.885131,14.641062,13.717722,9.0401745,12.220531,12.620356,16.76335,15.698804,20.614422,21.383799,26.024467,27.213726,32.191486,28.474224,24.407505,25.619972,20.452053,21.711298,19.013212,18.12537,19.646208,22.498636,24.533964,23.27327
37,30.29529,28.979645,33.653637,31.530458,34.822594,32.84132,28.799244,29.062075,24.874815,24.732845,20.826962,22.54379,19.513699,16.544922,19.337168,19.584017,25.171692,24.353497,29.174522,31.271637,34.342686,35.673195,37.681843,39.223343,33.85784,37.452106,32.170963,29.64101,26.79801,24.229078,21.355341,19.275108,12.020416,12.620165,7.629754,7.6777716,4.064893,0.0,4.96233,9.191787,11.747827,15.631922,17.296986,20.75397,24.125134,26.82,30.544218,33.902317,35.25433,31.360384,30.047255,26.645891,23.988201,23.633055,18.770752,21.70268,16.233152,18.868483,18.458605,17.495794,11.860988,13.169547,17.637749,16.58387,22.79035,23.796549,28.060266,29.15946,33.473255,34.009262,31.494965,34.714108,30.217949,32.038376,28.68305,24.13286,22.612825,18.623774,16.898838,13.030452,11.161015,8.701243,13.168612,12.251672,8.717879,12.431513,14.088594,17.790983,17.906366,22.188204,23.589302,28.108526,29.47273,34.498554,31.045425,27.346952,28.289637,23.312685,24.03439,21.340103,19.331087,21.616495,24.800201,25.955502,24.253763
