,0,1,2,3,4,5,6,7,8,9,10,11,12,13,14,15,16,17,18,19,20,21,22,23,24,25,26,27,28,29,30,31,32,33,34,35,36,37,38,39,40,41,42,43,44,45,46,47,48,49,50,51,52,53,54,55,56,57,58,59,60,61,62,63,64,65,66,67,68,69,70,71,72,73,74,75,76,77,78,79,80,81,82,83,84,85,86,87,88,89,90,91,92,93,94,95,96,97,98,99,100,101,102,103,104,105,106,107,108,109,110,111,112
0,0.0,4.099082,7.9511523,8.601258,12.94393,16.237839,17.783012,22.793678,25.10956,28.500666,31.568943,34.792473,36.304966,33.630966,34.13766,29.94316,31.527678,27.056583,29.037975,26.224117,27.133596,26.075232,24.232649,26.401884,26.38943,26.461988,23.197388,23.268295,22.725508,20.281858,23.443724,19.653654,25.943764,22.841814,29.130379,28.272345,32.31014,35.897285,36.523266,35.053837,31.64255,35.548225,30.653128,35.2607,32.31478,35.044506,34.940395,36.30641,37.87592,38.88997,36.334305,38.017384,33.47986,35.034084,33.320656,33.631676,34.6207,30.920002,27.452063,25.319368,29.0242,24.849312,23.133165,25.559862,25.4884,26.777966,28.09988,29.587585,29.543215,32.26204,31.684916,31.795479,29.562609,32.42392,32.564507,29.50077,33.301865,31.325567,35.253315,35.1296,38.276478,37.63043,37.54904,38.43914,34.45242,31.483711,27.618717,27.060335,22.11522,22.36373,18.213398,17.815672,16.598886,16.402952,16.279799,10.392765,11.222712,8.980714,13.460714,14.963416,16.273071,20.140377,20.972572,25.134377,28.109865,31.609917,33.004093,31.582178,34.987473,29.621702,32.11255,28.559637,30.364481
1,4.099082,0.0,4.921794,4.613651,8.871646,12.150707,13.813743,18.703888,21.099426,24.463442,27.576923,30.82552,32.255108,29.550163,30.072254,25.89725,27.613646,23.198719,25.363646,22.783081,23.93595,23.350801,21.509844,24.311817,23.776217,24.765047,20.957872,20.868359,19.712591,17.411013,19.939554,16.416132,22.526527,19.590052,25.84596,24.970034,29.240467,32.698452,33.138515,31.693026,28.064234,31.975506,27.0298,31.61313,28.776663,31.461613,31.586956,32.950424,34.80768,35.578487,33.125557,34.67621,30.21862,31.95435,30.187487,30.951344,31.802414,28.506617,25.033077,23.07981,26.385147,21.89728,20.363787,22.235283,22.721853,23.649181,25.558233,26.704498,27.192774,29.670551,28.71079,28.73844,26.19274,28.885723,28.837673,25.700037,29.42092,27.408083,31.367664,31.278442,34.515182,33.92692,33.652916,34.655464,30.818644,27.703508,23.814661,23.11646,18.27843,18.45008,14.481085,14.32797,13.658463,13.812045,14.856906,8.962478,9.450543,6.574485,9.930367,11.430599,12.543058,16.16169,17.231056,21.176645,24.27639,27.766253,29.074688,27.669933,31.003523,25.789894,28.375563,24.974045,27.05634
2,7.9511523,4.921794,0.0,5.5783963,7.9528813,10.310507,11.468142,16.63448,18.273228,22.147243,24.653591,28.437828,30.005264,27.290169,28.297873,24.361443,26.485554,22.582268,24.796808,23.181011,24.052876,24.707384,23.268528,26.774054,25.823841,27.898409,23.66252,23.374575,21.377577,19.219498,20.473696,17.050615,22.07119,18.165298,24.682163,22.853111,27.562334,31.048264,31.84169,31.026497,27.314173,31.592947,26.797588,31.485775,29.081638,31.627354,32.2593,33.454723,35.948563,36.305645,34.099518,35.3092,31.022045,32.93407,30.664713,32.272102,32.390976,29.749836,26.328943,24.135984,26.361876,21.794052,21.250244,22.709826,24.380903,24.881588,27.701567,28.376345,29.611097,31.694202,30.160421,29.884012,26.888775,28.96817,28.542658,25.337503,28.67212,26.355947,30.216978,29.749067,33.048832,32.1847,31.355686,31.969547,28.397217,25.606022,21.548515,21.490484,16.542343,17.742746,14.57019,15.3391075,15.773881,16.27706,18.592335,12.905042,12.586589,8.417618,10.231164,10.123931,9.729004,13.720772,13.394304,17.929604,20.419146,23.898603,25.556616,24.394896,28.464714,23.45705,26.563957,23.701532,26.187408
3,8.601258,4.613651,5.5783963,0.0,4.7176223,7.8098173,10.295039,14.46359,17.320925,20.449932,23.797268,26.97746,28.113092,25.30804,25.618237,21.402277,23.000032,18.621384,20.841166,18.439554,19.821062,19.675423,17.903801,21.33944,20.327284,22.350182,18.114014,18.030638,16.133913,14.403358,16.046103,13.453166,19.394848,17.278278,23.170536,22.559189,27.040207,30.197807,30.17417,28.55761,24.561804,28.231112,23.150383,27.478437,24.621061,27.153828,27.39358,28.662514,30.81527,31.460215,29.148521,30.71103,26.445349,28.488064,26.988337,28.170654,29.151035,26.359728,22.965765,21.538574,24.472303,19.605713,18.049828,18.822706,19.77798,20.059404,22.539846,23.130013,24.10342,26.235594,24.89434,24.731617,21.965805,24.451496,24.31916,21.262455,24.997438,23.161947,27.234566,27.422747,30.81503,30.460796,29.933374,31.276054,27.728075,24.257097,20.42462,19.165049,14.792215,14.198321,10.558397,10.241413,10.405139,10.714313,13.372383,8.114037,7.926624,5.230676,5.795326,7.66537,8.956806,11.929921,13.924518,17.241352,20.788284,24.30951,25.216623,23.68011,26.63208,21.506687,24.01209,20.66631,22.956497
4,12.94393,8.871646,7.9528813,4.7176223,0.0,3.9079783,5.825912,9.894696,12.75392,15.760231,19.191626,22.262724,23.455936,20.721537,21.23722,17.113153,19.391945,15.067833,18.076832,16.135252,18.403534,18.995325,17.09976,21.34446,19.259846,22.474327,17.590584,16.915478,14.161646,12.434185,12.66629,10.355382,15.392899,13.519509,19.115252,18.508995,23.135967,26.078638,25.885265,24.412214,20.267632,24.07765,19.090384,23.577217,21.136614,23.73568,24.548653,26.035965,28.48597,28.49337,26.320719,27.397497,23.207321,25.31899,23.44317,25.338715,25.831575,23.70962,20.454258,19.203402,21.292316,16.24321,15.271778,15.311626,17.39915,17.297615,20.728031,20.992176,22.940378,24.709808,22.784155,22.782043,19.360693,21.645567,20.95518,17.487926,20.908554,18.754536,22.75726,22.801725,26.232182,25.86878,25.222658,26.642183,23.211477,19.625294,15.816338,14.495685,10.21857,9.914007,6.828259,8.027016,9.465589,11.046778,14.614103,11.124875,10.988593,9.076522,6.1605196,7.480175,7.443418,8.686001,11.11691,13.598111,17.126068,20.375229,21.40168,20.122852,22.952888,18.48715,21.226479,18.408785,21.298574
5,16.237839,12.150707,10.310507,7.8098173,3.9079783,0.0,5.0544014,6.985153,10.164198,13.195518,16.499195,19.912195,20.711107,17.757252,18.214167,14.155228,16.268637,12.498426,15.223767,14.289259,16.145226,17.904736,16.619143,21.32927,19.099564,23.322493,18.462418,18.009659,14.494543,13.834354,12.415914,11.7837,15.510659,14.183418,19.148617,18.299473,23.194069,25.77634,25.302177,23.99653,19.5015,23.054014,18.096365,22.080877,19.80317,21.972267,23.018198,24.106472,27.181656,27.061176,25.231766,26.29815,22.571194,25.083933,23.458632,25.977406,26.37717,24.993229,21.977537,21.141157,22.455088,17.356617,16.828814,15.5138855,18.343452,17.320248,21.379541,20.800795,23.231895,24.4262,22.020145,21.47484,17.884842,19.38994,18.551489,15.430638,18.634468,16.701197,20.785471,21.033924,24.671034,24.453835,23.115566,24.70933,21.874523,18.126543,14.387857,12.67544,9.423643,8.470349,7.3358345,8.393711,11.067858,12.212801,16.912107,13.781072,12.883525,10.850427,6.43291,6.1984696,5.16246,4.8267994,8.086647,9.869824,13.801988,17.197477,17.739883,16.291113,19.12856,14.647639,17.569498,15.085513,18.277067
6,17.783012,13.813743,11.468142,10.295039,5.825912,5.0544014,0.0,6.1734915,7.4605236,10.888447,13.844349,17.101246,18.790186,16.322506,17.730629,14.143887,17.853107,14.222891,18.151657,17.336132,20.260693,21.897642,20.0913,24.88531,21.833857,26.018919,20.737951,19.353312,15.989786,14.101048,12.409932,10.094294,12.3049135,9.492207,14.867784,13.425284,18.423424,21.234657,21.324282,20.630405,16.59804,20.999681,16.585703,21.438307,20.036533,22.667797,24.454777,26.188423,29.02879,28.036737,26.149044,26.293127,22.311253,24.273685,21.395706,24.42283,23.674732,22.597858,19.65993,18.217916,18.581047,13.71429,14.404228,14.004813,17.872177,17.551476,22.030607,22.050684,25.125881,26.441437,23.864727,24.08134,19.937836,21.666607,20.062574,16.056726,18.49411,15.5022335,19.066383,18.341228,21.701786,20.950165,20.00403,21.04705,17.68338,14.374079,10.379961,10.12847,5.4296556,8.092826,7.274623,10.763583,13.019831,15.5214815,19.191647,16.74458,16.68866,14.658407,11.040215,11.037649,9.023154,8.028668,9.07189,10.52554,13.025349,15.621203,17.453068,16.9465,20.18588,17.069708,20.348814,18.685556,22.255203
7,22.793678,18.703888,16.63448,14.46359,9.894696,6.985153,6.1734915,0.0,4.5837507,6.3218617,10.07479,13.072844,13.736654,10.8646555,11.751135,8.097575,11.98791,9.147622,13.251277,13.61607,16.774426,19.391325,18.122986,23.30206,19.79635,25.224653,20.098383,18.943964,14.775266,14.601282,10.620832,11.69976,11.9849825,12.171207,15.083897,14.527374,19.199404,20.980225,19.932447,18.909317,14.23161,17.626682,13.25353,17.012947,15.852152,17.849108,20.005178,21.385967,24.832407,23.538048,22.141743,22.233263,19.047071,21.596882,19.564476,23.27026,22.878521,22.91782,20.522778,20.273035,19.958918,15.266885,15.844903,12.86777,17.351896,15.570798,20.72386,19.533957,23.293507,23.752377,20.56649,20.317781,15.956875,16.738466,14.7361145,11.10169,13.099303,10.582535,14.376797,14.477095,18.213457,18.14488,16.35724,18.348543,16.128778,12.064269,8.893783,6.429644,5.9963818,5.2983065,8.174181,10.743917,14.040781,16.14514,20.835806,19.50732,18.919477,17.675007,12.63068,12.258192,10.506696,6.504706,9.341505,7.3385973,10.663138,12.886229,13.346046,12.598999,14.579932,12.327951,15.286269,14.356503,18.207535
8,25.10956,21.099426,18.273228,17.320925,12.75392,10.164198,7.4605236,4.5837507,0.0,4.475334,6.4958987,10.451613,12.014035,9.643761,12.070797,9.760879,14.577503,12.864773,16.869831,17.902042,20.864964,23.87563,22.668894,27.85333,24.18053,29.60065,24.370445,22.872187,18.845306,18.079285,14.085734,14.124976,12.55856,11.242716,13.755867,11.842469,16.743372,18.467108,18.107,18.233988,14.140236,18.152666,14.77686,18.74391,18.601948,20.549465,23.289404,24.76517,28.31229,26.406057,25.220446,24.579067,21.590456,23.754185,20.747108,25.07694,23.524776,24.163597,21.985218,21.233341,19.66267,15.556648,17.43983,15.126736,20.308226,18.908623,24.243477,23.268782,27.353254,27.745398,24.420952,24.345144,19.852127,20.25284,17.784702,14.121056,14.910796,11.646763,14.448023,13.321206,16.776709,16.018993,13.678488,14.825301,12.763922,9.480751,6.1635456,6.4220786,6.200941,8.996491,11.688326,15.025013,18.073067,20.489216,24.849598,23.268078,22.806507,20.976318,16.41438,15.515667,12.858569,9.356203,9.544188,7.350404,8.294496,9.509482,11.426937,11.846635,14.841988,13.992559,17.423706,17.464056,21.465635
9,28.500666,24.463442,22.147243,20.449932,15.760231,13.195518,10.888447,6.3218617,4.475334,0.0,4.6362195,6.7581196,7.9066515,5.7244587,8.307264,6.8813252,12.463066,11.460666,15.869617,17.142216,20.828175,23.746769,22.482924,27.635752,23.42985,29.239063,24.115984,22.40804,18.324703,18.097055,13.187817,14.621973,11.424383,12.433787,12.681624,12.111886,16.071098,16.87122,15.507916,15.342724,11.140183,14.446047,11.691531,15.040801,15.631477,17.358158,20.589624,22.271687,25.735687,23.231558,22.318335,21.15831,18.680626,20.826069,18.024454,22.797102,21.194912,22.67835,21.022696,21.020092,18.932135,15.315006,17.200294,13.714786,19.190506,17.31417,22.843462,21.509916,26.085295,26.054049,22.48888,22.672457,18.066082,18.200064,15.220497,11.552686,11.277123,7.8138843,10.128485,9.212628,12.827475,12.597985,10.107575,12.3026705,10.930999,6.9668274,5.464768,3.9640799,7.6615243,8.907982,12.798052,15.935048,19.01206,21.62025,25.89246,25.389267,25.059904,23.955984,18.931282,18.469337,16.350822,12.144831,13.441032,9.919614,10.837367,10.88505,11.847096,12.471623,13.613268,14.3345785,17.021976,17.619776,21.549986
10,31.568943,27.576923,24.653591,23.797268,19.191626,16.499195,13.844349,10.07479,6.4958987,4.6362195,0.0,5.229892,7.0342064,5.9737425,9.904432,10.183786,15.323251,15.454759,19.195023,21.230974,24.30348,27.810389,26.85011,32.03193,27.92529,33.836803,28.741705,27.032894,22.960058,22.611124,17.792067,18.751589,14.868787,14.675327,14.426507,12.558276,16.280275,16.686111,15.989288,17.113821,13.821577,17.047464,15.416129,18.250843,19.524246,20.852608,24.334383,25.743103,29.467651,26.670866,26.095158,24.55342,22.54823,24.490688,21.287994,26.404928,24.031197,26.038809,24.60132,24.272459,21.281706,18.31592,20.953236,17.937052,23.569872,21.795063,27.331514,25.936552,30.607325,30.40637,26.737375,26.72528,22.222328,21.753756,18.665684,15.586901,14.4622755,11.266094,12.2126665,10.30164,13.188018,12.30508,8.40215,9.445598,9.465564,7.331185,6.9738708,8.183086,11.069771,13.47218,17.107729,20.3644,23.465944,25.991003,30.34488,29.424183,28.959023,27.339478,22.539938,21.504238,18.813324,14.852797,14.582719,10.918708,9.659174,8.008618,9.951337,11.783447,13.649964,15.69047,18.642063,20.112038,24.060488
11,34.792473,30.82552,28.437828,26.97746,22.262724,19.912195,17.101246,13.072844,10.451613,6.7581196,5.229892,0.0,4.0133967,5.5438237,9.094078,10.707422,15.960536,16.337006,20.490011,22.189266,26.136864,29.088081,27.815952,32.799328,28.150105,34.05742,29.074553,26.987028,23.195375,22.930729,17.83769,19.363293,13.993863,15.645294,13.045186,12.769826,14.916339,14.133769,12.346174,13.476001,10.923471,13.2762375,13.162218,15.359944,17.720984,18.992601,22.929337,24.818878,28.016287,24.459227,24.075333,21.691046,20.182003,21.66125,18.313745,23.758036,20.977757,23.909258,23.134684,23.403425,19.771515,17.716507,20.473763,17.000664,22.64664,20.877892,26.288383,24.946234,29.975128,29.543964,25.854902,26.45141,21.955614,21.628342,18.154636,15.039105,12.721247,9.453472,8.5570755,5.8776803,8.210309,7.6981587,3.532152,6.5043173,7.4802527,5.525021,8.00087,8.565204,12.97827,14.755832,18.699759,21.988338,24.821041,27.720129,31.596817,31.741898,31.618639,30.665546,25.647118,25.20697,22.965958,18.742802,19.386429,15.510887,14.795524,12.873047,14.081513,15.806554,15.852025,18.90288,21.05362,22.660238,26.418194
12,36.304966,32.255108,30.005264,28.113092,23.455936,20.711107,18.790186,13.736654,12.014035,7.9066515,7.0342064,4.0133967,0.0,3.3638253,6.044468,9.025157,13.401175,14.892957,18.35133,20.683655,24.299782,27.588781,26.738165,31.634262,27.106995,33.37708,28.723738,27.00009,23.039986,23.647633,18.122995,20.907318,16.094183,18.693565,16.241241,16.521013,18.686144,17.698103,15.214433,15.507168,12.549966,13.433061,13.299169,13.971542,16.35651,16.842237,20.781048,22.19517,25.733608,22.211697,22.268425,20.113707,19.392023,21.331537,19.138773,24.461235,22.505198,25.572855,24.907341,25.735132,22.616386,20.300749,22.379917,17.954416,23.238192,20.742271,26.09609,24.056652,29.094505,28.181,24.333176,24.492903,20.277626,19.198563,15.711708,13.555551,10.605195,8.614322,7.5172653,6.9270616,9.363273,10.14068,5.957789,9.598973,11.42598,9.09537,11.075976,9.949508,15.076228,15.270417,19.682814,22.25033,25.299463,27.754166,32.0237,32.38611,31.974977,31.286257,25.965279,25.432343,23.479877,18.86695,20.107521,15.509634,15.296605,13.52967,13.232116,14.575297,13.160673,17.069096,18.588528,20.657022,24.182112
13,33.630966,29.550163,27.290169,25.30804,20.721537,17.757252,16.322506,10.8646555,9.643761,5.7244587,5.9737425,5.5438237,3.3638253,0.0,4.1122665,6.181564,10.781057,12.129513,15.4942,17.98058,21.297823,24.811312,24.122156,29.130056,24.86461,31.216848,26.54696,25.100973,20.929575,21.751654,16.20258,19.19332,15.368677,17.713886,16.414728,16.464548,19.44518,19.11972,16.858107,16.676416,12.898625,14.225421,12.7793865,13.830629,15.304045,15.848714,19.467285,20.620066,24.491373,21.531963,21.405031,19.940506,18.839333,21.21737,19.380867,24.434483,23.06164,25.50023,24.432653,25.16771,22.71132,19.701624,21.37485,16.806082,21.990967,19.28571,24.733168,22.529234,27.36959,26.545343,22.680664,22.464052,18.20454,17.067163,13.75987,11.562574,9.451499,7.5394692,8.243829,8.443463,11.66774,12.37673,8.573638,11.822942,12.711541,9.533889,10.240594,8.286971,13.216996,12.832521,17.318335,19.613905,22.849646,25.02829,29.615757,29.633516,29.024006,28.247969,22.885057,22.222553,20.335306,15.641706,17.160978,12.426666,12.860695,11.837122,11.069666,11.899182,10.736496,13.917879,15.659622,17.499847,21.139528
14,34.13766,30.072254,28.297873,25.618237,21.23722,18.214167,17.730629,11.751135,12.070797,8.307264,9.904432,9.094078,6.044468,4.1122665,0.0,4.349826,7.4255743,9.709722,12.517155,15.231243,18.597599,22.020014,21.5788,26.384588,22.17455,28.747274,24.475618,23.368547,19.196665,20.915667,15.165488,19.443,16.33726,19.862312,18.535097,19.472893,22.289473,21.871246,18.944204,17.767324,13.680994,13.681205,11.915436,11.483013,12.554126,12.384611,15.864364,16.695625,20.753933,17.966145,18.110525,17.091864,16.58665,19.418945,18.865213,23.517393,23.162697,25.51248,24.552355,25.908983,24.155666,20.963537,21.784267,16.389896,20.903355,17.543264,22.745245,19.92239,24.687586,23.450378,19.507978,18.995464,15.025216,13.360391,10.022557,8.84128,6.354207,6.4764857,7.6637626,9.871253,13.059298,14.640537,11.612085,15.4046545,16.178366,12.550425,13.129028,9.728421,14.888806,12.629324,17.29166,18.688448,21.928839,23.697052,28.421309,28.971405,28.229832,28.028646,22.451061,22.066172,20.822104,15.941255,18.576254,13.656877,15.229765,14.895201,12.953208,12.836035,9.793854,12.906197,13.596786,15.374282,18.655651
15,29.94316,25.89725,24.361443,21.402277,17.113153,14.155228,14.143887,8.097575,9.760879,6.8813252,10.183786,10.707422,9.025157,6.181564,4.349826,0.0,5.7764983,5.950147,9.825303,11.805894,15.532104,18.662558,17.96984,22.979048,18.880182,25.341799,20.84803,19.859241,15.518429,17.203941,11.591725,15.909932,14.100248,17.4361,17.309511,18.27148,21.681156,21.99718,19.378456,17.72827,13.002902,13.900621,10.524033,11.450992,11.10971,11.752431,14.6614275,15.7007065,19.678516,17.622766,17.115198,16.855963,15.302523,18.38489,17.847256,22.044596,22.20696,23.669895,22.225842,23.402313,22.477665,18.62805,18.917744,13.633318,17.968168,14.657774,19.95607,17.338041,21.853811,21.062183,17.239155,16.699627,12.395751,11.577122,8.571175,6.1667857,6.135565,5.606043,9.005105,11.0899935,14.776402,16.040009,13.711667,17.19416,16.725859,12.445434,11.780874,7.4928374,11.871126,8.627045,13.232271,14.422186,17.757313,19.463612,24.30755,24.63485,23.894184,23.757868,18.172298,18.019108,17.052425,12.237558,15.641961,11.242677,13.992018,14.764,13.157148,12.363097,10.52146,11.200668,12.348216,12.912406,16.438894
16,31.527678,27.613646,26.485554,23.000032,19.391945,16.268637,17.853107,11.98791,14.577503,12.463066,15.323251,15.960536,13.401175,10.781057,7.4255743,5.7764983,0.0,5.2033663,5.247469,9.02386,11.402373,15.24364,15.657663,20.280647,16.949848,23.742668,20.156557,20.170128,15.925613,19.060173,13.873949,19.323647,18.854658,22.549036,22.746063,23.937906,27.360685,27.61203,24.6765,22.519451,17.83718,17.500332,14.102339,13.043651,11.53037,10.564735,12.250223,11.726671,16.595188,15.667519,15.712997,16.810406,16.297016,19.967344,21.182447,24.600513,25.998663,27.18722,25.782068,27.450884,27.331257,23.319597,22.706753,16.997663,19.989294,15.895889,20.39051,16.700233,20.54968,19.037437,15.230629,13.279699,10.04569,7.2572637,5.2973847,6.870088,7.680052,10.020602,12.981587,16.071907,19.464119,21.213484,18.777086,22.44137,22.416622,18.193089,17.465792,13.016312,16.70941,12.005762,16.002934,15.438034,18.74582,19.223862,24.544333,25.046803,23.770464,24.154509,18.561977,18.33651,18.22898,13.635626,17.820091,13.438408,16.92022,18.2079,15.151543,13.306571,9.498563,9.458023,8.57197,9.108093,11.860788
17,27.056583,23.198719,22.582268,18.621384,15.067833,12.498426,14.222891,9.147622,12.864773,11.460666,15.454759,16.337006,14.892957,12.129513,9.709722,5.950147,5.2033663,0.0,5.5881405,5.899599,10.433609,12.779133,12.065796,17.092215,13.324425,19.873035,15.689325,15.4565525,11.05608,13.968093,9.049141,14.509372,15.249346,19.005426,19.940304,21.479052,25.028984,25.829342,23.126,20.530117,15.609168,16.090239,11.541177,12.199658,9.578368,10.274912,11.565652,12.317436,16.151237,15.545886,14.5327425,15.888553,13.904201,17.48297,18.361856,21.283014,22.994871,23.345469,21.565947,23.096157,23.743414,19.383217,18.206135,12.803605,15.481553,11.674543,16.311474,13.258042,17.046783,16.372534,12.789179,11.703456,7.5371056,7.5999618,6.067494,4.3916593,7.8976407,8.938621,12.955178,15.672125,19.263979,20.732513,19.244219,22.72575,21.517675,16.92694,15.495656,10.688184,13.274516,7.564971,11.099066,10.333766,13.5942955,14.458894,19.580708,20.283894,19.375977,20.098494,14.5026455,15.090204,15.427526,11.212538,16.192495,12.929518,17.090397,18.98929,17.059376,15.267515,13.362376,11.411813,11.631588,10.185592,13.122337
18,29.037975,25.363646,24.796808,20.841166,18.076832,15.223767,18.151657,13.251277,16.869831,15.869617,19.195023,20.490011,18.35133,15.4942,12.517155,9.825303,5.247469,5.5881405,0.0,5.3612456,6.165743,10.410355,11.605696,16.054636,13.76978,20.366386,17.335613,18.272678,14.255649,18.062136,13.966882,19.434153,20.818476,24.215199,25.46729,26.678703,30.430376,31.174772,28.42187,25.8712,21.015448,20.896776,16.727903,16.041006,13.145212,12.334034,12.293442,10.981339,15.738971,16.4759,16.125185,18.556015,17.633223,21.474833,23.372461,25.877796,28.181812,28.450075,26.689676,28.341425,29.29372,24.859032,23.400259,18.081696,19.881536,15.793093,19.44966,15.612759,18.341904,16.992786,13.701789,10.68124,8.499491,6.0070496,6.7948217,8.908607,11.567698,13.810957,17.336401,20.410738,23.91442,25.566479,23.472496,26.975946,26.3618,21.923048,20.46969,15.910704,18.261463,12.695186,15.521432,13.470926,16.563389,15.9061365,21.542093,21.821568,20.160757,20.986963,15.681668,15.697919,16.601988,12.83641,17.802023,14.515372,18.888466,21.091623,17.996458,15.452607,12.538092,9.693679,8.115095,6.088401,8.018659
19,26.224117,22.783081,23.181011,18.439554,16.135252,14.289259,17.336132,13.61607,17.902042,17.142216,21.230974,22.189266,20.683655,17.98058,15.231243,11.805894,9.02386,5.899599,5.3612456,0.0,6.4590726,6.9572697,6.6449523,11.470599,8.614204,15.181778,11.9767885,13.118885,9.39677,13.717156,10.6887455,16.300741,18.941137,22.824184,24.323835,26.229164,29.72515,30.749683,27.955635,24.779821,20.02578,19.963629,15.265116,15.243902,11.314018,11.538824,10.561352,10.469368,13.734061,15.079335,13.799911,16.811422,14.975287,18.66469,20.96155,22.522,25.604631,25.073711,23.180359,25.047997,26.965633,22.498497,20.150282,15.172728,15.707852,11.808074,14.746317,11.209475,13.424072,12.704575,9.845704,7.562879,5.1679344,6.3158526,7.7504716,8.343577,12.296161,14.137069,17.962196,21.019596,24.427456,26.080359,25.004927,28.539305,27.061218,22.40252,20.720722,15.948549,17.437342,11.163918,12.807999,9.7437525,12.187814,11.438364,16.612108,17.888422,16.719324,18.587341,13.549717,14.887654,16.63085,13.624948,19.17648,16.92791,21.62148,24.075102,21.829453,19.489944,17.393703,14.10365,13.23017,10.17457,11.51324
20,27.133596,23.93595,24.052876,19.821062,18.403534,16.145226,20.260693,16.774426,20.864964,20.828175,24.30348,26.136864,24.299782,21.297823,18.597599,15.532104,11.402373,10.433609,6.165743,6.4590726,0.0,6.213006,9.14781,12.625666,12.5641165,18.101566,16.160786,18.28221,15.029594,19.109238,16.65917,21.493544,24.580694,27.427183,29.676035,30.776714,34.79579,35.9928,33.485497,30.70616,25.82163,25.943716,21.349972,21.023146,17.37011,16.76359,15.3355875,13.44896,17.354464,19.701733,19.035574,22.462912,21.240007,24.996647,27.365807,28.955624,31.998215,31.363031,29.28001,30.794523,32.757168,28.038275,25.859877,21.300953,21.840647,18.166588,20.582785,17.00289,18.015467,17.042593,14.861639,11.051309,10.863784,9.623945,11.962083,13.9108925,17.262583,19.296896,23.075798,26.041807,29.601492,31.126966,29.238197,32.550888,31.496077,26.991302,24.967806,20.5922,21.655567,15.970114,17.270067,13.801905,16.203037,13.907834,19.600468,19.35686,17.12668,18.464611,14.110975,14.348878,16.484224,14.285717,19.378986,17.513165,22.292566,25.197674,22.166044,19.196024,17.218288,12.6447525,10.902715,6.879673,6.2160554
21,26.075232,23.350801,24.707384,19.675423,18.995325,17.904736,21.897642,19.391325,23.87563,23.746769,27.810389,29.088081,27.588781,24.811312,22.020014,18.662558,15.24364,12.779133,10.410355,6.9572697,6.213006,0.0,4.169397,6.418836,7.593632,12.150685,11.269165,14.208672,12.215576,16.693804,15.820719,20.53826,24.626451,28.10325,30.292791,32.196507,35.78335,37.09267,34.40591,30.975023,26.37406,26.184473,21.490255,21.25709,16.94224,16.84416,14.32915,13.220005,15.246018,18.534826,17.228785,21.312016,19.709494,23.128946,26.231762,26.623798,30.630974,29.25525,27.22457,29.105944,32.06889,27.544624,24.433315,20.353348,19.224678,15.990768,16.815529,13.650826,13.10624,12.651653,11.71855,8.530552,9.809201,10.935917,13.744843,15.121217,18.996496,21.012156,24.770502,27.88074,31.22307,32.888107,31.944517,35.410656,33.72827,29.065948,27.066044,22.49384,23.057848,16.976358,17.130424,12.75962,13.839238,10.92087,15.442279,16.756035,15.128788,18.060858,14.522335,16.247978,19.170298,17.661205,23.115568,21.90302,26.842203,29.78519,27.331348,24.583534,22.691084,18.382076,16.918146,12.957708,12.258652
22,24.232649,21.509844,23.268528,17.903801,17.09976,16.619143,20.0913,18.122986,22.668894,22.482924,26.85011,27.815952,26.738165,24.122156,21.5788,17.96984,15.657663,12.065796,11.605696,6.6449523,9.14781,4.169397,0.0,5.2289777,4.1924872,9.20203,7.2147617,10.048873,8.361292,12.839203,12.696563,17.180378,21.614506,25.360243,27.454082,29.750793,33.052284,34.44803,31.79383,28.15018,23.743757,23.72527,18.923735,19.322987,14.865379,15.613051,13.303086,13.534143,14.66112,17.421865,15.489825,19.304823,16.965265,20.08803,22.993626,23.000456,27.14396,25.414337,23.348148,25.300785,28.601254,24.20949,20.769037,17.02982,15.3247175,12.482248,12.977682,10.446583,9.886634,10.352353,9.6285515,8.149325,8.44544,11.384666,13.528975,13.698704,17.84703,19.370295,23.141922,26.051659,29.267956,30.850897,30.505003,33.923145,31.785116,27.119432,25.133894,20.60944,20.846731,14.793473,14.382786,9.94818,10.410042,8.06436,12.017134,14.458696,13.626107,17.053238,13.480404,16.007952,18.867735,17.374224,22.930637,21.939127,26.828423,29.665304,27.81734,25.38378,23.834185,19.79921,18.953655,15.124999,15.3561735
23,26.401884,24.311817,26.774054,21.33944,21.34446,21.32927,24.88531,23.30206,27.85333,27.635752,32.03193,32.799328,31.634262,29.130056,26.384588,22.979048,20.280647,17.092215,16.054636,11.470599,12.625666,6.418836,5.2289777,0.0,5.5518746,6.29643,7.9623322,11.707435,11.913937,16.07916,17.053024,21.132698,25.898289,29.829443,31.83785,34.451057,37.502724,38.876186,36.088753,32.139637,28.02883,27.55392,23.06713,22.966349,18.446613,18.87995,15.719483,15.622448,15.371098,19.19192,17.310396,21.65308,19.748266,22.49071,26.182577,25.214342,30.109438,27.973183,26.107914,28.323074,32.22676,28.116264,24.19971,20.938168,18.032675,15.730712,14.379431,12.319261,9.395303,10.018443,11.177812,9.935236,12.156708,14.930606,17.580202,18.301859,22.218931,24.053003,27.573494,30.661612,33.68026,35.417236,35.35848,38.874687,36.670395,32.014202,30.1239,25.602173,25.723461,19.781567,18.918695,14.390014,13.819127,10.911383,12.776123,16.145325,15.530348,19.731335,17.312113,20.033445,23.276701,22.296753,27.767664,27.025532,31.954126,34.855118,32.882435,30.340498,28.527033,24.456753,23.178915,19.282768,18.653158
24,26.38943,23.776217,25.823841,20.327284,19.259846,19.099564,21.833857,19.79635,24.18053,23.42985,27.92529,28.150105,27.106995,24.86461,22.17455,18.880182,16.949848,13.324425,13.76978,8.614204,12.5641165,7.593632,4.1924872,5.5518746,0.0,6.820916,5.1293883,7.7207456,7.253234,11.979969,12.216827,16.999863,20.988228,25.638813,26.926777,29.9472,32.653633,33.779594,30.786753,26.720974,22.721062,22.058664,17.680573,17.657991,13.152618,14.097222,11.400583,12.569928,12.2222185,14.9445715,12.644567,16.575624,14.272208,17.07242,20.696651,20.01326,24.774311,23.031733,21.35722,23.892694,27.380587,23.46619,19.67118,15.821942,13.092172,10.31867,9.543465,6.971358,5.71919,6.4684916,6.5515823,6.966922,7.7312217,11.734393,13.63173,13.606624,17.43836,19.119349,22.455246,25.536339,28.399511,30.208206,30.48417,34.08554,31.855768,27.224064,25.690554,21.051495,21.69029,15.645684,15.303954,11.420223,11.183778,10.042061,12.2081785,16.36189,16.322622,20.095516,16.604832,19.442709,22.064283,20.24529,25.80874,24.512747,29.222023,31.716019,30.04858,27.878557,25.889887,22.637495,21.676779,18.294382,18.665272
25,26.461988,24.765047,27.898409,22.350182,22.474327,23.322493,26.018919,25.224653,29.60065,29.239063,33.836803,34.05742,33.37708,31.216848,28.747274,25.341799,23.742668,19.873035,20.366386,15.181778,18.101566,12.150685,9.20203,6.29643,6.820916,0.0,5.5215774,8.703887,11.25947,14.300365,16.866627,19.978714,24.935207,29.22229,30.85414,34.119686,36.50756,37.90175,35.130417,30.842825,27.37801,26.849314,22.72554,23.138023,18.828766,20.090239,17.14399,18.449808,16.62885,19.79309,17.284498,21.100035,18.587307,20.380949,24.0765,21.897467,27.300861,24.478203,22.83717,25.303526,29.892994,26.379843,21.919518,19.675611,15.3157215,14.36277,11.044847,11.001325,6.483379,9.123088,11.653205,12.894025,14.415308,18.414667,20.371439,20.021843,23.786816,25.09651,28.282412,31.087418,33.708347,35.38068,36.247032,39.676674,36.944016,32.447178,30.752697,26.491602,26.242655,20.823605,19.227825,15.306893,13.436958,11.840747,10.627491,16.176838,16.898293,21.575054,19.69386,23.083288,26.166878,25.325424,30.679285,30.194902,34.94163,37.64232,36.320347,34.137123,32.55237,28.880161,28.043615,24.315615,24.293926
26,23.197388,20.957872,23.66252,18.114014,17.590584,18.462418,20.737951,20.098383,24.370445,24.115984,28.741705,29.074553,28.723738,26.54696,24.475618,20.84803,20.156557,15.689325,17.335613,11.9767885,16.160786,11.269165,7.2147617,7.9623322,5.1293883,5.5215774,0.0,3.888703,5.9344816,8.919926,11.547571,14.525296,19.597721,23.727957,25.525976,28.631672,31.161896,32.69159,30.137157,26.068354,22.414124,22.543034,18.036613,19.414244,15.190508,17.200924,15.215075,17.215157,16.398386,18.3693,15.570359,18.674107,15.246497,17.216269,19.880348,18.459467,23.174475,20.422245,18.411182,20.60407,24.920519,21.119646,16.819305,14.512203,10.68862,9.767215,7.887171,8.256188,6.3829646,9.378372,10.164865,11.9006405,11.512178,16.041246,17.23815,15.814221,19.771887,20.43556,23.828138,26.27291,29.022287,30.449532,31.309286,34.553333,31.638582,27.173172,25.34543,21.241028,20.761576,15.526291,13.789524,10.173075,8.339182,7.9589086,7.788392,13.22032,14.185452,18.334387,15.717056,19.197184,21.869658,20.782373,26.031591,25.562048,30.147799,32.750282,31.836226,29.894049,28.79604,25.242195,25.019453,21.448727,22.28375
27,23.268295,20.868359,23.374575,18.030638,16.915478,18.009659,19.353312,18.943964,22.872187,22.40804,27.032894,26.987028,27.00009,25.100973,23.368547,19.859241,20.170128,15.4565525,18.272678,13.118885,18.28221,14.208672,10.048873,11.707435,7.7207456,8.703887,3.888703,0.0,4.4911904,5.9893584,9.279779,11.7052765,16.443714,20.929188,22.289268,25.757462,27.896606,29.37883,26.85426,22.715347,19.380127,19.715334,15.390401,17.460653,13.676577,16.394976,15.197072,18.03699,17.087103,17.961504,14.912209,17.095572,12.991273,14.440883,16.445038,14.9085455,19.443958,16.544233,14.539089,16.898746,21.234484,17.699335,13.263979,11.299017,6.9177856,7.0387096,5.2093573,7.3566146,7.3000717,10.4366865,10.657967,13.448257,11.944857,16.793146,17.199242,14.818474,18.476868,18.550062,21.686447,23.79075,26.312279,27.619589,28.967224,32.0931,28.927048,24.616734,22.996683,19.142437,18.62239,13.939371,12.114916,9.703833,7.6879854,9.365198,8.57716,14.1467905,15.671736,19.3235,16.449945,19.947926,22.095615,20.730192,25.726437,25.163244,29.42637,31.726389,31.28186,29.700693,28.789108,25.764404,25.93133,22.739233,24.151266
28,22.725508,19.712591,21.377577,16.133913,14.161646,14.494543,15.989786,14.775266,18.845306,18.324703,22.960058,23.195375,23.039986,20.929575,19.196665,15.518429,15.925613,11.05608,14.255649,9.39677,15.029594,12.215576,8.361292,11.913937,7.253234,11.25947,5.9344816,4.4911904,0.0,5.0705457,5.636205,9.790385,14.093243,18.557981,20.057495,23.08467,25.742504,27.179224,24.63484,20.809635,16.811865,17.453506,12.56109,14.817239,10.913294,13.642649,13.054145,15.677392,16.032492,16.477785,13.706311,15.747796,11.664196,14.012101,15.517256,15.555919,19.200369,17.199923,15.021533,17.071596,20.411001,16.288786,12.59008,9.139307,7.199625,5.240045,7.229241,7.038471,9.164683,11.025194,9.638397,11.584798,8.856231,13.44719,13.499758,10.799273,14.760215,14.786769,18.328035,20.51602,23.406784,24.699892,25.44124,28.627985,25.752073,21.255245,19.506002,15.332947,15.229065,9.86681,8.874505,6.379826,6.126843,8.183641,10.28525,14.026974,14.828995,17.705769,13.776934,16.845098,18.65494,16.709215,21.83576,20.870363,25.164843,27.447851,26.83177,25.23375,24.34391,21.394922,21.715809,18.724098,20.526695
29,20.281858,17.411013,19.219498,14.403358,12.434185,13.834354,14.101048,14.601282,18.079285,18.097055,22.611124,22.930729,23.647633,21.751654,20.915667,17.203941,19.060173,13.968093,18.062136,13.717156,19.109238,16.693804,12.839203,16.07916,11.979969,14.300365,8.919926,5.9893584,5.0705457,0.0,5.776803,5.7481766,11.388271,15.035741,17.108807,20.121847,22.576601,24.484758,22.58513,19.036537,15.537321,17.429388,12.72161,16.662214,13.693398,17.108826,17.31652,20.347254,20.561447,20.287148,17.384756,18.350908,13.5361,14.826698,14.388246,14.303927,16.981455,14.092575,11.290165,12.554564,16.499886,12.347499,8.240546,7.285382,5.470902,6.8632483,8.809733,10.836631,12.833264,15.323773,14.235837,16.60649,13.515006,17.910852,17.310843,13.522182,17.026909,15.735189,19.065613,20.245417,22.919397,23.63351,24.973219,27.603539,23.999315,19.867147,17.843836,14.667453,13.154346,9.687614,7.0153675,6.7857065,5.259779,9.362345,9.715405,13.090325,14.809267,17.153187,13.953008,17.203419,18.534315,17.192055,21.546726,21.350557,25.169083,27.35258,27.682804,26.508144,26.594345,23.694906,24.797138,21.953518,24.237509
30,23.443724,19.939554,20.473696,16.046103,12.66629,12.415914,12.409932,10.620832,14.085734,13.187817,17.792067,17.83769,18.122995,16.20258,15.165488,11.591725,13.873949,9.049141,13.966882,10.6887455,16.65917,15.820719,12.696563,17.053024,12.216827,16.866627,11.547571,9.279779,5.636205,5.776803,0.0,6.5868893,8.948782,13.823228,14.830826,17.772158,20.510483,21.858534,19.413939,15.995248,11.636797,13.2703285,8.024552,11.91028,9.231445,12.619101,13.817174,16.798685,18.065922,16.950499,14.511598,14.974249,10.553857,12.795127,12.30669,14.196712,16.099072,15.084771,12.876957,14.484986,16.385921,12.032244,9.586863,4.7705784,7.0722346,5.1850557,10.195557,9.993429,13.86679,15.012911,12.524879,14.3817625,10.186871,13.839092,12.432776,8.0552635,11.407964,10.08746,13.699943,15.281471,18.299133,19.314472,20.03462,23.06553,20.116772,15.625876,13.996597,9.873318,10.27062,5.328984,5.990931,6.862342,8.32065,11.673623,14.389846,16.668005,17.389957,18.90618,14.298478,16.603046,17.22229,14.454404,18.983864,17.52022,21.212772,23.00347,22.938234,21.89216,21.415909,19.375751,20.41813,18.305681,21.026218
31,19.653654,16.416132,17.050615,13.453166,10.355382,11.7837,10.094294,11.69976,14.124976,14.621973,18.751589,19.363293,20.907318,19.19332,19.443,15.909932,19.323647,14.509372,19.434153,16.300741,21.493544,20.53826,17.180378,21.132698,16.999863,19.978714,14.525296,11.7052765,9.790385,5.7481766,6.5868893,0.0,7.131208,9.306461,12.236078,14.61395,17.409733,19.76576,18.649641,16.01153,12.601012,16.173473,11.725847,17.09208,15.324383,18.953213,20.307392,23.367348,24.364157,23.162775,20.55353,20.437576,15.566848,16.541525,13.8111105,15.316007,15.704709,13.386253,10.232884,9.8568125,12.500287,7.6231427,5.185941,6.1866117,8.501694,10.075879,13.581544,15.28946,18.22567,20.289223,18.491215,20.557886,16.62415,20.251518,18.778477,14.1170845,16.889212,14.213436,17.351597,17.339016,20.007427,19.998035,21.34268,23.326431,19.268885,15.505297,13.10574,11.158828,8.342212,7.726969,4.947612,8.441936,8.467435,12.869621,13.98691,15.239222,16.823652,17.59193,14.269993,16.742743,16.877628,15.450285,18.684643,18.749298,21.774002,23.62599,24.87346,24.27325,25.333288,22.910038,24.86976,22.64315,25.636034
32,25.943764,22.526527,22.07119,19.394848,15.392899,15.510659,12.3049135,11.9849825,12.55856,11.424383,14.868787,13.993863,16.094183,15.368677,16.33726,14.100248,18.854658,15.249346,20.818476,18.941137,24.580694,24.626451,21.614506,25.898289,20.988228,24.935207,19.597721,16.443714,14.093243,11.388271,8.948782,7.131208,0.0,7.2474613,5.968078,9.912461,11.688986,13.218571,11.573089,9.1970005,6.0264025,10.790172,7.900113,13.907619,14.141187,17.73131,20.39079,23.81217,25.007431,22.347008,20.23042,18.497877,14.1794815,14.543805,9.795272,13.521536,11.503156,11.649194,9.770973,9.802549,8.585071,4.710551,6.503509,5.580182,10.878317,11.728194,16.21116,17.330702,21.55467,22.788994,20.295374,22.65197,18.185726,21.008556,18.47361,13.440656,14.330575,10.584578,12.32205,11.199784,13.3281975,13.08082,15.20977,17.160425,13.097291,9.594377,8.722172,7.6670823,7.466877,9.064573,9.880694,13.907919,14.953086,19.138842,20.74923,22.231495,23.48647,23.768517,19.754324,21.358248,20.50466,17.830412,20.272797,18.996319,20.849396,21.458378,23.123951,23.355743,23.987925,23.42778,25.461325,24.440092,27.853333
33,22.841814,19.590052,18.165298,17.278278,13.519509,14.183418,9.492207,12.171207,11.242716,12.433787,14.675327,15.645294,18.693565,17.713886,19.862312,17.4361,22.549036,19.005426,24.215199,22.824184,27.427183,28.10325,25.360243,29.829443,25.638813,29.22229,23.727957,20.929188,18.557981,15.035741,13.823228,9.306461,7.2474613,0.0,6.7462893,5.99241,9.775333,13.10888,14.097788,14.092674,11.95298,17.392685,14.6942215,20.59762,20.645401,24.018394,26.58373,29.514671,31.303173,29.04145,26.958332,25.567818,21.254436,21.745564,16.74167,20.037992,17.213709,16.56131,14.133783,11.712628,9.980502,6.3355193,9.862554,11.952523,16.490604,17.787264,22.03802,23.365114,27.053427,28.646505,26.22786,27.961823,23.461601,25.932896,23.537077,18.596807,19.75197,15.640244,17.583162,15.324304,17.43061,15.883345,17.109186,17.404577,12.60596,10.560836,7.911583,10.188354,6.2109447,11.740538,11.20952,15.959888,17.001081,20.996437,22.649073,22.188387,23.39591,22.32468,19.278828,20.218136,18.497158,17.015972,17.58728,17.864697,18.735106,19.488783,22.47134,23.08474,25.56551,24.388653,27.370676,26.336065,30.022427
34,29.130379,25.84596,24.682163,23.170536,19.115252,19.148617,14.867784,15.083897,13.755867,12.681624,14.426507,13.045186,16.241241,16.414728,18.535097,17.309511,22.746063,19.940304,25.46729,24.323835,29.676035,30.292791,27.454082,31.83785,26.926777,30.85414,25.525976,22.289268,20.057495,17.108807,14.830826,12.236078,5.968078,6.7462893,0.0,5.603719,5.7527757,7.535833,7.494464,7.7751756,7.340247,12.688354,12.006833,17.505411,18.900782,22.187714,25.364689,28.741335,30.106367,26.866968,25.06699,22.547855,18.794592,18.543774,12.61808,16.837112,12.547639,13.850663,12.751227,11.571501,7.0320992,6.2110543,10.624102,11.387159,16.376947,17.489706,21.793,23.009571,27.360325,28.484129,25.883554,28.199131,23.632835,25.930037,23.01188,18.11587,17.936369,13.69803,14.008467,11.044583,11.998794,10.35939,13.255366,13.841972,9.071245,7.660444,8.026442,10.117523,9.869279,13.897793,14.903791,19.354034,20.473331,24.6763,26.168386,27.08523,28.366484,27.965385,24.242825,25.308392,23.706509,21.14764,22.224918,21.026754,21.512392,21.199291,23.87142,24.904152,26.155909,26.487139,28.954542,28.577543,32.260483
35,28.272345,24.970034,22.853111,22.559189,18.508995,18.299473,13.425284,14.527374,11.842469,12.111886,12.558276,12.769826,16.521013,16.464548,19.472893,18.27148,23.937906,21.479052,26.678703,26.229164,30.776714,32.196507,29.750793,34.451057,29.9472,34.119686,28.631672,25.757462,23.08467,20.121847,17.772158,14.61395,9.912461,5.99241,5.603719,0.0,5.371299,8.481552,10.664345,12.687349,11.754184,17.197628,16.048872,21.420218,22.632713,25.637468,28.867643,31.74773,33.829735,30.833765,29.191013,27.002134,23.36975,23.639923,18.032211,22.291971,18.132746,19.075228,17.532557,15.451044,11.289038,9.891954,14.391506,15.420422,20.635164,21.44448,26.078562,26.968649,31.226028,32.341015,29.53535,31.202194,26.511791,28.279894,25.36381,20.617098,20.527699,16.112322,16.779358,13.322734,14.626918,12.187453,13.378644,12.528596,7.519135,7.591327,6.654987,11.023702,9.461477,15.232601,16.15257,20.870312,22.38583,26.285517,28.35136,27.940102,28.884626,27.50866,24.09844,24.422714,22.09279,19.965397,19.616482,19.01608,18.47413,17.936184,21.533182,22.974407,25.46284,25.685896,28.782713,28.672136,32.57276
