,0,1,2,3,4,5,6,7,8,9,10,11,12,13,14,15,16,17,18,19,20,21,22,23,24,25,26,27,28,29,30,31,32,33,34,35,36,37,38,39,40,41,42,43,44,45,46,47,48,49,50,51,52,53,54,55,56,57,58,59,60,61,62,63,64,65,66,67,68,69,70,71,72,73,74,75,76,77,78,79,80,81,82,83,84,85,86,87,88,89,90,91,92,93,94,95,96,97,98,99,100,101,102,103,104,105,106,107,108,109,110,111,112,113,114
0,0.0,4.4391,6.52467,8.807006,12.578797,14.244261,17.829794,20.711245,23.382427,27.027378,31.394218,33.7818,35.869495,37.00114,33.63624,29.816086,27.183949,24.231512,22.699026,18.454004,17.892387,13.908313,15.437366,15.979787,18.043201,19.76839,20.81247,24.313028,23.188963,26.369207,26.663246,29.148464,34.31585,35.942226,39.394115,40.305237,44.615353,46.385563,43.922577,41.167007,36.304115,37.418667,32.37458,33.69751,29.598495,29.676489,28.178135,26.803059,29.305407,32.800255,31.413,35.71413,33.685066,36.74605,39.458862,39.10917,43.448685,41.3878,38.303066,39.140743,42.43375,37.432278,34.805492,33.921326,31.348019,28.70453,29.663298,28.4669,25.332747,24.804428,24.05542,21.75131,22.467077,23.210342,25.544788,26.540668,30.390902,31.58115,35.749348,37.955162,41.7387,42.623825,41.065536,43.891678,41.247997,37.175663,36.217537,32.238903,32.382027,27.201086,27.627384,24.172066,21.065199,23.526451,19.742086,23.253592,21.589462,22.332926,18.26063,19.591911,16.95893,19.123686,22.132288,23.264568,26.303537,28.128796,32.67418,35.40113,31.809738,29.2248,25.995827,22.48415,19.656305,16.499113,12.979291
1,4.4391,0.0,5.0204625,5.256059,9.044643,11.749039,14.359101,18.22311,20.522234,24.390518,28.628372,31.13818,33.030113,33.81019,30.536366,26.531921,24.296871,20.844507,20.012274,15.307441,15.969937,11.1935215,12.003411,13.158758,14.241688,16.470226,16.790314,20.13179,18.900932,21.946873,22.392073,24.75972,30.050905,31.798088,35.18512,36.312363,40.487743,42.30706,39.84489,37.00728,32.191807,33.45152,28.319916,29.971975,25.862823,26.309752,24.938313,24.103624,26.404867,29.589373,27.93151,32.07345,29.722725,32.678417,35.200096,34.823956,39.11044,36.976147,33.87342,34.71005,38.04637,33.071095,30.377504,29.594025,26.997667,24.483776,25.530073,24.590033,21.6586,21.362728,20.397747,18.623188,18.897179,20.277855,22.394747,22.873932,26.928806,27.888899,32.137386,34.27627,38.03298,38.890125,37.660995,40.467052,37.52976,33.639004,32.421375,28.451784,28.39223,23.108612,23.375755,19.819725,16.653818,19.144617,15.458793,19.146364,17.566854,18.141956,14.166993,15.370397,12.562967,14.944701,18.226269,19.46063,22.649672,24.691895,29.313251,32.20869,28.84803,26.276024,23.678375,19.572329,17.187466,13.993033,10.625368
2,6.52467,5.0204625,0.0,6.0095177,7.36153,8.898041,12.514221,15.314264,18.47469,21.715544,26.524706,28.400375,30.722704,31.699825,28.140684,24.4739,21.3274,18.592863,16.655918,12.234949,11.894744,7.443563,9.474053,10.7355385,12.741542,15.70244,16.466059,19.953098,18.456968,22.369242,21.84349,25.429607,29.862625,32.47496,35.058006,36.38627,40.509876,41.870968,38.987564,36.06399,31.205399,31.751566,26.90615,27.673546,23.568995,23.346918,21.900496,20.397764,23.249636,26.567749,25.339321,29.634327,27.964611,31.249586,34.300762,34.251827,38.570564,37.090572,34.19216,35.54521,38.374985,33.49739,30.884428,29.157207,26.821323,23.611603,24.970789,23.212627,20.564537,19.40918,18.270987,15.558903,16.351948,16.74985,19.247004,20.719395,24.420164,26.065884,30.057856,32.635006,36.332996,37.52947,36.0473,39.221718,36.679337,32.891705,32.0591,27.65318,28.5724,22.83957,24.074785,20.715181,17.414234,20.873745,17.091753,20.258198,19.854254,20.536545,17.009548,17.712675,13.977968,16.120531,19.581367,19.313482,23.170355,24.021902,29.16028,32.20532,29.191748,26.280914,24.263685,19.658745,18.099009,14.14905,11.725276
3,8.807006,5.256059,6.0095177,0.0,4.8188157,7.461523,9.581486,13.574724,15.4247265,19.492044,23.489965,26.211987,27.935656,28.731684,25.56098,21.510391,19.669138,16.09674,15.75315,11.5453,12.526436,8.824899,9.846783,13.054862,12.417245,16.661133,15.468823,18.259092,15.972954,19.01219,18.479027,21.07527,25.779448,27.449902,30.745111,31.579372,35.914368,37.618256,35.220474,32.654583,27.751198,29.256605,24.17281,25.98775,22.32067,22.912632,22.299131,21.829336,24.700932,27.10134,25.33702,29.034227,26.476696,29.599424,31.59986,31.903563,35.653946,33.893707,30.727259,31.467001,34.219685,29.15266,26.939285,25.791271,24.114298,21.363699,23.4355,22.540066,20.580894,20.010792,18.048656,16.511496,15.601779,16.928223,18.451612,18.499805,22.464977,23.13796,27.423487,29.36343,33.16827,33.921642,32.52032,35.279484,32.474174,28.48554,27.438097,23.447893,23.668936,18.470509,19.225338,16.075954,13.258373,16.674915,14.239549,18.321003,17.175316,16.901924,13.444776,12.690622,9.452146,10.862253,13.930525,14.479021,17.790564,19.495323,24.200022,27.137869,23.91556,21.220387,19.082909,14.53293,12.704431,9.177928,6.4961023
4,12.578797,9.044643,7.36153,4.8188157,0.0,4.478073,5.4198313,10.001873,12.200907,15.878362,20.28961,22.512959,24.42944,25.001455,21.638945,17.675638,15.402841,11.82215,11.382671,6.7620153,8.919102,5.130348,6.0365453,10.545855,9.032972,14.600031,12.894567,15.451014,12.696783,16.457325,15.002919,18.7859,22.703672,25.404478,27.798576,29.0917,33.20522,34.52393,31.711185,28.95087,24.03905,25.004953,20.064232,21.405842,17.723581,18.13473,17.690365,17.318981,20.448727,22.52492,20.845236,24.47203,22.179995,25.511223,27.809788,28.39138,32.12239,30.897299,27.925957,29.165901,31.487999,26.57231,24.361734,22.378063,20.953905,17.650549,20.177334,18.80381,17.47067,16.37114,13.879689,12.214899,10.933564,12.163908,13.67372,14.008012,17.939169,19.034063,23.200495,25.520042,29.255125,30.316776,29.045557,32.14755,29.392124,25.725676,24.762133,20.327572,21.340006,15.53816,17.179893,14.204945,11.2760315,15.665177,13.425278,16.908962,17.026737,16.736174,14.111715,12.864533,8.699647,9.896077,13.320211,12.15009,16.376291,16.99412,22.292856,25.536335,22.978996,20.029877,19.268946,13.767251,13.548314,9.658451,8.896671
5,14.244261,11.749039,8.898041,7.461523,4.478073,0.0,5.322062,6.535696,9.660633,12.888126,17.64091,19.62624,21.870071,23.050196,19.529694,15.980347,13.017488,10.645252,8.79861,6.367286,5.4933357,5.9721475,8.648167,13.2286005,12.212576,18.138031,16.555973,18.837757,15.620048,19.47982,16.83685,21.1166,23.901993,26.588907,28.63198,29.427269,33.75425,34.720055,31.855743,29.478521,24.529585,25.237703,20.735233,21.372593,18.299532,18.034826,18.21088,17.232548,21.324034,23.02637,21.793167,25.150764,23.38961,27.015965,29.198917,30.49062,33.751446,33.154545,30.284798,31.562733,33.145237,28.278242,26.646324,24.005932,23.526312,19.820942,23.025642,21.208073,20.492582,18.74223,15.793304,13.3932905,11.852527,11.352369,12.5943985,13.7817135,16.961456,18.389078,22.275421,24.636597,28.385284,29.506903,27.53133,30.7521,28.698645,24.794655,24.532045,19.994648,21.946789,16.49515,19.052872,16.823397,14.488553,19.265003,17.66346,21.000586,21.369709,20.853144,18.39812,16.385117,12.491344,12.5854,15.119419,12.658831,16.7762,16.1166,21.504557,24.575727,22.064306,18.87912,18.076675,12.860335,13.07086,8.826247,9.2235775
6,17.829794,14.359101,12.514221,9.581486,5.4198313,5.322062,0.0,6.30915,7.4428263,11.065891,15.250439,17.481092,19.21437,19.606333,16.298384,12.269407,10.505577,6.5238047,7.4518824,4.679591,8.063335,7.6813884,8.023721,13.306206,10.114901,16.765072,13.735772,15.109732,11.262934,14.793844,11.618384,16.077843,18.609177,21.671207,23.439768,24.609236,28.728834,29.736856,26.83258,24.327093,19.366737,20.394487,15.677108,17.020132,14.122498,14.703984,15.480525,15.772796,19.36189,20.185143,18.463285,21.291594,18.892347,22.38093,24.078705,25.55479,28.562778,27.988766,25.118439,26.410131,27.846582,23.026564,21.462301,18.727535,18.65991,15.061161,18.861485,17.509838,17.668188,16.267076,12.67253,11.687325,8.498264,9.508574,9.672247,9.219892,12.949382,13.793191,17.95643,20.194519,23.95159,25.0281,23.662447,26.866774,24.260357,20.698929,19.9726,15.316071,17.1521,11.348623,14.156215,12.194095,10.272596,15.362773,14.829453,17.913374,18.747099,17.771053,16.241405,13.41885,9.664051,9.08975,11.59644,8.252212,12.950173,12.279554,17.907835,21.300526,19.40191,16.326727,17.057262,11.031166,12.668269,9.3288965,10.732486
7,20.711245,18.22311,15.314264,13.574724,10.001873,6.535696,6.30915,0.0,4.514605,6.4353323,11.568858,13.125223,15.561912,17.036812,13.426337,10.4447565,7.121379,6.576861,4.2682695,7.139971,5.7635856,10.459287,12.417934,17.294224,15.216113,21.789242,19.338604,20.603655,16.697712,20.228765,15.942454,20.758055,21.532076,24.5525,25.601282,26.052792,30.323076,30.700943,27.712538,25.836779,21.052546,21.470036,17.78704,17.745422,16.01224,15.387664,17.022486,16.366417,21.11424,21.409199,20.475607,22.819357,21.435148,25.208082,26.808392,29.199081,31.522728,31.891432,29.284773,30.666723,31.040907,26.49292,25.736393,22.159557,23.263916,19.30201,23.604534,21.630224,22.374044,20.187935,16.40403,14.413642,11.561315,9.7088585,9.231036,10.512613,12.32255,13.848804,17.200891,19.525137,23.1676,24.393723,21.880735,25.315178,23.962122,20.196072,20.69289,16.066706,19.42153,14.636951,18.456205,17.516853,16.255419,21.365288,21.117165,23.983788,25.048252,24.027979,22.477907,19.311972,15.848009,14.648187,16.020126,11.481867,15.385709,12.514862,17.970749,20.970957,19.36225,16.047148,16.9414,11.831988,14.08082,10.824999,13.268223
8,23.382427,20.522234,18.47469,15.4247265,12.200907,9.660633,7.4428263,4.514605,0.0,4.669363,8.136348,10.998776,12.5428295,13.838292,10.734251,7.288127,6.7675076,5.6014113,6.9681907,9.919204,10.225605,13.892553,15.031063,20.20383,17.052015,23.81011,20.420055,20.959192,16.634396,19.197851,14.469319,18.483902,18.54932,20.859165,22.1087,21.966105,26.44074,26.92181,24.331161,22.971487,18.23348,19.53567,15.9940405,16.849218,16.034092,16.197163,18.620108,18.90781,23.26463,22.720345,21.43974,22.978048,20.96016,24.470943,24.974405,27.907732,29.46866,29.890223,27.21057,28.13518,28.012695,23.472298,23.400488,20.034832,22.191221,18.700247,23.593683,22.289875,23.671906,21.928997,17.812597,16.900524,13.040463,12.205283,10.479994,9.716759,11.163909,11.2820835,14.761916,16.278866,20.037745,20.824688,18.192318,21.317184,19.887032,15.857951,16.480917,12.132802,15.570403,11.726365,15.737998,15.721142,15.444915,20.31372,21.343197,24.330828,25.181797,23.573788,22.537245,18.39754,15.737137,13.4963455,13.737325,8.59571,11.761216,8.155447,13.495513,16.493757,15.166051,11.896562,13.887048,8.871338,12.32911,10.309317,13.656515
9,27.027378,24.390518,21.715544,19.492044,15.878362,12.888126,11.065891,6.4353323,4.669363,0.0,5.633809,6.765556,9.169698,10.998326,7.5169997,5.8419776,4.1807976,6.863252,6.900529,11.965975,11.433548,16.370092,17.6426,22.47834,19.606918,26.26446,23.095207,23.393728,19.195713,21.900051,16.60084,21.156595,19.796198,22.76849,22.785503,22.703497,26.792297,26.563873,23.645266,22.546844,18.225124,18.58725,16.150919,15.695422,15.879248,15.293653,18.333696,18.386223,23.064363,21.86126,21.117758,22.082193,20.908283,24.48534,25.082771,28.565487,29.68979,30.953241,28.661661,29.948177,29.04569,25.006495,25.290947,21.138445,23.897602,20.167692,25.228048,23.4771,25.446732,23.241444,19.071728,17.948082,14.299719,12.249207,9.89143,10.136228,9.646213,10.528111,12.8215475,14.670839,18.07751,19.25539,16.099663,19.658358,19.154987,15.690085,17.10473,12.869997,17.503405,14.242742,18.763048,19.199072,19.072838,23.95166,24.954638,27.427256,28.855736,27.379282,26.61456,22.6356,19.856274,17.770607,17.957972,12.423749,15.226467,10.320786,14.997977,17.680454,17.342806,14.299869,17.132301,12.950471,16.632372,14.75003,18.086512
10,31.394218,28.628372,26.524706,23.489965,20.28961,17.64091,15.250439,11.568858,8.136348,5.633809,0.0,4.861997,4.8076386,7.268546,5.644337,5.7836485,8.564897,10.599836,12.363339,16.992191,16.950768,21.534302,22.455353,27.442726,23.956188,30.630814,26.827528,26.50627,22.14143,23.790226,18.327415,21.673061,18.999496,20.82682,20.683893,19.454504,23.617382,23.198404,20.958845,20.989193,17.2452,18.493858,16.961359,17.194101,18.688692,18.719872,22.348211,23.062336,27.351604,25.349112,24.44512,24.408733,22.857416,25.967127,25.187738,29.409369,29.35122,30.9289,28.735687,29.453913,27.599758,23.92497,25.287086,21.423878,25.463749,22.393822,27.834547,26.709333,29.242388,27.400105,23.101534,22.738867,18.606924,17.233364,14.307031,13.046145,11.611107,10.607078,11.893058,12.077137,15.209194,15.659342,11.636736,14.692313,15.012809,11.39531,13.811718,10.839468,15.712542,14.644917,18.978441,20.55155,21.422726,25.789139,27.93877,30.449133,31.65022,29.666283,29.36561,24.636621,22.717176,19.871988,18.858143,13.50344,14.571881,8.854517,11.587154,13.5827875,14.284354,11.8573265,16.050112,13.350509,17.63926,17.108774,20.910212
11,33.7818,31.13818,28.400375,26.211987,22.512959,19.62624,17.481092,13.125223,10.998776,6.765556,4.861997,0.0,3.7206748,6.488228,4.3913255,7.3003893,8.128686,12.0124,12.587765,17.99326,17.564968,22.696463,23.683702,28.261852,25.170334,31.62953,28.227272,27.876781,23.781742,25.871124,20.177927,24.342743,20.98756,23.940523,22.547903,22.028654,25.489265,24.343073,21.499155,21.371214,18.1141,17.935703,17.4234,16.12189,18.20677,17.443972,21.292604,21.703684,26.095467,23.678782,23.350174,22.954624,22.406319,25.573025,25.355457,29.751812,29.65855,31.959797,30.182663,31.486572,29.274488,26.096193,27.30781,22.706684,26.703863,23.309855,28.60356,26.930786,29.784163,27.504025,23.338612,22.699245,19.030222,16.783007,13.75606,13.65446,10.882301,11.187996,11.03347,12.116388,14.554788,15.804484,11.800627,15.507717,16.588873,14.211988,16.736187,13.658438,19.086605,17.57304,22.203657,23.60631,24.17292,28.695253,30.37707,32.378532,34.18611,32.52083,32.31943,28.048313,25.684946,23.290684,22.831291,17.179167,18.88828,13.1135025,15.924411,17.815113,19.020416,16.69921,20.809385,17.832758,21.990217,20.880442,24.473244
12,35.869495,33.030113,30.722704,27.935656,24.42944,21.870071,19.21437,15.561912,12.5428295,9.169698,4.8076386,3.7206748,0.0,3.9799886,4.517539,7.783087,10.758486,13.655945,15.374651,20.340038,20.492796,25.182518,25.865185,30.601883,27.022102,33.497803,29.638165,28.901043,24.723045,26.119795,20.4642,23.795412,19.770357,21.992239,20.506794,19.34302,22.762295,21.544641,19.191881,19.789343,16.945225,17.524223,17.425632,16.897724,19.549297,19.401968,23.459587,24.408463,28.440193,25.65775,25.05537,24.136515,23.11361,25.916718,24.75189,29.504322,28.69408,31.062502,29.325645,30.232395,27.506895,24.57765,26.410074,22.130577,26.81813,23.91872,29.386347,28.2137,31.341766,29.396437,25.155882,25.076786,21.024773,19.449612,16.172155,14.979317,12.183837,11.141276,10.509802,10.206451,12.405672,13.048305,8.508372,11.915307,13.455211,11.240249,14.24194,12.1185875,17.416628,17.18516,21.555029,23.571476,24.70899,28.860374,31.239277,33.26364,34.89938,32.925762,33.039303,28.368336,26.536545,23.748804,22.672049,17.255474,18.058714,12.2450905,13.788745,15.243428,17.180578,15.367553,20.202587,17.869818,22.286581,21.87007,25.648762
13,37.00114,33.81019,31.699825,28.731684,25.001455,23.050196,19.606333,17.036812,13.838292,10.998326,7.268546,6.488228,3.9799886,0.0,3.9650702,7.34819,11.411397,13.554786,16.253689,20.644209,21.86304,25.763405,25.85325,30.42952,26.407808,32.624203,28.464827,27.240564,23.240547,24.15733,18.54655,21.621784,16.79503,19.520285,17.158577,16.546642,19.464973,17.99849,15.339757,15.945782,13.483844,14.066948,14.6106415,14.337585,17.627495,17.981653,22.226955,23.840712,27.27371,23.994308,23.195585,21.680883,20.433758,22.882858,21.22254,26.197403,24.984913,27.602856,26.085552,27.089973,24.025862,21.479052,23.496143,19.096947,24.205393,21.665056,27.119322,26.251291,29.80282,28.107841,23.931906,24.532242,20.294409,19.378506,15.828756,13.801865,10.647352,8.8086,7.237948,6.332152,8.461286,9.338178,5.5716176,9.714466,10.474238,9.379736,11.924688,10.029929,15.422423,15.598173,19.839182,22.180843,23.629332,27.418165,30.14213,31.748749,33.64996,31.632305,32.232647,27.634577,26.043896,23.302357,22.213737,16.874733,17.614208,12.061994,13.379703,15.086304,17.679935,16.140966,21.638203,18.866226,23.493122,23.17461,26.8419
14,33.63624,30.536366,28.140684,25.56098,21.638945,19.529694,16.298384,13.426337,10.734251,7.5169997,5.644337,4.3913255,4.517539,3.9650702,0.0,4.4059315,7.4669895,10.13133,12.349594,16.955214,18.005852,22.05018,22.318491,26.8607,23.140268,29.447298,25.607496,24.772058,20.737968,22.366522,16.632088,20.637009,16.802917,20.271688,18.408695,18.485073,21.710882,20.61837,17.485165,17.057108,13.730522,13.743728,13.300599,12.513517,15.034906,14.985441,19.08423,20.337984,24.122576,21.293709,20.572441,19.764362,18.705952,21.661823,21.051147,25.547766,25.30589,27.60384,25.88746,27.25557,24.986471,21.91865,23.155813,18.468752,22.782507,19.66893,25.06502,23.75982,26.99147,25.037495,20.829395,20.995174,16.906038,15.604648,12.136329,10.74367,7.677866,7.0615206,6.8243427,8.060525,10.935415,12.388523,9.384233,13.504531,13.42856,11.534469,13.422996,10.065878,15.66905,14.224818,18.844988,20.518309,21.400457,25.622835,27.697283,29.377449,31.377865,29.624414,29.892563,25.622139,23.517525,21.104065,20.620167,14.94666,16.69409,11.056376,14.037001,16.384972,18.044056,15.866664,20.738718,17.153765,21.618303,20.663588,24.171768
15,29.816086,26.531921,24.4739,21.510391,17.675638,15.980347,12.269407,10.4447565,7.288127,5.8419776,5.7836485,7.3003893,7.783087,7.34819,4.4059315,0.0,5.742012,6.3194,9.823794,13.550295,15.34261,18.620008,18.690994,23.468342,19.474451,25.937004,21.901218,21.223146,16.984735,18.678669,13.0240345,17.102781,14.461256,17.869375,17.107716,17.433987,21.19398,20.893965,17.859287,16.77647,12.530902,13.452367,11.327463,11.818028,13.100856,13.659716,17.350252,18.775301,22.496063,20.310236,19.078625,19.037271,17.14798,20.299412,19.906162,23.850712,24.311907,25.785126,23.638481,24.86127,23.452522,19.702478,20.436983,16.129461,19.895367,16.71331,22.164804,21.090038,23.911997,22.222063,17.911737,18.222153,13.784857,13.260371,9.946105,7.577014,6.33783,5.135963,7.702077,9.176173,12.839427,13.967871,11.760337,15.463956,14.024718,11.2024975,12.104267,7.6740417,12.894547,10.356312,15.0682,16.401352,17.157656,21.50278,23.539663,25.51771,27.239006,25.440321,25.568502,21.264496,19.147594,16.70872,16.391132,10.649408,12.9475355,7.66559,12.010331,15.0258045,15.856159,13.321314,17.865433,13.509021,17.915962,16.834642,20.212366
16,27.183949,24.296871,21.3274,19.669138,15.402841,13.017488,10.505577,7.121379,6.7675076,4.1807976,8.564897,8.128686,10.758486,11.411397,7.4669895,5.742012,0.0,5.057906,4.941782,10.058553,10.732548,14.969433,15.702959,20.153448,17.231676,23.643044,20.624561,20.776026,16.867033,19.957993,14.592749,19.993406,18.531525,22.752424,21.970194,22.960295,26.524632,26.093554,22.568983,20.765617,16.472586,15.846589,13.460182,12.1528635,12.09834,11.168657,14.316009,14.554541,19.098005,17.699917,17.066608,18.097237,17.316034,21.024357,22.344988,25.587454,27.139065,28.60707,26.546835,28.405792,27.68342,23.86073,23.63724,18.968143,21.287441,17.255327,22.133324,20.013216,22.245857,19.823755,15.69499,14.694286,11.137,8.847758,6.02441,7.104361,6.2775135,8.651869,10.888225,13.824014,17.095297,18.878534,16.631659,20.629524,19.592808,16.916302,17.744862,13.035376,17.798962,13.649797,18.308233,18.418192,17.96854,22.865618,23.44165,25.303768,27.364605,26.214485,25.728016,22.338154,19.21309,17.710562,18.602457,12.959544,16.54773,11.9863405,17.081038,20.116102,20.140892,17.160591,20.312284,15.388247,19.013428,16.682219,19.560137
17,24.231512,20.844507,18.592863,16.09674,11.82215,10.645252,6.5238047,6.576861,5.6014113,6.863252,10.599836,12.0124,13.655945,13.554786,10.13133,6.3194,5.057906,0.0,5.394198,7.333267,10.345019,12.441158,12.378033,17.218485,13.437345,20.055206,16.444296,16.538834,12.353644,15.328913,10.230289,15.544898,15.423849,19.504751,19.66016,20.989716,24.760191,25.041447,21.729546,19.455042,14.649549,15.0863495,11.221445,11.781632,10.452013,10.910579,13.418354,14.451249,18.284853,17.419525,15.939587,17.496689,15.465744,19.082384,20.261461,22.903027,24.967361,25.549309,23.10492,24.740797,24.851685,20.54812,19.81948,15.776854,17.48275,13.617914,18.53096,16.990566,18.88218,17.064362,12.797146,12.579287,8.194587,8.168152,5.823372,4.2166085,6.737973,7.8033953,11.650203,14.213461,17.869764,19.278864,17.882935,21.502619,19.260944,16.295252,16.068405,11.050142,14.682144,9.465616,13.837449,13.490256,12.923641,17.847733,18.581247,20.697882,22.480541,21.200031,20.782696,17.33631,14.294622,12.806686,14.023674,8.62206,12.895691,9.690136,15.376338,18.831446,18.332954,15.350933,18.251831,12.559759,16.001076,13.687978,16.264538
18,22.699026,20.012274,16.655918,15.75315,11.382671,8.79861,7.4518824,4.2682695,6.9681907,6.900529,12.363339,12.587765,15.374651,16.253689,12.349594,9.823794,4.941782,5.394198,0.0,5.8605504,5.9545445,10.266167,11.592841,15.99955,13.902492,20.282152,18.010841,19.040533,15.418939,19.34916,14.800834,20.493275,20.687384,24.879704,24.899502,26.171284,29.916754,29.913668,26.388588,24.072557,19.47755,18.879282,15.554132,14.496985,12.653117,11.439849,13.169974,12.470208,17.348364,17.373373,16.711473,19.056023,18.279627,22.173653,24.422272,26.754045,29.293901,30.091404,27.807833,29.772182,30.01808,25.819363,24.788204,20.554667,21.466413,17.157818,21.34664,18.862652,20.03922,17.442509,13.621794,11.537099,8.818895,5.9454894,5.293052,8.104269,9.486982,12.17338,15.116663,18.205458,21.603436,23.350624,21.338575,25.198778,23.743,20.703306,21.043509,16.112196,19.975523,14.744511,18.883844,17.910707,16.497908,21.615831,21.06006,23.154133,25.037605,24.327885,23.20834,20.564362,16.82544,16.118929,17.942244,13.009297,17.347721,14.048354,19.671326,22.87502,21.978672,18.75954,20.575829,15.166834,17.803991,14.571692,16.709862
19,18.454004,15.307441,12.234949,11.5453,6.7620153,6.367286,4.679591,7.139971,9.919204,11.965975,16.992191,17.99326,20.340038,20.644209,16.955214,13.550295,10.058553,7.333267,5.8605504,0.0,5.959959,5.2715125,5.772509,10.52967,8.356103,14.787177,12.815275,14.581995,11.447908,15.967602,12.829818,18.398169,20.47225,24.714464,25.467985,27.364113,31.027054,31.60023,28.123281,25.156652,20.394955,20.139318,15.802438,15.761752,12.235445,11.8468685,11.888876,11.420098,15.347844,16.706287,15.43779,18.865047,17.424503,21.156462,24.022472,25.191254,28.738049,28.582237,26.075344,28.095018,29.528769,25.067905,23.06437,19.611221,18.863188,14.667317,17.905035,15.538297,15.552494,13.328563,9.934951,7.6988297,5.643254,5.478895,7.111539,8.896693,12.278558,14.517491,18.16299,21.22857,24.728235,26.365309,25.179111,28.835693,26.428843,23.39892,22.79635,17.83782,20.348042,14.183432,17.274967,15.0972595,12.667583,17.64184,15.961895,18.11083,19.887547,19.641434,18.191986,16.591177,12.364086,12.8723545,15.872144,12.32948,17.19684,15.7773,21.569962,25.028458,23.567644,20.434374,21.463026,15.516122,17.153131,13.481672,14.389471
20,17.892387,15.969937,11.894744,12.526436,8.919102,5.4933357,8.063335,5.7635856,10.225605,11.433548,16.950768,17.564968,20.492796,21.86304,18.005852,15.34261,10.732548,10.345019,5.9545445,5.959959,0.0,6.7891192,9.877812,13.717979,13.494775,19.25913,18.280687,20.421509,17.374922,21.77897,18.351355,23.7043,25.296877,28.999971,29.875437,31.017817,35.025135,35.366417,31.995937,29.528646,24.791605,24.364494,20.58516,19.763517,16.961536,15.571812,15.819393,13.899291,18.766033,20.350197,19.836637,23.168575,22.504217,26.380064,29.208746,30.802341,34.031567,34.232346,31.746826,33.616333,34.63205,30.13331,28.583942,24.963848,24.74108,20.481659,23.759974,21.081526,20.858889,18.237448,15.270871,11.916075,11.091894,8.393422,10.062756,13.139336,15.282955,17.851168,21.03322,24.02269,27.502804,29.12335,26.9403,30.620478,29.143448,25.669472,25.890049,21.049202,24.152533,18.59725,22.00273,20.136751,17.88281,22.896435,21.091515,23.603998,24.929052,24.709692,22.65404,20.908321,16.76879,16.921722,19.395906,15.705194,20.08631,17.942808,23.542437,26.630482,24.81333,21.501637,21.615746,16.47275,17.60431,13.562448,14.542598
21,13.908313,11.1935215,7.443563,8.824899,5.130348,5.9721475,7.6813884,10.459287,13.892553,16.370092,21.534302,22.696463,25.182518,25.763405,22.05018,18.620008,14.969433,12.441158,10.266167,5.2715125,6.7891192,0.0,3.8892112,7.4833083,7.9788113,13.057924,12.788127,15.723011,13.630252,18.276253,16.541498,21.471762,24.715925,28.546326,29.928429,31.8124,35.572235,36.423965,33.06088,29.943817,25.187202,25.002424,20.482574,20.550037,16.492926,15.96276,14.764984,13.404432,16.78895,19.529331,18.40893,22.54697,21.259771,24.799084,28.14773,28.546003,32.70063,31.980536,29.375576,31.31969,33.48667,28.894932,26.396812,23.612469,21.75606,17.877516,19.912334,17.505108,15.964164,13.956745,11.9282255,8.814276,9.300467,9.331994,11.987639,14.018432,17.502012,19.715563,23.418259,26.443483,29.967945,31.54033,30.31169,33.863243,31.379904,28.118809,27.375834,22.559025,24.415215,18.20523,20.455183,17.508816,14.344483,18.776978,15.638836,18.013725,19.222559,19.64157,17.288046,17.027521,12.576913,14.242601,17.831257,15.7005205,20.361952,19.921564,25.57969,28.941422,26.846226,23.730299,23.50475,17.881903,18.1853,14.07315,13.555742
22,15.437366,12.003411,9.474053,9.846783,6.0365453,8.648167,8.023721,12.417934,15.031063,17.6426,22.455353,23.683702,25.865185,25.85325,22.318491,18.690994,15.702959,12.378033,11.592841,5.772509,9.877812,3.8892112,0.0,5.282796,4.0944295,9.660513,8.912056,11.906101,10.245933,14.996754,13.98063,18.831144,22.502716,26.678734,27.920609,30.350063,33.775925,34.75431,31.336018,27.886057,23.269617,23.102194,18.391027,18.901201,14.424893,14.548552,12.938484,12.531901,14.876197,17.624508,16.048521,20.28061,18.577303,21.870142,25.365139,25.269457,29.749235,28.730963,26.169243,28.268738,30.816992,26.352545,23.435415,20.899775,18.363773,14.683237,16.228243,14.035148,12.271308,10.681515,8.843949,6.771939,7.319858,9.253267,11.74111,12.911276,16.820347,18.790022,22.558878,25.58868,29.006353,30.59804,30.01908,33.524204,30.526308,27.64602,26.40298,21.65749,23.03564,16.624748,18.408062,15.157837,11.744308,15.854012,12.386654,14.303256,15.980978,16.601776,14.69982,14.977419,10.525289,12.788314,16.744322,15.010602,19.745312,19.80623,25.392641,28.905891,27.08457,24.144049,24.470453,18.561592,19.13975,15.430527,14.881038
23,15.979787,13.158758,10.7355385,13.054862,10.545855,13.2286005,13.306206,17.294224,20.20383,22.47834,27.442726,28.261852,30.601883,30.42952,26.8607,23.468342,20.153448,17.218485,15.99955,10.52967,13.717979,7.4833083,5.282796,0.0,5.593604,6.3939743,8.890356,12.520511,12.738583,17.35705,17.52461,22.147612,26.160547,30.726923,31.68743,34.665447,37.70856,38.653877,35.031887,31.188587,26.89409,26.13809,21.700447,21.74899,16.87966,16.712736,13.800661,12.909278,13.810028,17.824175,16.547892,21.333683,20.229963,23.14869,27.536276,26.50151,31.68999,30.449863,28.178991,30.660843,33.739796,29.596905,26.093466,23.793554,20.06828,16.740602,16.580662,14.022473,10.763221,9.2811165,9.746961,7.5152082,10.579434,12.346339,15.400982,17.067553,20.72367,23.051596,26.51076,29.813364,33.004387,34.815594,34.597885,38.211216,35.069763,32.511467,31.072042,26.36231,27.541018,21.101057,22.411478,18.84673,15.1989565,18.272364,13.477506,14.154234,16.265476,17.935396,16.02134,18.037941,13.914436,16.977026,21.16649,19.99941,24.65014,24.94545,30.488338,34.034817,32.246967,29.361412,29.528774,23.702059,23.921698,20.190191,19.012415
24,18.043201,14.241688,12.741542,12.417245,9.032972,12.212576,10.114901,15.216113,17.052015,19.606918,23.956188,25.170334,27.022102,26.407808,23.140268,19.474451,17.231676,13.437345,13.902492,8.356103,13.494775,7.9788113,4.0944295,5.593604,0.0,6.7610664,4.9219594,7.952507,7.2116323,11.956534,11.997003,16.598305,20.63447,25.202446,26.184076,29.233885,32.208134,33.28865,29.823704,26.024885,21.684277,21.484978,16.718374,17.694954,12.92412,13.831501,11.83294,12.60804,13.530695,16.11814,14.037325,18.231236,16.070292,18.965015,22.63321,21.905834,26.767645,25.422585,22.962929,25.284954,28.248579,24.023115,20.619427,18.396858,14.975904,11.644593,12.384867,10.520826,8.471881,7.664866,6.328705,6.4440613,6.940909,10.572529,12.594775,12.77704,16.848862,18.494488,22.168224,25.148043,28.361662,29.969553,30.10604,33.52574,30.036798,27.648937,25.905113,21.353521,22.205938,15.805154,16.986145,13.538975,10.057592,13.457113,9.700646,10.671066,13.168336,14.061588,12.957179,13.895776,9.859357,12.569159,16.639616,15.361438,19.94449,20.454222,25.807226,29.40775,27.94026,25.23553,26.143406,20.127655,20.994556,17.783325,17.286146
25,19.76839,16.470226,15.70244,16.661133,14.600031,18.138031,16.765072,21.789242,23.81011,26.26446,30.630814,31.62953,33.497803,32.624203,29.447298,25.937004,23.643044,20.055206,20.282152,14.787177,19.25913,13.057924,9.660513,6.3939743,6.7610664,0.0,5.560999,8.852699,11.259588,14.795628,16.831318,20.387486,25.034508,29.713577,30.564125,34.234497,36.657772,37.857773,34.346447,30.13595,26.344591,25.74615,21.3641,22.183268,17.237015,18.114637,14.909222,15.580486,14.316605,18.00207,16.093601,20.568466,18.830973,20.84811,25.28738,23.079687,28.804695,26.848715,24.775347,27.387615,31.23795,27.524225,23.363205,21.960945,16.903082,14.733261,12.654387,11.102275,6.4759064,7.3950253,9.670373,10.310569,12.741467,16.082254,18.459589,18.832771,22.632185,24.35697,27.702982,30.766222,33.678535,35.39396,36.096577,39.481457,35.673336,33.68934,31.575958,27.286823,27.550554,21.428886,21.678274,17.9426,14.471725,15.904019,10.61833,9.363167,12.366285,14.78108,13.921322,17.22992,14.0815,17.598148,21.765524,21.510653,25.76256,26.858246,31.976511,35.562813,34.08568,31.54983,32.208984,26.356487,26.712372,23.606415,22.359705
26,20.81247,16.790314,16.466059,15.468823,12.894567,16.555973,13.735772,19.338604,20.420055,23.095207,26.827528,28.227272,29.638165,28.464827,25.607496,21.901218,20.624561,16.444296,18.010841,12.815275,18.280687,12.788127,8.912056,8.890356,4.9219594,5.560999,0.0,3.9269109,5.888884,9.298838,11.539144,14.832239,19.626493,24.160593,25.164639,28.770864,31.223747,32.587433,29.296886,25.22522,21.341385,21.444223,16.726662,18.559149,13.908199,15.767881,13.660258,15.53264,14.860894,17.05931,14.456967,18.202484,15.317693,17.346508,20.848503,19.105223,24.400026,22.3072,19.906353,22.266485,25.991394,22.078707,18.042809,16.804575,12.058758,9.991761,8.990439,8.550116,5.80317,7.417337,7.5122495,9.922077,10.078425,14.493278,15.915038,14.939508,18.984825,19.962484,23.497229,26.153221,29.109764,30.566298,31.485373,34.634083,30.57362,28.672611,26.325844,22.262468,22.156755,16.212784,16.221834,12.606082,9.387706,10.97344,6.8379517,6.057527,9.603281,10.963017,10.9954405,13.0192585,10.150809,13.197449,17.10346,16.859077,20.880007,22.210283,27.041035,30.61205,29.383984,27.043064,28.27404,22.410736,23.279324,20.692324,20.05157
27,24.313028,20.13179,19.953098,18.259092,15.451014,18.837757,15.109732,20.603655,20.959192,23.393728,26.50627,27.876781,28.901043,27.240564,24.772058,21.223146,20.776026,16.538834,19.040533,14.581995,20.421509,15.723011,11.906101,12.520511,7.952507,8.852699,3.9269109,0.0,4.4923673,6.4156594,9.447502,12.223819,16.726395,21.602184,22.138542,26.189665,28.18925,29.551813,26.292915,22.08724,18.572594,18.814703,14.294757,16.718348,12.530729,15.158518,13.624187,16.477352,15.298332,16.378445,13.388359,16.287853,12.715741,14.20828,17.305681,15.3253565,20.619118,18.39145,16.059961,18.634363,22.395346,18.781223,14.535513,13.472401,8.23219,6.9275613,5.5131674,6.615493,5.9155865,8.261706,7.9065924,11.681892,10.803605,15.574669,16.21497,14.281244,18.04033,18.490898,21.752571,24.154932,26.845257,28.231894,29.72277,32.706795,28.356693,26.974758,24.32128,20.605429,20.188187,14.714104,14.381258,11.291637,9.011728,9.79164,7.6356273,5.6232653,9.947422,10.634171,12.070028,13.28391,11.305491,13.58197,16.89872,16.55186,20.177778,21.50696,25.925354,29.460733,28.739155,26.65337,28.626892,22.843697,24.259588,22.162012,22.0206
28,23.188963,18.900932,18.456968,15.972954,12.696783,15.620048,11.262934,16.697712,16.634396,19.195713,22.14143,23.781742,24.723045,23.240547,20.737968,16.984735,16.867033,12.353644,15.418939,11.447908,17.374922,13.630252,10.245933,12.738583,7.2116323,11.259588,5.888884,4.4923673,0.0,5.0498943,5.65352,9.750325,13.915623,18.68154,19.489418,22.977144,25.549149,26.873827,23.673187,19.830944,15.700793,16.489435,11.433188,14.297903,10.397435,13.183711,12.751617,15.540521,15.797163,16.230139,13.274599,15.850964,11.969583,14.259287,16.498714,16.002905,20.353168,18.685188,15.983735,18.13927,21.0892,16.891954,13.413096,11.567379,8.383974,5.7054157,8.0547285,8.43819,9.147802,9.908922,7.4174657,10.731609,8.140037,12.952182,13.00775,10.427481,14.493558,14.644546,18.305225,20.576765,23.587898,24.846714,25.871376,28.872866,24.708315,22.921816,20.494778,16.512705,16.476744,10.566091,11.012769,8.088523,5.8994784,8.736217,8.223458,8.688718,11.601106,11.110545,12.069167,11.309224,8.878004,10.212168,13.337214,12.209497,16.076883,17.071983,21.677675,25.260094,24.51477,22.31553,24.495157,18.635199,20.44997,18.438248,18.857504
29,26.369207,21.946873,22.369242,19.01219,16.457325,19.47982,14.793844,20.228765,19.197851,21.900051,23.790226,25.871124,26.119795,24.15733,22.366522,18.678669,19.957993,15.328913,19.34916,15.967602,21.77897,18.276253,14.996754,17.35705,11.956534,14.795628,9.298838,6.4156594,5.0498943,0.0,5.7451973,5.8542027,11.299225,15.330614,16.613749,20.328335,22.489454,24.326647,21.705866,18.004482,14.427923,16.431364,11.675488,15.961177,13.1930275,16.654,16.77854,20.086985,19.828228,19.517715,16.340118,17.771702,13.020596,14.147366,14.672194,13.852167,17.680937,15.043843,11.949332,13.494261,17.135448,12.953449,9.040332,9.143452,5.8444123,6.336266,8.241479,10.843944,12.125351,13.893043,11.944135,15.685921,12.827549,17.522951,16.926008,13.2384815,16.832573,15.7280855,19.148226,20.520927,23.245068,24.003149,25.746584,28.158865,23.41403,22.07772,18.983372,16.00657,14.458434,9.994956,8.490706,6.218204,6.1921473,6.1022544,8.60201,8.635959,10.823246,9.336429,11.86789,10.529661,10.198359,10.718409,12.703705,12.8537855,15.393138,17.414557,20.937384,24.28846,23.862598,22.25303,24.835468,19.550089,21.443222,20.390974,20.93036
30,26.663246,22.392073,21.84349,18.479027,15.002919,16.83685,11.618384,15.942454,14.469319,16.60084,18.327415,20.177927,20.4642,18.54655,16.632088,13.0240345,14.592749,10.230289,14.800834,12.829818,18.351355,16.541498,13.98063,17.52461,11.997003,16.831318,11.539144,9.447502,5.65352,5.7451973,0.0,6.5092936,8.646916,13.856089,14.191,17.524439,20.21822,21.435888,18.33994,14.873103,10.423413,12.306167,7.0552273,11.393795,9.323409,12.717732,14.109044,17.35431,18.306883,17.144857,14.250705,15.213826,10.724338,12.973555,13.274357,14.537085,17.31852,16.379292,13.550611,15.305098,16.949703,12.526991,10.264386,7.379341,7.8365026,5.5515003,10.567323,11.419227,13.923897,14.178875,10.763585,13.912882,9.782358,13.771632,12.284227,7.8980494,11.300142,10.051824,13.717233,15.352775,18.387764,19.37642,20.58209,23.384762,19.083448,17.533066,14.999535,11.1744,11.356409,5.795053,7.321255,6.657203,7.2068663,10.158124,12.497281,13.391765,15.635613,14.018175,15.503032,12.620158,11.198111,10.368672,11.798421,9.397565,12.598075,12.890267,16.996424,20.537401,20.530603,18.589085,21.973717,16.437998,19.317184,18.09775,19.599049
31,29.148464,24.75972,25.429607,21.07527,18.7859,21.1166,16.077843,20.758055,18.483902,21.156595,21.673061,24.342743,23.795412,21.621784,20.637009,17.102781,19.993406,15.544898,20.493275,18.398169,23.7043,21.471762,18.831144,22.147612,16.598305,20.387486,14.832239,12.223819,9.750325,5.8542027,6.5092936,0.0,7.1395574,9.532248,11.918052,14.917312,17.414242,19.737438,17.93434,15.14187,11.690659,15.527668,11.247016,16.60469,15.416322,19.032692,20.350594,23.738365,24.187803,22.974491,19.908247,20.241892,15.217941,16.073355,14.172362,14.958116,16.697563,14.231228,10.751854,10.651216,13.331425,8.391872,6.201083,7.638729,8.637397,9.804187,13.148952,15.7598715,17.793976,19.1474,16.470404,19.879786,16.040972,20.135199,18.610168,13.930065,16.826063,14.263253,17.52079,17.65969,20.319836,20.341427,22.212833,23.948505,18.923979,17.636505,14.140157,12.277859,9.305281,7.1206417,3.967831,5.118797,8.18299,7.8551764,12.86707,13.937996,14.7982855,12.147996,14.741484,11.205739,12.249733,10.776584,10.614333,10.969676,11.769616,14.281535,16.504156,19.549545,19.581522,18.565048,21.890587,17.423319,19.866915,19.916431,21.203293
32,34.31585,30.050905,29.862625,25.779448,22.703672,23.901993,18.609177,21.532076,18.54932,19.796198,18.999496,20.98756,19.770357,16.79503,16.802917,14.461256,18.531525,15.423849,20.687384,20.47225,25.296877,24.715925,22.502716,26.160547,20.63447,25.034508,19.626493,16.726395,13.915623,11.299225,8.646916,7.1395574,0.0,7.3081055,5.5795975,9.815527,11.653529,13.140993,10.838954,8.330819,5.2359295,10.289204,7.927778,13.311409,14.401061,17.899694,20.470545,24.157082,24.876875,22.20199,19.523476,18.21249,13.591581,14.135445,10.220658,13.539094,12.902385,12.679527,10.168169,10.526584,9.515187,5.352021,6.833342,4.917323,10.6918545,11.35616,15.811426,17.747429,21.250898,21.817984,18.614954,21.964039,17.636452,20.748566,18.188572,13.179106,14.15981,10.619211,12.450102,11.675934,13.699105,13.613739,16.358583,17.997774,12.837061,13.008698,9.539608,8.565531,7.1553903,7.8197985,8.062002,11.122399,13.9895315,14.91243,19.369572,19.90546,21.606096,19.201214,21.643848,17.748312,18.080908,15.964653,15.022555,13.013866,13.241566,13.255553,14.495621,17.260202,18.953606,18.215605,23.180561,19.16549,22.797243,23.01874,25.26889
33,35.942226,31.798088,32.47496,27.449902,25.404478,26.588907,21.671207,24.5525,20.859165,22.76849,20.82682,23.940523,21.992239,19.520285,20.271688,17.869375,22.752424,19.504751,24.879704,24.714464,28.999971,28.546326,26.678734,30.726923,25.202446,29.713577,24.160593,21.602184,18.68154,15.330614,13.856089,9.532248,7.3081055,0.0,6.747862,6.422479,9.625188,12.894276,13.335721,13.2536745,11.458279,17.030537,14.916773,20.17837,21.186878,24.52952,27.103006,30.47021,31.592974,29.27938,26.56127,25.503223,20.845322,21.249107,16.702126,19.557114,17.984537,16.737093,14.035491,11.733554,10.56341,6.6565294,10.165857,11.776692,16.39426,17.661541,21.680096,24.096527,26.894964,27.803896,24.58478,27.609573,23.113848,26.150364,23.627481,18.567526,19.746752,15.64579,17.578842,15.365573,17.237265,15.710963,17.845663,17.894566,12.68861,12.186755,8.262891,10.347099,5.372591,10.53825,8.682405,12.730004,16.450888,16.333963,21.924824,23.381996,23.629953,20.501556,22.8526,18.04639,19.811937,16.858046,14.21282,14.089875,11.675509,13.552674,12.119169,13.819299,15.500119,15.992549,20.712608,18.408995,21.59564,23.169579,25.47013
34,39.394115,35.18512,35.058006,30.745111,27.798576,28.63198,23.439768,25.601282,22.1087,22.785503,20.683893,22.547903,20.506794,17.158577,18.408695,17.107716,21.970194,19.66016,24.899502,25.467985,29.875437,29.928429,27.920609,31.68743,26.184076,30.564125,25.164639,22.138542,19.489418,16.613749,14.191,11.918052,5.5795975,6.747862,0.0,5.909633,6.1362867,7.8308606,6.9471807,6.822761,6.9551635,12.120031,12.011288,16.580336,18.858364,22.100128,25.098904,28.814125,29.550407,26.284208,23.857029,21.652496,17.511972,17.36688,11.869886,15.981707,12.986422,13.653113,12.054663,11.272181,7.2918844,5.709677,9.94567,9.31771,15.3860655,16.557745,20.68948,22.747435,26.533642,27.086742,23.904503,27.19515,22.803734,25.463717,22.546652,17.65587,17.574896,13.57637,13.948489,11.557227,12.296761,11.143417,14.887333,15.337069,9.979836,11.916643,8.535164,10.349832,8.696815,12.374466,12.39162,16.058304,19.261156,19.744617,24.637915,25.11174,26.592247,23.981367,26.604782,22.40433,23.209852,20.706667,18.957844,17.099472,16.05658,15.678225,14.944788,16.739157,19.548965,19.615847,25.181833,22.235435,26.08799,26.934317,29.514791
