,0,1,2,3,4,5,6,7,8,9,10,11,12,13,14,15,16,17,18,19,20,21,22,23,24,25,26,27,28,29,30,31,32,33,34,35,36,37,38,39,40,41,42,43,44,45,46,47,48,49,50,51,52,53,54,55,56,57,58,59,60,61,62,63,64,65,66,67,68,69,70,71,72,73,74,75,76,77,78,79,80,81,82,83,84,85,86,87,88,89,90,91,92,93,94,95,96,97,98,99,100,101,102,103,104,105,106,107,108,109,110,111,112
0,0.0,4.443899,7.108105,10.48533,12.674916,15.862981,16.799894,21.917938,24.401842,27.57686,30.58653,33.74179,35.74943,33.488464,34.134827,30.023834,32.436836,27.54621,30.608625,27.175789,30.086126,26.974976,24.509487,26.087505,24.89126,25.452772,22.07113,21.816933,21.72539,18.698502,22.549973,17.877077,24.322617,21.367844,27.576519,26.64413,30.474474,34.059357,34.774696,33.115665,29.925453,33.94326,29.172134,34.07992,31.329834,34.33053,34.3371,36.05643,37.314156,38.03959,35.393074,36.8788,32.220406,33.54326,31.58752,31.838165,33.110386,29.118364,25.689127,23.292292,26.786032,22.852194,20.993258,24.07081,23.68696,25.572666,26.4519,29.320892,28.405817,31.068144,30.50196,31.325546,29.094479,32.364468,32.198643,28.72973,32.4114,30.228918,34.02793,33.529617,36.64412,35.7026,35.843613,35.985523,31.766459,29.177738,25.223263,25.812378,20.2061,20.845865,16.763618,17.338018,16.551062,16.72519,15.230324,15.233346,16.065113,16.666006,16.01524,18.6853,19.548763,21.81047,23.643639,26.706078,29.737762,33.676167,33.109207,33.787395,33.95056,27.707817,30.217937,26.922983,28.599922
1,4.443899,0.0,4.157533,7.070848,10.123647,12.91296,13.217831,18.829462,20.845669,24.364038,26.99694,30.46971,32.633385,30.40558,31.433668,27.443802,30.259752,25.60499,28.828358,26.000507,28.857843,26.627167,24.258202,26.693314,25.04919,26.74286,23.029099,22.614803,21.662703,18.649376,21.538525,16.70772,22.517048,18.75533,25.267826,23.64349,27.860956,31.524323,32.481197,31.2631,27.95521,32.298473,27.62011,32.66553,30.278067,33.23299,33.702435,35.37255,37.149555,37.459145,34.9853,36.151432,31.577986,33.07946,30.654955,31.667011,32.29614,28.826948,25.369154,22.815582,25.394289,21.265501,20.180983,22.96817,23.66809,25.195686,26.988516,29.569641,29.255457,31.579504,30.44511,31.070862,28.357204,31.22747,30.71347,27.08676,30.498188,28.025345,31.76731,30.954245,34.097855,32.97064,32.694653,32.57978,28.542103,26.174788,22.14339,23.20639,17.524506,18.927618,15.429209,16.89223,17.083942,17.40838,16.398174,16.409914,15.781004,15.371263,14.84545,16.327333,16.464533,18.82961,19.990421,23.297964,25.902615,29.779463,29.538816,30.513325,31.128641,25.072262,27.967678,25.12535,27.226854
2,7.108105,4.157533,0.0,4.156235,7.95363,11.372698,10.603296,16.22175,18.03699,21.298874,24.022032,27.12285,29.451254,27.430061,28.558962,24.70774,28.009176,23.319159,27.150501,24.323984,27.916746,25.859945,23.072027,25.944347,23.502361,25.90732,21.599379,20.60435,19.40351,15.906734,18.515787,13.139901,18.583937,14.679045,21.16774,19.710629,23.80157,27.441124,28.39888,27.238024,24.104622,28.620777,24.147097,29.459286,27.39438,30.557611,31.361877,33.402878,35.06503,34.88842,32.385826,33.12442,28.454363,29.759802,26.905754,28.137285,28.385202,25.07266,21.648144,18.987104,21.284523,17.162489,16.371128,19.433485,20.590641,22.315865,24.468334,27.160383,27.46824,29.7767,28.377836,29.417007,26.299656,29.3293,28.441252,24.411919,27.569014,24.788435,28.329678,27.304241,30.311031,29.11478,29.139145,29.02738,24.797533,22.47606,18.507235,19.655218,13.931947,16.109211,12.683858,15.085302,15.461507,16.574669,16.28475,17.170897,15.802975,14.781985,15.637853,16.29783,15.93997,17.282955,18.803495,21.30211,24.100769,27.830267,27.903227,28.910965,29.844233,24.007084,27.241743,24.467876,27.060257
3,10.48533,7.070848,4.156235,0.0,4.5821085,7.5740056,6.498807,12.141586,14.029856,17.375038,20.141052,23.432503,25.610813,23.4753,24.656065,20.819138,24.221521,19.721704,23.594374,21.231415,24.787306,23.436577,20.78497,24.326473,21.590878,24.956781,20.593552,19.67025,17.627277,14.663267,16.08129,11.369186,16.27451,12.564313,18.961967,17.349535,21.906778,25.367428,26.033897,24.919813,21.386026,25.86756,21.331778,26.483646,24.587528,27.57604,28.659931,30.552853,32.660213,32.258675,29.96618,30.605602,26.16868,27.81349,25.0146,26.914394,26.99606,24.351748,20.94621,18.75616,20.313272,15.748432,15.32372,17.28227,19.318968,20.340862,23.284815,25.464533,26.18729,28.066582,26.201063,26.960388,23.544275,26.178442,25.088068,21.085041,24.099957,21.306557,24.931013,23.972126,27.160557,26.071299,25.662317,25.729822,21.792746,19.186901,15.138943,16.239166,10.584785,12.789962,10.143638,13.1084585,14.502067,15.568468,15.80028,16.760628,14.141185,12.226234,13.718293,13.24846,12.393125,13.301532,14.880481,17.15148,20.06466,23.816898,23.802881,24.799454,25.865648,20.18681,23.632898,21.139687,24.070763
4,12.674916,10.123647,7.95363,4.5821085,0.0,4.178203,5.7432942,9.350487,12.524438,15.294576,18.739214,21.862907,23.411188,20.957195,21.532227,17.43308,20.223562,15.564445,19.217287,16.695385,20.271093,18.94118,16.349512,20.176617,17.437996,21.286339,17.113651,16.57112,13.983771,12.011866,12.761799,9.6882305,14.962009,13.188781,18.711002,17.977106,22.570438,25.579817,25.392258,23.675156,19.567211,23.421793,18.506943,23.13565,20.870064,23.614214,24.50351,26.15872,28.461824,28.29258,26.110466,27.12075,22.93287,25.031658,23.069654,25.065237,25.82348,23.542791,20.1451,18.922506,20.661,15.676076,14.551188,14.919707,16.884571,17.069883,20.276562,21.918198,22.567404,24.122131,22.10936,22.552795,19.201149,21.7255,20.835835,17.133354,20.484285,18.228624,22.199953,21.962942,25.44997,24.877592,24.294315,25.088999,21.518644,18.100855,14.188803,14.179004,9.043572,9.034268,6.589786,9.122858,11.326681,12.079924,12.760538,13.903996,10.392774,8.006189,10.632213,9.982215,9.702325,9.90524,12.928901,14.558376,18.379496,22.25197,21.415895,21.868818,22.34519,16.480207,19.702507,16.914259,19.889793
5,15.862981,12.91296,11.372698,7.5740056,4.178203,0.0,5.051306,7.0615315,10.435219,13.427666,16.621845,20.279163,21.456844,18.7232,19.344656,15.268486,17.76253,13.627369,16.689104,15.154535,17.88787,17.762403,15.878148,20.27001,17.816454,22.326488,18.67703,18.600977,15.3282,14.5109415,13.814406,12.339244,16.374926,14.83618,19.846483,18.699415,23.628159,26.383783,26.002934,24.502716,20.047663,23.618145,18.770239,22.782358,20.667223,22.89355,23.968655,25.081093,28.109295,27.928253,26.12601,27.217695,23.549408,26.101465,24.434114,27.026525,27.648413,26.06179,22.822325,21.973904,22.975302,17.961416,17.307959,16.423145,19.05409,18.28666,22.077646,22.957603,23.738054,24.68428,22.257364,21.953665,18.534557,20.157537,19.233536,16.04741,19.208717,17.24563,21.307793,21.260874,24.93995,24.512993,23.099192,24.022568,21.140066,17.609123,13.877742,13.808973,9.661104,8.863047,8.449028,10.450535,13.582158,13.654188,14.434949,14.968439,10.407133,7.002404,9.354629,6.760217,5.708899,6.021509,8.992813,11.032958,14.848462,18.847105,17.603575,18.036613,18.514303,12.650461,16.069412,13.798284,17.026417
6,16.799894,13.217831,10.603296,6.498807,5.7432942,5.051306,0.0,6.2794566,7.6436424,11.311665,13.882202,17.579947,19.608038,17.37978,18.920462,15.3403015,19.240072,15.438552,19.451712,18.32436,21.762959,21.978052,19.685677,24.247501,21.011726,25.867073,21.571844,20.658176,17.412477,15.500221,14.477124,11.524098,14.101128,10.818209,16.303825,14.232805,19.34872,22.364298,22.6762,21.933105,17.96498,22.370775,18.1115,22.868933,21.607616,24.213854,25.971275,27.643444,30.49224,29.494299,27.657166,27.879093,23.999626,26.061897,23.177637,26.25357,25.745916,24.393703,21.285963,19.804277,19.805103,15.096268,15.697946,15.741653,19.381565,19.241638,23.43164,24.707535,26.27828,27.372381,24.705,25.047815,21.092077,22.820942,21.17847,17.2316,19.600565,16.633045,20.152922,19.084963,22.45791,21.453106,20.164927,20.398815,17.14503,14.284851,10.3098,11.623072,6.9304233,9.713407,9.696677,13.370236,16.16678,17.197754,18.229393,19.26902,15.081553,11.815521,14.258208,11.406016,9.116224,8.384448,9.565557,10.938596,13.829899,17.487183,17.637177,18.795351,20.4619,15.48532,19.45402,17.84829,21.450268
7,21.917938,18.829462,16.22175,12.141586,9.350487,7.0615315,6.2794566,0.0,4.583582,6.4233427,10.09014,13.335061,14.412306,11.7791605,12.815799,9.119347,13.135351,9.865379,14.090381,13.904041,17.516436,18.875765,16.876217,22.043297,18.425219,24.37784,20.410141,19.637762,15.5765085,15.165735,11.952008,11.995339,12.691444,12.253119,15.398062,14.485767,19.242558,21.320896,20.463055,19.30395,14.739829,18.230045,14.073358,17.884556,16.938507,19.03026,21.196924,22.646603,25.98684,24.616106,23.216434,23.305029,20.136305,22.704498,20.5388,24.282461,23.975565,23.736963,21.019154,20.765924,20.178795,15.542514,16.062054,13.673046,18.039303,16.555687,21.519426,21.766088,23.946352,24.248884,20.993807,20.987411,16.733948,17.679733,15.623217,11.925014,13.854561,11.24892,14.9458275,14.637372,18.35145,18.047989,16.225443,17.553352,15.253527,11.378846,8.309494,7.8796453,6.3784423,6.583717,9.5398445,12.707647,16.298214,17.244091,19.020561,20.355206,15.400724,11.685009,15.310618,11.484232,9.270464,5.324777,8.319131,6.354199,10.794132,14.141586,13.466675,13.943871,15.482328,11.307917,15.358691,14.2685995,18.335976
8,24.401842,20.845669,18.03699,14.029856,12.524438,10.435219,7.6436424,4.583582,0.0,4.4641643,6.319673,10.429571,12.369506,10.305187,12.752222,10.268061,15.201013,13.110833,17.225958,17.883244,21.235138,23.214363,21.321716,26.539345,22.746145,28.82298,24.689959,23.585466,19.592348,18.691828,15.294147,14.591532,13.497206,11.646958,14.328288,12.112764,17.033333,19.065817,18.866426,18.815264,14.846075,18.833088,15.685827,19.58179,19.61193,21.634874,24.359976,25.919348,29.34272,27.35905,26.165596,25.535086,22.57601,24.7979,21.727547,26.046877,24.626081,24.942646,22.507328,21.841604,20.018446,15.996754,17.777805,15.932076,21.00442,19.816236,24.989447,25.308985,27.954212,28.191124,24.760214,24.904102,20.487951,21.033928,18.518906,14.817026,15.571618,12.298358,14.99962,13.523213,16.848131,15.942535,13.419317,13.935231,12.006282,9.091606,6.438353,8.002397,7.683786,10.512273,13.38328,17.059029,20.460964,21.661234,23.385744,24.681324,19.781141,16.032417,19.157646,14.891533,11.877761,8.560642,8.721177,6.265129,8.5931425,11.326254,12.285273,13.704035,16.582365,13.726085,17.982868,17.80689,21.936466
9,27.57686,24.364038,21.298874,17.375038,15.294576,13.427666,11.311665,6.4233427,4.4641643,0.0,4.6585855,6.926592,8.303501,6.2777696,8.722744,6.9563737,12.517036,11.245116,15.645451,16.71132,20.504538,22.81281,20.880274,26.156158,21.95883,28.476082,24.42126,23.125679,18.976915,18.643642,14.197118,14.980374,12.23146,12.523017,13.027924,12.153058,16.204329,17.368303,16.216246,15.919656,11.870834,15.181134,12.674533,15.938033,16.667322,18.45553,21.637362,23.369661,26.736616,24.188734,23.26712,22.151478,19.697603,21.93049,19.067757,23.818626,22.279078,23.44217,21.443441,21.54548,19.26689,15.674856,17.495567,14.449742,19.88819,18.172998,23.62527,23.456629,26.687492,26.533594,22.835302,23.171728,18.6117,18.855005,15.866957,12.205779,11.946132,8.526721,10.736387,9.456893,12.929294,12.553737,9.941391,11.609245,10.364088,6.6365,5.838377,5.6994705,8.630233,10.369624,14.227961,17.661186,21.06169,22.499434,24.658585,26.34795,21.409735,17.770973,21.576128,17.437101,14.896314,10.609224,11.863627,7.3817763,10.107566,11.744705,12.416097,13.15953,15.934563,14.218685,18.112404,18.137928,22.329384
10,30.58653,26.99694,24.022032,20.141052,18.739214,16.621845,13.882202,10.09014,6.319673,4.6585855,0.0,5.221292,7.4505115,6.578344,10.427929,10.284452,15.46903,15.284926,18.995592,20.835655,23.967714,26.912825,25.276325,30.605305,26.537672,33.080948,29.06868,27.753353,23.630798,23.11531,18.77851,19.048254,15.665078,14.720906,14.809525,12.6442795,16.45886,17.357662,16.932861,17.880623,14.715133,17.99609,16.515497,19.359009,20.71181,22.179188,25.601795,27.12545,30.705402,27.872494,27.231329,25.732841,23.661509,25.678375,22.361689,27.411982,25.072063,26.677078,24.92086,24.677399,21.522764,18.578585,21.161566,18.626766,24.244602,22.670675,28.13946,27.932915,31.288477,31.017454,27.237364,27.402496,22.91025,22.626585,19.546078,16.388912,15.378245,12.144029,13.097191,10.874667,13.46026,12.491845,8.454907,8.936393,9.25437,7.6455684,8.08599,9.565673,12.291693,14.946701,18.581745,22.148455,25.561451,26.9365,28.955027,30.41815,25.38716,21.6277,24.904587,20.313702,17.247314,13.538067,12.909713,8.77467,8.780437,9.0062065,11.441527,13.078236,16.964731,16.463089,20.365189,21.217333,25.360928
11,33.74179,30.46971,27.12285,23.432503,21.862907,20.279163,17.579947,13.335061,10.429571,6.926592,5.221292,0.0,4.053977,5.5370994,9.10634,10.533905,15.701735,16.11944,20.089718,21.84076,25.589857,28.38006,26.496881,31.662262,27.140228,33.834965,29.753504,28.052637,24.087206,23.691343,18.867693,19.860853,14.842006,15.541711,13.2624035,12.558374,14.838488,14.560873,13.24329,14.426507,12.067255,14.577929,14.580712,16.796026,19.179693,20.54979,24.402567,26.349365,29.461533,25.89057,25.457293,23.13887,21.566113,23.155357,19.663034,25.046503,22.172283,24.724274,23.59607,23.935804,20.129644,18.08792,20.90733,17.87043,23.622282,21.987677,27.43084,27.018593,30.995785,30.536863,26.681215,27.371452,22.852642,22.615015,19.158648,16.022942,13.823352,10.53026,9.740221,6.8112335,8.624454,7.932335,3.4430342,5.83931,7.3991337,6.170478,9.033177,9.460327,14.007172,16.398148,20.275372,23.800678,26.934322,28.716404,31.08318,33.02146,28.15783,24.5917,28.480507,24.230978,21.544281,17.319536,17.70889,12.939023,13.568639,13.036272,15.122529,16.044617,19.511133,19.70182,23.205564,23.92448,28.029932
12,35.74943,32.633385,29.451254,25.610813,23.411188,21.456844,19.608038,14.412306,12.369506,8.303501,7.4505115,4.053977,0.0,3.278397,6.078989,8.934185,13.15465,14.738737,17.963245,20.378735,23.683172,27.014112,25.529922,30.648172,26.328342,33.173866,29.556976,28.161201,24.056364,24.4917,19.18949,21.448002,16.708488,18.610819,16.125294,16.255129,18.341393,17.668875,15.452456,15.839536,13.1763735,14.215595,14.4412365,15.195228,17.764069,18.40566,22.330078,23.87314,27.26883,23.645605,23.65447,21.441765,20.6666,22.629087,20.175482,25.531511,23.298336,26.182142,25.177896,26.134632,22.755642,20.55388,22.749111,18.724367,24.18061,21.83893,27.285482,26.220928,30.210344,29.265953,25.278366,25.578575,21.299702,20.347076,16.862722,14.633609,11.747919,9.595014,8.358635,7.20882,9.091418,9.7884245,5.6788144,9.155993,11.269963,9.3348255,11.922635,11.04249,16.065958,16.939695,21.266098,24.164543,27.44428,28.950563,31.434772,33.305122,28.34069,24.856573,28.819616,24.522161,22.142237,17.62523,18.434877,13.067146,14.032038,13.160121,14.203192,14.377195,17.405,18.570837,21.553997,22.622097,26.550232
13,33.488464,30.40558,27.430061,23.4753,20.957195,18.7232,17.37978,11.7791605,10.305187,6.2777696,6.578344,5.5370994,3.278397,0.0,4.1102123,6.0824347,10.511202,11.914085,15.061452,17.578785,20.681892,24.114222,22.782274,27.995928,23.903643,30.75311,27.28511,26.180006,21.92231,22.625893,17.340818,19.83776,16.055983,17.929224,16.470879,16.495853,19.33932,19.244446,17.083082,16.842985,13.333869,14.59685,13.649829,14.585395,16.394035,17.021837,20.689236,21.96679,25.686754,22.557516,22.44927,20.87275,19.844322,22.240595,20.240944,25.363613,23.79954,26.137384,24.760864,25.695934,22.96149,20.093582,21.81352,17.570135,22.863417,20.28229,25.78149,24.646917,28.290953,27.341112,23.345713,23.295673,19.015982,17.966518,14.626486,12.438667,10.201909,8.24109,8.53875,8.326139,11.179118,11.913133,8.201306,11.3159075,12.477245,9.568866,11.091073,9.805503,14.377934,14.531027,18.984089,21.635298,25.099392,26.338545,28.73968,30.429548,25.376423,21.866484,25.732212,21.398497,19.131094,14.552995,15.647044,10.125052,11.814824,11.640794,11.836752,11.754391,14.54477,15.322817,18.37403,19.379906,23.338308
14,34.134827,31.433668,28.558962,24.656065,21.532227,19.344656,18.920462,12.815799,12.752222,8.722744,10.427929,9.10634,6.078989,4.1102123,0.0,4.329952,7.1758256,9.527494,12.163056,14.859727,17.973299,21.467352,20.331316,25.350208,21.367636,28.24957,25.217182,24.355337,20.11553,21.641483,16.060276,19.858547,16.512735,19.752726,18.05859,19.12618,21.712965,21.418665,18.476711,17.219637,13.412019,13.305769,12.19816,11.719934,13.371455,13.380386,17.024221,18.089865,21.91117,18.830853,18.99267,17.702877,17.270983,20.041323,19.215014,24.042416,23.358921,25.766386,24.487055,26.068047,23.984882,20.986124,21.915375,16.800886,21.521866,18.313337,23.648088,21.932985,25.55497,24.211527,20.161621,19.909298,15.863829,14.384014,10.979716,9.64736,6.850387,6.627503,7.1742616,9.1108,12.053778,13.704866,11.07575,14.789215,15.611152,12.073007,13.364125,10.805676,15.517093,13.9844,18.61354,20.498331,23.89507,24.958092,27.516504,29.296171,24.376194,21.166529,25.290417,21.355297,19.731081,14.941845,17.143354,11.557351,14.304007,14.503359,13.340098,12.1701355,13.599281,14.594457,16.943056,17.726353,21.434835
15,30.023834,27.443802,24.70774,20.819138,17.43308,15.268486,15.3403015,9.119347,10.268061,6.9563737,10.284452,10.533905,8.934185,6.0824347,4.329952,0.0,5.7501645,5.8413014,9.667722,11.530975,15.195008,18.11653,16.718416,21.922132,17.9573,24.808367,21.6176,20.91056,16.540598,18.041807,12.684333,16.412344,14.352995,17.411757,16.967884,17.954779,21.218758,21.651945,19.02513,17.267603,12.71738,13.536262,10.726293,11.562174,11.845713,12.559127,15.683277,16.862131,20.70203,18.347763,17.927044,17.425152,16.025583,19.079205,18.315023,22.732363,22.654993,24.176075,22.402456,23.767239,22.464617,18.77803,19.173933,14.171448,18.69524,15.541699,20.923948,19.539623,22.728212,21.74036,17.785563,17.487368,13.175484,12.419572,9.265091,6.8524885,6.200906,5.398715,8.4235115,10.256028,13.895714,15.123983,13.008318,16.251791,15.836808,11.570472,11.532126,8.591464,12.286179,9.918191,14.562913,16.35493,19.888887,20.83334,23.313204,25.04354,20.103159,16.870586,21.103357,17.37948,15.988614,11.121632,14.21828,9.01881,13.086365,14.511247,12.830037,11.6858225,12.573171,11.706961,14.460997,14.456595,18.371288
16,32.436836,30.259752,28.009176,24.221521,20.223562,17.76253,19.240072,13.135351,15.201013,12.517036,15.46903,15.701735,13.15465,10.511202,7.1758256,5.7501645,0.0,5.172302,5.149494,8.787223,10.966015,14.9436245,14.647858,19.480362,16.428308,23.090816,21.08357,21.228535,16.995821,19.910389,14.757891,19.805634,18.828278,22.565107,22.201536,23.602669,26.746202,26.99272,23.904911,21.559032,17.083254,16.408857,13.627056,12.221918,11.530321,10.5689745,12.879,12.678281,17.376974,15.852773,16.08415,16.721727,16.492943,20.116697,21.149183,24.902992,25.986856,27.458652,25.760654,27.694729,27.143045,23.360115,22.870642,17.261326,20.530066,16.517555,21.256166,18.840357,21.405977,19.600647,15.681918,14.11166,10.734139,8.058865,5.5208454,6.9052515,6.7730823,9.276362,11.821126,14.933349,18.207481,20.024603,17.978428,21.507128,21.495384,17.250813,17.135086,13.893293,16.94649,12.723759,17.018402,17.236904,20.70483,20.876165,23.301926,24.693876,19.938114,17.261976,21.171017,17.89713,17.44748,13.051971,16.608545,12.026574,16.09441,17.417276,14.214277,11.768792,10.431606,10.613642,11.633463,11.862815,15.073482
17,27.54621,25.60499,23.319159,19.721704,15.564445,13.627369,15.438552,9.865379,13.110833,11.245116,15.284926,16.11944,14.738737,11.914085,9.527494,5.8413014,5.172302,0.0,5.61062,5.7362003,10.281188,12.333686,10.93787,16.14937,12.547956,19.325552,16.662716,16.67071,12.296529,14.978424,10.162855,15.068821,15.351659,19.025707,19.6026,21.148039,24.587303,25.423073,22.649027,19.91086,15.058994,15.391747,11.219261,11.716737,9.753719,10.389574,12.1692915,12.955734,16.879087,15.858814,15.063803,16.125034,14.424585,18.024828,18.720211,22.01899,23.49829,24.069918,21.94989,23.641054,23.837856,19.61328,18.582264,13.3065405,16.289124,12.581224,17.397673,15.6993475,18.001013,16.956837,13.1951275,12.317665,8.156088,7.933646,5.8589025,4.081247,7.045391,8.161467,12.0803585,14.720774,18.385271,19.780294,18.480974,21.646917,20.434273,15.787645,14.686459,11.249725,13.046038,7.8705626,11.934636,12.122293,15.649808,16.012371,18.509441,20.181677,15.4838085,12.817015,17.28122,14.589369,14.491932,10.124261,14.865387,11.135868,16.17729,18.499489,15.704351,13.927207,12.850103,10.159147,12.005402,10.483447,14.055632
18,30.608625,28.828358,27.150501,23.594374,19.217287,16.689104,19.451712,14.090381,17.225958,15.645451,18.995592,20.089718,17.963245,15.061452,12.163056,9.667722,5.149494,5.61062,0.0,5.3375344,5.8303623,10.295749,10.93024,15.553305,13.628409,19.760113,18.587963,19.60703,15.608479,19.208725,15.006127,20.139807,20.942951,24.451916,25.151236,26.47904,30.019009,30.721996,27.80626,25.076376,20.353603,19.894794,16.21688,15.125606,12.904181,11.882374,12.55194,11.317168,16.301973,16.409056,16.379986,18.410555,17.88535,21.753695,23.53603,26.479353,28.50453,29.153101,27.103596,28.984262,29.418432,25.175568,23.874634,18.541937,20.68427,16.585644,20.580378,18.056145,19.416914,17.56536,14.111861,11.360017,8.969211,5.9394836,5.9534006,8.44455,10.471573,12.980576,16.222878,19.314154,22.78091,24.45101,22.58848,25.86845,25.315245,20.846249,19.876461,16.68451,18.29383,12.882547,16.327293,15.252965,18.64469,17.9787,20.099926,21.018179,16.491304,14.377035,17.81401,15.282239,15.858314,12.356716,16.547749,13.385915,17.868982,19.927988,15.96052,13.27864,10.325832,8.849899,8.546236,7.6594768,10.319712
19,27.175789,26.000507,24.323984,21.231415,16.695385,15.154535,18.32436,13.904041,17.883244,16.71132,20.835655,21.84076,20.378735,17.578785,14.859727,11.530975,8.787223,5.7362003,5.3375344,0.0,6.3907146,6.7310634,5.8824015,10.829592,8.354391,14.652301,13.253444,14.44687,10.672853,14.734902,11.37193,16.76374,18.828524,22.787958,23.90049,25.806133,29.211573,30.20868,27.300701,23.976252,19.245085,18.980665,14.528099,14.27105,10.77529,10.793675,10.433019,10.201063,14.015141,14.852339,13.903838,16.638847,15.161066,18.959654,21.129305,23.214096,26.04819,25.903198,23.66683,25.663689,27.0697,22.70001,20.540401,15.476206,16.464539,12.493995,15.890887,13.678522,14.502371,13.166528,10.009054,7.7973213,5.077561,5.388722,6.4044538,7.3092027,11.04839,13.121209,16.87308,19.927057,23.455158,25.0189,24.117004,27.310095,25.806519,21.07639,19.578918,16.105803,16.72194,10.421173,12.825275,10.764341,13.744574,13.099119,15.439579,16.866095,12.877069,11.4744215,15.58762,14.45007,15.787477,12.670993,17.878489,15.461033,20.56704,23.217167,19.741924,17.55811,15.031609,11.634126,11.81043,8.800815,11.047851
20,30.086126,28.857843,27.916746,24.787306,20.271093,17.88787,21.762959,17.516436,21.235138,20.504538,23.967714,25.589857,23.683172,20.681892,17.973299,15.195008,10.966015,10.281188,5.8303623,6.3907146,0.0,6.362308,9.071977,12.487605,12.718969,17.369349,17.60305,19.689964,16.397509,20.488707,17.62379,22.48167,24.813202,28.048326,29.577051,30.844042,34.62686,35.66467,32.879276,29.866665,25.084196,24.692791,20.574987,19.610474,16.475939,15.395203,14.479307,12.213064,16.824133,18.664747,18.480797,21.65837,21.044205,24.923464,27.395796,29.497313,32.364323,32.28944,30.001736,31.822815,33.163982,28.648064,26.631378,21.78514,22.68024,18.766285,21.60534,19.064058,18.863197,17.010616,14.569452,10.633418,10.360868,7.969099,10.203989,12.904833,15.739713,18.227234,21.711245,24.801098,28.33459,29.9286,28.200188,31.306953,30.404432,25.855251,24.318619,21.279284,21.71477,15.760984,17.957806,15.469573,18.371307,16.617107,18.136679,18.27658,14.486882,13.5234585,15.829677,14.653667,16.486156,14.484131,18.718683,17.113827,21.51095,24.00291,19.593863,16.899801,12.950646,10.440669,8.263528,5.840001,6.0182467
21,26.974976,26.627167,25.859945,23.436577,18.94118,17.762403,21.978052,18.875765,23.214363,22.81281,26.912825,28.38006,27.014112,24.114222,21.467352,18.11653,14.9436245,12.333686,10.295749,6.7310634,6.362308,0.0,4.1740537,6.2243047,7.809755,11.180081,12.139896,14.917245,12.629314,17.034264,15.720876,20.367865,24.029663,27.595871,29.509016,31.340092,34.906578,36.20815,33.44328,29.880283,25.251677,24.966536,20.371428,20.058872,15.992797,15.745345,13.691588,12.311314,15.183841,18.052742,17.024755,20.921827,19.548883,23.12961,26.08084,27.067665,30.840853,29.877531,27.46623,29.379023,31.826254,27.313759,24.37918,20.146513,19.476316,16.06157,17.541698,15.440954,13.904261,12.707544,11.4145355,7.98524,8.952821,9.548971,12.253946,13.813141,17.596054,19.731165,23.48792,26.536785,30.053396,31.563463,30.753088,33.79563,32.024437,27.299755,25.33256,22.127913,21.598446,15.231795,15.923066,12.120767,13.959675,11.754877,13.177351,13.659571,11.207853,11.774789,14.338116,15.219025,17.875002,16.425255,21.429909,20.441175,25.366163,28.350328,24.425459,22.14736,18.742435,14.834357,13.596408,9.681962,9.320917
22,24.509487,24.258202,23.072027,20.78497,16.349512,15.878148,19.685677,16.876217,21.321716,20.880274,25.276325,26.496881,25.529922,22.782274,20.331316,16.718416,14.647858,10.93787,10.93024,5.8824015,9.071977,4.1740537,0.0,5.385112,4.1761427,9.166528,8.544209,10.927925,8.462778,12.913203,11.91009,16.536854,20.434456,24.244202,26.114445,28.25642,31.61029,32.984814,30.280014,26.571236,22.053877,22.04641,17.222952,17.668785,13.407491,14.084374,12.315062,12.363623,14.447176,16.689365,15.029626,18.619413,16.459545,19.839691,22.480951,23.273428,27.082355,25.84485,23.37639,25.295662,27.967949,23.522648,20.366716,16.327412,15.3696995,12.193647,13.726815,12.169268,11.00373,10.584824,9.083393,7.3565745,6.9600654,9.60609,11.497722,11.662614,15.827075,17.418036,21.274982,24.102482,27.572908,28.95294,28.666893,31.62497,29.407526,24.668415,22.608997,19.326544,18.55375,12.183471,12.426559,8.49328,10.181028,8.630979,10.753347,12.32509,9.809137,10.2399025,13.941053,14.9266815,17.290552,15.431693,20.843103,19.637854,24.841856,27.951103,24.588839,22.65401,19.990984,15.576447,15.465184,11.375362,12.267974
23,26.087505,26.693314,25.944347,24.326473,20.176617,20.27001,24.247501,22.043297,26.539345,26.156158,30.605305,31.662262,30.648172,27.995928,25.350208,21.922132,19.480362,16.14937,15.553305,10.829592,12.487605,6.2243047,5.385112,0.0,5.4484673,5.0671773,7.787218,11.292521,10.918589,15.298324,15.704003,19.977108,24.405668,28.441788,30.301212,32.802444,35.89053,37.253418,34.42995,30.387278,26.195534,25.755814,21.182732,21.200977,16.71867,17.12182,14.24243,13.940843,14.528182,18.085773,16.365482,20.65401,18.81125,21.791544,25.309523,25.012697,29.690762,27.982046,25.6737,27.819345,31.271608,27.077778,23.324892,19.813862,17.35806,14.740322,14.2121525,12.67052,9.386334,9.211375,9.8941965,8.342404,10.413252,13.088359,15.6420145,16.353222,20.308046,22.177633,25.785969,28.791027,32.078808,33.57765,33.672314,36.698917,34.30814,29.580853,27.513443,24.191463,23.166061,16.999039,16.337793,11.801667,11.762584,9.644098,10.969996,12.2967005,12.07752,13.941166,16.616678,18.88922,21.744486,20.493097,25.803518,24.95464,30.119762,33.271206,29.771788,27.717615,24.675085,20.409887,19.669537,15.532162,15.178264
24,24.89126,25.04919,23.502361,21.590878,17.437996,17.816454,21.011726,18.425219,22.746145,21.95883,26.537672,27.140228,26.328342,23.903643,21.367636,17.9573,16.428308,12.547956,13.628409,8.354391,12.718969,7.809755,4.1761427,5.4484673,0.0,6.8843894,5.3891697,7.494258,5.958698,10.8340645,10.488455,15.396799,19.199703,23.777159,25.105198,27.955978,30.753977,31.969633,29.057001,24.957317,20.842373,20.47484,15.849167,16.340834,11.865859,13.089866,10.956354,12.174719,12.706801,14.868612,12.650356,16.303665,13.789258,16.798092,19.928381,19.974276,24.368608,22.902885,20.648958,22.995579,26.120026,22.058247,18.424574,14.477691,12.335266,9.354546,9.796989,8.355668,6.973206,7.2322893,6.3515477,6.862923,6.6532497,10.838101,12.360988,11.893755,15.892626,17.374111,20.905146,23.779804,26.96766,28.436712,28.904945,31.95202,29.420921,24.714788,22.86893,19.352346,18.74336,12.660103,12.363315,8.501985,8.893288,8.4496565,11.02246,13.587369,12.07293,12.763671,16.852476,18.119768,20.238523,18.058386,23.610733,22.024591,27.335716,30.348352,27.388948,25.56426,23.25927,19.042122,19.282537,15.343514,16.419653
25,25.452772,26.74286,25.90732,24.956781,21.286339,22.326488,25.867073,24.37784,28.82298,28.476082,33.080948,33.834965,33.173866,30.75311,28.24957,24.808367,23.090816,19.325552,19.760113,14.652301,17.369349,11.180081,9.166528,5.0671773,6.8843894,0.0,5.447095,8.956249,10.642193,14.249963,16.116436,19.660984,24.481834,28.705627,30.485964,33.43323,36.075417,37.489983,34.73295,30.446224,26.732124,26.333122,21.925314,22.424726,17.96035,19.006773,16.032387,16.75755,15.781677,19.209255,16.955652,21.053883,18.709778,20.955967,24.574965,23.22242,28.438433,26.081308,23.90229,26.128609,30.32043,26.516903,22.249298,19.610346,15.813997,14.284699,11.960547,11.4825945,6.9374304,8.548637,10.738877,11.24166,13.062471,16.743078,18.858084,18.75065,22.645437,24.098381,27.507906,30.297827,33.34548,34.743618,35.538258,38.45431,35.587475,30.98332,28.876612,25.61254,24.22632,18.617569,17.011232,12.564728,10.900535,9.548928,10.705779,12.858476,14.092358,16.38648,19.163559,22.016062,24.784761,23.591923,28.992104,28.200815,33.459244,36.700718,33.61379,31.7885,29.127998,24.60349,24.332201,20.091301,20.025463
26,22.07113,23.029099,21.599379,20.593552,17.113651,18.67703,21.571844,20.410141,24.689959,24.42126,29.06868,29.753504,29.556976,27.28511,25.217182,21.6176,21.08357,16.662716,18.587963,13.253444,17.60305,12.139896,8.544209,7.787218,5.3891697,5.447095,0.0,3.812924,5.769715,8.818463,11.311165,14.319085,19.325377,23.44724,25.315434,28.281876,30.841276,32.39903,29.895506,25.734873,22.081041,22.349607,17.712172,19.36727,15.119623,17.17698,15.210521,17.082691,16.462002,18.472832,15.746203,18.934458,15.529939,17.573547,20.152184,19.069624,23.825552,21.227829,18.7926,20.801657,24.973219,21.123573,16.83019,14.580958,10.801889,9.900411,8.1865015,9.134981,6.503541,9.210799,9.976201,11.83931,11.609862,16.124514,17.253677,15.747344,19.725523,20.351345,23.827423,26.129389,29.154139,30.268616,31.333256,34.002674,30.805105,26.331476,24.12124,21.033346,19.358488,14.275075,12.218405,8.291816,6.1596155,6.4714518,8.708917,12.070404,12.307474,13.851471,17.561285,19.862856,22.082664,20.530533,25.952946,25.010942,30.273996,33.547604,31.047499,29.617897,27.714546,22.872885,23.553291,19.356995,20.388382
27,21.816933,22.614803,20.60435,19.67025,16.57112,18.600977,20.658176,19.637762,23.585466,23.125679,27.753353,28.052637,28.161201,26.180006,24.355337,20.91056,21.228535,16.67071,19.60703,14.44687,19.689964,14.917245,10.927925,11.292521,7.494258,8.956249,3.812924,0.0,4.448395,6.0551934,9.19434,11.748219,16.411177,20.86751,22.336662,25.671167,27.822004,29.317362,26.85809,22.644054,19.347582,19.828316,15.385783,17.721445,13.89007,16.628757,15.33161,18.065481,17.130932,18.125557,15.11772,17.45552,13.402034,14.897967,16.887627,15.585774,20.25309,17.44516,15.029969,17.190056,21.47793,17.921898,13.4695,11.616054,7.1851134,7.3744254,5.3875484,7.9235945,7.191736,10.278307,10.510074,13.495388,12.26832,17.11943,17.510914,15.107794,18.759365,18.81956,22.019264,23.991598,26.78407,27.769775,29.330105,31.88439,28.438143,24.143253,22.094177,19.062141,17.495186,13.196775,10.981666,8.359231,5.971597,8.214328,10.702001,14.450048,14.2065935,15.060363,19.266258,21.029985,22.711287,20.74046,26.080544,24.787512,29.984688,33.132877,31.138296,29.952524,28.60266,23.873869,25.113361,21.144411,22.779978
28,21.72539,21.662703,19.40351,17.627277,13.983771,15.3282,17.412477,15.5765085,19.592348,18.976915,23.630798,24.087206,24.056364,21.92231,20.11553,16.540598,16.995821,12.296529,15.608479,10.672853,16.397509,12.629314,8.462778,10.918589,5.958698,10.642193,5.769715,4.448395,0.0,5.0308766,5.5566754,9.705119,13.8822775,18.41563,19.879694,22.888577,25.480015,26.936785,24.404114,20.406342,16.484385,17.184666,12.25307,14.756961,10.897196,13.720938,13.113793,15.753764,16.042269,16.464064,13.710003,15.808925,11.759177,14.108509,15.609057,15.812335,19.611536,17.651247,15.068879,17.106945,20.356749,16.281479,12.491012,9.1934395,7.069912,5.299906,7.103525,8.086864,8.941339,10.664462,9.217046,11.584239,9.101315,13.776554,13.746701,10.966258,14.854768,14.858689,18.396597,20.445835,23.53279,24.553694,25.598717,28.250177,25.096724,20.597,18.555742,15.319219,14.142293,9.09075,7.8891945,5.5853157,5.6623983,7.7870493,10.814225,14.259737,12.374502,12.231402,17.022348,17.833761,19.186615,16.716269,22.129969,20.486315,25.719511,28.792494,26.746004,25.549995,24.34443,19.752342,21.23357,17.50983,19.657108
29,18.698502,18.649376,15.906734,14.663267,12.011866,14.5109415,15.500221,15.165735,18.691828,18.643642,23.11531,23.691343,24.4917,22.625893,21.641483,18.041807,19.910389,14.978424,19.208725,14.734902,20.488707,17.034264,12.913203,15.298324,10.8340645,14.249963,8.818463,6.0551934,5.0308766,0.0,5.7173285,5.713189,11.265908,14.898532,17.069004,19.923037,22.380953,24.293661,22.456013,18.807892,15.353609,17.373568,12.6057625,16.765335,13.8168,17.279188,17.40771,20.437302,20.568125,20.302094,17.410368,18.466839,13.686922,15.022168,14.596632,14.663313,17.61777,14.712158,11.606631,12.751316,16.556969,12.43102,8.254084,7.4716406,5.4580846,7.0342245,8.656219,11.469589,12.693966,15.094999,13.888684,16.580324,13.705219,18.18246,17.519478,13.682108,17.12774,15.825853,19.173994,20.19093,23.082907,23.499193,25.001972,27.046686,23.221952,19.16029,16.739222,14.303053,11.916214,9.093676,6.177584,6.413136,5.4792256,9.062032,11.5539055,15.189761,13.626303,13.214366,17.794846,18.600348,19.431667,17.296694,22.195112,21.005842,25.909647,29.083302,27.822899,27.219769,26.802095,21.873669,24.089989,20.514608,23.049389
30,22.549973,21.538525,18.515787,16.08129,12.761799,13.814406,14.477124,11.952008,15.294147,14.197118,18.77851,18.867693,19.18949,17.340818,16.060276,12.684333,14.757891,10.162855,15.006127,11.37193,17.62379,15.720876,11.91009,15.704003,10.488455,16.116436,11.311165,9.19434,5.5566754,5.7173285,0.0,6.6393104,8.723485,13.819015,14.628744,17.716755,20.272266,21.614233,19.113369,15.406682,11.179218,12.758459,7.5463057,11.648912,9.071667,12.608345,13.740932,16.877867,17.875969,16.656345,14.175839,14.639207,10.195709,12.431452,12.019377,13.9421215,16.135372,15.0428705,12.466042,14.30868,16.16432,11.954097,9.2752905,4.51291,6.536525,4.794526,9.695865,10.59676,13.444042,14.496519,11.873956,14.256505,10.273655,14.155554,12.691153,8.298842,11.468934,10.195838,13.682456,15.161239,18.282225,19.094707,20.221092,22.779924,19.592577,15.111919,13.335991,9.9408655,9.625658,5.596124,6.3099747,7.6466165,9.304395,11.898996,14.792034,17.975452,14.894497,13.301384,18.466393,17.777596,18.009085,14.640237,19.640219,17.193985,22.177963,24.935402,23.60584,22.80094,22.566639,18.487402,20.841602,17.910275,20.989254
31,17.877077,16.70772,13.139901,11.369186,9.6882305,12.339244,11.524098,11.995339,14.591532,14.980374,19.048254,19.860853,21.448002,19.83776,19.858547,16.412344,19.805634,15.068821,20.139807,16.76374,22.48167,20.367865,16.536854,19.977108,15.396799,19.660984,14.319085,11.748219,9.705119,5.713189,6.6393104,0.0,7.1777496,9.225064,12.342774,14.456632,17.31304,19.688137,18.640497,15.896735,12.49301,16.16505,11.695365,17.170115,15.43344,19.100761,20.361101,23.45184,24.327608,23.10947,20.500477,20.467484,15.631457,16.695393,14.025424,15.604163,16.402151,13.908271,10.555113,10.201922,12.620366,7.7898345,5.169006,6.34481,8.459406,10.159473,13.395516,15.909666,18.04005,19.9997,18.029125,20.40014,16.63673,20.381216,18.845442,14.138494,16.858429,14.191334,17.349865,17.164816,20.01925,19.749731,21.1405,22.54288,18.340944,14.695024,11.891879,10.490543,7.077388,7.60056,5.2427325,9.057405,9.785201,12.968454,15.077527,18.159761,15.604104,13.978986,18.437597,18.022825,17.751913,15.428604,19.457489,18.28102,22.61511,25.66313,25.301868,25.344286,25.950182,21.190693,24.257458,21.340734,24.563745
32,24.322617,22.517048,18.583937,16.27451,14.962009,16.374926,14.101128,12.691444,13.497206,12.23146,15.665078,14.842006,16.708488,16.055983,16.512735,14.352995,18.828278,15.351659,20.942951,18.828524,24.813202,24.029663,20.434456,24.405668,19.199703,24.481834,19.325377,16.411177,13.8822775,11.265908,8.723485,7.1777496,0.0,7.1991687,6.004197,9.955596,11.643505,13.169086,11.521611,8.933902,5.875162,10.651998,7.866698,13.8640175,14.123087,17.768883,20.282976,23.815084,24.758095,22.043129,19.887636,18.188457,13.859548,14.2848015,9.5912075,13.27091,11.700273,11.453047,9.284386,9.665412,8.496648,4.713193,6.165201,5.2638025,10.554018,11.485109,15.794629,17.501493,21.192781,22.394888,19.701406,22.387896,18.060888,21.051989,18.492908,13.462547,14.270756,10.608586,12.291723,11.110716,13.345275,12.929504,15.241888,16.78192,12.657117,9.289863,8.236287,6.6388083,7.2686243,9.925379,10.865807,14.775345,16.128693,19.23041,21.69414,24.754705,21.514956,19.192991,23.927069,22.206522,21.032299,17.526495,20.850832,18.069574,21.756569,23.848248,24.33572,24.548967,25.994333,22.671387,26.015928,24.039644,27.745548
33,21.367844,18.75533,14.679045,12.564313,13.188781,14.83618,10.818209,12.253119,11.646958,12.523017,14.720906,15.541711,18.610819,17.929224,19.752726,17.411757,22.565107,19.025707,24.451916,22.787958,28.048326,27.595871,24.244202,28.441788,23.777159,28.705627,23.44724,20.86751,18.41563,14.898532,13.819015,9.225064,7.1991687,0.0,6.7309084,5.783408,9.535736,12.87807,13.888704,13.721031,11.660257,17.111967,14.5507965,20.431782,20.584406,24.029137,26.514023,29.586382,31.123718,28.754509,26.645956,25.233347,20.935404,21.446932,16.411287,19.67822,17.223776,16.180384,13.730458,11.514469,9.486473,5.900084,9.368212,11.676888,16.15206,17.6037,21.6125,23.745588,26.720196,28.226477,25.618513,27.713865,23.329945,25.976624,23.491365,18.48343,19.519962,15.398557,17.247986,14.767886,16.86596,15.14362,16.356194,16.125248,11.268175,9.617941,6.9427752,9.116009,6.4119296,12.489969,12.475949,17.200666,18.707785,21.485655,23.265429,25.71851,22.422178,19.78059,23.533236,21.478834,19.5621,17.153755,18.88367,17.550713,20.084352,22.370995,23.871466,25.01248,27.287848,23.537073,27.470568,25.7979,29.645563
34,27.576519,25.267826,21.16774,18.961967,18.711002,19.846483,16.303825,15.398062,14.328288,13.027924,14.809525,13.2624035,16.125294,16.470879,18.05859,16.967884,22.201536,19.6026,25.151236,23.90049,29.577051,29.509016,26.114445,30.301212,25.105198,30.485964,25.315434,22.336662,19.879694,17.069004,14.628744,12.342774,6.004197,6.7309084,0.0,5.6627965,5.71699,7.373764,7.2524285,7.4365454,7.124469,12.424035,11.92316,17.291515,18.767555,22.077589,25.14279,28.637106,29.75297,26.413084,24.600199,22.05658,18.3471,18.163074,12.243719,16.456059,12.483211,13.426903,12.2812,11.508457,6.9182897,6.1973834,10.449932,11.104268,16.146759,17.244522,21.423937,23.073387,27.03255,28.10294,25.260069,27.854975,23.389488,25.799355,22.828568,17.946716,17.619677,13.430156,13.612334,10.550919,11.485521,9.743959,12.729331,13.056713,8.455962,7.3926554,7.908072,8.754876,10.221832,14.841646,16.086828,20.392908,21.857086,24.918474,27.215595,30.084585,26.647778,23.982647,28.371387,26.021845,24.12632,20.689287,22.73765,19.835701,22.283197,23.652773,25.33581,26.15724,28.54686,25.94933,29.65305,28.329191,32.2813
35,26.64413,23.64349,19.710629,17.349535,17.977106,18.699415,14.232805,14.485767,12.112764,12.153058,12.6442795,12.558374,16.255129,16.495853,19.12618,17.954779,23.602669,21.148039,26.47904,25.806133,30.844042,31.340092,28.25642,32.802444,27.955978,33.43323,28.281876,25.671167,22.888577,19.923037,17.716755,14.456632,9.955596,5.783408,5.6627965,0.0,5.3257794,8.583105,10.763643,12.577248,11.704413,17.102144,16.07943,21.371094,22.64969,25.732351,28.854343,31.886835,33.698982,30.616282,28.928108,26.733383,23.097008,23.409296,17.780779,21.945164,18.083221,18.558346,16.990772,15.141085,10.804512,9.497833,13.919519,15.13962,20.316341,21.24928,25.685736,27.32276,30.88456,31.950584,28.954884,30.939438,26.340012,28.294514,25.323135,20.523098,20.360062,15.94828,16.538208,12.898099,14.083824,11.540374,12.639089,11.357618,6.377089,7.1838098,6.706927,10.053899,10.155525,16.169434,17.37125,22.061964,23.950624,26.638712,28.571346,30.925993,27.185677,24.16106,27.876461,24.99716,22.484997,19.645449,20.35023,18.235489,19.585295,20.878502,23.38652,24.90196,27.968513,25.363258,29.442225,28.556372,32.63458
