,0,1,2,3,4,5,6,7,8,9,10,11,12,13,14,15,16,17,18,19,20,21,22,23,24,25,26,27,28,29,30,31,32,33,34,35,36,37,38,39,40,41,42,43,44,45,46,47,48,49,50,51,52,53,54,55,56,57,58,59,60,61,62,63,64,65,66,67,68,69,70,71,72,73,74,75,76,77,78,79,80,81,82,83,84,85,86,87,88,89,90,91,92,93,94,95,96,97,98,99,100,101,102,103,104,105,106,107,108,109,110,111,112,113,114
0,0.0,4.371791,6.4073544,9.628307,11.878435,13.855712,14.049264,12.244714,11.225774,14.257034,15.663291,19.516153,20.334822,22.5982,20.366442,17.487488,17.27819,16.095678,16.137474,17.185503,15.10388,18.268148,22.57383,22.766945,19.902664,25.809938,21.934605,23.237837,20.24522,21.007814,20.349592,19.712646,23.410643,22.08734,26.963043,25.728104,30.870039,32.97111,33.445248,32.083588,27.61201,30.952148,26.074877,29.378048,27.017006,28.617916,29.020355,29.190191,32.31045,33.377914,31.645159,33.54774,30.091099,32.735207,31.984951,33.26666,34.115273,32.41867,29.638596,28.384481,31.167395,26.027142,25.138008,25.769619,26.168827,24.757801,28.115751,24.75564,28.961325,30.073786,27.455843,26.636082,23.5526,23.517612,23.292093,21.674913,24.559502,23.056204,26.924347,26.83443,30.42717,29.951092,26.108418,27.614231,26.955431,23.331629,20.154306,19.60643,16.890606,15.044899,16.084698,15.881186,19.139814,18.885777,22.81351,24.840359,22.32842,18.915646,17.164326,11.622477,13.257696,8.569945,11.182856,10.475554,15.676477,15.394662,19.508152,22.737265,23.649792,20.87423,25.337988,20.912512,22.249582,21.459503,21.77344
1,4.371791,0.0,5.2024126,5.7261505,9.322728,11.208863,11.564043,11.765276,10.946525,14.945486,17.065952,20.92807,21.776396,23.383963,20.944244,17.392344,17.194605,14.789136,15.391741,15.007657,14.102907,15.646731,20.109613,19.672136,16.436987,21.996258,18.062618,19.286585,16.680382,17.29594,17.437586,16.668182,21.589392,20.478565,25.340937,24.881865,29.757998,31.96631,32.122074,30.23258,25.810581,29.023935,23.888529,27.392324,24.637695,26.535585,26.649813,27.204624,29.746077,30.958038,28.939838,30.980652,27.25157,29.685488,29.254059,29.96913,31.30408,29.17065,26.347248,25.387388,28.771473,23.666426,22.106611,23.0332,22.678917,21.527119,24.429857,21.322725,25.298079,26.756762,24.439108,23.997011,21.012514,21.732235,21.695442,19.74467,23.1461,21.654121,25.792942,25.931078,29.62619,29.278275,26.000349,27.913105,26.582447,22.664093,19.23736,18.356308,15.007828,12.532637,12.661609,11.933953,14.980859,14.655137,18.447039,20.590576,18.066906,14.626235,13.13727,7.3564734,9.969102,5.7303724,9.564513,9.753689,15.975882,15.29333,19.868725,23.14483,23.953203,20.931358,25.239452,20.07056,21.729284,20.212017,21.156202
2,6.4073544,5.2024126,0.0,5.9130645,6.718871,9.963913,11.923241,11.324679,12.452893,15.827,19.10922,22.199617,23.800333,25.770489,22.794254,19.492392,17.70352,15.970118,14.783323,14.167303,11.6929035,13.640181,17.986116,17.51574,15.658231,21.292404,18.434708,20.609861,18.289804,20.05261,20.100256,20.629992,25.596655,25.263765,29.660183,29.59227,34.388798,36.34105,36.092236,33.918804,29.270405,31.814837,26.618973,29.239391,26.079453,27.372803,26.831863,26.622498,29.298079,31.28953,29.505716,32.23315,28.98747,31.735916,32.241493,32.72832,34.77182,32.67605,30.033703,29.588762,33.122406,27.999113,26.033867,26.394089,25.306814,23.54879,25.935484,21.972542,25.563303,26.731962,24.622345,23.23905,21.094948,21.138775,21.885258,21.095371,24.671227,24.064932,28.31033,29.101938,32.91173,32.95524,29.424723,31.667646,30.774395,26.633354,23.521748,22.012262,19.428051,15.7075615,16.083246,13.999644,16.89579,14.846599,19.708702,22.83293,20.385363,16.96081,16.54436,10.396695,14.550133,9.928896,14.44756,13.533664,20.246681,18.729488,23.540092,26.812048,26.934774,23.756617,27.183416,22.148932,22.714508,20.747414,20.724953
3,9.628307,5.7261505,5.9130645,0.0,5.1564317,7.037233,8.588329,11.141581,11.774664,16.031141,19.507013,22.715677,24.053204,25.116938,22.154816,18.189419,16.997665,13.690295,13.904668,11.462228,11.638058,10.894884,15.383995,14.229133,11.1189785,16.44018,13.008703,14.871428,12.900073,14.450467,15.329813,15.837827,21.818247,21.89624,25.982496,26.82516,31.179298,33.162357,32.552532,29.857712,25.382763,27.794266,22.441841,25.389694,21.93703,23.727762,23.079891,23.644089,25.547544,27.369009,25.196852,27.83264,24.202312,26.631361,27.328434,27.282251,29.725819,27.289074,24.689709,24.628979,28.601833,23.637291,21.03178,21.587227,19.788832,18.372179,20.367249,16.894768,20.381653,21.997818,20.144714,19.60584,17.279655,18.542742,19.197975,17.669804,21.699215,20.933077,25.331055,26.255999,30.068798,30.217499,27.44604,30.066162,28.422024,24.083553,20.854338,19.031136,16.01716,11.743964,11.068152,8.296088,10.992967,9.41738,14.062604,17.009079,15.0192995,11.612336,11.426263,5.351357,10.669644,7.1501513,12.109465,11.995127,19.107048,17.26205,22.282686,25.480436,25.567163,22.255302,25.57514,19.82972,21.051302,18.42505,19.555546
4,11.878435,9.322728,6.718871,5.1564317,0.0,3.9448793,7.4173775,9.040644,11.620789,15.013546,19.616798,21.889584,23.950172,25.197388,21.71122,18.09394,15.296792,12.800339,11.135229,8.451742,7.280347,6.9589334,11.370257,11.001849,9.350848,15.267445,12.91124,15.777506,13.663201,16.753319,16.636276,19.008644,24.114069,25.345882,28.59112,29.869558,34.08496,35.600647,34.457973,31.561468,26.838459,28.388016,23.173159,24.922289,21.230452,22.203932,21.001923,20.678507,22.961887,25.425964,23.663258,26.911766,24.039555,26.944126,28.574867,28.690857,31.653742,29.722683,27.514061,28.023367,31.637985,26.676516,24.01301,23.461607,21.404083,19.003689,20.826765,16.215971,19.534492,20.424257,18.507778,16.807064,15.264946,15.549684,16.956495,16.82447,20.814386,21.094484,25.456255,27.128405,31.002747,31.647503,28.58759,31.62155,30.583418,26.025513,23.341143,20.774042,19.087046,13.680974,14.089357,10.688934,13.357061,10.890488,16.421032,19.782093,18.652567,15.494383,15.822047,10.083919,15.388654,10.708637,15.833336,14.197037,21.619057,18.74484,23.907034,27.022709,26.240887,22.817701,25.019184,19.590696,19.570278,16.54338,16.684576
5,13.855712,11.208863,9.963913,7.037233,3.9448793,0.0,4.042541,7.4240236,10.0465975,13.309334,18.188475,20.09454,22.17565,22.919624,19.338125,15.612356,12.732523,9.685635,8.473213,4.7014937,6.0168524,4.6816335,8.980513,9.650966,6.916933,13.423573,10.510484,13.289277,10.654287,14.427296,13.543619,17.044487,21.558899,23.69587,26.166039,28.03168,31.914297,33.122734,31.57382,28.46982,23.722528,24.841034,19.712496,21.09963,17.350973,18.263369,17.12332,17.005646,19.347664,21.560371,19.8219,23.019386,20.29716,23.35881,25.223759,25.54835,28.607197,27.07565,25.15545,26.028383,29.288996,24.429943,21.753962,20.485838,18.499668,15.623725,17.747114,12.841496,16.565487,17.10986,14.84682,13.291881,11.368827,11.87236,13.179213,13.067682,17.144123,17.727322,22.060028,24.072445,27.921333,28.833193,26.012865,29.382576,28.343624,23.669521,21.344503,18.276964,17.37312,11.33323,12.283345,8.995705,11.815437,10.678191,15.821701,18.541286,18.462618,15.522619,15.574721,10.471366,15.313084,10.528096,15.317388,13.144234,20.460556,16.933773,22.067114,25.009378,23.800505,20.345642,21.992466,16.446955,16.344694,12.954752,13.578337
6,14.049264,11.564043,11.923241,8.588329,7.4173775,4.042541,0.0,6.1662183,7.4043303,10.830399,15.345877,17.34127,19.101173,19.411598,15.977883,12.024987,9.990851,6.006746,6.834984,4.192084,7.5512433,7.418778,10.784749,12.25957,8.274564,14.633735,10.547753,12.3394785,8.640513,12.251911,10.147741,14.16907,17.776499,20.39362,22.421125,24.42994,28.189192,29.233873,27.619955,24.620874,19.808361,21.068249,15.950491,17.647018,14.2412405,15.502096,15.18455,15.688558,18.319645,19.584993,17.815805,20.370426,17.45886,20.606764,21.882853,22.819721,25.338018,24.27307,22.45964,23.241695,25.951042,21.068928,18.800615,17.052666,15.968351,12.900276,16.081684,11.545374,16.062141,16.413013,13.514292,12.791284,9.546056,10.396624,10.626956,9.511033,13.550153,13.757476,18.12398,20.034534,23.88545,24.800213,22.06405,25.528633,24.467218,19.766205,17.651318,14.362618,14.072327,7.8183336,9.799868,7.8168964,11.110941,12.118041,16.300322,17.926228,18.464327,15.624216,14.811213,10.2901125,13.921059,8.957433,12.97785,10.3285475,17.286795,13.414415,18.45857,21.288973,20.008375,16.558817,18.33286,12.574517,13.078097,9.931125,11.570075
7,12.244714,11.765276,11.324679,11.141581,9.040644,7.4240236,6.1662183,0.0,4.5208397,6.206077,11.494779,12.9965,15.396317,16.814127,13.101362,10.150403,6.5949106,6.268251,3.902091,7.1800213,5.6399407,10.620252,13.55025,16.176014,13.599608,20.127043,16.589783,18.482504,14.591747,17.82048,14.735356,18.368666,20.233791,22.591452,24.690567,25.650305,29.853024,30.660225,29.396605,27.193512,22.217182,23.592823,19.008207,20.114355,17.589436,17.998026,18.211697,17.591167,21.517105,22.605515,21.561583,23.87623,21.68991,25.167774,25.922827,27.795984,29.520294,29.128464,27.328642,27.600573,29.5014,24.468073,23.202946,21.127369,21.3525,18.074463,21.832544,17.119137,21.640465,21.335125,18.075336,16.333876,13.326702,11.859812,11.777045,11.929716,14.6410885,15.071818,18.975742,20.710752,24.494684,25.36463,21.54293,24.672424,24.783773,20.320528,18.617636,15.626842,16.321754,11.185365,14.409769,13.4192295,16.99068,17.502932,22.085451,23.824043,23.827358,20.7014,19.445415,14.035905,17.10521,10.659582,14.259334,10.087817,16.529491,12.487014,17.274372,20.130123,18.53296,15.224262,16.899681,12.43615,11.706627,10.135788,9.666926
8,11.225774,10.946525,12.452893,11.774664,11.620789,10.0465975,7.4043303,4.5208397,0.0,4.5934854,8.237713,11.028379,12.502399,13.72022,10.535497,7.066757,6.5002937,5.4406867,6.9691744,10.021465,10.073927,13.921579,17.04522,19.272005,15.670222,22.014864,17.599087,18.597582,14.355313,16.472015,12.992517,15.619748,16.671333,18.579662,20.91308,21.361567,25.75173,26.7025,25.869415,24.104347,19.200438,21.403679,16.88866,19.030546,17.155907,18.253267,19.364931,19.59387,23.350534,23.531967,22.286755,23.753498,21.077316,24.284075,23.90738,26.264294,27.102661,26.876976,24.944986,24.688532,26.153177,21.067177,20.470219,18.667683,20.007067,17.254993,21.7114,17.891432,22.77044,22.765934,19.319374,18.610178,14.741306,14.093569,12.886733,11.377892,13.636255,12.783361,16.612425,17.53305,21.302216,21.752468,17.825504,20.65701,20.612654,16.25465,14.389633,11.828194,12.520743,8.540956,12.366158,12.893179,16.611486,18.415867,22.19961,23.125559,23.086756,20.009083,17.933775,13.102163,14.673597,8.375629,10.663378,5.955683,12.014002,8.086525,12.976853,15.976446,14.984343,11.683065,14.756835,10.134676,11.04772,10.610576,11.488075
9,14.257034,14.945486,15.827,16.031141,15.013546,13.309334,10.830399,6.206077,4.5934854,0.0,5.6877995,6.887431,9.221675,11.019597,7.458276,5.7663956,4.047941,6.9230013,7.054425,12.128976,11.336261,16.418844,18.76675,21.88961,18.852192,25.168007,21.07071,22.138994,17.76966,20.194866,15.893603,19.168903,18.495003,21.034224,22.468658,22.724325,26.905342,27.299454,26.311934,24.991907,20.153297,21.813692,18.061726,19.17129,18.024868,18.346743,19.856398,19.47673,23.939754,23.786118,23.140503,24.356348,22.479412,25.933239,25.536543,28.568357,29.041824,29.592936,27.991552,27.802294,28.433643,23.574217,23.564306,20.979977,22.989796,19.81683,24.52996,20.511059,25.374886,24.728743,21.01493,19.839872,16.140759,14.272958,12.694805,12.247575,13.174106,12.957671,15.994051,17.141457,20.643843,21.378222,16.881037,19.7041,20.781784,16.76398,15.895073,13.260442,15.5377445,12.194425,16.453634,17.142607,20.772505,22.580442,26.46041,27.261915,27.550217,24.53302,22.426056,17.693792,19.029016,12.847592,14.399398,9.387368,13.297982,9.00584,12.732807,15.253671,13.336093,10.394614,12.345995,9.478717,8.964007,10.064623,9.712026
10,15.663291,17.065952,19.10922,19.507013,19.616798,18.188475,15.345877,11.494779,8.237713,5.6877995,0.0,4.7786317,4.7404003,7.375156,5.7345214,6.032466,8.668898,10.952878,12.636658,17.342154,16.889883,21.70876,24.2233,27.114511,23.564095,29.726248,25.115793,25.505686,21.05495,22.37393,17.92141,19.826445,17.435328,19.162182,20.576338,19.600792,23.928085,24.277208,24.064919,23.806767,19.40671,21.911127,18.883514,20.749935,20.652678,21.384706,23.71237,23.867584,28.224512,27.231045,26.588585,26.872656,24.81857,27.904076,26.186274,29.894539,29.12431,30.10809,28.475634,27.580736,27.292072,22.675304,23.823704,21.55881,24.919523,22.374065,27.561543,24.391973,29.40016,28.92609,25.127045,24.638111,20.516235,19.098782,16.823984,15.328676,15.18927,13.671002,15.713543,15.485407,18.511232,18.589664,13.535622,15.397433,17.177366,13.969982,13.562277,12.210478,14.901812,13.969465,18.25401,20.194904,23.75695,26.375591,29.613194,29.72478,29.860886,26.948084,24.159607,20.123045,19.88927,14.584067,14.173198,9.637425,9.960957,6.9420824,8.651499,10.897334,9.794368,7.7613244,11.478934,10.370381,11.373769,13.953146,14.306118
11,19.516153,20.92807,22.199617,22.715677,21.889584,20.09454,17.34127,12.9965,11.028379,6.887431,4.7786317,0.0,3.7008731,6.49474,4.422379,7.367147,8.284524,12.26028,12.906252,18.308958,17.639126,22.872597,24.628681,28.230324,25.200867,31.26121,27.06259,27.667494,23.186201,25.146137,20.143875,23.176771,20.013752,22.791842,23.090345,22.668253,26.409708,26.08752,25.298054,25.07083,20.783867,22.24356,19.922432,20.424377,20.770788,20.664385,23.10196,22.675083,27.470203,26.31224,26.24697,26.479013,25.30949,28.64016,27.405056,31.449707,30.805058,32.407173,31.173006,30.709827,29.96223,25.630129,26.785868,23.66322,27.03435,23.953142,29.106997,25.612755,30.478807,29.395857,25.477543,24.53913,20.779829,18.466982,16.114397,15.774362,14.663015,14.256198,15.498329,16.026598,18.678728,19.394041,14.306403,16.497211,19.201792,16.270098,16.830593,14.893468,18.678617,17.075575,21.600481,23.167747,26.658092,29.128979,32.58889,32.76131,33.37411,30.51571,27.975082,23.83484,24.106024,18.562815,18.621826,13.877646,14.245607,10.73386,11.585245,12.877308,10.175673,8.815965,9.676845,10.677603,9.855031,13.347859,12.711516
12,20.334822,21.776396,23.800333,24.053204,23.950172,22.17565,19.101173,15.396317,12.502399,9.221675,4.7404003,3.7008731,0.0,4.0814266,4.6463466,7.8770094,10.908002,13.893917,15.651604,20.627623,20.478355,25.288988,27.272905,30.595577,27.092005,33.02414,28.447641,28.58789,24.102736,25.36066,20.381987,22.580738,18.50526,20.835354,21.011591,19.974537,23.671318,23.328045,23.010283,23.396988,19.462687,21.513012,19.585573,20.767372,21.631077,21.989798,24.857798,24.986277,29.499498,27.84761,27.62213,27.280193,25.82843,28.842216,26.768604,31.117939,29.73623,31.530865,30.287687,29.43612,28.166924,24.06164,25.850075,22.986366,27.079266,24.46354,29.841497,26.954662,31.901215,31.041378,27.121286,26.761934,22.661646,20.937479,18.222,16.972239,15.543755,14.177006,14.872456,14.401219,16.706188,16.936731,11.649233,13.204838,16.255285,13.907923,14.815361,13.664512,17.587252,17.29069,21.711172,23.977175,27.369608,30.404129,33.3831,33.08036,33.67166,30.936975,28.029337,24.444296,23.832296,18.969416,18.007578,13.766925,12.203114,9.610181,8.901361,9.719671,7.5828505,7.1351333,9.4377575,11.046667,11.647056,15.380694,15.621225
13,22.5982,23.383963,25.770489,25.116938,25.197388,22.919624,19.411598,16.814127,13.72022,11.019597,7.375156,6.49474,4.0814266,0.0,4.041339,7.3917856,11.570968,13.738806,16.4998,20.895388,21.832306,25.791721,27.475574,30.799698,26.97795,32.46926,27.771988,27.46285,23.058023,24.044561,18.76155,21.159681,15.943246,19.12047,18.168978,17.784071,20.85499,20.073126,19.34184,19.791378,16.110222,17.938883,16.663754,17.767195,19.282803,19.798052,23.131971,23.788225,27.966507,25.683523,25.483162,24.531511,23.203444,25.996962,23.57283,28.264235,26.513947,28.799189,27.877422,27.20319,25.362772,21.641472,23.71638,20.393034,24.988867,22.50477,27.980204,25.656618,30.50641,29.565584,25.656147,25.875793,21.604929,20.350962,17.182316,15.394464,13.227771,11.495276,11.338398,10.634321,12.714364,13.184692,8.042254,10.319624,13.404482,11.165238,12.97828,11.613841,16.498777,16.61414,20.995428,23.653555,26.741362,30.414299,32.85566,32.008644,33.155457,30.709192,27.723722,24.879206,23.884058,19.698568,18.304361,14.4184675,12.1856365,9.306092,7.6127443,7.5425763,3.9464204,4.43598,6.276401,9.006452,10.445401,14.471116,15.643568
14,20.366442,20.944244,22.794254,22.154816,21.71122,19.338125,15.977883,13.101362,10.535497,7.458276,5.7345214,4.422379,4.6463466,4.041339,0.0,4.3680105,7.5508485,10.243736,12.521445,17.133196,17.91147,22.01889,23.62521,27.091995,23.546299,29.209229,24.757141,24.877104,20.41272,22.086843,16.764528,20.030766,16.142271,19.705221,19.249163,19.55994,22.911894,22.412535,21.219135,20.746475,16.452372,17.841547,15.688663,16.3789,17.094387,17.346338,20.242685,20.529205,24.930103,23.208248,22.988564,22.735722,21.430075,24.600813,23.098738,27.330519,26.509848,28.363857,27.337486,27.057226,26.037884,21.891499,23.134727,19.643559,23.379637,20.413658,25.730928,22.775127,27.643164,26.60252,22.661335,22.427227,18.301928,16.70008,13.765766,12.531084,10.943007,10.04799,11.122429,11.72462,14.573677,15.512828,10.739557,13.741494,15.92491,12.671414,13.648112,11.244143,15.85158,14.467811,19.038017,21.045952,24.269798,27.463636,30.35067,29.983856,31.113138,28.524954,25.881742,22.492254,22.358238,17.478111,17.09778,12.611887,12.636103,8.455095,9.162462,10.2846575,6.8346853,4.942021,5.8546824,6.6863704,7.1273985,10.959091,11.792402
15,17.487488,17.392344,19.492392,18.189419,18.09394,15.612356,12.024987,10.150403,7.066757,5.7663956,6.032466,7.367147,7.8770094,7.3917856,4.3680105,0.0,5.7946024,6.4548173,9.971395,13.74079,15.202976,18.575993,20.585,23.57932,19.66803,25.350657,20.689148,20.774282,16.287626,17.926043,12.816297,16.118904,13.540357,17.041666,17.321686,18.122875,21.797543,21.861593,20.614021,19.394173,14.65798,16.510773,13.209724,14.837531,14.637309,15.550999,18.087683,18.811335,22.805437,21.475914,20.718359,20.86869,18.820854,21.983353,20.708845,24.380928,24.094616,25.274572,23.982267,23.79282,23.584871,19.045166,19.664146,16.511814,19.699827,16.816525,22.091204,19.120564,24.098034,23.464325,19.61251,19.656431,15.262093,14.441731,11.666894,9.493504,9.322471,7.8663654,10.57601,11.381634,14.933904,15.726818,11.542033,14.893959,15.665948,11.534642,11.419852,8.364209,12.315658,10.156441,14.746277,16.688002,19.933279,23.192461,26.008076,25.724113,26.77142,24.175323,21.60918,18.266775,18.323454,13.48303,13.469807,8.964846,10.757791,5.7003765,8.67839,10.810819,8.462064,5.14687,7.891715,4.474705,6.608575,8.826532,10.727126
16,17.27819,17.194605,17.70352,16.997665,15.296792,12.732523,9.990851,6.5949106,6.5002937,4.047941,8.668898,8.284524,10.908002,11.570968,7.5508485,5.7946024,0.0,5.133951,5.025661,10.179394,10.5521,14.903576,16.436996,20.101477,17.24587,23.228157,19.440184,20.567888,16.249632,19.318802,14.572618,19.15017,18.261364,21.953146,22.437433,23.705317,27.337004,27.351246,25.641975,23.813387,18.945126,19.643854,16.058397,16.134604,14.873155,14.684056,16.132044,15.582006,20.198362,19.983713,19.578367,20.938267,19.57636,23.241755,23.553455,26.563932,27.512201,28.366442,27.133892,27.544527,28.09331,23.453499,23.090532,19.72738,21.382929,17.699171,22.279922,18.038506,22.767023,21.663153,17.85065,16.531017,12.94173,10.637792,8.859797,9.286053,10.0228615,10.971263,13.993858,16.115774,19.621702,20.950157,16.95644,20.44637,21.408503,17.190887,16.803514,13.354524,16.424847,12.191358,16.493122,16.806393,20.15144,22.090105,25.879564,26.577082,27.571144,24.778498,22.996407,18.636696,20.38865,14.524491,16.398312,11.566766,15.664153,10.711277,14.322206,16.47678,13.662511,10.648836,10.710176,7.609383,5.6020184,6.2607913,5.8613
17,16.095678,14.789136,15.970118,13.690295,12.800339,9.685635,6.006746,6.268251,5.4406867,6.9230013,10.952878,12.26028,13.893917,13.738806,10.243736,6.4548173,5.133951,0.0,5.426595,7.3978357,10.1245365,12.250068,14.325593,17.133818,13.315628,19.145565,14.817436,15.618142,11.223154,14.209727,9.725077,14.51315,15.024872,18.723314,19.562899,21.495342,25.060787,25.499214,23.703558,21.215334,16.241707,17.328993,12.819744,14.052896,11.892338,12.829254,14.023383,14.611062,18.24018,18.11583,16.928522,18.417286,16.076439,19.536234,19.93434,22.321274,23.7211,23.939043,22.534275,23.124685,24.377996,19.618307,18.578415,15.5676,16.573105,13.080283,17.645666,13.682781,18.614336,18.120092,14.432731,14.044615,9.808365,9.479291,7.7523794,6.056202,8.784313,8.934919,13.024952,15.062551,18.875328,20.027933,16.876791,20.569843,20.261106,15.62818,14.4934225,10.710606,12.81014,7.561303,11.62301,11.905611,15.134219,17.620161,20.979391,21.463287,22.644484,20.004784,18.287811,14.478123,16.279253,11.097729,13.243658,9.180983,14.447855,9.581945,14.069899,16.543098,14.507416,11.104921,12.35994,6.8614964,7.430018,5.643439,8.08669
18,16.137474,15.391741,14.783323,13.904668,11.135229,8.473213,6.834984,3.902091,6.9691744,7.054425,12.636658,12.906252,15.651604,16.4998,12.521445,9.971395,5.025661,5.426595,0.0,5.8544383,5.7424107,10.13242,11.837628,15.443095,13.219363,19.393467,16.243464,18.18395,14.297369,18.16879,14.44091,19.319935,20.447708,23.868935,24.967888,26.632133,30.359531,30.720512,28.872866,26.404484,21.457672,21.93604,17.70048,17.700752,15.180277,14.926922,15.025499,13.993827,18.287113,19.345678,18.661951,21.118803,19.593424,23.311644,24.678768,26.701456,28.716507,28.799732,27.410389,28.187342,29.7473,24.963636,23.617104,20.685509,20.809153,16.96944,20.66816,15.658539,20.064398,19.122559,15.674917,13.5479145,10.723465,8.346553,8.361434,9.782502,12.190342,13.679542,17.332226,19.799198,23.47718,24.840315,21.267637,24.845015,25.164122,20.655426,19.571505,15.98899,17.754017,12.220388,15.67583,14.568128,17.805283,18.573713,22.988388,24.510603,25.29341,22.430906,21.38156,16.523958,19.606531,13.593267,16.891567,12.592268,18.454277,13.765394,18.202503,20.696934,18.290155,15.055198,15.256548,11.125715,9.188976,7.01311,5.947563
19,17.185503,15.007657,14.167303,11.462228,8.451742,4.7014937,4.192084,7.1800213,10.021465,12.128976,17.342154,18.308958,20.627623,20.895388,17.133196,13.74079,10.179394,7.3978357,5.8544383,0.0,5.8480115,5.013686,7.1631966,9.990357,7.4171777,13.558987,10.769257,13.297165,10.156419,14.727976,12.393692,17.523739,20.592875,23.983501,25.272314,27.74281,31.186954,31.850042,29.731129,26.481548,21.705849,21.950813,17.20493,17.475443,13.771018,14.049234,12.893405,12.48673,15.382107,17.390232,16.023186,19.290369,17.263529,20.719198,23.066795,23.883461,27.006367,26.266254,24.852348,26.180727,28.72658,24.088247,21.642021,19.165249,17.543957,13.80722,16.338352,10.92038,14.945412,14.508154,11.63494,9.620321,7.3994703,7.184713,8.664555,9.583906,13.432341,14.940496,19.013279,21.679686,25.42069,26.806982,24.115862,27.897297,27.213938,22.500803,20.904778,17.201555,17.788889,11.423203,13.390027,10.839695,13.434515,13.542518,18.016434,19.98609,21.043846,18.45219,18.246449,13.933014,17.962616,13.092169,17.125347,14.111166,20.798264,16.445827,21.267838,23.871893,21.868877,18.490364,18.906372,13.698906,12.773091,8.873307,9.538467
20,15.10388,14.102907,11.6929035,11.638058,7.280347,6.0168524,7.5512433,5.6399407,10.073927,11.336261,16.889883,17.639126,20.478355,21.832306,17.91147,15.202976,10.5521,10.1245365,5.7424107,5.8480115,0.0,6.9389834,9.385753,12.225117,11.492295,17.684689,15.624959,18.511005,15.491222,19.617313,17.392057,21.653025,24.551868,27.198668,29.167877,30.699827,34.688915,35.453075,33.777542,31.046816,26.117683,26.725468,22.102303,22.314377,19.061249,18.851982,17.787868,16.273163,19.874973,22.22775,21.318356,24.625189,22.919086,26.466757,28.48175,29.580751,32.343105,31.6033,29.93902,30.785116,33.280884,28.371891,26.327257,24.202446,23.0552,19.500237,22.085508,16.644693,20.325508,19.812468,17.14589,14.225085,12.844619,10.904157,12.531258,14.230942,17.370127,18.822395,22.736708,25.125296,28.889566,30.096304,26.584692,29.980236,29.970722,25.388296,23.67976,20.399595,20.810766,14.940444,17.199203,14.679564,17.666138,16.49868,21.759207,24.420038,24.468899,21.472446,21.26223,15.751803,20.139555,14.218055,18.668966,15.17125,22.011036,17.958864,22.790895,25.575682,23.648582,20.339005,20.993061,16.601461,14.875697,12.104314,10.591603
21,18.268148,15.646731,13.640181,10.894884,6.9589334,4.6816335,7.418778,10.620252,13.921579,16.418844,21.70876,22.872597,25.288988,25.791721,22.01889,18.575993,14.903576,12.250068,10.13242,5.013686,6.9389834,0.0,4.512752,5.566413,5.1475396,10.845164,9.7916,13.335879,11.670174,16.221603,15.541659,19.973166,24.423777,27.271338,29.07002,31.589209,35.073605,36.008327,33.935684,30.418758,25.806044,26.007189,21.156998,21.462976,17.32589,17.581022,15.415595,14.706256,16.513311,19.677664,18.13541,22.070955,20.02479,23.132057,26.1588,25.997002,29.872402,28.404242,26.866638,28.392462,31.737719,27.183819,24.084234,22.320791,19.425768,16.170797,17.203016,11.725532,14.455758,14.539696,12.860343,10.322797,10.12493,10.46858,12.924484,14.083987,18.100988,19.624264,23.733374,26.378798,30.115477,31.432064,28.914057,32.6154,31.631557,26.90654,24.932049,21.470745,21.093803,14.78242,15.4501,11.60077,13.3950815,11.313148,16.44136,19.52378,20.1171,17.650887,18.491476,14.185975,19.22923,15.054695,19.71876,17.508062,24.65207,20.742163,25.74416,28.492105,26.754807,23.343252,23.912842,18.643496,17.709282,13.671252,13.82571
22,22.57383,20.109613,17.986116,15.383995,11.370257,8.980513,10.784749,13.55025,17.04522,18.76675,24.2233,24.628681,27.272905,27.475574,23.62521,20.585,16.436996,14.325593,11.837628,7.1631966,9.385753,4.512752,0.0,5.094747,7.0847917,10.612216,11.158913,14.68739,13.53943,18.485407,17.4449,22.747461,26.558418,30.191109,31.174185,34.245068,37.314793,37.869156,35.2853,31.51502,27.07103,26.34179,21.988071,21.101528,16.9149,16.349777,13.363919,11.900453,13.319919,17.258375,16.152538,20.606827,19.49338,22.676767,26.63084,26.347351,30.703308,29.624142,28.550903,30.60593,33.67633,29.442146,26.250519,23.795473,20.589039,16.928078,17.298485,11.6091585,13.359178,12.477805,11.220848,7.4936385,9.282151,9.0788145,12.3643465,14.736718,18.30793,20.69886,24.404774,27.614702,31.159355,32.883347,30.625532,34.61517,33.81872,29.116943,27.618273,23.800587,24.19438,17.78878,18.642918,14.945575,16.168734,14.294174,18.822159,21.670633,23.051365,20.999878,22.0648,18.351936,23.183641,19.167852,23.56937,21.072641,27.890852,23.569101,28.321806,30.809267,28.514303,25.233181,24.698298,19.949265,18.24389,13.941267,13.684036
23,22.766945,19.672136,17.51574,14.229133,11.001849,9.650966,12.25957,16.176014,19.272005,21.88961,27.114511,28.230324,30.595577,30.799698,27.091995,23.57932,20.101477,17.133818,15.443095,9.990357,12.225117,5.566413,5.094747,0.0,5.446069,7.16314,9.1761265,13.0787115,13.276221,17.637499,18.233252,22.48727,27.704407,30.613407,32.216003,35.293873,38.388584,39.36308,37.007126,33.03337,28.788029,28.504015,23.844236,23.835962,19.369795,19.58436,16.504166,15.975136,16.078217,20.118952,18.404938,22.836948,21.002163,23.600067,27.584398,26.35014,31.13754,29.176058,27.859066,29.933144,33.82039,29.689234,25.927904,24.453196,20.249617,17.452374,16.667105,11.71775,12.4034815,12.884735,12.7972555,10.469312,12.172713,13.4806595,16.380299,17.618622,21.658201,23.396727,27.343912,30.188496,33.783302,35.22315,33.273136,37.10581,35.70552,31.008894,28.997171,25.531832,24.794107,18.649933,18.260601,13.852423,14.194952,10.847,15.327824,18.924397,19.877964,18.1206,20.001236,16.898296,22.098108,19.205055,23.783163,22.279993,29.357407,25.595413,30.53833,33.201275,31.473764,28.105396,28.361526,23.041061,22.18173,17.810602,18.232658
24,19.902664,16.436987,15.658231,11.1189785,9.350848,6.916933,8.274564,13.599608,15.670222,18.852192,23.564095,25.200867,27.092005,26.97795,23.546299,19.66803,17.24587,13.315628,13.219363,7.4171777,11.492295,5.1475396,7.0847917,5.446069,0.0,6.572297,4.7177467,8.477971,7.9764915,12.325175,12.987838,17.046644,22.42651,25.21773,26.897793,29.978544,33.047802,34.155712,31.983604,28.079151,23.836548,24.09222,19.151348,20.09243,15.673268,16.788359,14.5682955,15.254131,15.625429,18.464094,16.22758,19.97514,17.236383,19.775263,22.971212,21.980598,26.323595,24.302378,22.79461,24.659283,28.498425,24.280735,20.582485,19.291334,15.358164,12.719886,12.772853,7.9148793,10.295265,11.480281,10.484991,9.81128,9.365583,11.957465,13.858511,13.663976,18.00994,19.01615,23.128168,25.585789,29.206839,30.413706,28.674318,32.402954,30.658655,26.003984,23.852869,20.519695,19.517746,13.508514,12.895381,8.633841,9.226956,7.642554,11.903901,14.748513,15.99533,14.050263,15.317577,12.579997,17.278267,14.789148,18.965515,17.79833,24.619198,21.056992,25.92588,28.571522,27.19874,23.845554,24.745022,18.98746,19.108114,14.860535,16.46086
25,25.809938,21.996258,21.292404,16.44018,15.267445,13.423573,14.633735,20.127043,22.014864,25.168007,29.726248,31.26121,33.02414,32.46926,29.209229,25.350657,23.228157,19.145565,19.393467,13.558987,17.684689,10.845164,10.612216,7.16314,6.572297,0.0,5.5828886,8.404514,10.892272,14.197757,16.361784,19.95776,25.816305,28.721735,29.910545,33.71659,36.11203,37.197983,34.66858,30.260601,26.692469,26.307297,21.878824,22.452152,17.941967,19.090782,16.12495,17.348051,15.5727,18.891697,16.397602,20.345852,17.86255,19.452253,23.738384,21.286827,26.720985,24.135134,23.066442,25.694012,30.028025,26.592318,22.207634,21.274496,15.814292,14.139164,11.4290285,8.490431,7.1245756,9.470512,10.896587,11.348968,12.660173,16.06513,18.14541,17.951164,22.01119,23.175148,26.881779,29.481195,32.792492,34.126736,33.21747,37.04816,34.792233,30.32021,28.274809,25.030945,23.800144,18.421352,16.740026,12.651862,11.125497,9.082416,10.866719,13.677644,15.912988,15.292497,17.638239,16.898825,21.137657,20.268684,23.979136,23.55698,29.955372,26.60079,31.201662,33.632385,32.27659,29.078861,29.569504,23.93342,24.189352,19.772879,21.68099
26,21.934605,18.062618,18.434708,13.008703,12.91124,10.510484,10.547753,16.589783,17.599087,21.07071,25.115793,27.06259,28.447641,27.771988,24.757141,20.689148,19.440184,14.817436,16.243464,10.769257,15.624959,9.7916,11.158913,9.1761265,4.7177467,5.5828886,0.0,3.9360704,5.4775877,8.940003,11.051503,14.500794,20.441833,23.194899,24.600454,28.194866,30.77173,31.990494,29.746685,25.558584,21.792141,22.127495,17.292278,18.907112,14.55022,16.513735,14.633427,16.585491,15.867615,17.927942,15.13142,18.288853,14.84638,16.658703,19.788197,18.032022,22.701033,20.199064,18.765207,20.977873,25.158794,21.375051,17.192732,16.363949,11.479779,9.770711,8.760565,5.5757837,7.540143,10.033716,9.683974,11.164879,10.192264,14.159909,15.301241,13.851928,18.11192,18.525215,22.432953,24.60459,28.008556,29.083218,28.119164,31.794458,29.399017,24.94032,22.750265,19.649672,18.221176,12.984818,11.2201395,7.430205,6.252111,6.859737,8.757065,10.613754,12.97171,11.790708,13.175293,12.483859,16.158373,15.394311,18.689196,18.430779,24.545277,21.384,25.902563,28.348574,27.316935,24.139889,25.29522,19.373308,20.428995,16.338747,18.986174
27,23.237837,19.286585,20.609861,14.871428,15.777506,13.289277,12.3394785,18.482504,18.597582,22.138994,25.505686,27.667494,28.58789,27.46285,24.877104,20.774282,20.567888,15.618142,18.18395,13.297165,18.511005,13.335879,14.68739,13.0787115,8.477971,8.404514,3.9360704,0.0,4.494271,6.021698,9.257718,11.978575,18.03359,20.7751,21.853348,25.813871,27.963427,29.243128,26.997286,22.68329,19.343336,19.890629,15.227199,17.591204,13.60855,16.308964,15.120562,17.96413,16.858265,17.889404,14.789191,17.031742,12.917783,14.0462885,16.657156,14.4916315,19.143515,16.341314,14.940818,17.385162,21.674612,18.248583,13.803483,13.333953,7.8759537,7.3436985,5.960762,5.6590195,7.60015,10.595115,10.282875,13.17472,11.445385,15.958871,16.317997,13.807554,17.749056,17.516514,21.14425,22.94488,26.117714,27.02989,26.689377,30.247976,27.373503,23.15848,21.017782,18.1946,16.562937,12.309514,9.87338,7.4766164,5.1997423,8.701628,8.165086,7.9860353,11.553024,11.032369,11.908775,12.908485,15.246718,15.738377,18.04367,18.40581,23.663115,20.880249,24.958052,27.176725,26.45434,23.502117,24.917835,19.029333,20.885756,17.17724,20.553316
28,20.24522,16.680382,18.289804,12.900073,13.663201,10.654287,8.640513,14.591747,14.355313,17.76966,21.05495,23.186201,24.102736,23.058023,20.41272,16.287626,16.249632,11.223154,14.297369,10.156419,15.491222,11.670174,13.53943,13.276221,7.9764915,10.892272,5.4775877,4.494271,0.0,5.0793386,5.5812807,9.865534,15.025654,18.20854,19.291187,22.92302,25.49982,26.632444,24.476068,20.487211,16.511314,17.400097,12.283676,14.895713,11.024905,13.8033,13.36215,16.020605,16.22733,16.757967,13.938422,15.926796,11.782853,13.853657,15.626245,15.056681,18.654474,16.768438,15.224833,17.074802,20.56373,16.479326,12.805708,11.393806,7.9220266,5.7258725,7.9174094,5.6042027,9.915557,11.609576,9.683953,12.064865,8.928715,13.056124,12.8491125,9.845195,13.96752,13.555297,17.499266,19.310427,22.732792,23.666172,22.778954,26.407396,23.937943,19.500154,17.442602,14.281898,13.267291,8.231574,7.073859,5.398023,5.7234735,9.936622,11.105063,10.961025,13.5946245,12.091351,11.721598,11.231176,13.4120035,12.543899,14.829466,14.426743,19.780773,16.611418,20.816845,23.114428,22.228241,19.173927,20.735271,14.720965,16.70142,13.227792,16.773666
29,21.007814,17.29594,20.05261,14.450467,16.753319,14.427296,12.251911,17.82048,16.472015,20.194866,22.37393,25.146137,25.36066,24.044561,22.086843,17.926043,19.318802,14.209727,18.16879,14.727976,19.617313,16.221603,18.485407,17.637499,12.325175,14.197757,8.940003,6.021698,5.0793386,0.0,5.7798557,5.982987,12.75177,14.803111,16.410166,20.012651,22.357962,23.994663,22.356806,18.498953,15.164237,17.178595,12.296909,16.524422,13.558796,17.046574,17.348303,20.53283,20.405678,20.153849,17.15974,18.010464,13.15207,14.041461,14.095596,13.08333,15.894632,13.067718,10.896722,12.337185,16.552921,12.626338,8.40391,9.015738,5.673144,6.772888,8.778086,9.644016,12.909557,15.269758,13.832096,16.909191,13.635385,17.761747,16.956924,12.954044,16.435854,14.724994,18.28119,19.048536,22.173567,22.507504,22.30415,25.428078,22.122433,18.126423,15.650567,13.506074,11.054224,8.477071,5.2703366,6.2451224,5.235312,11.274751,10.239167,8.106784,10.922461,10.050412,8.814631,10.880206,11.007175,12.630352,13.425226,14.602327,18.712624,16.713972,20.317837,22.459059,22.49975,19.781042,22.345419,16.46166,19.588127,16.887506,20.816658
30,20.349592,17.437586,20.100256,15.329813,16.636276,13.543619,10.147741,14.735356,12.992517,15.893603,17.92141,20.143875,20.381987,18.76155,16.764528,12.816297,14.572618,9.725077,14.44091,12.393692,17.392057,15.541659,17.4449,18.233252,12.987838,16.361784,11.051503,9.257718,5.5812807,5.7798557,0.0,6.8729753,9.618959,13.721894,14.031371,17.811516,20.278503,21.213179,19.114428,15.428073,11.168472,12.902793,7.567256,11.721516,9.205932,12.664748,13.984424,17.073997,18.06002,17.004765,14.496109,14.8688135,10.430056,12.506518,12.161193,13.4094,15.225792,14.447359,12.98645,14.2308035,16.407896,12.057158,9.590543,6.9533987,7.131894,5.184284,10.223708,9.464423,14.000982,14.940596,12.200001,14.930174,10.628596,14.074974,12.366269,7.7157655,10.826036,8.990628,12.761777,13.97188,17.367823,18.12482,17.442343,21.026014,18.448324,14.069516,12.373435,9.085423,9.185796,5.542879,6.2429576,8.285578,9.548711,14.76678,15.368348,13.834262,16.41726,14.91602,13.038314,12.911709,12.988045,12.138371,12.634579,12.005376,15.706163,12.604554,16.082552,18.056833,17.343706,14.578683,16.609291,10.791971,14.077571,11.878199,16.165869
31,19.712646,16.668182,20.629992,15.837827,19.008644,17.044487,14.16907,18.368666,15.619748,19.168903,19.826445,23.176771,22.580738,21.159681,20.030766,16.118904,19.15017,14.51315,19.319935,17.523739,21.653025,19.973166,22.747461,22.48727,17.046644,19.95776,14.500794,11.978575,9.865534,5.982987,6.8729753,0.0,8.347437,8.879287,11.624813,14.339785,17.167032,19.284529,18.598415,15.685987,12.484284,16.252007,11.740826,17.320486,15.665407,19.332895,20.771074,23.918674,24.63651,23.527025,20.843512,20.651436,15.796596,16.542118,14.098613,14.718888,14.979851,12.75592,10.021708,9.377762,12.790262,8.010958,5.473885,7.691291,8.882152,10.384271,13.910633,14.831375,18.591793,20.505325,18.43173,21.308813,17.250278,20.628813,18.959784,14.194201,16.746916,13.614622,16.750996,16.145985,19.095655,18.64335,18.442316,20.879366,17.158386,13.549891,10.5697565,9.756787,5.942728,7.2711306,4.9347267,9.290789,9.858728,15.621811,14.752673,12.155003,13.532274,12.369362,9.238719,11.488014,8.733032,11.3096075,9.741919,11.895036,14.010072,13.269885,16.025213,18.030592,19.086422,16.788084,20.651491,15.258878,19.443357,18.02127,22.05804
32,23.410643,21.589392,25.596655,21.818247,24.114069,21.558899,17.776499,20.233791,16.671333,18.495003,17.435328,20.013752,18.50526,15.943246,16.142271,13.540357,18.261364,15.024872,20.447708,20.592875,24.551868,24.423777,26.558418,27.704407,22.42651,25.816305,20.441833,18.03359,15.025654,12.75177,9.618959,8.347437,0.0,6.6990833,4.6804905,8.681005,10.768353,11.831461,10.832747,8.878132,5.5349236,10.785542,8.186392,14.002316,14.675865,18.030481,20.998495,24.2188,25.65893,23.022026,21.0808,19.278107,15.360392,16.16281,11.52699,15.165005,12.593659,13.592223,12.319626,11.341855,10.052687,5.8290625,8.340878,6.6162415,12.524899,12.951837,17.807348,18.712284,22.821754,23.567513,20.754507,23.66184,19.082699,21.525784,18.668133,13.67703,13.877624,9.630328,10.859878,8.724895,11.097765,10.331182,10.985129,13.429726,9.574691,6.303618,5.570389,5.3222103,6.9503617,10.434631,11.738602,16.07621,17.349722,23.047617,22.692883,19.821753,21.828955,20.675196,17.42107,18.428358,15.39285,15.925117,13.008954,13.3099785,11.710496,10.928861,11.124486,11.831591,12.846527,11.705733,15.356159,11.893473,16.801414,17.198551,21.421667
33,22.08734,20.478565,25.263765,21.89624,25.345882,23.69587,20.39362,22.591452,18.579662,21.034224,19.162182,22.791842,20.835354,19.12047,19.705221,17.041666,21.953146,18.723314,23.868935,23.983501,27.198668,27.271338,30.191109,30.613407,25.21773,28.721735,23.194899,20.7751,18.20854,14.803111,13.721894,8.879287,6.6990833,0.0,6.632872,5.9705963,9.770371,12.765962,14.204801,13.749591,11.903955,17.323523,14.701012,20.617952,20.791206,24.234856,26.818918,29.864492,31.320816,29.200073,27.010406,25.59808,21.289997,21.738556,16.911015,19.386799,16.434052,15.89218,13.627904,10.605986,10.270098,6.2167797,9.466544,11.554174,16.1577,17.621367,21.830578,22.917562,26.915096,28.344484,25.801134,28.53661,23.997923,26.479311,23.95668,19.016376,19.86717,15.573673,17.10467,14.278708,16.162085,14.221401,14.42211,15.075475,10.593519,8.982204,6.156858,9.220227,6.4145746,12.609909,12.618911,17.357662,18.547659,23.949888,23.172358,20.278358,20.889309,19.774258,15.950618,17.725328,13.0093775,15.41413,11.0141115,13.460682,10.363144,12.423967,12.222201,13.23502,16.163654,15.264526,20.393776,16.919783,21.83653,22.242992,26.076788
34,26.963043,25.340937,29.660183,25.982496,28.59112,26.166039,22.421125,24.690567,20.91308,22.468658,20.576338,23.090345,21.011591,18.168978,19.249163,17.321686,22.437433,19.562899,24.967888,25.272314,29.167877,29.07002,31.174185,32.216003,26.897793,29.910545,24.600454,21.853348,19.291187,16.410166,14.031371,11.624813,4.6804905,6.632872,0.0,6.057734,6.3030148,7.6734533,7.741454,7.3536544,6.899057,12.215728,11.483165,16.939152,18.370972,21.674358,24.881607,28.283714,29.48808,26.393255,24.546286,22.059385,18.383879,18.41481,12.597359,16.41649,12.0763645,13.706287,12.825366,11.015744,7.4123135,5.351398,9.891832,9.383346,15.510534,16.736122,21.11875,22.80742,26.565123,27.392914,24.788902,27.97661,23.482779,25.95387,22.960901,18.049902,17.656149,13.419958,13.374417,10.167909,10.981366,9.193994,11.541335,12.733036,7.8922834,7.2013755,7.5950203,9.266591,10.339424,14.934583,15.747014,20.251623,21.167702,27.02638,26.048328,22.612959,24.600657,23.838358,20.439209,22.21503,18.399364,19.817638,16.173672,17.0868,13.774495,14.284212,12.951312,12.670145,14.534734,14.427266,18.014614,15.753799,20.640732,21.494085,25.676142
