,0,1,2,3,4,5,6,7,8,9,10,11,12,13,14,15,16,17,18,19,20,21,22,23,24,25,26,27,28,29,30,31,32,33,34,35,36,37,38,39,40,41,42,43,44,45,46,47,48,49,50,51,52,53,54,55,56,57,58,59,60,61,62,63,64,65,66,67,68,69,70,71,72,73,74,75,76,77,78,79,80,81,82,83,84,85,86,87,88,89,90,91,92,93,94,95,96,97,98,99,100,101,102,103,104,105,106,107,108,109,110,111,112,113,114
0,0.0,4.0032454,5.2331934,9.149987,12.138269,15.58432,17.498022,21.930964,25.25501,27.457228,32.31464,34.35153,35.76433,37.86654,35.750435,31.57106,33.883095,28.936647,31.759878,28.065926,30.35901,27.949043,25.141918,27.002926,24.514688,26.79638,24.035784,24.244837,22.651814,20.292269,22.658602,18.498661,24.704416,21.905668,27.552979,27.774078,30.721836,34.38095,34.351048,32.970863,30.023472,34.16938,29.555027,34.599644,31.8814,34.955044,35.03938,36.863205,37.99699,38.76271,36.06736,37.526623,32.740307,33.815067,31.90591,31.866482,33.240517,29.332962,25.934557,23.328587,26.455696,22.881329,21.759535,24.747337,25.318216,26.586596,28.622572,30.759624,30.120518,31.961807,30.76889,31.615448,29.098402,32.48541,32.575726,29.226048,33.03134,31.003813,34.848576,34.740345,37.667484,37.155037,38.0584,39.311836,34.970123,32.19511,28.478891,27.466433,22.756586,22.448675,18.03438,16.475435,17.735085,14.497497,18.73981,20.584957,19.883173,17.021595,14.323294,14.415719,13.227061,17.448626,17.048594,16.241558,21.357174,20.077354,24.739563,28.055033,29.972937,32.75838,31.985712,26.49173,25.88145,23.71186,20.990627
1,4.0032454,0.0,4.166539,7.3243046,9.421575,12.488459,14.122569,18.913946,21.961102,24.564734,29.106585,31.445362,33.154274,35.481953,33.689938,29.613232,32.347317,27.590424,30.595737,27.414593,29.712091,28.09235,25.332977,27.965046,25.07273,28.271551,25.157125,25.115128,22.927805,20.356668,21.945112,17.508461,22.979498,19.335836,25.372887,24.891108,28.070183,31.811398,32.097496,31.220676,28.262033,32.795246,28.313437,33.59299,31.246246,34.33005,34.867622,36.708645,38.25494,38.597973,36.027588,37.137924,32.365036,33.525215,31.067204,31.686428,32.38422,28.916023,25.513556,22.700954,24.989225,21.308538,20.996622,23.873762,25.35315,26.465828,29.179632,31.206615,31.162722,32.7704,31.08794,31.901112,28.916254,32.032978,31.759794,28.179893,31.730686,29.346642,33.1118,32.629692,35.571503,34.790417,35.49146,36.4408,32.14827,29.586124,25.702585,25.199766,20.18149,20.761467,16.390184,15.697644,17.699465,14.968378,20.199472,21.920586,21.915253,19.216364,16.09093,16.391615,13.629555,18.045027,16.749725,15.031766,19.918644,18.074978,22.308258,25.44841,27.362148,30.427103,30.01378,24.650352,24.375792,22.813478,20.030243
2,5.2331934,4.166539,0.0,4.7148023,7.147808,10.695527,13.188907,16.966711,20.566488,22.533543,27.59279,29.580889,30.846634,32.98512,30.903881,26.682928,28.953543,24.129568,26.880243,23.519117,25.729984,23.947264,21.248549,23.916706,21.157425,24.50654,21.610542,21.90041,19.505709,17.556004,18.836842,15.291627,21.103458,18.567183,24.213167,24.141962,27.683825,31.179327,30.844799,29.597776,26.203121,30.37546,25.595987,30.549656,27.910019,30.825537,31.162159,32.81769,34.457497,35.03227,32.52724,33.94631,29.32552,30.801674,28.935562,29.58131,30.811134,27.532385,24.014849,21.829441,24.4075,20.193762,19.34476,21.341923,22.729147,23.337532,26.157578,27.854994,27.651617,29.04469,27.327911,27.909447,25.05342,28.109663,28.036224,24.722626,28.479689,26.472252,30.439241,30.405756,33.537727,33.089386,33.568367,34.95809,30.882132,27.821264,24.128914,22.877407,18.371996,17.83888,13.674257,12.270301,14.017306,11.868118,16.83151,19.003119,19.079948,16.227468,13.216999,12.995097,9.636049,14.03402,12.736901,11.258141,16.40973,14.857128,19.531729,22.84998,24.81245,27.612127,26.791882,21.386866,20.795444,18.914589,16.167736
3,9.149987,7.3243046,4.7148023,0.0,4.3883157,8.294134,9.668444,13.5025,16.92422,18.595016,23.693777,25.386639,26.667263,28.725643,26.664774,22.545195,25.28358,20.431643,23.80786,20.615826,23.624294,22.196705,19.15374,22.480461,18.928043,23.175297,19.571493,19.307102,16.44875,14.107603,14.818575,10.990732,16.436043,14.116149,19.588102,19.71379,23.309391,26.681128,26.173416,24.93952,21.52313,25.82413,21.161911,26.334099,24.032198,27.10407,27.868856,29.836784,31.53711,31.559195,29.084412,30.070486,25.406145,26.844213,24.611414,25.712614,26.565367,23.684887,20.17622,18.156334,20.286142,15.812179,15.275347,17.041252,19.10826,19.687235,23.044016,24.749702,25.302858,26.611814,24.481647,25.446817,22.06657,25.205809,24.662878,20.90307,24.41897,22.104368,25.950047,25.776445,28.854551,28.402815,29.025942,30.481112,26.34222,23.248589,19.62622,18.352095,13.806672,13.502095,9.152857,8.575167,11.115788,9.332469,15.40236,17.020277,18.099363,15.841705,12.373663,13.014565,8.323406,12.481348,10.448957,8.728775,12.958413,12.07179,16.241755,19.84183,21.261372,23.901094,23.660295,17.877977,18.18076,16.490147,14.53661
4,12.138269,9.421575,7.147808,4.3883157,0.0,3.9398267,6.7375154,9.826022,13.488447,15.48666,20.505514,22.63292,24.042902,26.41203,24.70515,20.617737,23.435968,19.01831,22.059258,19.72753,22.082544,21.848026,19.33036,23.418139,19.999092,25.020458,21.69315,21.626884,18.124044,16.403038,15.601277,12.726063,16.678972,13.831445,19.481264,18.484142,22.791214,26.060934,25.658386,25.036566,21.28394,25.78005,21.154427,26.175306,24.159101,26.9085,28.031185,29.625088,32.03068,31.864655,29.706326,30.589243,26.24661,28.073301,25.70147,27.615246,27.981628,25.850616,22.432182,20.62051,21.722532,17.02639,17.342012,18.071943,21.150131,21.011816,25.086853,26.267466,27.169039,27.938307,25.308279,25.751003,22.10198,24.5095,23.756922,20.181854,23.441925,21.022469,24.919264,24.545326,27.836624,27.204136,27.112076,28.371748,24.620848,21.476555,17.706081,16.724417,12.218852,12.565269,9.102599,9.534531,12.556515,12.384063,18.195261,20.081903,21.468483,19.190033,15.956875,16.006033,10.260233,13.901346,10.816906,7.496749,11.425907,9.061247,12.9093895,16.171099,17.963995,21.027628,20.773947,15.513169,15.716575,15.015177,12.69012
5,15.58432,12.488459,10.695527,8.294134,3.9398267,0.0,5.2088885,6.8285575,10.4825,12.900259,17.603971,20.182348,21.782682,24.448217,23.185293,19.289873,22.264626,18.43799,21.188131,19.810034,21.616568,22.528625,20.484602,25.110231,21.777046,27.330349,24.15767,24.123144,20.240376,18.884605,17.007553,14.848149,17.305101,14.062811,19.577377,17.540236,22.341608,25.443653,25.198292,25.192404,21.309744,25.919437,21.525553,26.347158,24.726639,27.175896,28.674034,29.990135,32.943123,32.50824,30.648035,31.322264,27.30635,29.362347,26.797623,29.380074,29.238234,27.768108,24.501226,22.838991,23.043531,18.369566,19.412306,19.41922,23.256252,22.648298,27.219105,28.021427,29.292883,29.652288,26.632849,26.729193,22.870552,24.593504,23.569384,20.174097,23.009752,20.45971,24.232346,23.584986,26.968433,26.129063,25.39807,26.388063,23.051243,20.003649,16.193504,15.690465,11.451367,12.673094,10.374918,11.708176,14.870525,15.619238,21.237947,23.145645,24.808886,22.621765,19.512707,19.359724,13.250716,16.305653,12.693749,8.644155,11.363439,7.7409954,10.486696,13.188766,15.259979,18.746607,18.678396,14.146131,14.47088,14.9131365,12.565499
6,17.498022,14.122569,13.188907,9.668444,6.7375154,5.2088885,0.0,6.3374653,8.047085,11.16935,15.061023,17.661867,19.942852,22.681988,21.812887,18.375523,22.485893,18.805498,22.56795,21.411148,24.271713,25.215628,22.705269,27.455095,23.395445,29.179258,25.241278,24.395138,20.601524,18.305496,16.402494,13.172815,14.168715,9.499597,15.346179,12.764349,17.399294,20.679565,20.98994,21.508598,18.223297,23.381054,19.653984,25.004005,24.149874,26.942358,29.017275,30.9197,33.586872,32.374035,30.459158,30.321438,26.156002,27.716703,24.142708,27.12677,25.988188,24.838242,21.828749,19.816986,19.007421,14.764737,16.922825,17.594328,22.046864,22.029638,26.746006,27.939425,29.980566,30.582273,27.406757,28.243965,23.948065,25.946386,24.274647,20.15809,22.345455,18.99519,22.212238,20.774755,23.789396,22.506844,22.345648,22.851004,19.0202,16.619478,12.537091,13.326597,8.141356,11.861442,9.53277,12.524883,16.095617,16.292973,22.5738,23.578127,25.819336,24.191944,20.72365,21.579824,15.730493,18.672142,15.157784,11.711576,12.8075485,10.620552,11.538282,14.239008,15.103464,18.496466,19.834064,15.013071,16.909496,17.538986,16.256273
7,21.930964,18.913946,16.966711,13.5025,9.826022,6.8285575,6.3374653,0.0,4.521439,6.129232,11.028295,13.4547205,15.0920315,17.941813,17.177282,13.750437,17.424572,14.577156,17.623898,17.68279,19.800417,22.106846,20.351404,25.680931,21.99114,28.391077,25.032309,24.617252,20.31506,19.407068,15.815784,15.155223,14.737115,12.460856,16.414602,13.667813,18.989912,21.368834,20.744518,21.341146,17.298466,21.752678,17.98337,22.36423,21.648954,23.727062,26.020962,27.302729,30.749825,29.491795,28.089504,28.104347,24.686604,26.938593,24.149807,27.791632,26.921583,26.752045,23.9144,22.983685,21.88394,17.34821,19.205843,17.690292,22.651474,21.369953,26.627008,26.889057,29.14362,28.958467,25.325144,25.43808,21.104164,22.029451,20.200018,16.762648,18.559862,15.674244,19.013971,18.032911,21.474762,20.56714,19.090294,20.099041,17.398972,14.1702,10.715955,10.484663,7.7148914,9.972809,10.214205,13.033115,16.184624,18.221136,23.486525,24.868612,27.378975,25.848202,22.888357,23.064585,16.74901,18.496874,14.527324,10.866486,9.8787155,7.1307783,5.628857,7.9283094,8.97876,12.637844,13.81999,9.963731,12.033512,13.971408,13.263421
8,25.25501,21.961102,20.566488,16.92422,13.488447,10.4825,8.047085,4.521439,0.0,4.6050286,7.2558985,10.478762,13.122404,16.317934,16.498821,14.007164,18.512762,16.523994,19.844568,20.631222,22.971138,25.725111,23.969736,29.382652,25.438665,31.976383,28.31731,27.46766,23.23382,21.93702,18.1502,17.198582,15.009863,11.989825,15.225299,11.159718,16.503872,18.622345,18.591541,20.190472,16.758127,21.443392,18.624668,22.97961,23.150902,25.178608,28.021708,29.494347,32.95933,31.045221,29.828669,29.138557,25.949444,27.908709,24.388586,28.597868,26.734081,27.22524,24.764309,23.731304,21.482666,17.612179,20.435762,19.061075,24.52134,23.457577,28.834835,29.166483,31.997583,31.792997,27.992395,28.396397,23.868067,24.560087,22.216322,18.61842,19.457422,16.026085,18.514637,16.604258,19.664675,18.178581,16.47653,16.671913,14.149845,11.789881,8.382145,10.177576,7.918501,12.216651,12.98147,16.532824,19.758106,21.56786,27.050346,27.951048,30.777071,29.534504,26.43107,27.028936,20.833168,22.516628,18.625458,15.213243,13.480554,11.462512,8.399467,9.252754,8.965524,12.57597,15.2184,12.361112,15.323083,17.717947,17.514935
9,27.457228,24.564734,22.533543,18.595016,15.48666,12.900259,11.16935,6.129232,4.6050286,0.0,5.9860644,7.417828,9.060849,12.076568,11.990598,9.553863,14.120883,12.707491,16.025446,17.408743,19.95092,23.096222,21.563757,27.081516,23.197355,29.923136,26.458433,25.654116,21.340929,20.785282,16.169792,16.823528,13.786185,13.120286,14.64609,11.750959,16.938816,18.275188,17.100973,18.252146,14.352865,18.286093,15.564823,19.19151,19.578257,21.225729,24.268063,25.603613,29.259758,27.146267,26.211937,25.468603,22.776129,25.041645,22.127228,26.608412,25.072172,26.156096,23.88819,23.69867,21.559835,17.578537,19.920872,17.186201,22.746447,21.019796,26.544464,26.370266,29.47089,28.88401,24.891706,25.182108,20.645323,20.884245,18.272484,14.9426,15.285482,12.101119,14.551722,13.141934,16.507788,15.5965805,13.299277,14.480253,12.652542,9.211173,6.92165,7.061384,7.6372366,10.189994,12.590019,15.948028,18.69185,21.35356,26.073696,26.882864,29.978891,29.05659,26.297667,26.802986,20.75768,21.5382,17.770306,14.993803,11.645525,10.917845,6.468752,7.1760287,5.2463217,8.224126,11.510359,9.038435,12.837365,15.51682,16.352192
10,32.31464,29.106585,27.59279,23.693777,20.505514,17.603971,15.061023,11.028295,7.2558985,5.9860644,0.0,4.4892693,8.045337,11.430819,13.234654,12.742648,17.438967,17.390211,20.356972,22.58348,24.854984,28.550938,27.210741,32.72388,28.80596,35.547844,31.96102,30.858822,26.684666,25.837948,21.260702,21.556993,17.173971,15.77029,16.235855,11.989627,16.490417,17.083195,16.761929,19.355318,16.57953,20.30323,19.022823,22.145061,23.551653,24.904236,28.415682,29.74238,33.460144,30.71931,30.122646,28.646276,26.457441,28.373747,24.819912,29.822138,27.181063,29.066904,27.293188,26.98402,23.662289,20.650904,23.848042,21.40278,27.191004,25.684378,31.162642,30.989433,34.545116,33.873432,29.793987,30.200048,25.68397,25.484022,22.527836,19.48229,18.669939,15.342943,16.289091,13.718076,16.1761,14.446276,11.27119,10.795832,10.310815,8.935104,8.041718,10.72279,11.808713,15.608028,17.963055,21.661139,24.463703,26.86649,31.758503,32.239117,35.517048,34.760937,31.88637,32.633762,26.615366,27.476957,23.738527,20.905144,17.58166,16.697987,11.947795,11.028974,8.551669,10.590649,14.986077,14.351793,18.116783,21.210417,22.10004
11,34.35153,31.445362,29.580889,25.386639,22.63292,20.182348,17.661867,13.4547205,10.478762,7.417828,4.4892693,0.0,4.128197,7.210109,9.419144,10.048766,14.848851,15.538865,18.648882,21.171436,23.91701,27.566755,26.249247,31.618147,27.658854,34.348927,30.78795,29.519318,25.514414,25.034025,20.112429,21.38368,16.138926,16.562027,15.344953,12.431784,16.272572,15.975653,14.572804,16.886557,14.203574,17.020058,16.457788,18.771585,20.754503,21.81062,25.597456,27.023497,30.612076,27.446352,27.106487,25.258207,23.602034,25.509499,22.286873,27.520306,24.907707,27.445658,26.022682,26.40366,23.033266,20.268795,23.16168,19.881504,25.590101,23.791857,29.172504,28.708899,32.62821,31.762056,27.639433,28.238235,23.792242,23.385962,20.116995,17.263405,15.592602,12.432386,12.536875,9.996551,12.344732,11.066077,7.154007,7.826895,8.37069,6.387786,7.6377034,9.27442,12.391317,15.095339,18.308697,21.88607,24.26872,27.020872,31.321995,31.481174,35.01773,34.663486,32.03664,32.928497,27.247494,27.470768,24.024307,21.861607,17.61089,17.940372,13.0454645,12.386989,8.836714,9.002297,14.1269245,13.809126,18.125736,21.006279,22.747965
12,35.76433,33.154274,30.846634,26.667263,24.042902,21.782682,19.942852,15.0920315,13.122404,9.060849,8.045337,4.128197,0.0,3.466744,5.8830247,7.549141,11.514997,13.286188,15.798901,18.918861,21.474358,25.407228,24.46149,29.71019,26.074135,32.687595,29.532211,28.48974,24.541403,24.832392,19.521584,22.037409,16.957567,18.87645,17.09388,15.409105,19.044168,18.392138,15.965405,17.386288,14.30162,15.875015,15.353863,16.44918,18.491386,18.924944,22.731548,23.817032,27.626627,24.452763,24.474783,22.785202,21.78773,24.064425,21.810036,26.981253,25.03696,27.825912,26.485252,27.500126,24.644653,21.68197,23.873905,19.628412,25.018936,22.596489,27.890835,26.885334,30.802502,29.53924,25.368013,25.676577,21.4861,20.489298,17.154142,15.050293,12.793871,10.549286,10.398011,9.120704,11.7145405,11.5746975,7.047073,9.502302,10.899296,8.015433,10.079202,9.610489,14.071337,14.99882,18.945175,21.993866,23.86832,27.201658,30.724554,30.96714,34.528183,34.325966,32.064693,32.713272,27.270697,26.837091,23.623657,21.95128,17.060905,18.061457,13.098572,12.266275,8.350092,6.595706,11.794038,12.499052,16.73395,19.642574,21.98459
13,37.86654,35.481953,32.98512,28.725643,26.41203,24.448217,22.681988,17.941813,16.317934,12.076568,11.430819,7.210109,3.466744,0.0,3.9929955,7.5545325,10.596927,13.225741,15.496081,18.793356,21.562155,25.356384,24.52164,29.485817,25.97116,32.365562,29.363176,28.25763,24.569826,25.228678,19.857756,23.07973,17.754902,20.776999,18.094532,17.38236,20.415874,19.239069,16.128012,17.045094,14.227267,14.530745,14.735186,14.628636,17.162926,17.120325,21.076862,22.14376,25.807756,22.296795,22.648275,20.686207,20.377441,22.652794,20.964846,26.127174,24.384493,27.615898,26.58359,28.122711,25.39005,22.689377,24.506453,19.73515,24.768795,22.103054,27.129253,25.81449,29.935751,28.470108,24.356382,24.760479,20.82416,19.562122,16.082937,14.496902,11.385066,9.915911,8.685142,8.234217,10.364902,11.092516,6.637685,10.108416,12.104672,9.346353,12.236393,10.993452,16.15086,16.187164,20.466156,23.235518,24.697638,28.216639,31.15199,31.172537,34.8436,34.94232,32.936504,33.640392,28.575712,27.663359,24.78295,23.646675,18.381737,20.113508,15.438153,14.8116255,10.926833,8.053013,12.735426,13.766433,17.960659,20.538465,23.4062
14,35.750435,33.689938,30.903881,26.664774,24.70515,23.185293,21.812887,17.177282,16.498821,11.990598,13.234654,9.419144,5.8830247,3.9929955,0.0,4.403999,7.2614646,9.643064,12.290262,15.168199,18.480927,21.784882,20.83554,25.657215,22.16056,28.466146,25.570755,24.57482,20.950361,22.029438,16.572577,20.536093,15.7924,19.835382,17.221811,17.556355,20.71305,19.873432,16.171898,15.9296,12.419394,12.219275,11.63939,11.18049,13.306899,13.259668,17.168411,18.368612,21.974926,18.638445,18.857407,17.258429,16.853868,19.46386,18.4963,23.345692,22.442327,25.341805,24.15565,26.033714,24.043228,20.978605,22.090582,16.792164,21.49517,18.493334,23.47688,21.975782,26.004133,24.483978,20.366686,20.828466,16.889862,15.800185,12.2428665,10.614353,7.411512,6.507796,6.0602503,7.4494514,10.328869,11.862958,8.818684,12.899143,13.627561,9.831136,12.256295,9.375147,14.927876,13.534868,18.07904,20.384243,21.460604,25.204554,27.638199,27.683193,31.324226,31.524237,29.745539,30.376196,25.629873,24.338545,21.740046,21.121315,15.612807,18.120377,14.089302,14.24388,10.618499,7.3095098,11.133143,11.280598,15.509795,17.516865,20.786654
15,31.57106,29.613232,26.682928,22.545195,20.617737,19.289873,18.375523,13.750437,14.007164,9.553863,12.742648,10.048766,7.549141,7.5545325,4.403999,0.0,5.7570243,5.9229083,9.643049,11.730013,15.426088,18.39244,17.163717,22.272087,18.624105,25.180048,22.215633,21.456427,17.503876,18.638372,13.060003,17.094946,13.435052,17.340302,15.885942,16.310358,20.122684,20.127338,16.652199,15.896438,11.471275,12.411444,9.933838,10.944996,11.674018,12.344573,15.801236,17.096207,20.801165,18.21459,17.852386,17.082132,15.652211,18.572807,17.656834,22.111032,21.835142,23.833685,22.106758,23.711298,22.399946,18.634235,19.376005,14.123157,18.916119,15.829896,21.132423,19.832497,23.439507,22.11631,17.929028,18.273745,13.966228,13.459454,10.11111,7.534075,6.147597,4.6099052,7.204457,8.792359,12.430589,13.641039,11.416815,15.127842,14.505304,9.914882,10.874578,6.7332006,11.880602,9.506674,14.122894,16.201189,17.353512,21.225082,23.836193,24.229368,27.707233,27.627459,25.781864,26.234966,21.315649,20.150251,17.40042,16.726767,11.209285,13.900127,10.377138,11.393644,8.304874,5.8525023,8.810801,7.1201773,11.639247,13.399375,16.567865
16,33.883095,32.347317,28.953543,25.28358,23.435968,22.264626,22.485893,17.424572,18.512762,14.120883,17.438967,14.848851,11.514997,10.596927,7.2614646,5.7570243,0.0,5.2232804,5.2228017,9.0366,11.497925,15.20166,15.124934,19.845976,17.329378,23.462307,21.676748,21.732075,18.043888,20.597763,15.121016,20.44112,18.029264,22.467667,21.183292,22.00477,25.77173,25.664505,21.859879,20.486982,16.115648,15.565396,12.962822,11.67204,11.329538,10.29699,12.989314,12.930621,17.511938,15.720586,16.04191,16.438063,16.196152,19.756063,20.668442,24.421638,25.354067,27.213583,25.493294,27.601576,27.109869,23.185575,22.98806,17.147083,20.766945,16.779312,21.502464,19.192383,22.15554,20.001408,15.88565,15.010689,11.617892,9.275877,6.2620893,7.1441936,5.962108,8.311946,10.463188,13.47199,16.653105,18.50563,15.988283,19.9289,20.012766,15.566315,16.58383,12.191999,16.84757,12.850461,17.396599,18.197134,18.390898,22.983135,24.146006,25.02486,28.155117,28.069345,26.9277,26.677752,22.307596,20.185188,17.992495,18.023792,12.555429,15.459024,12.675089,13.131309,11.01879,7.646155,7.33349,8.194796,10.665603,12.254575,16.04149
17,28.936647,27.590424,24.129568,20.431643,19.01831,18.43799,18.805498,14.577156,16.523994,12.707491,17.390211,15.538865,13.286188,13.225741,9.643064,5.9229083,5.2232804,0.0,5.56832,5.849815,10.462974,12.534703,11.305387,16.43639,13.135059,19.689457,17.320536,17.31818,13.305645,15.697834,10.267406,15.620638,14.408925,18.883787,18.408335,19.725792,23.627203,24.194658,20.586313,18.67548,13.868366,14.340348,10.230298,10.903338,9.204244,9.833575,12.03477,12.978743,16.829523,15.567277,14.833987,15.68065,13.916832,17.456404,18.080961,21.366375,22.749342,23.709503,21.555918,23.40807,23.600683,19.261045,18.599575,13.012593,16.577263,12.759091,17.810871,16.077402,18.805742,17.264793,13.105826,12.851954,8.530056,8.349802,5.7170115,3.4778848,5.800054,6.8756537,10.734917,13.465452,17.00029,18.58088,17.145731,20.898323,19.64962,14.882106,14.841634,9.829991,13.445532,8.255151,12.57399,13.021896,13.202169,17.766338,19.231462,20.202497,23.311605,23.092733,21.773966,21.657406,17.243984,15.265507,13.027693,13.372375,7.8499365,11.736764,10.361467,12.374776,10.959971,9.249852,8.693901,5.3320093,8.242826,8.484256,12.386608
18,31.759878,30.595737,26.880243,23.80786,22.059258,21.188131,22.56795,17.623898,19.844568,16.025446,20.356972,18.648882,15.798901,15.496081,12.290262,9.643049,5.2228017,5.56832,0.0,5.380967,6.2772126,10.527486,11.304051,16.023924,14.434214,20.34208,19.447197,20.399384,16.713587,20.0349,15.034619,20.564934,19.956772,24.061037,23.890877,24.75481,28.887224,29.344099,25.72691,23.968964,19.268188,19.100609,15.43439,14.610088,12.59356,11.57582,12.658751,11.60834,16.568521,16.411186,16.44887,18.276335,17.649601,21.483833,23.100374,26.0472,27.928888,28.901014,26.757866,28.70953,29.148186,24.732306,23.832148,18.251524,21.06866,16.839804,21.20124,18.682241,20.477894,18.106483,14.25329,12.122943,9.373967,6.3380175,5.4031177,7.840597,9.275588,11.796848,14.884019,17.925064,21.305576,23.046068,20.772552,24.52594,24.093878,19.4267,19.540918,14.866087,18.327045,13.251819,17.131042,16.767715,16.397839,21.352715,21.754457,23.409306,25.97079,25.482962,24.745125,23.754364,19.650143,17.127268,15.235659,15.637964,10.9287815,13.629692,12.362499,13.172453,12.5842285,10.38972,7.2143607,7.716616,7.576859,8.483155,12.349464
19,28.065926,27.414593,23.519117,20.615826,19.72753,19.810034,21.411148,17.68279,20.631222,17.408743,22.58348,21.171436,18.918861,18.793356,15.168199,11.730013,9.0366,5.849815,5.380967,0.0,6.332376,6.7093706,6.1364193,11.145551,9.08515,15.199084,14.17685,15.427659,11.850617,15.67282,11.406898,17.186136,18.13576,22.585308,22.838095,24.55997,28.45514,29.340546,25.720016,23.210388,18.478376,18.5087,13.988445,13.999589,10.597579,10.649022,10.633866,10.490688,14.373705,15.052827,14.164473,16.768135,15.165942,18.936401,20.984804,23.025614,25.784704,25.877954,23.48816,25.469814,26.896633,22.33951,20.55441,15.29233,17.111002,12.92471,16.920313,14.643947,15.813232,13.844588,10.143797,8.338502,5.0420265,4.8385196,5.3939924,6.420734,9.985163,12.174388,15.888449,19.018332,22.395933,24.169008,22.96706,26.746714,25.330883,20.550158,20.081934,15.058071,17.507792,11.354883,14.395105,12.950281,11.7718,16.783031,16.479383,18.28483,20.668833,20.22495,19.739332,18.721643,15.281256,12.214151,11.05497,12.683452,8.6728525,12.539884,13.261576,15.427789,15.278117,13.993429,11.356141,8.6203375,8.067,5.929877,10.217509
20,30.35901,29.712091,25.729984,23.624294,22.082544,21.616568,24.271713,19.800417,22.971138,19.95092,24.854984,23.91701,21.474358,21.562155,18.480927,15.426088,11.497925,10.462974,6.2772126,6.332376,0.0,6.4206686,9.10369,13.038798,13.278542,18.16924,18.68398,20.749395,17.42862,21.33052,17.36405,22.560246,23.767986,27.31573,28.213364,29.047209,33.424957,34.38181,30.995773,28.97594,24.147783,24.293686,20.008595,19.579325,16.50499,15.619568,15.068967,13.085683,17.712072,19.331905,19.10982,22.128567,21.221632,25.069715,27.253473,29.335728,32.0587,32.14556,29.645212,31.349974,32.70494,27.953154,26.404003,21.443083,23.258875,19.1344,22.723597,20.168053,20.370525,17.91886,14.920207,11.385201,10.381287,7.708377,9.560707,12.225617,14.882435,17.27844,20.768763,23.756514,27.23493,28.865189,26.75384,30.323612,29.515856,24.77978,24.183464,19.567059,21.778042,16.259422,18.971836,17.295542,16.255032,21.205357,20.56368,23.17036,24.820618,23.782612,23.642344,21.63503,18.184847,15.317273,14.109241,14.958608,12.185704,13.976959,14.678331,15.650801,16.532135,15.42362,10.95139,11.100105,7.8595853,7.202993,10.008008
21,27.949043,28.09235,23.947264,22.196705,21.848026,22.528625,25.215628,22.106846,25.725111,23.096222,28.550938,27.566755,25.407228,25.356384,21.784882,18.39244,15.20166,12.534703,10.527486,6.7093706,6.4206686,0.0,4.1877437,6.6707273,8.107849,11.924987,13.279893,16.043093,13.581887,18.091127,15.532164,20.739233,23.41034,27.475695,28.455372,30.320757,34.24015,35.444077,31.930992,29.094088,24.47728,24.401197,19.754143,19.569782,15.501038,15.241525,13.3506975,12.026826,15.042773,17.810806,16.857931,20.715511,19.292196,22.878237,25.823475,26.726582,30.503204,29.755634,27.191536,29.076677,31.53444,26.891842,24.313065,19.840744,20.102348,16.239777,18.664122,16.24742,15.17919,13.0415745,11.000055,7.4018774,7.8694496,7.8740506,10.793702,12.74948,16.350822,18.744736,22.405243,25.630428,28.941141,30.756393,29.672104,33.40643,31.828482,27.049648,26.200148,21.30018,22.8244,16.573673,18.301086,15.423043,13.18221,17.784138,15.47728,18.289934,19.411068,18.546892,19.153482,16.929356,15.120184,11.297402,11.797086,14.35949,12.790262,15.627819,17.921473,20.014883,20.820618,19.974058,16.3045,14.205963,11.566657,8.205609,10.754221
22,25.141918,25.332977,21.248549,19.15374,19.33036,20.484602,22.705269,20.351404,23.969736,21.563757,27.210741,26.249247,24.46149,24.52164,20.83554,17.163717,15.124934,11.305387,11.304051,6.1364193,9.10369,4.1877437,0.0,5.6020155,4.3485217,9.779896,9.696039,12.170298,9.464848,13.925401,11.76519,16.839642,19.978762,24.183445,25.182426,27.468798,31.124401,32.48358,29.057741,25.993818,21.497557,21.732147,16.834639,17.478058,13.206452,13.9491,12.363639,12.4964,14.665379,16.839104,15.209428,18.749523,16.47096,19.814081,22.420006,23.091253,26.920294,25.828878,23.172537,24.997862,27.709347,23.12425,20.296133,16.12111,16.143192,12.560413,15.125657,13.287816,12.521422,11.1862,8.892597,7.094995,6.005994,8.505314,10.505153,10.836735,14.947125,16.721437,20.543804,23.551634,26.800837,28.511547,28.039278,31.70033,29.592829,24.891294,23.840248,18.964163,20.055174,13.67493,14.960198,11.850498,9.2792635,13.857046,11.73027,14.3291855,15.821701,15.141118,15.45308,13.779268,11.972362,7.9173064,8.75914,12.030554,10.550849,14.186535,16.892603,19.672194,20.200377,19.632805,16.836761,13.208021,11.626093,7.504873,10.231033
23,27.002926,27.965046,23.916706,22.480461,23.418139,25.110231,27.455095,25.680931,29.382652,27.081516,32.72388,31.618147,29.71019,29.485817,25.657215,22.272087,19.845976,16.43639,16.023924,11.145551,13.038798,6.6707273,5.6020155,0.0,5.2412705,5.3686934,8.346756,11.907151,11.239687,15.981358,15.43459,20.1649,23.992043,28.50905,29.32231,32.206074,35.46266,36.793026,33.214302,29.648739,25.540792,25.145178,20.581327,20.578573,16.043476,16.476954,13.594814,13.452589,13.958402,17.51649,15.804129,20.126398,18.270489,21.214853,24.875174,24.378792,29.18763,27.61029,25.16199,27.27317,30.80394,26.572205,22.999193,19.339035,17.671183,14.549041,15.06153,13.073761,10.194398,8.947781,8.963201,7.105111,9.111757,11.637436,14.364054,15.34265,19.128372,21.307888,24.767332,28.048796,31.011608,32.965923,32.884323,36.68822,34.49224,29.867104,28.932278,24.034222,24.997633,18.632538,19.350239,15.714718,12.432874,15.858988,11.282854,13.906275,14.316322,14.045393,15.722569,13.672164,14.427998,10.049696,12.627696,16.471605,15.9110365,19.388184,22.449965,25.222364,25.782028,25.036123,22.115305,18.792698,17.022419,12.887063,14.902482
24,24.514688,25.07273,21.157425,18.928043,19.999092,21.777046,23.395445,21.99114,25.438665,23.197355,28.80596,27.658854,26.074135,25.97116,22.16056,18.624105,17.329378,13.135059,14.434214,9.08515,13.278542,8.107849,4.3485217,5.2412705,0.0,6.775898,5.406645,7.9656835,6.1563606,10.999615,10.244539,15.116188,18.8143,23.521938,24.157732,27.262869,30.331528,31.700142,28.208687,24.627913,20.56775,20.566895,15.80289,16.704275,12.235729,13.718106,11.833269,13.18089,13.7607975,15.835832,13.558746,17.072287,14.248358,17.106672,20.039946,19.861034,24.29208,22.728474,20.174347,22.260092,25.594608,21.367657,17.862057,14.128893,12.818814,9.696785,11.254886,9.916116,8.737278,8.424457,6.894206,7.3889275,6.519005,10.724184,12.228054,11.585784,15.619639,17.093472,20.649723,23.62168,26.550518,28.344622,28.668835,32.349495,29.811686,25.302317,24.296299,19.494776,20.309889,14.00734,14.676446,11.327681,8.048096,11.780343,8.445153,10.424327,12.151852,12.203179,12.827803,11.93441,11.559342,7.323887,9.430473,13.412575,12.26081,16.447428,19.304228,22.49844,22.638811,22.056156,20.04316,15.649824,15.068981,10.913845,13.395922
25,26.79638,28.271551,24.50654,23.175297,25.020458,27.330349,29.179258,28.391077,31.976383,29.923136,35.547844,34.348927,32.687595,32.365562,28.466146,25.180048,23.462307,19.689457,20.34208,15.199084,18.16924,11.924987,9.779896,5.3686934,6.775898,0.0,5.5028324,9.181031,10.585786,14.7743,15.974023,19.91802,24.334179,29.07354,29.64527,33.262047,35.88634,37.268417,33.729855,29.705175,26.171007,25.599066,21.34164,21.610268,17.136864,18.193699,15.142198,16.104256,14.802834,18.245811,15.970519,20.111637,17.861643,19.993313,23.938175,22.280533,27.742636,25.513905,23.27428,25.524963,29.795874,26.087645,21.874132,19.117409,15.92218,13.86724,12.514683,11.404541,7.067489,7.712406,9.618013,10.1051,11.956688,15.547467,17.752666,17.87049,21.51682,23.32839,26.495588,29.64625,32.255867,34.236725,34.9468,38.70926,36.06537,31.686668,30.732264,26.017927,26.577436,20.492188,20.50332,16.743622,13.153272,15.117035,9.021803,10.752859,10.560103,11.290553,13.773828,12.507266,15.233683,11.228317,14.679538,18.919481,18.809736,22.603773,25.90486,29.073067,29.372723,28.702076,26.416033,22.360422,21.304888,17.008877,18.825844
26,24.035784,25.157125,21.610542,19.571493,21.69315,24.15767,25.241278,25.032309,28.31731,26.458433,31.96102,30.78795,29.532211,29.363176,25.570755,22.215633,21.676748,17.320536,19.447197,14.17685,18.68398,13.279893,9.696039,8.346756,5.406645,5.5028324,0.0,3.9048626,5.6113696,9.374914,11.294595,14.782119,19.288914,24.097118,24.532751,28.42952,30.751448,32.218975,28.854454,24.794725,21.468575,21.365662,17.04047,18.357044,14.146902,16.279705,14.266318,16.528393,15.3777685,17.286526,14.446509,17.599436,14.230742,16.004435,19.092037,17.49346,22.677757,20.226034,17.837456,20.039295,24.316557,20.715706,16.403238,14.015456,10.625829,9.196177,8.277482,8.515337,6.158504,8.252257,8.707397,11.108667,10.784455,15.411753,16.536795,15.145038,18.816963,19.789694,22.93511,25.650955,28.148163,29.90902,31.117754,34.674877,31.632149,27.476372,26.408583,21.969326,22.189556,16.49405,16.155373,12.755519,9.311209,10.774438,5.5272737,6.04222,7.693431,9.060593,10.372734,10.642523,12.548187,9.101762,12.147654,16.322159,15.954287,20.140873,23.260433,26.77656,26.719326,26.280092,24.879135,19.93808,19.932583,15.781425,17.754202
27,24.244837,25.115128,21.90041,19.307102,21.626884,24.123144,24.395138,24.617252,27.46766,25.654116,30.858822,29.519318,28.48974,28.25763,24.57482,21.456427,21.732075,17.31818,20.399384,15.427659,20.749395,16.043093,12.170298,11.907151,7.9656835,9.181031,3.9048626,0.0,4.468649,6.8135166,9.620146,12.598115,16.702808,21.872276,21.745829,26.140911,27.943542,29.30609,25.961845,21.70389,18.844376,18.736448,14.781162,16.595173,12.905057,15.695988,14.408666,17.53117,16.049492,16.827917,13.704167,15.891288,11.887443,12.994787,15.656295,13.727934,18.954224,16.36809,14.113628,16.619162,20.9526,17.769262,13.252296,11.212261,6.9536605,6.637867,5.1679373,7.0568333,6.8160343,9.566643,9.533956,13.10111,11.82967,16.707195,17.033512,14.738291,17.983196,18.39698,21.17589,23.597822,25.782946,27.480928,29.24753,32.687447,29.408287,25.548014,24.620085,20.463646,20.65171,15.497363,15.0633545,12.418961,9.560745,10.185125,6.749232,4.70779,8.060427,10.212703,10.571283,12.243383,13.574038,10.96027,13.282927,17.078716,16.245539,20.69546,23.370155,27.014643,26.518064,26.059126,25.440224,20.13318,21.045017,17.256924,19.42974
28,22.651814,22.927805,19.505709,16.44875,18.124044,20.240376,20.601524,20.31506,23.23382,21.340929,26.684666,25.514414,24.541403,24.569826,20.950361,17.503876,18.043888,13.305645,16.713587,11.850617,17.42862,13.581887,9.464848,11.239687,6.1563606,10.585786,5.6113696,4.468649,0.0,5.071488,5.69891,9.85973,13.774247,18.794535,19.075022,22.867537,25.305838,26.781122,23.495289,19.688038,16.101055,16.692156,11.985301,14.500489,10.732565,13.74671,13.225702,16.147316,16.073236,16.396202,13.513795,15.472257,11.207177,13.206353,14.895262,14.583246,18.70865,16.73823,14.049254,16.148914,19.640675,15.688045,11.848126,8.6969185,6.991788,5.074799,7.598548,8.377529,9.431914,10.783497,8.975031,11.86054,9.208979,14.025717,13.957606,11.088741,14.756684,14.862577,18.166452,20.469542,23.08466,24.606863,25.873629,29.268524,26.079157,21.970526,20.844702,16.517508,16.75673,11.21782,11.166895,8.624953,5.9693565,8.295167,7.25272,6.994585,10.454386,11.2941675,10.578147,11.796061,10.956895,8.3856735,9.655327,13.164782,11.814983,16.385937,18.903454,22.551672,22.116053,21.834894,21.232649,15.736643,16.813171,13.238772,15.545875
29,20.292269,20.356668,17.556004,14.107603,16.403038,18.884605,18.305496,19.407068,21.93702,20.785282,25.837948,25.034025,24.832392,25.228678,22.029438,18.638372,20.597763,15.697834,20.0349,15.67282,21.33052,18.091127,13.925401,15.981358,10.999615,14.7743,9.374914,6.8135166,5.071488,0.0,5.614644,5.829935,10.936872,15.228844,15.904532,19.968815,21.90249,23.780937,21.107925,17.451454,14.474552,16.264174,11.911017,16.050581,13.362654,16.99658,17.326284,20.652494,20.47175,19.964396,16.983234,17.731342,12.762369,13.606237,13.204311,12.80416,16.019056,13.167457,9.994476,11.339991,15.248917,11.433202,7.2028484,6.6147017,5.2492924,6.7430177,9.157591,11.625251,13.301993,15.331023,13.692802,16.854795,13.753513,18.37054,17.635162,13.693886,16.877037,15.641316,18.689636,20.001232,22.354641,23.332602,25.311726,28.176146,24.30829,20.735596,19.155872,15.760992,14.738624,10.839766,9.27698,7.802556,6.8259563,6.223942,8.491091,6.8238873,10.661506,11.522496,9.447876,12.1974535,11.031945,10.445756,10.969935,13.545073,12.93534,16.916065,19.411596,23.297958,22.740175,23.04549,23.321861,17.246555,19.060429,15.998284,17.598507
30,22.658602,21.945112,18.836842,14.818575,15.601277,17.007553,16.402494,15.815784,18.1502,16.169792,21.260702,20.112429,19.521584,19.857756,16.572577,13.060003,15.121016,10.267406,15.034619,11.406898,17.36405,15.532164,11.76519,15.43459,10.244539,15.974023,11.294595,9.620146,5.69891,5.614644,0.0,6.546695,8.571086,13.844716,13.920681,17.35629,20.107225,21.576902,18.416098,15.161672,11.064547,12.877651,7.726318,12.004247,9.490115,13.020347,14.245101,17.32342,18.366762,17.25575,14.76024,15.258016,10.698674,12.76719,12.30354,13.998221,16.224104,15.196209,12.389908,14.064811,16.022612,11.591056,9.159629,4.6452265,7.4533606,5.708348,10.815507,11.57278,14.338866,15.036032,12.023824,14.556699,10.399364,14.332682,12.916401,8.447525,11.6533575,10.330256,13.847277,15.45963,18.300106,19.447271,20.640158,23.805132,20.481606,16.379807,15.153942,10.953448,11.33319,6.114124,7.00529,6.8131986,6.7299795,9.338126,11.850219,11.462845,15.163032,15.518517,13.56829,15.125328,11.924056,10.77989,9.75323,11.58486,8.818515,13.457869,14.87546,18.536993,17.59978,17.550201,18.016302,12.106167,14.606975,12.256204,14.688665
31,18.498661,17.508461,15.291627,10.990732,12.726063,14.848149,13.172815,15.155223,17.198582,16.823528,21.556993,21.38368,22.037409,23.07973,20.536093,17.094946,20.44112,15.620638,20.564934,17.186136,22.560246,20.739233,16.839642,20.1649,15.116188,19.91802,14.782119,12.598115,9.85973,5.829935,6.546695,0.0,7.1385937,9.559732,11.594766,14.8082695,17.128754,19.579754,17.756184,15.171697,12.139788,15.827124,11.6472025,17.185823,15.579916,19.305395,20.679155,23.856794,24.60866,23.378944,20.714462,20.590597,15.616152,16.374031,13.660768,14.953674,15.804724,13.415808,9.989399,9.521811,11.848611,7.066086,5.041631,6.492295,9.209264,10.628316,14.341795,16.54512,18.85182,20.428598,18.045986,20.689466,16.751358,20.666603,19.219593,14.497455,17.223602,14.614238,17.691275,17.793434,20.278374,20.447319,22.385439,24.571386,20.2496,17.052847,14.717132,12.453061,9.863721,8.303384,5.3845325,6.7116046,8.520051,7.5448136,12.96883,12.087862,15.385857,15.360163,12.206269,14.874965,11.576197,12.725874,11.439768,12.106651,11.641214,14.567743,16.544798,20.429459,19.833654,20.909946,22.015797,15.70917,18.253723,16.256075,17.223186
32,24.704416,22.979498,21.103458,16.436043,16.678972,17.305101,14.168715,14.737115,15.009863,13.786185,17.173971,16.138926,16.957567,17.754902,15.7924,13.435052,18.029264,14.408925,19.956772,18.13576,23.767986,23.41034,19.978762,23.992043,18.8143,24.334179,19.288914,16.702808,13.774247,10.936872,8.571086,7.1385937,0.0,7.2353964,5.357915,9.632855,11.580248,13.193782,10.761091,8.573987,5.4743853,10.388716,7.705371,13.70066,14.061451,17.611172,20.300201,23.699787,24.842583,22.188435,20.070786,18.42836,14.079975,14.581893,10.056244,13.779233,12.226771,12.399093,10.194077,10.618048,9.293589,5.2639465,7.091447,5.7938194,11.225908,11.8932495,16.41312,17.971432,21.771404,22.69224,19.608482,22.402817,17.940361,20.938353,18.393438,13.305292,14.21352,10.452138,12.319692,11.356726,13.467359,13.385138,15.8352585,17.930925,13.603891,10.747123,9.372992,7.8683815,7.250554,8.100752,8.539456,11.890867,13.864402,14.455658,19.041176,17.7321,21.53887,21.991512,19.144848,21.612486,17.733404,18.22955,16.239765,16.114635,13.362143,16.394032,15.980707,19.170015,17.289312,17.776947,20.43812,14.960278,19.02646,18.360718,20.210863
33,21.905668,19.335836,18.567183,14.116149,13.831445,14.062811,9.499597,12.460856,11.989825,13.120286,15.77029,16.562027,18.87645,20.776999,19.835382,17.340302,22.467667,18.883787,24.061037,22.585308,27.31573,27.475695,24.183445,28.50905,23.521938,29.07354,24.097118,21.872276,18.794535,15.228844,13.844716,9.559732,7.2353964,0.0,6.522539,6.293949,9.211127,12.614763,12.943611,13.238717,11.422551,16.978,14.651779,20.570105,20.834772,24.218466,26.852682,29.858265,31.475334,29.141848,27.04308,25.622896,21.260174,21.684795,16.662048,19.924047,17.41109,16.76665,14.404833,12.39139,9.903578,6.472928,10.521397,12.347964,17.11155,18.288921,22.628807,24.509542,27.692204,28.79269,25.746462,28.015987,23.473078,26.220144,23.830473,18.839298,20.01948,15.901543,17.878231,15.698365,17.710335,16.270859,18.194502,18.728863,13.789462,12.287964,9.011998,10.666667,6.1768527,11.241123,9.59699,13.680124,16.773191,16.247099,22.349901,21.605003,24.782448,24.447796,20.940475,23.332268,18.741945,20.767662,18.127705,16.53445,15.49839,16.3865,16.135572,19.083445,17.929573,19.873314,22.717226,17.372253,21.020723,20.994596,21.488316
34,27.552979,25.372887,24.213167,19.588102,19.481264,19.577377,15.346179,16.414602,15.225299,14.64609,16.235855,15.344953,17.09388,18.094532,17.221811,15.885942,21.183292,18.408335,23.890877,22.838095,28.213364,28.455372,25.182426,29.32231,24.157732,29.64527,24.532751,21.745829,19.075022,15.904532,13.920681,11.594766,5.357915,6.522539,0.0,6.017551,6.3165407,8.014027,6.840103,6.8735156,6.5711536,11.842227,11.377852,16.781881,18.25791,21.534357,24.683243,28.099438,29.292694,26.056414,24.204763,21.751657,17.910305,17.75207,11.94849,16.178192,12.389913,13.576916,12.3373785,11.881187,7.6982536,6.276179,10.412176,10.759925,15.708401,16.831388,20.978376,22.668133,26.760437,27.698719,24.594664,27.421618,22.907614,25.494577,22.604916,17.641174,17.577915,13.347501,13.864732,11.243435,12.2835,11.005535,14.316466,15.240982,10.316361,9.381203,8.350061,9.77284,8.882457,12.493029,12.811748,16.673048,19.005117,19.127275,24.11884,22.57398,26.325043,26.807491,23.745272,26.43019,22.403801,23.345837,21.10738,20.351883,17.720827,19.914577,18.613882,21.20859,18.929234,19.620749,23.236298,18.453314,22.88249,22.90786,24.529625
