,0,1,2,3,4,5,6,7,8,9,10,11,12,13,14,15,16,17,18,19,20,21,22,23,24,25,26,27,28,29,30,31,32,33,34,35,36,37,38,39,40,41,42,43,44,45,46,47,48,49,50,51,52,53,54,55,56,57,58,59,60,61,62,63,64,65,66,67,68,69,70,71,72,73,74,75,76,77,78,79,80,81,82,83,84,85,86,87,88,89,90,91,92,93,94,95,96,97,98,99,100,101,102,103,104,105,106,107,108,109,110,111,112,113,114
0,0.0,4.306997,5.7714033,8.461508,11.793846,13.003996,16.94262,19.556524,22.633287,26.05487,30.737118,32.84403,35.084984,36.117893,32.618843,28.850016,25.816666,22.981579,21.068733,16.500988,15.86047,11.616666,13.956693,11.585575,14.831995,16.13746,17.80009,21.479424,20.675657,24.145115,24.65567,27.589514,33.107265,34.23385,37.672966,38.906246,43.039627,44.684803,43.472023,40.068844,35.305313,36.22663,31.255844,32.242817,27.903414,27.838179,25.796923,24.145075,26.592705,30.083761,28.828001,32.901527,30.839195,33.80142,36.581055,35.972015,40.247665,38.132843,35.331825,36.350372,40.17701,35.33493,32.248516,29.575253,28.629879,26.147533,26.628708,23.30045,22.91296,23.265488,22.975147,20.051722,20.941013,21.22536,23.69338,24.935478,28.743015,29.949114,34.1491,36.2254,40.04457,40.91029,37.742264,40.676525,40.03813,35.541553,32.99588,30.29085,28.648958,23.459696,22.85825,18.756733,20.265036,15.258981,20.243826,25.607746,22.713531,20.602928,23.295204,18.565784,22.158585,20.654243,24.441282,23.74983,28.088799,28.486128,33.304386,36.159943,32.69894,29.76327,26.645475,22.957106,20.137499,16.65283,14.714865
1,4.306997,0.0,5.1083903,4.613777,8.725563,10.846023,14.053993,17.53196,19.993612,23.835762,28.152096,30.65042,32.56949,33.38072,30.078297,26.082756,23.724613,20.33041,19.309675,14.535249,14.871604,10.263041,13.422291,10.854803,12.524312,14.648331,15.09646,18.463156,17.431301,20.470564,21.215504,23.615044,29.348145,30.157955,33.863472,34.979473,39.138798,40.9538,39.937508,36.635395,31.918629,33.277687,28.155066,29.72491,25.49363,25.94645,24.270706,23.298817,25.676096,28.67858,27.098326,30.83546,28.261547,31.096075,33.362392,32.827667,36.838764,34.56391,31.626911,32.39472,36.259407,31.386189,28.365671,26.043886,25.281769,23.10492,23.886515,20.867949,20.991879,21.780602,21.203304,18.902727,18.942177,19.866667,21.883915,22.32427,26.315014,27.020609,31.335327,33.101254,36.925777,37.58908,34.57364,37.402237,36.453796,32.00031,29.247766,26.760273,24.68964,19.77597,18.850653,14.825221,16.476885,11.726642,16.617073,21.882994,18.872393,16.50897,19.102324,14.274405,17.875937,16.535538,20.37417,20.075817,24.331356,25.138496,29.823864,32.70215,29.28141,26.434978,23.35297,19.520197,16.616463,13.287252,11.097641
2,5.7714033,5.1083903,0.0,5.979535,7.155502,8.870815,12.17505,15.383374,18.541409,21.790157,26.682484,28.481812,30.773304,31.460987,27.879759,24.120193,20.965431,17.973663,16.22473,11.132716,11.710074,6.1311927,8.525893,6.491277,9.34849,11.858081,12.984567,16.695572,15.5690565,19.568771,19.57852,23.311165,28.406374,30.372385,33.13944,34.95281,38.77988,40.139584,38.545506,34.942005,30.215405,30.768942,25.884533,26.635164,22.204882,22.131136,20.066715,18.648428,21.08676,24.386671,23.087559,27.131802,25.161472,28.207237,31.204817,30.713263,35.050594,33.271862,30.658888,32.07383,35.642345,30.903925,27.764008,24.536415,23.60123,20.761602,21.449085,17.778208,17.825527,17.910353,17.299932,14.407499,15.187253,15.72805,18.243444,19.526783,23.392973,24.828281,28.964773,31.318455,35.09365,36.194553,33.32885,36.586422,35.858288,31.2314,28.97296,25.92253,24.741068,18.997194,18.776314,14.633739,16.23123,11.894293,17.52859,22.498728,20.724894,18.522833,21.72369,16.649637,19.671204,17.729109,21.774996,20.23775,25.065191,24.716497,29.956444,33.067146,30.14164,27.012383,24.935652,20.249363,18.425575,14.328796,13.71726
3,8.461508,4.613777,5.979535,0.0,4.701011,7.3821883,9.77677,13.80396,15.7740965,19.828373,23.912088,26.589006,28.312687,28.984016,25.796116,21.702797,19.798489,16.09999,15.751572,11.144004,12.254537,8.098159,12.059121,10.446738,10.09291,14.03231,12.851261,15.759174,13.881489,16.844173,17.0376,19.498268,24.938046,25.78592,29.360718,30.470577,34.624798,36.386883,35.41626,32.220352,27.467857,29.043407,23.906332,25.751596,21.779016,22.530964,21.403198,20.946918,23.578058,25.897034,24.201094,27.507038,24.677343,27.579824,29.367353,29.28278,32.891594,30.868628,27.896479,28.585007,32.094406,27.138714,24.390154,21.873829,21.72399,19.462374,21.02599,17.938065,19.088417,19.872108,18.626568,16.720339,15.741126,16.899244,18.378687,18.236347,22.236055,22.624947,26.9741,28.575586,32.40024,32.99847,30.019861,32.858658,31.853128,27.388453,24.666904,22.14682,20.197678,15.223156,14.603404,10.876919,13.241461,9.705639,14.774965,19.538704,17.055573,14.182093,16.623598,11.311139,14.158975,12.31277,16.24684,15.556374,19.989695,20.631113,25.40844,28.381802,25.179733,22.26647,19.705288,15.330623,12.940599,9.298855,8.004665
4,11.793846,8.725563,7.155502,4.701011,0.0,4.4639363,5.496387,10.258084,12.327154,16.110598,20.46999,22.759935,24.604225,25.03459,21.706793,17.659304,15.527935,11.722514,11.542868,6.640827,9.167774,5.089041,9.1307,9.002953,7.024085,12.723789,10.602683,13.232419,10.504365,14.194505,13.270801,16.938766,21.616325,23.442764,26.160192,27.835045,31.705166,33.08954,31.708237,28.340912,23.53464,24.679626,19.652605,21.146362,17.188704,17.866419,16.966831,16.747942,19.593304,21.484827,19.855175,23.007763,20.354319,23.475058,25.424349,25.707151,29.261208,27.778091,25.02992,26.15304,29.18523,24.292871,21.648272,18.259628,18.464766,15.612305,17.78695,14.185409,16.210169,16.53056,14.653452,12.812378,11.230686,12.4489,13.743896,13.635308,17.655125,18.338522,22.636057,24.576035,28.385242,29.269918,26.45815,29.649832,28.737007,24.121187,21.81934,18.806446,17.695532,11.925799,12.2342415,8.786108,11.590827,9.631756,14.9399,18.957169,17.812004,14.952252,17.653242,12.309968,13.9604,11.363291,15.349436,13.270962,18.26861,17.793945,23.076439,26.288984,23.6869,20.55117,19.2592,13.911459,13.021364,8.831751,9.806299
5,13.003996,10.846023,8.870815,7.3821883,4.4639363,0.0,5.045023,6.7330275,9.800173,13.139188,17.906446,19.937147,22.129728,23.15573,19.640053,15.964089,13.049306,10.399473,8.71921,5.6510143,5.289273,5.3406844,9.578545,11.3860035,10.202713,16.250944,14.398444,16.834946,13.494421,17.30729,15.012824,19.22289,22.73869,24.562954,26.827524,28.154562,32.15052,33.225838,31.869747,28.789581,23.842749,24.71851,20.10942,20.890781,17.490906,17.479525,17.119183,16.20691,20.09944,21.618717,20.553957,23.476294,21.442232,24.942608,26.729898,27.825747,30.897121,30.117758,27.509935,28.620932,30.87896,25.932144,23.944904,19.891102,21.073887,17.702007,20.640219,16.513054,19.130718,18.678885,16.194487,13.542314,11.801359,11.248487,12.349121,13.161042,16.503363,17.578833,21.651304,23.709455,27.507896,28.511053,25.102842,28.2583,28.121452,23.589556,21.736315,18.472816,18.560959,12.895657,14.57993,12.154158,15.428455,14.079776,19.269753,23.009556,21.920126,18.82314,20.944124,15.521442,16.301882,12.957709,16.287733,13.056593,17.954185,16.560284,21.940271,25.037632,22.416637,19.093569,18.069517,12.887607,12.628061,8.136802,10.435967
6,16.94262,14.053993,12.17505,9.77677,5.496387,5.045023,0.0,6.1832647,7.349469,11.010309,15.246501,17.463335,19.212772,19.54661,16.221592,12.166898,10.382821,6.323446,7.2963214,4.547674,7.918463,7.6355095,10.806118,12.612985,9.139147,15.782002,12.399162,13.796382,9.726056,13.18816,10.138052,14.656345,17.760279,20.099743,21.971645,23.745138,27.486967,28.504349,27.01,23.828766,18.901615,20.0094,15.228332,16.618217,13.399061,14.189103,14.522046,14.890156,18.319609,18.906979,17.459902,19.740242,17.16015,20.547201,21.829525,23.188894,25.946293,25.319067,22.766556,23.93802,25.942854,21.061972,19.192823,14.916861,16.60848,13.289393,16.981956,13.192771,16.839294,16.641258,13.640553,12.29983,8.988688,9.734363,9.684272,8.840561,12.575338,13.081225,17.343716,19.290054,23.1047,24.09431,21.169529,24.533644,23.906677,19.255777,17.449757,14.017396,14.21123,8.151932,10.417297,8.902959,12.351413,12.917505,17.349405,20.104855,19.974318,16.963293,19.045671,14.0656395,13.795063,10.344056,13.546038,9.706964,14.921374,13.131917,18.755249,22.093521,20.126745,16.85769,17.047512,11.087646,12.156739,8.319548,11.508681
7,19.556524,17.53196,15.383374,13.80396,10.258084,6.7330275,6.1832647,0.0,4.474099,6.525888,11.678951,13.287653,15.701705,17.102749,13.495291,10.401847,7.0849977,6.39387,4.1121426,6.946537,5.610274,10.440872,13.197733,16.539942,14.294103,20.882523,18.141003,19.554426,15.36267,18.729504,14.526544,19.21767,20.51473,22.736204,23.801867,24.998953,28.778763,29.265635,27.826498,25.19684,20.293613,20.876211,17.113201,17.20656,15.202537,14.8201685,16.01459,15.3952675,20.045816,20.034292,19.503216,21.300285,19.815077,23.539976,24.5633,26.979095,28.990206,29.35521,27.090595,28.215416,29.106977,24.365774,23.466501,18.603386,21.365225,17.649559,21.8808,17.689514,21.618383,20.542679,17.08462,14.827939,11.840283,9.849975,9.14869,10.003228,11.8850765,13.066226,16.595444,18.677828,22.32694,23.510765,19.674355,22.931957,23.629234,19.300394,18.391697,14.776076,16.917368,11.904499,15.439813,14.880141,18.438936,18.967066,23.497257,26.136003,25.917671,22.714022,24.212923,19.22623,18.291264,14.37295,16.428286,11.413239,15.822353,12.462965,17.940498,20.976212,19.173206,15.750269,16.62987,11.439178,13.503433,10.0584345,14.162237
8,22.633287,19.993612,18.541409,15.7740965,12.327154,9.800173,7.349469,4.474099,0.0,4.6255326,8.20696,11.019344,12.588619,13.815528,10.701162,7.188989,6.631381,5.3963284,6.8221807,9.83452,10.0436945,13.842706,16.694447,19.551033,16.27222,22.952425,19.264284,19.873976,15.37111,17.668852,13.061847,16.817387,17.274748,18.929537,20.007597,20.74482,24.64687,25.232489,24.205992,22.015026,17.15959,18.594477,14.963977,15.994005,14.920774,15.38396,17.464746,17.859928,22.075144,21.180506,20.373394,21.256046,19.208736,22.651297,22.489647,25.49532,26.63692,27.174137,24.85866,25.525862,25.855757,21.123863,20.94247,16.417782,20.182476,16.993025,21.877666,18.359737,22.889172,22.221966,18.56025,17.337633,13.423185,12.416859,10.528387,9.306493,10.673334,10.381837,13.919502,15.177793,18.860338,19.649084,15.649188,18.718216,19.3002,15.045192,14.129899,10.694522,13.30756,9.443618,13.556642,14.3467865,18.036507,19.748821,23.43813,25.315474,25.303009,22.02286,22.868198,18.433184,16.398693,12.467366,13.558534,8.011217,11.899325,8.012387,13.52621,16.633696,15.164025,11.790148,13.738653,8.512567,11.891656,9.696835,14.24078
9,26.05487,23.835762,21.790157,19.828373,16.110598,13.139188,11.010309,6.525888,4.6255326,0.0,5.6509643,6.825862,9.226083,10.984858,7.5167174,5.718287,4.1547837,6.804885,6.9590187,12.062199,11.539454,16.522036,18.564863,22.218424,19.184597,25.780397,22.322306,22.769464,18.3005,20.734394,15.471868,19.75181,18.673035,21.048418,20.776808,21.742092,25.106956,24.975256,23.575678,21.637297,17.09837,17.590944,15.124771,14.821355,14.849642,14.544321,17.298798,17.467634,21.997332,20.39006,20.20981,20.510647,19.403751,22.935896,22.790453,26.451153,27.14521,28.574278,26.707218,27.680473,27.149113,22.87107,23.186625,18.10588,22.237707,18.751858,23.814602,20.138166,24.883038,23.622078,19.703068,18.370064,14.63711,12.537769,10.010718,9.76557,9.179408,9.699086,12.054592,13.755753,17.066483,18.324604,14.1241665,17.424183,18.976715,15.131323,15.4485235,11.884351,16.068502,12.775546,17.250507,18.30281,21.736645,23.68073,27.418839,28.994198,29.489334,26.341309,27.255121,22.95319,20.725513,16.878231,17.561157,11.852332,14.8313675,9.640913,14.486646,17.27649,16.76733,13.667694,16.764053,12.380945,16.139772,14.162855,18.717525
10,30.737118,28.152096,26.682484,23.912088,20.46999,17.906446,15.246501,11.678951,8.20696,5.6509643,0.0,4.7922482,4.7727427,7.2124624,5.6538057,5.7816825,8.631051,10.661671,12.467935,17.15309,17.016811,21.675726,23.899343,27.2345,23.645847,30.210693,26.136513,25.933355,21.416431,22.72483,17.426725,20.273617,17.660748,19.048803,18.299332,18.25896,21.523895,21.214937,20.534431,19.68604,15.735173,17.131641,15.663719,16.125635,17.571089,17.928785,21.350975,22.215075,26.313389,23.900753,23.612919,22.849283,21.459702,24.478865,22.834007,27.288607,26.649076,28.53499,26.791805,27.151821,25.5395,21.649637,23.155413,18.78723,23.883205,21.12743,26.577267,23.643738,28.73619,27.78899,23.813732,23.224098,19.058455,17.615242,14.594299,12.947849,11.339397,9.961764,10.991825,10.946439,13.748938,14.354256,9.439119,12.145807,14.491292,11.482135,12.634768,10.074473,15.16301,14.210187,18.697876,20.936619,24.303635,27.112518,30.046343,30.855581,31.48275,28.331964,28.459538,24.89745,21.697998,18.191837,17.536154,12.2464,13.200495,7.518626,10.520903,12.793275,13.422773,11.02603,15.725329,12.772453,17.287086,16.73742,21.245796
11,32.84403,30.65042,28.481812,26.589006,22.759935,19.937147,17.463335,13.287653,11.019344,6.825862,4.7922482,0.0,3.6901839,6.3665757,4.3496356,7.203991,8.243958,12.071742,12.787345,18.233637,17.859192,22.97744,24.43688,28.368385,25.091372,31.484827,27.797937,27.6331,23.258673,25.045797,19.395292,23.169163,19.897362,22.470411,20.508333,21.309895,23.772242,22.691479,21.216272,20.235804,16.709633,16.595905,16.221695,15.059322,17.179028,16.701492,20.381056,20.961374,25.132364,22.275404,22.599174,21.511454,21.184805,24.280432,23.205824,27.883005,27.287085,29.87518,28.594313,29.528473,27.546745,24.122595,25.526642,20.525219,25.37819,22.218561,27.51863,24.336884,29.392654,27.879515,23.830006,23.085299,19.334797,17.141436,13.994904,13.4721,10.584491,10.618966,10.283302,11.368844,13.509948,15.018891,10.8171835,13.905296,16.801826,14.195034,16.19398,13.333009,18.8896,17.284725,21.898506,23.82015,26.949888,29.676924,32.90411,33.68875,34.796425,31.804825,32.385952,28.643261,25.727526,22.16505,21.935503,16.435194,17.843214,12.012156,14.868774,16.866167,18.025185,15.784614,20.404795,17.216644,21.570879,20.412367,24.991985
12,35.084984,32.56949,30.773304,28.312687,24.604225,22.129728,19.212772,15.701705,12.588619,9.226083,4.7727427,3.6901839,0.0,3.971212,4.638072,7.8366594,10.925108,13.788967,15.582068,20.608849,20.715015,25.425482,27.107222,30.71322,26.998234,33.374588,29.252157,28.681751,24.311827,25.383862,19.859621,22.690075,18.644436,20.605387,18.36374,18.61266,20.909794,19.746006,18.766773,18.50222,15.431255,16.092585,16.175028,15.852608,18.544159,18.70863,22.614689,23.733673,27.534685,24.349691,24.405272,22.780579,22.0175,24.719818,22.656256,27.688702,26.29229,29.027727,27.795918,28.321459,25.757286,22.617554,24.683407,20.260614,25.581863,22.957886,28.426931,25.769428,31.000767,29.811184,25.777517,25.552235,21.454811,19.901192,16.556395,15.007457,12.10412,10.813686,9.82601,9.443939,11.128421,12.095694,7.5750947,10.305297,13.595952,11.6596775,14.170136,12.066875,17.8143,17.503687,21.983603,24.544424,27.59079,30.842697,33.531216,33.82941,35.03093,32.083965,32.236504,28.984941,25.565044,22.284979,21.398619,16.312511,16.70158,11.058822,12.636217,14.251268,16.213467,14.524549,19.823633,17.269308,21.891466,21.430918,25.933727
13,36.117893,33.38072,31.460987,28.984016,25.03459,23.15573,19.54661,17.102749,13.815528,10.984858,7.2124624,6.3665757,3.971212,0.0,3.990981,7.390858,11.535315,13.676276,16.430862,20.924128,22.083899,25.971771,27.330326,30.716305,26.559576,32.636795,28.250477,27.193735,23.041721,23.656593,18.165543,20.78111,15.862345,18.585043,15.341259,16.442188,18.074186,16.556963,15.049433,14.692218,11.989602,12.538786,13.330949,13.231509,16.591814,17.247688,21.383078,23.187637,26.346819,22.697453,22.562637,20.327559,19.423906,21.739912,19.19464,24.463896,22.65736,25.724346,24.77932,25.456802,22.508343,19.798998,22.06144,17.724815,23.148687,20.867743,26.300838,24.15963,29.481123,28.434399,24.474213,24.953108,20.680332,19.828447,16.253542,13.926146,10.682804,8.713084,6.6038313,5.7555156,7.268202,8.719309,5.3464637,9.13395,11.462488,9.50533,12.632255,10.580155,16.514706,16.606466,20.893421,23.796318,26.429358,30.239958,32.464954,32.198723,33.98219,31.319458,31.598461,28.736193,25.174026,22.224482,21.35377,16.499338,16.910372,11.415902,12.967452,14.804426,17.35415,15.838457,21.380257,18.35818,23.051348,22.572546,26.978226
14,32.618843,30.078297,27.879759,25.796116,21.706793,19.640053,16.221592,13.495291,10.701162,7.5167174,5.6538057,4.3496356,4.638072,3.990981,0.0,4.371859,7.5667305,10.209507,12.511505,17.204435,18.251818,22.260162,23.51848,27.09467,23.208971,29.382994,25.302443,24.639868,20.391876,21.728552,16.03358,19.689537,15.891967,19.190943,16.680424,18.29791,20.441252,19.332354,17.429632,16.039328,12.412333,12.376566,12.055357,11.365262,13.918235,14.160766,18.124475,19.574434,23.094505,19.85533,19.793852,18.248833,17.477467,20.338037,18.896667,23.678688,22.938473,25.590117,24.42844,25.496212,23.442305,20.170937,21.581589,16.556543,21.557232,18.673334,24.057102,21.351358,26.584114,25.326595,21.301428,21.352194,17.209124,15.988817,12.471222,10.69221,7.5006723,6.6293855,6.029973,7.4264064,10.063343,11.876203,8.4982,12.480113,14.249375,11.161708,13.341563,10.211822,15.973216,14.570352,19.084122,21.378193,24.1537,27.486534,30.236727,30.505514,32.130398,29.389114,30.099422,26.718739,23.642876,20.3783,20.20397,14.839512,16.418955,10.580405,13.81149,16.245537,17.800446,15.595346,20.499874,16.667793,21.156631,20.008825,24.497274
15,28.850016,26.082756,24.120193,21.702797,17.659304,15.964089,12.166898,10.401847,7.188989,5.718287,5.7816825,7.203991,7.8366594,7.390858,4.371859,0.0,5.7200055,6.3721857,9.867482,13.73186,15.4213085,18.719982,20.368572,23.517084,19.404238,25.694801,21.432749,20.879442,16.488855,17.888546,12.281067,16.065594,13.537455,16.7028,15.411326,17.135508,19.976444,19.661371,17.968727,15.925286,11.428777,12.352277,10.154311,10.793197,11.927404,12.801192,16.300571,17.899933,21.394888,18.83171,18.205666,17.419298,15.7135,18.785664,17.628683,21.795305,21.781738,23.563051,21.93245,22.914198,21.798002,17.858412,18.6554,13.60406,18.458569,15.528791,20.98413,18.199772,23.417204,22.53099,18.562813,18.642853,14.187192,13.637021,10.289115,7.5425897,6.0916715,4.426909,6.8980083,8.346138,11.932753,13.2664,9.94052,13.894755,14.498961,10.390497,11.262667,7.4226513,12.563352,10.336127,14.915378,17.073765,19.99236,23.238089,26.020407,26.534746,27.904003,25.09724,25.914293,22.396494,19.490816,16.1683,16.38007,10.900557,13.342672,7.7653294,12.403221,15.451791,16.115225,13.469105,17.725945,13.130114,17.432009,16.079437,20.474432
16,25.816666,23.724613,20.965431,19.798489,15.527935,13.049306,10.382821,7.0849977,6.631381,4.1547837,8.631051,8.243958,10.925108,11.535315,7.5667305,5.7200055,0.0,5.046567,5.0172725,10.215959,10.949962,15.150359,16.293493,20.227974,17.104185,23.42579,20.160246,20.51742,16.266272,19.153847,13.70149,19.012054,17.896109,21.583422,20.61499,22.707224,25.546257,25.141083,22.961708,20.347105,15.824471,15.247614,12.798346,11.519517,11.212478,10.469315,13.30055,13.63862,18.029413,16.254457,16.209173,16.628906,15.966406,19.660057,20.361416,23.75818,25.007486,26.600569,25.014162,26.615616,26.2902,22.2387,22.024847,16.35247,19.940493,16.058546,20.907032,17.040659,21.781496,20.18338,16.192114,15.021434,11.360181,9.123464,6.1543517,6.7031465,5.8617997,8.046953,10.475539,13.374662,16.677094,18.545258,15.280606,19.177557,20.195177,16.097887,16.608711,12.580937,16.723347,12.50253,16.862532,17.538046,20.51959,22.548508,26.38199,27.83335,28.958843,26.124771,27.667027,23.344997,21.50147,17.827927,19.14452,13.479641,17.136269,11.996152,17.19581,20.218328,20.051281,16.964052,20.030424,14.949027,18.441147,15.838324,20.198198
17,22.981579,20.33041,17.973663,16.09999,11.722514,10.399473,6.323446,6.39387,5.3963284,6.804885,10.661671,12.071742,13.788967,13.676276,10.209507,6.3721857,5.046567,0.0,5.360751,7.4671254,10.366062,12.476399,14.168251,17.152864,13.211112,19.6579,15.803452,16.013935,11.585302,14.358504,9.181341,14.5151,14.829282,18.36921,18.4357,20.731092,23.894754,24.163553,22.197544,19.145073,14.247289,14.719579,10.726745,11.344487,9.584111,10.298604,12.415843,13.572131,17.225777,16.075966,15.061075,15.999841,13.951721,17.53027,18.183664,20.863056,22.649363,23.316631,21.31169,22.778673,23.356588,18.898405,18.033545,12.65078,15.898154,12.216826,17.11858,13.493452,18.31313,17.451466,13.619158,13.090093,8.692341,8.581135,6.176829,3.987127,6.539205,7.263905,11.261578,13.656168,17.378704,18.800615,16.009298,19.841265,19.654152,15.065176,14.472863,10.392807,13.06355,7.8509703,11.967165,12.513092,15.52138,17.80056,21.398726,22.858418,23.91977,21.13269,22.82671,18.579971,16.901724,13.410423,15.259522,9.998526,14.463457,10.473859,16.197435,19.574,18.898863,15.736823,18.09894,12.297715,15.356303,12.612675,16.665781
18,21.068733,19.309675,16.22473,15.751572,11.542868,8.71921,7.2963214,4.1121426,6.8221807,6.9590187,12.467935,12.787345,15.582068,16.430862,12.511505,9.867482,5.0172725,5.360751,0.0,5.892267,6.125801,10.399329,11.75347,15.8178835,13.497164,19.849663,17.329664,18.578426,14.567186,18.37304,13.757763,19.455719,20.157932,23.603018,23.676884,25.770197,28.986954,29.03611,26.921946,23.896212,19.14128,18.686977,15.2834215,14.299699,12.156668,11.108118,12.330566,11.612033,16.411081,16.167118,15.947587,17.808544,16.986143,20.860992,22.597317,24.97331,27.2872,28.06486,26.178648,27.90116,28.639261,24.231625,23.112707,17.611038,20.041782,15.883777,19.982271,15.513185,19.539778,17.912199,14.249357,11.953046,9.070606,6.2072616,5.2906866,7.677711,9.232227,11.658204,14.8598795,17.781939,21.281618,23.003757,19.738039,23.486671,24.122356,19.73152,19.373104,15.359472,18.097052,12.645327,16.302523,15.655766,18.697903,19.511335,24.072311,26.414135,26.99151,24.12843,26.14892,21.294605,20.459177,16.738508,18.998438,13.78728,18.33022,14.283163,19.9154,23.071821,21.954432,18.600504,20.231663,14.767837,17.12628,13.582696,17.50058
19,16.500988,14.535249,11.132716,11.144004,6.640827,5.6510143,4.547674,6.946537,9.83452,12.062199,17.15309,18.233637,20.608849,20.924128,17.204435,13.73186,10.215959,7.4671254,5.892267,0.0,5.878113,5.186952,6.971336,10.177499,7.7845473,14.189646,12.034199,14.02559,10.572076,15.080945,11.978896,17.646679,20.332075,23.720222,24.73872,27.179316,30.504305,31.08765,28.96962,25.418056,20.620451,20.51685,16.131,16.10916,12.319331,12.021567,11.4728365,10.900347,14.707929,15.971687,14.955209,17.989296,16.376749,20.03135,22.557764,23.607718,27.013962,26.714483,24.548395,26.406324,28.40982,23.84095,21.624514,16.698395,17.573145,13.57016,16.569117,11.966044,15.112704,14.031001,11.038957,8.509744,6.305601,5.9511223,7.356402,8.84299,12.348536,14.300983,18.166452,20.974268,24.64094,26.169695,23.454897,27.18515,26.859062,22.191006,20.944372,17.144518,18.0575,11.732962,13.9204,11.765767,14.394511,14.170995,19.170397,22.156563,22.499327,19.88899,22.620708,17.604532,17.950315,14.739228,18.062735,14.043866,19.218182,16.664865,22.441833,25.792025,24.118736,20.774357,21.219528,15.359361,16.388607,12.227253,15.033746
20,15.86047,14.871604,11.710074,12.254537,9.167774,5.289273,7.918463,5.610274,10.0436945,11.539454,17.016811,17.859192,20.715015,22.083899,18.251818,15.4213085,10.949962,10.366062,6.125801,5.878113,0.0,6.918236,9.269934,13.046321,12.677217,18.558872,17.326286,19.70495,16.281918,20.558853,17.225897,22.45463,24.702242,27.35222,28.535135,30.167128,33.848377,34.33124,32.532906,29.459097,24.586966,24.475903,20.591984,19.980732,16.989647,15.842548,15.619972,13.681616,18.458258,19.811138,19.532312,22.435835,21.510733,25.32483,27.595366,29.178453,32.159325,32.190025,29.978844,31.533373,33.120354,28.407604,26.731035,21.807486,23.301807,19.296217,22.42766,17.734966,20.52786,19.074081,16.240723,12.7182045,11.579522,8.864151,10.246822,12.911728,15.245658,17.41153,20.891449,23.55882,27.1637,28.635962,25.05265,28.457382,29.072622,24.640963,23.605967,19.911196,21.43719,15.6915865,18.335604,16.375643,19.464886,18.452665,23.765419,27.23267,26.753103,23.791382,26.010313,20.658361,21.007711,17.400747,20.28481,16.009314,20.745554,17.948189,23.448273,26.474886,24.359495,20.935642,20.850231,15.826414,16.56757,12.344765,15.265265
21,11.616666,10.263041,6.1311927,8.098159,5.089041,5.3406844,7.6355095,10.440872,13.842706,16.522036,21.675726,22.97744,25.425482,25.971771,22.260162,18.719982,15.150359,12.476399,10.399329,5.186952,6.918236,0.0,4.521968,6.37003,6.743794,11.955981,11.5423565,14.693068,12.403318,17.026918,15.486068,20.432602,24.345974,27.191149,28.982565,31.207754,34.756176,35.65818,33.703037,30.063454,25.298407,25.352207,20.757545,20.924526,16.692888,16.30813,14.663261,13.291696,16.502073,19.113216,18.040842,21.815302,20.199602,23.602516,26.613098,26.83018,30.844593,29.863264,27.515743,29.28628,32.074715,27.418724,24.662394,20.434559,20.24941,16.666664,18.366058,13.952427,15.420048,14.684142,12.933157,9.686874,9.723852,9.697536,12.136734,13.861661,17.499725,19.364805,23.315369,26.008924,29.716375,31.110563,28.312326,31.863426,31.406338,26.727041,25.026188,21.516117,21.456072,15.214619,16.208036,12.802632,14.979123,12.663478,18.3184,22.342093,21.81702,19.36589,22.482822,17.244364,18.918427,16.17834,20.014862,17.065525,22.220205,20.644201,26.25672,29.522312,27.228888,23.914827,23.138802,17.699968,17.343853,12.890574,14.262769
22,13.956693,13.422291,8.525893,12.059121,9.1307,9.578545,10.806118,13.197733,16.694447,18.564863,23.899343,24.43688,27.107222,27.330326,23.51848,20.368572,16.293493,14.168251,11.75347,6.971336,9.269934,4.521968,0.0,5.09779,6.8864994,10.520865,11.424575,14.614043,13.129881,18.120058,16.627329,22.241337,25.75827,29.54519,30.578781,33.5064,36.590736,37.155434,34.6476,30.66676,26.156708,25.311995,21.106873,20.395147,15.857248,14.863276,12.232123,10.240528,12.907392,16.34038,15.550845,19.884464,19.037685,22.371208,26.370846,26.162655,30.712954,29.954477,28.010479,30.382696,33.176575,28.890417,25.83396,21.249006,20.309721,16.4659,17.307467,12.646254,13.271324,11.723496,10.500119,6.4623017,8.639413,8.522234,11.808018,14.449009,17.793669,20.389458,23.957335,27.192604,30.706387,32.49095,30.143166,34.006004,33.520893,28.826584,27.511225,23.7636,24.104408,17.676205,18.668343,15.242752,16.599195,14.384136,19.855658,23.592112,23.876648,21.943626,25.543142,20.607763,22.349102,19.809244,23.670736,20.471968,25.703846,23.584023,29.33957,32.696194,30.827377,27.491264,27.262451,21.60416,21.648252,17.234758,18.68949
23,11.585575,10.854803,6.491277,10.446738,9.002953,11.3860035,12.612985,16.539942,19.551033,22.218424,27.2345,28.368385,30.71322,30.716305,27.09467,23.517084,20.227974,17.152864,15.8178835,10.177499,13.046321,6.37003,5.09779,0.0,5.5434904,6.587166,8.9726305,12.803097,12.610887,17.147963,17.32924,21.93418,26.665474,29.968428,31.757452,34.635952,37.79721,38.79572,36.510952,32.423195,28.02314,27.732443,23.103561,23.315815,18.45531,18.291506,15.38105,14.279934,15.504503,19.330187,17.90896,22.355597,20.750854,23.564198,27.537024,26.419088,31.41058,29.762257,27.602472,29.794857,33.443817,29.175472,25.555883,21.948452,19.98856,16.964558,16.627289,12.872704,11.992287,11.763612,11.888184,9.332879,11.400678,12.93514,15.859165,17.352865,21.233686,23.181866,27.03292,29.913538,33.49091,34.996704,32.906406,36.615818,35.545567,30.829264,28.964151,25.597301,24.752743,18.585028,18.304958,14.115788,14.633627,11.033961,16.456291,20.740355,20.586102,19.101416,23.098602,18.508379,21.20445,19.44321,23.623419,21.577742,26.715221,25.637592,31.197628,34.558544,32.376957,29.192457,28.255983,22.777912,21.970484,17.796455,18.075132
24,14.831995,12.524312,9.34849,10.09291,7.024085,10.202713,9.139147,14.294103,16.27222,19.184597,23.645847,25.091372,26.998234,26.559576,23.208971,19.404238,17.104185,13.211112,13.497164,7.7845473,12.677217,6.743794,6.8864994,5.5434904,0.0,6.687468,4.873846,8.16108,7.103812,11.789286,11.847185,16.494228,21.1723,24.634678,26.314972,29.361238,32.381622,33.43674,31.21503,27.143412,22.781834,22.899418,18.029303,19.005936,14.1969595,14.971084,12.7979145,13.2221575,14.341203,16.955984,14.932168,18.752945,16.282133,19.039158,22.39729,21.508535,26.19265,24.534718,22.268362,24.39634,27.914299,23.638721,20.067183,16.453697,14.740879,11.75201,12.203911,8.478589,9.32933,9.806864,8.868479,8.032407,7.838177,10.990976,12.940679,13.0259285,17.22934,18.563833,22.5295,25.13088,28.688475,30.045229,28.299664,31.995346,30.53317,25.843596,23.92888,20.663134,19.632257,13.532562,13.152263,9.271311,9.860961,8.136233,13.220758,16.711372,17.336325,15.671518,19.57065,15.185595,17.085716,15.351498,19.408691,17.313562,22.397335,21.350363,26.81736,30.243587,28.43902,25.376745,25.076508,19.286203,19.129301,15.303831,16.231487
25,16.13746,14.648331,11.858081,14.03231,12.723789,16.250944,15.782002,20.882523,22.952425,25.780397,30.210693,31.484827,33.374588,32.636795,29.382994,25.694801,23.42579,19.6579,19.849663,14.189646,18.558872,11.955981,10.520865,6.587166,6.687468,0.0,5.613664,8.91362,11.07901,14.588249,16.57405,20.255323,25.51509,29.125183,30.844797,34.318344,36.952065,38.1044,35.66164,31.303621,27.45608,27.24278,22.631247,23.512335,18.509912,19.268927,16.104237,16.507069,15.654912,19.34634,17.187384,21.435564,19.218693,21.096626,25.317453,22.93421,28.527905,26.126627,24.156384,26.60974,30.978176,27.262726,22.968111,20.365326,16.813013,14.927559,12.637549,10.60799,7.6073623,9.225554,11.034282,11.096836,12.882964,16.227043,18.580801,18.83461,22.866703,24.29272,27.9971,30.68237,34.036446,35.45239,34.26858,37.99809,36.09891,31.502617,29.476004,26.474527,24.792816,19.216614,17.733185,13.599793,12.258238,9.114846,12.917334,16.517967,17.456972,17.10321,21.660055,18.25027,21.142391,20.407095,24.534992,23.344936,28.207457,27.65542,32.939117,36.351234,34.540653,31.616827,30.97129,25.402145,24.683155,21.092613,21.010138
26,17.80009,15.09646,12.984567,12.851261,10.602683,14.398444,12.399162,18.141003,19.264284,22.322306,26.136513,27.797937,29.252157,28.250477,25.302443,21.432749,20.160246,15.803452,17.329664,12.034199,17.326286,11.5423565,11.424575,8.9726305,4.873846,5.613664,0.0,3.9487717,5.668748,9.042553,11.251304,14.649066,20.023552,23.5289,25.344007,28.763535,31.40333,32.684605,30.464489,26.241909,22.354866,22.776917,17.87794,19.687172,14.9418745,16.627228,14.478469,16.038404,15.692995,17.990229,15.357312,18.77788,15.561588,17.444498,20.703016,18.766788,23.861301,21.415077,19.149584,21.370981,25.606756,21.723082,17.526617,15.029608,11.862539,10.173221,9.003019,7.2310014,6.917641,9.265742,9.476554,10.831502,10.360219,14.604737,15.9822,14.881721,19.089594,19.767366,23.589756,25.854198,29.211334,30.384855,29.373219,32.97326,30.783918,26.25557,24.114649,21.313305,19.357216,14.062904,12.334186,8.575465,7.095886,6.2799883,9.751481,12.607088,14.193504,13.410282,17.736315,14.448662,16.507795,15.821763,19.732714,18.624987,23.288303,22.90183,27.967104,31.367876,29.814394,27.046688,26.8539,21.20488,20.98346,17.828733,18.254519
27,21.479424,18.463156,16.695572,15.759174,13.232419,16.834946,13.796382,19.554426,19.873976,22.769464,25.933355,27.6331,28.681751,27.193735,24.639868,20.879442,20.51742,16.013935,18.578426,14.02559,19.70495,14.693068,14.614043,12.803097,8.16108,8.91362,3.9487717,0.0,4.557729,6.117711,9.363386,12.027992,17.252275,21.09708,22.585972,26.394524,28.617027,29.905045,27.620495,23.341105,19.850302,20.475323,15.703832,18.155186,13.805691,16.2545,14.674528,17.22445,16.310024,17.651302,14.660094,17.264263,13.397633,14.651967,17.471956,15.153707,20.256067,17.54161,15.326906,17.739496,22.10429,18.558369,14.115431,12.151685,8.19563,7.5586576,5.912575,6.1733775,6.86381,9.826759,9.832666,12.618538,11.220651,15.969677,16.59787,14.476322,18.440588,18.5534,22.112083,24.090652,27.217222,28.286331,27.889563,31.432856,28.78748,24.451485,22.379553,19.875448,17.678371,13.156216,11.017044,8.457432,5.927536,8.134379,9.38361,10.4183235,13.457801,13.09971,17.176542,14.7923,16.039543,15.7908325,19.229774,18.359833,22.598104,22.294228,27.007708,30.367159,29.279806,26.751823,27.130646,21.536545,21.819145,19.20892,19.92588
28,20.675657,17.431301,15.5690565,13.881489,10.504365,13.494421,9.726056,15.36267,15.37111,18.3005,21.416431,23.258673,24.311827,23.041721,20.391876,16.488855,16.266272,11.585302,14.567186,10.572076,16.281918,12.403318,13.129881,12.610887,7.103812,11.07901,5.668748,4.557729,0.0,5.0419083,5.587972,9.824317,14.544198,18.382929,19.833355,23.3152,25.9367,27.127764,24.992874,20.914772,16.841093,17.766308,12.628301,15.250398,11.074936,13.61571,12.922412,15.423066,15.834667,16.469551,13.717603,15.965067,11.987739,14.146801,16.199665,15.449507,19.621162,17.745193,15.301048,17.367044,20.84229,16.682823,12.986437,9.6941,8.097273,5.853374,7.8728433,6.0154796,9.443674,11.026647,9.270161,11.362096,8.463872,12.957212,13.032429,10.427688,14.586692,14.530104,18.397041,20.342478,23.705135,24.757126,23.852018,27.428312,25.151867,20.642323,18.642958,15.807572,14.189448,8.938228,7.860581,5.786668,5.623725,8.799198,11.24089,12.511526,14.731156,13.234245,16.638746,13.417989,13.73511,12.571567,15.934876,14.2137985,18.698503,17.925823,22.87068,26.289701,25.210915,22.545443,23.256227,17.461449,18.280708,15.601881,17.109407
29,24.145115,20.470564,19.568771,16.844173,14.194505,17.30729,13.18816,18.729504,17.668852,20.734394,22.72483,25.045797,25.383862,23.656593,21.728552,17.888546,19.153847,14.358504,18.37304,15.080945,20.558853,17.026918,18.120058,17.147963,11.789286,14.588249,9.042553,6.117711,5.0419083,0.0,5.7733984,5.92796,11.821826,15.030511,17.033558,20.506027,22.873192,24.518463,22.82335,18.979109,15.491245,17.54886,12.579332,16.642204,13.494083,16.817324,16.803627,19.899334,19.830847,19.720749,16.739819,17.86927,13.10121,14.12135,14.50714,13.387221,16.917952,14.11149,11.1872635,12.694527,16.851103,12.830983,8.630836,7.6165843,5.680258,6.653399,8.429687,9.389137,12.367573,14.714378,13.369742,16.186117,13.033133,17.477802,16.884615,13.140991,16.774689,15.456413,19.004343,20.011747,23.077393,23.600784,23.388464,26.543386,23.44235,19.323908,16.93617,15.069197,12.087332,9.031054,6.179176,6.3636107,4.66453,10.257782,9.973289,9.126672,12.35962,11.365924,14.176049,12.532945,12.025339,12.1054945,14.657156,14.298,17.740648,17.99833,22.035328,25.25191,24.47962,22.330519,23.208492,17.995039,18.86906,17.297346,18.446056
30,24.65567,21.215504,19.57852,17.0376,13.270801,15.012824,10.138052,14.526544,13.061847,15.471868,17.426725,19.395292,19.859621,18.165543,16.03358,12.281067,13.70149,9.181341,13.757763,11.978896,17.225897,15.486068,16.627329,17.32924,11.847185,16.57405,11.251304,9.363386,5.587972,5.7733984,0.0,6.718588,9.357219,13.873157,14.528901,18.18542,20.687416,21.688292,19.615557,15.751083,11.434694,13.124734,7.808773,11.689316,9.015877,12.350951,13.469296,16.60577,17.591623,16.522165,13.986851,14.553771,10.123783,12.321514,12.441583,13.493875,16.088509,15.188718,12.77343,14.52152,16.654434,12.274638,9.728938,5.0187807,7.1601624,5.0683556,10.06147,8.901905,13.708605,14.616346,11.827678,14.133975,9.84025,13.5522375,12.083858,7.684008,11.107049,9.780033,13.538588,14.972158,18.296501,19.202812,18.532621,22.093523,19.689884,15.230163,13.566765,10.684293,9.905638,5.463943,6.2931976,7.801503,8.875522,13.483981,14.978009,14.828463,17.371706,15.518604,17.674587,14.953853,13.327955,11.7467985,13.875633,11.353913,15.206054,13.770889,18.38754,21.778152,21.441887,18.998133,20.951628,15.30839,17.431576,15.563383,18.0821
31,27.589514,23.615044,23.311165,19.498268,16.938766,19.22289,14.656345,19.21767,16.817387,19.75181,20.273617,23.169163,22.690075,20.78111,19.689537,16.065594,19.012054,14.5151,19.455719,17.646679,22.45463,20.432602,22.241337,21.93418,16.494228,20.255323,14.649066,12.027992,9.824317,5.92796,6.718588,0.0,7.304693,9.114288,11.950481,14.772997,17.413393,19.500837,18.655863,15.614063,12.305725,16.04118,11.504033,16.736612,15.181085,18.793447,20.032457,23.288013,23.895128,22.736185,20.009277,19.910086,15.007636,15.789821,13.597916,14.218629,15.399484,13.063935,9.766872,9.548417,12.662786,7.893885,5.243721,6.148571,8.342775,9.8793745,13.277062,14.187017,17.9838,19.900698,17.845858,20.434351,16.403645,20.120222,18.56135,13.84514,16.597824,13.815203,16.999086,16.717773,19.57857,19.38588,19.34851,21.927237,18.341972,14.613585,11.854061,11.083147,7.084658,7.434561,5.0639477,8.863815,9.005236,14.66017,13.755163,11.877185,14.406376,12.888296,13.7456875,13.040102,10.319458,10.626051,11.432703,11.648627,13.62232,14.532032,17.459599,20.41576,20.121197,18.52098,20.108202,15.670282,17.315006,17.025465,18.63714
32,33.107265,29.348145,28.406374,24.938046,21.616325,22.73869,17.760279,20.51473,17.274748,18.673035,17.660748,19.897362,18.644436,15.862345,15.891967,13.537455,17.896109,14.829282,20.157932,20.332075,24.702242,24.345974,25.75827,26.665474,21.1723,25.51509,20.023552,17.252275,14.544198,11.821826,9.357219,7.304693,0.0,7.093811,5.3505416,10.077803,11.531614,12.736098,11.397047,8.5843,5.73893,10.652367,7.9639425,13.45577,14.254091,17.855642,20.424158,24.07682,24.840458,22.157717,19.936771,18.116322,13.811734,14.21202,9.617537,12.973812,11.394047,11.663257,9.697629,9.686098,8.621918,4.431878,6.4444594,5.5882993,10.881885,11.855028,16.308619,17.057573,21.721718,22.752886,20.021275,22.809738,18.315231,21.205542,18.604753,13.512433,14.291438,10.530772,12.071233,10.77925,12.917982,12.626924,13.868668,16.48984,12.596857,9.414233,8.410649,8.114484,7.6708684,10.10276,10.965076,15.0501585,15.753273,21.309536,20.914928,18.627138,21.643303,20.128061,20.460642,19.698221,16.125328,15.493492,14.966005,13.504019,14.195095,13.243701,15.132686,17.789923,19.192709,18.025473,21.61045,17.635807,20.797764,20.790989,23.506365
33,34.23385,30.157955,30.372385,25.78592,23.442764,24.562954,20.099743,22.736204,18.929537,21.048418,19.048803,22.470411,20.605387,18.585043,19.190943,16.7028,21.583422,18.36921,23.603018,23.720222,27.35222,27.191149,29.54519,29.968428,24.634678,29.125183,23.5289,21.09708,18.382929,15.030511,13.873157,9.114288,7.093811,0.0,6.707894,6.224764,9.731632,12.837169,14.228345,13.621553,11.694934,17.16237,14.596271,19.948324,20.53648,23.95048,26.421698,29.64037,30.935938,28.699532,26.449863,25.044619,20.658745,21.139614,16.398115,19.120424,16.988014,16.166037,13.651482,11.15619,10.269166,6.3266664,9.605105,11.657089,16.111626,17.528109,21.652128,22.398943,26.737223,28.212753,25.588573,27.854649,23.280962,25.92938,23.44803,18.427147,19.485895,15.305179,17.048717,14.450441,16.32944,14.601591,14.982351,15.921468,11.45958,9.53903,6.6393647,9.367549,6.046823,12.050643,11.95927,16.567879,17.679403,22.924358,21.806091,19.4825,21.105875,19.320408,17.99664,18.353327,13.861716,14.141535,11.8667,12.69391,10.9631,12.752018,12.388086,14.279566,15.364551,15.235635,18.225094,16.019617,18.705774,20.217596,22.302645
34,37.672966,33.863472,33.13944,29.360718,26.160192,26.827524,21.971645,23.801867,20.007597,20.776808,18.299332,20.508333,18.36374,15.341259,16.680424,15.411326,20.61499,18.4357,23.676884,24.73872,28.535135,28.982565,30.578781,31.757452,26.314972,30.844797,25.344007,22.585972,19.833355,17.033558,14.528901,11.950481,5.3505416,6.707894,0.0,6.043866,6.2674985,7.56258,7.6150837,7.2280335,6.8352246,12.174374,11.576142,16.350557,18.38326,21.683577,24.771181,28.360601,29.337276,26.11498,24.215689,21.67791,17.95421,17.997938,12.24474,16.417406,12.752917,14.083304,12.862471,11.737576,7.8060074,5.9791164,10.42927,10.821885,15.939369,17.036419,21.429451,22.246656,26.973988,27.857763,24.989916,27.649033,23.048557,25.401705,22.428741,17.470594,17.202312,13.009979,13.111204,10.134443,10.951987,9.469224,11.900685,13.40643,8.736154,7.5248756,7.7802925,9.465492,10.034159,14.277301,15.4777975,19.869034,20.784233,26.319498,25.66896,23.053185,25.828495,24.285357,23.81669,23.576084,19.415537,18.897768,17.257824,16.084682,15.10503,14.256668,14.133054,15.94825,18.482653,18.168066,22.531496,19.7231,23.28512,24.028645,26.892506
