,0,1,2,3,4,5,6,7,8,9,10,11,12,13,14,15,16,17,18,19,20,21,22,23,24,25,26,27,28,29,30,31,32,33,34,35,36,37,38,39,40,41,42,43,44,45,46,47,48,49,50,51,52,53,54,55,56,57,58,59,60,61,62,63,64,65,66,67,68,69,70,71,72,73,74,75,76,77,78,79,80,81,82,83,84,85,86,87,88,89,90,91,92,93,94,95,96,97,98,99,100,101,102,103,104,105,106,107,108,109,110,111,112
0,0.0,4.3356414,5.8583055,8.716098,12.149998,13.393457,17.464315,19.723932,23.067844,25.999538,30.883352,32.581257,35.009384,36.380596,32.79624,29.328054,25.832287,23.564936,21.123842,16.894266,15.815161,12.233558,13.554821,11.839825,16.113731,16.45074,18.161985,21.971294,22.36589,25.608238,27.09402,29.89117,35.97116,37.755775,40.78355,42.5492,46.22465,47.65517,44.235218,41.480167,36.71129,37.36619,32.239357,33.277733,28.94689,29.244972,27.17433,26.193346,28.057632,31.763102,30.459873,35.051006,33.440514,36.77412,39.119064,40.06724,44.115944,41.97417,38.81369,39.755615,42.248154,37.472813,34.371834,33.12729,30.102236,27.53479,27.617414,26.189346,22.589594,22.495047,22.583702,20.448984,21.490335,22.035152,24.41294,25.919664,29.384308,30.842573,34.8216,37.042095,40.887897,41.87871,40.415386,42.868866,39.53899,36.12535,33.644352,29.568266,27.937222,23.607933,22.245672,17.87417,18.140533,13.382268,17.417934,21.240274,23.505314,26.55546,25.967257,26.48264,30.402695,29.226559,33.467667,34.16397,38.736397,42.053936,41.881012,38.442127,41.44458,35.12962,36.069805,32.756706,32.796997
1,4.3356414,0.0,5.0407057,4.661867,8.820218,10.732798,14.240619,17.224928,20.029593,23.450691,28.032858,30.182274,32.314167,33.510628,30.096292,26.365776,23.489807,20.673016,19.025574,14.606088,14.294236,10.509769,13.121759,11.112011,13.808575,14.8535185,15.415649,18.954096,19.064974,21.942352,23.550165,25.913425,32.12689,33.6178,36.904713,38.48437,42.27306,43.864033,40.649494,38.003536,33.25592,34.35453,29.106852,30.751976,26.535192,27.29713,25.632711,25.255074,27.13755,30.297167,28.654915,32.98252,30.866678,34.119892,35.914967,37.0831,40.82083,38.552116,35.28621,35.96886,38.367676,33.519646,30.580795,29.548763,26.802721,24.431086,24.879728,23.922277,20.628736,20.864458,20.430243,18.951311,19.19809,20.395388,22.353128,23.119656,26.799955,27.777235,31.913864,33.843575,37.708965,38.512184,37.254185,39.497517,35.940037,32.59487,29.928795,26.110834,24.080013,19.968111,18.198296,13.908367,14.077217,9.312351,13.375184,17.235447,19.520947,22.417036,21.65544,22.212433,26.13646,25.199978,29.36547,30.378843,34.930115,38.248417,38.327374,34.950554,38.317265,31.9972,33.356636,30.187645,30.664562
2,5.8583055,5.0407057,0.0,5.999741,7.307281,8.871175,12.419974,15.164344,18.635496,21.415026,26.516623,27.972092,30.426966,31.45533,27.795746,24.297995,20.690306,18.265682,15.9156885,11.241625,11.13572,6.4218974,8.191784,6.879325,10.803488,12.470637,13.427473,17.375557,17.306946,21.147844,21.981838,25.567924,31.107836,33.54234,35.943016,38.103573,41.48354,42.63812,38.97393,36.14847,31.359673,31.727789,26.693827,27.486597,23.181631,23.420053,21.511248,20.66666,22.799576,26.20687,24.898836,29.417692,27.917665,31.390364,33.896503,35.080612,39.04832,37.319855,34.243435,35.554214,37.70282,33.046566,29.983313,28.114695,25.340273,22.335867,22.852228,21.030918,17.903614,17.357378,17.010609,14.750111,15.656425,16.265411,18.684448,20.284288,23.788763,25.461283,29.409277,31.887856,35.66322,36.87604,35.666767,38.395885,34.962936,31.908745,29.385805,25.043324,23.960142,18.909964,18.119917,13.600883,14.324018,10.190737,15.104188,19.212467,20.329779,24.020107,23.329231,22.991854,26.800714,24.82116,29.318243,29.303753,33.977104,37.260918,36.753216,33.25792,35.90833,29.5805,30.370047,26.96117,27.012207
3,8.716098,4.661867,5.999741,0.0,4.7354574,7.3165326,9.9399605,13.622226,15.92338,19.669214,24.030771,26.442574,28.341751,29.32407,26.036142,22.128378,19.76725,16.513695,15.6259575,11.224004,11.815609,8.286579,12.104801,10.548341,11.213873,13.717047,12.627951,15.842859,15.222148,18.061499,19.268448,21.658636,27.599958,29.156212,32.361313,33.885876,37.68966,39.286587,36.120174,33.625057,28.850586,30.248732,24.96358,27.024328,23.012032,24.093601,22.979113,23.095217,25.215765,27.707008,25.846865,29.840227,27.394861,30.66491,32.0163,33.58932,36.93834,34.82793,31.503353,32.118225,34.150627,29.26669,26.59121,25.35114,23.168821,20.704926,21.869604,21.116848,18.495975,18.715631,17.492199,16.523668,15.808664,17.459904,18.909693,19.034092,22.8092,23.43027,27.64501,29.402126,33.264053,33.989544,32.90329,35.08988,31.383543,28.174011,25.39437,21.645222,19.551287,15.363441,13.564716,9.302377,9.917169,5.631208,10.412468,14.420537,16.04946,19.059628,17.869242,17.933939,21.753582,20.581877,24.765759,25.730707,30.270222,33.58812,33.719597,30.369005,33.919865,27.635368,29.24678,26.259897,27.041004
4,12.149998,8.820218,7.307281,4.7354574,0.0,4.463922,5.6160555,10.142723,12.510699,16.03432,20.625927,22.725927,24.676874,25.345196,21.956385,18.034582,15.549596,12.089527,11.447361,6.696135,8.765148,5.1499553,9.579375,9.090486,8.126682,12.394395,10.0928,13.221272,11.712954,15.3536415,15.50821,18.975534,24.124262,26.485903,28.92628,30.86139,34.36138,35.636593,32.16048,29.637842,24.78348,25.882738,20.684078,22.483788,18.559689,19.567175,18.804611,19.076479,21.556292,23.600555,21.779987,25.615088,23.321653,26.775476,28.28837,30.19737,33.410625,31.817692,28.596779,29.629414,31.19197,26.440752,23.884838,21.81094,20.090036,17.03922,18.901049,17.693354,15.848314,15.502302,13.557105,12.572587,11.245815,12.989372,14.2503605,14.367733,18.177624,19.031902,23.220684,25.275206,29.088713,30.068665,29.161425,31.677261,27.93974,25.073374,22.316738,18.18577,16.86837,11.722655,10.896167,6.510311,8.248432,5.9392185,11.063835,14.98903,15.106885,18.726002,17.353315,16.274729,19.826576,17.570896,22.037365,22.10594,26.751938,30.049511,29.7699,26.330278,29.505135,23.18883,24.601236,21.559925,22.31405
5,13.393457,10.732798,8.871175,7.3165326,4.463922,0.0,5.2186246,6.549049,9.822008,12.807926,17.701893,19.519615,21.766048,22.994978,19.466686,15.973161,12.83976,10.567069,8.630788,5.948723,5.0658336,5.9519954,10.079971,11.551241,11.3876915,16.198458,13.892017,16.84258,14.533328,18.37972,17.302402,21.21403,25.165588,27.775616,29.819675,31.402502,35.01021,36.132824,32.527008,30.514246,25.54563,26.635292,21.714397,23.126667,19.589281,20.033566,19.811214,19.455872,22.904493,24.733166,23.293858,26.937658,25.074543,28.751099,30.210503,32.674377,35.455814,34.385456,31.215143,32.26875,33.114487,28.411634,26.42806,23.69926,22.955498,19.472681,22.09783,20.421465,19.176338,18.112993,15.649647,13.7984085,12.028153,12.237866,13.062907,13.822719,16.834976,17.9378,21.78333,23.83393,27.701597,28.696156,27.068525,29.721277,26.610405,23.299938,21.093405,16.552826,16.045277,11.29832,11.905128,8.716575,11.606912,9.999742,14.893403,18.621283,18.636988,21.864246,19.695719,18.18769,21.129045,18.405325,22.438429,22.182503,26.4511,29.734842,29.22474,25.794298,28.893353,22.873533,23.786741,21.210423,21.30317
6,17.464315,14.240619,12.419974,9.9399605,5.6160555,5.2186246,0.0,6.2415347,7.5712285,11.096268,15.458231,17.607819,19.349562,19.787104,16.47296,12.4513645,10.549185,6.6158414,7.4260693,4.714255,7.854604,7.780103,11.705514,12.747302,9.877371,15.417072,11.551375,13.518648,10.305634,14.022,12.23306,16.448092,20.008713,22.949884,24.686825,26.56203,29.96946,31.032843,27.421257,25.333233,20.3729,21.72035,16.718311,18.751709,15.487369,16.595974,17.060383,17.725147,20.881256,21.756426,19.948172,23.056316,20.692497,24.254618,25.233723,27.989773,30.433498,29.506884,26.363754,27.474365,28.03914,23.425068,21.61129,18.5964,18.426678,14.925774,18.297089,17.007383,16.735909,15.860666,12.586195,12.037034,8.790396,10.3921385,10.270807,9.44442,13.0264435,13.546138,17.713402,19.689215,23.518955,24.53259,23.614021,26.275421,22.61903,19.929045,17.30985,12.874504,12.451045,6.7034693,7.819845,5.4098916,8.820049,9.568934,13.48263,16.662725,15.450177,18.839918,16.694832,14.327703,17.016151,13.633317,17.946877,17.254057,21.743864,25.019943,24.494707,21.036463,24.249352,18.085777,19.520391,16.960983,17.8295
7,19.723932,17.224928,15.164344,13.622226,10.142723,6.549049,6.2415347,0.0,4.523396,6.2940273,11.462387,12.975403,15.324442,16.807856,13.240164,10.24665,6.9968543,6.432123,4.4432487,7.1986604,5.688235,10.687505,13.781997,16.520098,15.113625,20.742147,17.430506,19.475008,15.969753,19.665325,16.718113,21.132397,22.891386,26.057518,27.140078,28.440367,31.897764,32.686943,28.951536,27.689514,22.774237,23.973677,19.691843,20.914936,18.39816,18.533823,19.646313,19.32767,23.625362,24.290264,23.122232,25.910635,24.31744,28.051714,29.025639,32.38088,34.2524,34.04012,31.05286,32.179413,31.824018,27.432999,26.392164,22.697523,23.642464,19.816996,23.712772,21.843416,22.00946,20.365664,16.909897,15.18641,12.063426,11.094417,10.1628685,10.639306,12.236087,13.224696,16.48496,18.420984,22.2372,23.284018,21.107992,24.024265,21.546703,18.178385,16.675283,11.685844,12.968828,8.905036,11.910555,11.074392,14.748205,15.060623,19.164297,22.280964,21.295965,24.156906,21.24341,18.664032,20.417215,16.69621,20.009136,18.818663,22.45366,25.584726,24.662426,21.336197,24.257109,18.852781,19.314276,17.672295,17.331007
8,23.067844,20.029593,18.635496,15.92338,12.510699,9.822008,7.5712285,4.523396,0.0,4.682751,8.152338,11.023527,12.463059,13.730655,10.713923,7.2498064,6.924977,5.678767,7.285721,10.192761,10.173877,14.200293,17.588432,19.785997,17.183949,22.884602,18.709562,19.911446,15.908208,18.66187,15.220046,18.852766,19.736818,22.531946,23.710106,24.463034,28.13594,29.112532,25.721256,24.988342,20.19873,22.26152,18.170624,20.343592,18.524714,19.279156,21.143887,21.587284,25.623074,25.446484,23.989925,26.06683,23.917015,27.370956,27.348394,31.183088,32.297726,32.150593,29.145544,29.862326,28.934263,24.608192,24.266243,20.665564,22.679918,19.27027,23.79677,22.593615,23.394144,22.130407,18.252277,17.567757,13.56851,13.495983,11.505707,10.027563,11.232603,10.690516,13.963665,15.017467,18.90855,19.518137,17.405872,19.956587,17.273252,13.773967,12.186917,7.309925,8.791779,6.1650333,9.87336,10.925608,14.614387,16.162685,19.279661,21.731665,20.365252,22.586004,19.1807,16.199049,17.161253,13.420202,16.073069,15.139622,18.40797,21.533686,20.98268,17.814207,21.497395,16.441816,17.607355,16.74623,17.116663
9,25.999538,23.450691,21.415026,19.669214,16.03432,12.807926,11.096268,6.2940273,4.682751,0.0,5.6365514,6.773978,9.057472,10.8618965,7.438189,5.7246747,4.3057384,6.889467,7.088322,12.122023,11.2366295,16.485922,19.026352,22.092823,19.875982,25.713236,21.796848,23.006382,18.897396,22.000973,17.767223,22.06821,21.500069,24.98633,25.044,25.925026,29.11871,29.560709,25.863241,25.535507,20.966633,22.370462,19.087597,20.220823,19.039536,19.031548,21.358526,21.29278,25.88589,25.371841,24.428429,26.160137,24.76939,28.301449,28.596405,32.711582,33.561295,34.143456,31.419443,32.505066,30.979013,27.08149,27.04481,22.726757,25.242428,21.48337,26.219265,24.4435,25.71774,23.854456,19.889278,18.657085,14.858483,13.428033,10.895516,10.466914,9.773273,10.054849,12.0667,13.529198,17.140173,18.150879,15.3197,18.502968,16.874922,13.642928,13.217204,8.322979,11.883996,9.871561,14.181699,15.213569,18.876505,20.339792,23.716183,26.23061,24.541927,26.919392,23.572733,20.293827,20.76779,16.479843,18.616629,16.508432,19.073261,21.867443,20.547602,17.53303,20.240267,15.969711,15.998652,15.798342,15.176347
10,30.883352,28.032858,26.516623,24.030771,20.625927,17.701893,15.458231,11.462387,8.152338,5.6365514,0.0,4.850395,4.702545,7.166755,5.689314,5.9201093,8.769244,10.806229,12.574115,17.289988,16.754166,21.760853,24.511816,27.305435,24.4708,30.283916,25.8484,26.403074,22.051317,24.176884,19.608892,22.824846,20.67319,23.584955,23.379745,23.268282,26.539278,27.039595,23.90702,24.658817,20.628618,22.866266,20.348814,22.150219,21.951563,22.3301,25.305004,25.733324,30.11823,28.824759,27.772757,28.660328,26.955292,30.073597,29.277102,33.92869,33.73511,34.60536,32.01076,32.622658,30.192133,26.66811,27.640654,23.482477,27.206347,23.976797,29.156292,27.94538,29.752705,28.159973,23.97619,23.436192,19.231636,18.309694,15.252305,13.547353,11.900813,10.379765,11.035816,10.665481,13.91836,14.168479,10.492729,13.225615,12.450047,8.914473,9.825101,6.5477605,10.969686,11.906153,16.053902,18.454157,21.919203,24.111517,26.68607,28.558308,26.667305,28.244211,24.45556,21.000645,20.308039,16.387272,16.964266,15.035155,16.16873,18.56966,17.567379,15.186546,18.493477,15.662868,16.112335,17.346075,17.202335
11,32.581257,30.182274,27.972092,26.442574,22.725927,19.519615,17.607819,12.975403,11.023527,6.773978,4.850395,0.0,3.6112223,6.4243226,4.4151816,7.350218,8.280671,12.168455,12.711129,18.219366,17.325014,22.792566,24.762598,28.192043,25.781763,31.629082,27.580124,28.316053,24.029198,26.753397,21.767557,25.906584,23.170374,26.9311,25.695738,26.211079,28.787888,28.646677,25.03795,25.760128,21.9342,23.094559,21.248991,21.761597,21.92243,21.501488,24.625082,24.510256,29.257236,27.839792,27.324303,28.061638,27.22538,30.453346,30.358326,34.992897,34.918148,36.399277,34.078384,35.241467,32.64356,29.47163,30.280201,25.491665,29.120117,25.47774,30.579128,28.722301,30.771381,28.630863,24.543432,23.451378,19.683273,17.722353,14.608241,14.136613,11.247381,11.165738,10.496969,11.254249,13.854849,14.9570055,11.045296,14.705371,14.941129,12.533523,13.882042,10.546344,15.433482,15.12024,19.651344,21.451157,24.975199,26.907066,29.962053,32.131863,29.990088,32.066643,28.581202,24.94517,24.42325,19.9525,20.837091,17.799902,18.770662,20.810926,18.817175,16.541555,18.202902,16.026249,15.034403,16.560162,15.29277
12,35.009384,32.314167,30.426966,28.341751,24.676874,21.766048,19.349562,15.324442,12.463059,9.057472,4.702545,3.6112223,0.0,4.047684,4.6121926,7.8803167,10.851399,13.802487,15.430747,20.570135,20.174953,25.276112,27.531092,30.637503,27.696508,33.521557,29.092527,29.395897,24.993956,27.087477,22.011938,25.439888,21.871878,25.247952,23.870409,23.835545,26.405054,26.32404,23.121883,24.46349,21.011566,22.774458,21.312979,22.435719,23.086895,23.099277,26.52915,26.895874,31.3514,29.483168,28.76707,29.018257,27.82058,30.743752,29.901718,34.80364,34.103825,35.67465,33.429646,34.280758,31.202993,28.278912,29.65205,25.06001,29.336931,26.087845,31.407614,29.998112,32.333023,30.464666,26.24498,25.714264,21.618961,20.263718,16.914646,15.464118,12.538908,11.217804,9.924595,9.248043,11.501019,12.033347,7.639112,11.123375,11.864101,9.746149,11.803017,9.740505,14.683172,15.663987,20.008253,22.51795,25.88259,28.299725,30.829657,32.591652,30.287207,31.915434,28.277798,24.555288,23.41334,19.201294,19.24278,16.322748,16.425877,18.168621,16.411165,14.590886,16.723154,15.428735,14.997281,17.258015,16.649323
13,36.380596,33.510628,31.45533,29.32407,25.345196,22.994978,19.787104,16.807856,13.730655,10.8618965,7.166755,6.4243226,4.047684,0.0,3.965501,7.3648515,11.462768,13.678072,16.272665,20.952353,21.625582,25.913061,28.026999,30.88006,27.309694,33.007618,28.35436,28.15987,23.757744,25.519384,20.142271,23.553623,19.027502,22.882215,20.674234,21.08704,23.1222,22.70696,19.324299,20.793697,17.669794,19.357063,18.511625,19.672777,20.954424,21.199389,24.98331,25.85558,29.91194,27.454378,26.671768,26.34688,25.096674,27.74168,26.619701,31.657206,30.612843,32.519947,30.504011,31.519714,28.120409,25.598814,27.184547,22.37614,27.088804,24.046608,29.461569,28.229883,31.058224,29.277428,25.01475,25.05274,20.823,19.950111,16.354546,14.214658,10.92672,8.98296,6.6127996,5.497136,7.552748,8.602415,5.4067965,9.735023,9.71398,9.337106,11.008222,9.542917,14.68745,15.440965,19.778282,22.565756,25.63325,28.574831,30.726032,32.21229,29.371708,31.060413,27.755867,23.730064,22.30655,17.749496,17.65472,13.795351,13.596027,15.094003,12.756199,11.012874,12.7088175,12.049067,11.701657,14.5830345,14.511596
14,32.79624,30.096292,27.795746,26.036142,21.956385,19.466686,16.47296,13.240164,10.713923,7.438189,5.689314,4.4151816,4.6121926,3.965501,0.0,4.4214215,7.5218263,10.258078,12.373239,17.242504,17.798563,22.180025,24.171,27.191666,23.952394,29.71917,25.322472,25.532396,21.177465,23.580748,18.28394,22.47626,19.146801,23.363983,21.624311,22.647526,24.911297,24.622766,20.803213,21.365265,17.579052,18.783491,17.151867,17.935286,18.516096,18.500917,21.992193,22.551477,26.856007,24.892008,24.158625,24.465107,23.372307,26.417965,26.061848,30.795471,30.545052,32.162388,29.957666,31.252232,28.525806,25.556736,26.44311,21.466887,25.436687,21.95943,27.218344,25.606367,28.116428,26.14665,21.930492,21.548698,17.447844,16.237255,12.724603,11.158496,7.9465857,7.090538,6.151825,7.313367,10.296476,11.8220415,9.22423,13.323176,12.366251,11.048913,11.720964,8.454167,13.7138815,13.04452,17.663395,19.822676,23.05949,25.618938,28.233976,30.115023,27.430363,29.589033,26.42194,22.461803,21.75822,16.871975,17.855497,14.01572,15.183274,17.262539,14.946876,12.423726,14.047103,11.631829,10.969396,12.756654,12.247195
15,29.328054,26.365776,24.297995,22.128378,18.034582,15.973161,12.4513645,10.24665,7.2498064,5.7246747,5.9201093,7.350218,7.8803167,7.3648515,4.4214215,0.0,5.7380843,6.4016905,9.8136,13.834051,15.145681,18.77743,21.224733,23.748888,20.163372,25.918575,21.31876,21.522243,17.128723,19.497843,14.462087,18.653023,16.535023,20.591488,19.755596,21.001997,23.756174,23.96062,20.163103,20.013643,15.638212,17.359327,14.61048,16.30385,16.09293,16.700449,19.843948,20.79021,24.796228,23.19582,22.003204,22.802113,21.046703,24.22284,23.824535,28.33014,28.54396,29.516935,27.01192,28.1705,26.055752,22.575924,23.039541,18.35108,21.890406,18.447748,23.680542,22.359253,24.572363,22.943266,18.670996,18.63994,14.215507,13.89388,10.512503,7.9183846,6.394557,4.7307453,6.840271,8.206221,11.99366,13.2035885,11.606113,15.062984,12.544235,10.7065935,9.896063,5.4014215,10.22728,8.646784,13.295853,15.456531,18.652023,21.343481,23.82486,25.706879,23.082216,25.334696,22.252068,18.333126,18.063477,13.0925255,14.870491,11.507663,13.947551,16.647524,14.994132,11.877432,14.698443,10.52017,11.184732,11.709161,12.182687
16,25.832287,23.489807,20.690306,19.76725,15.549596,12.83976,10.549185,6.9968543,6.924977,4.3057384,8.769244,8.280671,10.851399,11.462768,7.5218263,5.7380843,0.0,5.084194,4.904493,10.19554,10.542864,14.975514,16.783993,20.090475,17.695124,23.510836,19.79351,20.97246,16.971691,20.632671,16.080357,21.393335,20.739868,25.118704,24.43634,26.277336,28.885925,28.909336,24.704145,23.79369,19.193335,19.62393,16.478409,16.67281,15.421822,14.9779005,17.36342,17.213978,21.887213,21.26782,20.54225,22.33099,21.43391,25.106815,26.142494,30.043137,31.302383,32.182686,29.654083,31.326553,29.991615,26.309402,25.833675,20.999615,23.13687,19.005774,23.601698,21.316076,22.886185,20.63676,16.688297,15.287736,11.64558,9.7075205,6.8530703,7.3978257,6.3859773,8.380606,10.503345,13.289931,16.74595,18.475916,16.50206,20.249786,18.234821,16.013699,15.212694,10.1774025,13.946313,10.242722,14.728149,15.141617,18.571514,20.109024,23.671417,26.33555,24.13819,27.150776,24.415468,20.883278,21.674314,16.74653,19.561758,16.405806,19.455805,22.193024,20.213318,16.968353,18.60183,13.897819,13.231992,12.34114,11.297239
17,23.564936,20.673016,18.265682,16.513695,12.089527,10.567069,6.6158414,6.432123,5.678767,6.889467,10.806229,12.168455,13.802487,13.678072,10.258078,6.4016905,5.084194,0.0,5.336147,7.5821457,10.219082,12.550061,15.136553,17.372454,13.903415,19.723703,15.426148,16.315504,12.180009,15.6706915,11.474391,16.694235,17.319386,21.432814,21.539625,23.62765,26.49971,26.954058,22.932833,21.411716,16.506577,17.555658,13.400825,14.890819,12.914603,13.62366,15.666334,16.495401,20.340445,19.824738,18.386044,20.434715,18.55968,22.170954,22.88838,26.538645,28.103407,28.318384,25.541546,27.031666,26.289701,22.25009,21.364431,16.970295,18.661415,14.726464,19.339819,17.645855,19.0541,17.429924,13.320432,12.955248,8.574049,8.902574,6.468574,4.470472,6.731934,7.429235,11.2816305,13.69411,17.438145,18.856009,17.926792,21.164333,17.895227,15.840274,13.836066,8.88781,11.145404,5.8765206,10.0903015,10.475582,13.720251,15.805909,18.941074,21.442482,19.071774,22.199652,19.739344,16.215736,17.473217,12.604488,16.226053,13.635898,17.626244,20.687307,19.331255,15.839764,18.409163,12.6257105,13.46667,11.660168,12.267471
18,21.123842,19.025574,15.9156885,15.6259575,11.447361,8.630788,7.4260693,4.4432487,7.285721,7.088322,12.574115,12.711129,15.430747,16.272665,12.373239,9.8136,4.904493,5.336147,0.0,5.8420205,5.92402,10.239787,12.118995,15.531658,13.988996,19.708448,16.638353,18.622372,15.157047,19.474987,15.947851,21.446945,22.595163,26.712269,26.811483,28.912413,31.742228,32.027004,27.815296,26.209932,21.37009,21.56997,17.643143,17.746458,15.254561,14.747109,15.927765,15.304458,19.924284,20.46675,19.65246,22.456022,21.538336,25.419462,27.142702,30.386751,32.522957,32.80241,30.083271,31.833672,31.417261,27.363897,26.079826,21.71002,22.496855,18.219229,22.059673,19.502293,20.117704,17.85618,14.349577,12.156161,9.238808,7.1005406,6.0963726,8.187678,9.427348,11.791646,14.757498,17.64389,21.227499,22.88758,21.13895,24.64755,22.180742,19.615585,18.197458,13.010971,15.316307,10.294808,13.835113,12.729492,16.092772,16.64182,20.852465,24.027401,22.35964,25.810791,23.444002,20.44761,22.185936,17.689735,21.327501,18.917822,22.688833,25.670292,24.027771,20.599794,22.422598,16.969395,16.624556,14.533807,13.612782
19,16.894266,14.606088,11.241625,11.224004,6.696135,5.948723,4.714255,7.1986604,10.192761,12.122023,17.289988,18.219366,20.570135,20.952353,17.242504,13.834051,10.19554,7.5821457,5.8420205,0.0,5.808913,5.075297,7.7534447,10.074669,8.360275,14.004009,11.288769,13.933448,11.295916,16.051556,14.012006,19.38003,22.505093,26.292166,27.154001,29.701181,32.579002,33.156082,29.054789,26.612223,21.712872,21.84171,17.165382,17.66947,14.011462,14.139949,13.966497,13.772651,17.369106,18.876009,17.57634,21.21936,19.831045,23.671335,25.839252,28.251366,31.267117,30.767153,27.893614,29.696594,30.377548,26.072058,23.859106,20.238935,19.43391,15.325851,18.145777,15.698204,15.268425,13.446553,10.505441,8.407604,6.311047,6.527107,7.765367,9.285383,12.55024,14.563132,18.315117,21.174482,24.81494,26.385933,25.433931,28.653252,25.327257,22.958256,20.68867,15.853568,16.542944,10.473626,12.2228985,9.355289,12.003037,11.826922,16.331343,19.832579,18.425953,22.4262,20.874697,18.457071,21.180347,17.269772,21.735117,20.014992,24.52295,27.667236,26.440971,22.892895,24.981085,18.820036,19.242008,16.107819,16.117794
20,15.815161,14.294236,11.13572,11.815609,8.765148,5.0658336,7.854604,5.688235,10.173877,11.2366295,16.754166,17.325014,20.174953,21.625582,17.798563,15.145681,10.542864,10.219082,5.92402,5.808913,0.0,6.9654837,9.177224,12.624167,13.264664,18.301575,16.458944,19.449944,16.893908,21.359173,19.23223,24.16622,26.892231,30.3318,31.381918,33.257698,36.48218,37.115856,33.09126,31.219717,26.284128,26.595491,22.205389,22.437605,19.17209,18.652178,18.579725,17.299484,21.597263,23.449158,22.633507,26.249588,25.296364,29.200506,31.275803,33.938454,36.695023,36.32821,33.40286,34.951195,35.31031,30.901451,29.083546,25.480116,25.119423,21.059877,23.924961,21.371035,20.613249,18.612526,16.059795,13.06961,11.734896,9.898684,10.872121,13.271421,15.262011,17.397367,20.606974,23.228203,26.9245,28.339912,26.30265,29.480515,27.012953,23.831295,22.238722,17.213688,18.203169,13.305679,15.37682,12.807517,15.890023,14.660657,19.621109,23.338144,22.806475,26.296381,24.09439,22.024378,24.523232,20.946566,24.835032,23.498117,27.50241,30.642189,29.44315,25.996363,28.21099,22.528227,22.428822,19.961065,19.039135
21,12.233558,10.509769,6.4218974,8.286579,5.1499553,5.9519954,7.780103,10.687505,14.200293,16.485922,21.760853,22.792566,25.276112,25.913061,22.180025,18.77743,14.975514,12.550061,10.239787,5.075297,6.9654837,0.0,4.517589,5.912132,7.1959677,11.507601,10.656461,14.318494,13.118764,17.763283,17.226065,21.967834,26.35942,29.666433,31.13883,33.691174,36.699783,37.470432,33.48784,30.719643,25.89213,25.897608,21.065418,21.456638,17.31264,17.359436,15.975286,15.2791,18.142326,20.864882,19.62089,23.901337,22.618298,26.330168,28.948755,30.637339,34.3026,33.25526,30.321207,32.061954,33.53754,29.09449,26.30719,23.445911,21.407995,17.704233,19.196905,16.771812,14.841981,13.402518,11.937557,9.318379,9.542556,9.9374075,12.284474,14.144217,17.543005,19.570208,23.378555,26.191748,29.85528,31.351347,30.351059,33.42699,30.023746,27.412615,24.99368,20.327717,20.210232,14.395805,14.824999,10.7401905,12.428338,10.284963,15.362421,19.317398,18.889246,23.038788,22.031946,20.512009,23.875748,20.768244,25.399534,24.353317,29.01902,32.221767,31.23646,27.692738,29.85573,23.590746,24.073769,20.643534,20.59042
22,13.554821,13.121759,8.191784,12.104801,9.579375,10.079971,11.705514,13.781997,17.588432,19.026352,24.511816,24.762598,27.531092,28.026999,24.171,21.224733,16.783993,15.136553,12.118995,7.7534447,9.177224,4.517589,0.0,4.9091496,8.377377,11.451542,12.188207,15.922248,15.333744,20.306023,19.634142,24.960035,28.992832,32.85936,33.69527,36.752724,39.33126,39.73612,35.440914,32.396492,27.741762,26.834759,22.430532,21.656273,17.428978,16.663658,14.466587,12.8081045,15.597998,19.13031,18.460634,23.093485,22.724464,26.46785,30.021347,31.303305,35.42134,34.699276,32.04544,34.30978,35.89306,31.747381,28.693043,25.492498,22.997795,19.08583,19.90917,16.65183,14.537227,12.323381,11.845559,8.01049,10.276425,9.58783,12.848976,15.8760395,18.841688,21.642118,25.063263,28.388996,31.836458,33.70522,32.795662,36.21927,32.990852,30.68271,28.435843,23.597979,24.086422,18.017076,18.852072,14.868819,16.220915,14.081758,18.934818,22.841599,22.147549,26.623999,26.043016,24.395393,27.722439,24.245508,28.976015,27.262915,31.92578,35.010075,33.555523,30.002413,31.321001,25.211016,25.011417,21.2675,20.633612
23,11.839825,11.112011,6.879325,10.548341,9.090486,11.551241,12.747302,16.520098,19.785997,22.092823,27.305435,28.192043,30.637503,30.88006,27.191666,23.748888,20.090475,17.372454,15.531658,10.074669,12.624167,5.912132,4.9091496,0.0,6.2048154,7.235375,9.354324,13.3810835,14.028763,18.458899,19.189678,23.692736,28.912367,32.237457,33.6988,36.827236,39.46489,40.157276,36.147106,32.739162,28.219627,27.603495,22.901127,22.826586,18.308558,18.360344,15.685448,15.036687,16.297642,20.060242,18.84797,23.616928,22.60593,26.0055,29.423208,30.07298,34.595364,33.18167,30.450584,32.526657,34.87629,30.66256,27.119072,24.819439,21.313501,18.085358,17.82521,15.2658205,11.973779,10.953033,11.539697,9.243648,11.693727,12.86691,15.924603,17.850271,21.506973,23.718637,27.521671,30.576479,34.06138,35.730167,35.289288,38.41934,34.66532,32.48089,29.777851,25.342768,24.917004,18.92173,18.568264,14.104924,14.318187,11.596906,15.932626,19.76157,19.452024,24.012836,24.160564,23.129883,26.896257,24.126625,29.03567,27.952934,32.856033,35.97689,34.942783,31.422783,33.1372,26.796658,27.281063,23.311407,23.473421
24,16.113731,13.808575,10.803488,11.213873,8.126682,11.3876915,9.877371,15.113625,17.183949,19.875982,24.4708,25.781763,27.696508,27.309694,23.952394,20.163372,17.695124,13.903415,13.988996,8.360275,13.264664,7.1959677,8.377377,6.2048154,0.0,5.856487,3.8396022,7.601998,7.860706,12.431163,13.150992,17.719042,22.936838,26.350988,27.69852,31.034433,33.50159,34.234238,30.360022,26.833458,22.391115,22.11638,17.20655,17.985022,13.501391,14.625421,12.669019,13.726702,14.605159,17.011717,15.0146055,19.30837,17.359621,20.674734,23.49839,24.40305,28.646984,27.179327,24.37228,26.442188,28.67711,24.515572,20.980791,18.645086,15.245626,12.0053,12.313976,10.307947,7.906008,7.543345,6.7708845,6.9582677,7.6584287,11.006082,13.18379,13.578861,17.75282,19.303808,23.308075,26.120068,29.493202,31.056633,31.289118,34.24361,30.030672,28.401962,25.382584,21.374325,20.775305,14.677536,14.108542,10.1707325,10.005857,9.390152,12.7853155,16.109297,14.551722,19.378046,19.682405,18.105461,21.704168,18.729021,23.738176,22.507135,27.504843,30.548864,29.659826,26.21612,28.129934,21.717476,22.85954,18.8843,20.013817
25,16.45074,14.8535185,12.470637,13.717047,12.394395,16.198458,15.417072,20.742147,22.884602,25.713236,30.283916,31.629082,33.521557,33.007618,29.71917,25.918575,23.510836,19.723703,19.708448,14.004009,18.301575,11.507601,11.451542,7.235375,5.856487,0.0,5.5838714,8.610946,11.408647,14.629912,17.017982,20.519457,26.62547,29.606672,31.2428,34.839447,37.06566,37.86545,34.191967,30.207594,26.214527,25.623865,21.00537,21.589035,17.11618,18.280878,15.357431,16.456192,15.556658,18.776808,16.806313,21.26547,19.450132,22.129667,25.429033,25.098492,30.12752,28.039232,25.449936,27.593992,30.850231,26.95847,22.756563,21.503149,16.610895,14.557352,12.470422,11.091544,6.589889,7.9929175,10.027984,10.73989,12.895717,16.074398,18.603668,19.070295,23.220667,24.739227,28.685024,31.48804,34.717155,36.279297,36.858063,39.709545,35.260456,33.82069,30.606451,26.905096,25.828579,20.029966,18.641983,14.592918,13.122162,11.652007,13.79368,16.692589,15.723372,20.536991,22.027985,21.30009,25.207682,23.00794,27.990726,27.129267,32.1674,35.107136,34.378033,31.052654,32.77495,26.474726,27.710238,23.5238,24.80298
26,18.161985,15.415649,13.427473,12.627951,10.0928,13.892017,11.551375,17.430506,18.709562,21.796848,25.8484,27.580124,29.092527,28.35436,25.322472,21.31876,19.79351,15.426148,16.638353,11.288769,16.458944,10.656461,12.188207,9.354324,3.8396022,5.5838714,0.0,4.088601,5.9313555,9.471281,11.589838,15.189533,21.204641,24.180164,25.894464,29.321957,31.705713,32.639328,29.087511,25.33361,21.161406,21.269983,16.295353,17.936407,13.665156,15.661092,13.933698,15.957163,15.873168,17.66452,15.149398,18.993744,16.229008,19.072655,21.379656,21.915586,26.245726,24.241116,21.35842,23.25431,26.00159,21.875263,17.99455,16.47111,12.324639,9.965466,9.520397,8.912855,6.3778024,7.85933,7.4053216,9.625791,9.607266,13.828088,15.435047,14.681717,19.06877,19.929855,24.032225,26.483917,29.730373,31.09343,31.862978,34.516376,29.900904,28.622608,25.292566,21.875544,20.672682,15.010636,13.550764,10.065388,8.636666,9.079946,10.86899,13.556402,11.509927,16.487177,17.501476,16.163116,19.877304,17.450583,22.43848,21.617002,26.656437,29.613531,29.078629,25.787237,27.975033,21.624651,23.409163,19.507889,21.386793
27,21.971294,18.954096,17.375557,15.842859,13.221272,16.84258,13.518648,19.475008,19.911446,23.006382,26.403074,28.316053,29.395897,28.15987,25.532396,21.522243,20.97246,16.315504,18.622372,13.933448,19.449944,14.318494,15.922248,13.3810835,7.601998,8.610946,4.088601,0.0,4.442744,6.252138,9.340355,12.218751,18.394339,21.286135,22.893639,26.609814,28.675987,29.633217,26.31235,22.332407,18.533482,18.86741,14.054607,16.451534,12.694711,15.499038,14.336574,17.303135,16.57407,17.30297,14.352073,17.396526,13.820067,16.151434,17.862917,18.230394,22.495127,20.226532,17.333303,19.290709,22.276625,18.356266,14.206785,13.1416025,8.393875,6.958988,6.139308,7.3565726,6.40014,8.830283,8.062879,11.798022,10.97852,15.720405,16.655094,14.850419,19.162682,19.409561,23.387777,25.54195,28.515364,29.770884,31.189934,33.62614,28.696169,28.016148,24.507502,21.720144,20.357645,15.213383,13.496089,11.21044,9.244988,11.362006,11.49372,13.024624,9.728417,14.676343,16.257719,14.667225,18.059706,15.794791,20.620121,19.753305,24.711353,27.472338,27.104744,24.025558,26.215746,20.10852,22.41436,18.680588,21.2822
28,22.36589,19.064974,17.306946,15.222148,11.712954,14.533328,10.305634,15.969753,15.908208,18.897396,22.051317,24.029198,24.993956,23.757744,21.177465,17.128723,16.971691,12.180009,15.157047,11.295916,16.893908,13.118764,15.333744,14.028763,7.860706,11.408647,5.9313555,4.442744,0.0,5.223359,5.660421,10.123423,15.339195,18.738214,20.063906,23.557571,25.879728,26.795687,23.281513,19.74036,15.427855,16.256962,11.028298,14.006439,10.484998,13.454892,13.410211,16.345762,16.852745,16.848803,13.980912,16.626627,12.925413,15.785761,16.857708,18.529661,21.872423,20.27812,17.232197,19.040016,20.885094,16.679317,13.373234,10.993177,8.485793,5.5220327,8.264471,8.603867,9.331089,10.188412,7.405687,10.884699,8.339679,13.1438265,13.306336,10.773301,15.130069,15.086467,19.178825,21.244665,24.352512,25.577291,26.79914,29.290726,24.466806,23.705263,20.290146,17.350018,16.361788,11.037696,10.050012,8.55325,7.861292,11.075622,11.939922,13.670412,10.022096,14.614748,14.928703,12.35509,15.34033,12.143902,17.105633,15.828487,20.852333,23.743668,23.26404,20.050255,22.538446,16.26404,18.70459,15.255161,17.949953
29,25.608238,21.942352,21.147844,18.061499,15.3536415,18.37972,14.022,19.665325,18.66187,22.000973,24.176884,26.753397,27.087477,25.519384,23.580748,19.497843,20.632671,15.6706915,19.474987,16.051556,21.359173,17.763283,20.306023,18.458899,12.431163,14.629912,9.471281,6.252138,5.223359,0.0,5.7388988,5.99079,12.969084,15.115823,17.411446,20.705404,23.064178,24.479446,21.758286,18.213978,14.554585,16.576426,11.765188,16.205118,13.709863,17.273632,17.627,21.04732,20.908545,20.248539,17.104738,18.724506,14.065997,15.818646,15.106883,16.606188,19.372326,16.817078,13.445567,14.443193,16.91541,12.538657,8.86552,8.599022,5.967606,6.3284106,8.458787,11.23079,12.239899,14.191732,12.050219,15.985907,13.383427,18.141987,17.809801,14.311332,18.315264,17.11568,21.027212,22.21352,25.021238,25.738415,27.63384,29.467133,24.200344,23.92643,20.196379,18.51335,16.527573,12.845397,10.589579,10.611772,8.726639,12.94272,11.55158,11.603995,6.8609266,10.814695,11.987976,9.680094,12.428587,10.636874,15.05775,14.891476,19.634882,22.298973,22.624516,19.851587,22.99654,17.290743,20.679983,17.866495,21.290962
30,27.09402,23.550165,21.981838,19.268448,15.50821,17.302402,12.23306,16.718113,15.220046,17.767223,19.608892,21.767557,22.011938,20.142271,18.28394,14.462087,16.080357,11.474391,15.947851,14.012006,19.23223,17.226065,19.634142,19.189678,13.150992,17.017982,11.589838,9.340355,5.660421,5.7388988,0.0,6.777279,9.804033,13.95051,14.548005,18.185963,20.35682,21.222569,17.76518,14.554058,10.094728,12.136714,6.9416413,11.799144,10.00676,13.535681,15.139464,18.516262,19.399576,17.835682,14.981331,16.011684,11.679301,14.134084,13.409764,16.480913,18.351564,17.394833,14.355515,15.952619,16.428568,12.295829,10.200477,6.4064875,7.657854,5.3388977,10.452306,11.458606,13.942534,14.394787,10.916606,14.435148,10.674819,14.897603,13.629916,9.388594,12.944123,11.548183,15.3321295,16.759478,19.571444,20.596869,22.471165,24.714678,19.660765,19.69386,16.271603,14.214707,13.646979,9.615951,9.568258,10.743229,10.859817,15.170693,15.311734,16.064491,11.692397,15.0232525,14.576756,10.847621,12.316386,8.1057415,12.65442,10.538647,15.47328,18.226627,17.813522,14.757733,17.63108,11.669731,15.033772,12.504464,16.073652
31,29.89117,25.913425,25.567924,21.658636,18.975534,21.21403,16.448092,21.132397,18.852766,22.06821,22.824846,25.906584,25.439888,23.553623,22.47626,18.653023,21.393335,16.694235,21.446945,19.38003,24.16622,21.967834,24.960035,23.692736,17.719042,20.519457,15.189533,12.218751,10.123423,5.99079,6.777279,0.0,8.300704,9.160899,12.423298,14.998383,17.76281,19.729956,17.823515,15.136611,11.963542,15.824968,11.806667,17.504248,16.391644,20.110315,21.557701,25.099653,25.4357,23.827759,20.767536,21.21779,16.241522,17.364672,14.339211,17.054377,17.810793,15.382642,11.8912,11.4623575,12.550418,7.613519,5.9837112,6.7790494,8.615159,9.92224,13.253308,16.159496,18.002853,19.595081,16.837496,20.60059,17.091286,21.403473,20.097399,15.5627,18.738972,16.175747,19.622656,19.635805,22.094406,22.162512,24.557165,25.664452,20.164528,20.463118,16.672215,16.49324,14.081479,12.7000265,10.586874,12.973833,11.856762,16.69759,14.68399,13.648436,9.089834,10.392784,10.433262,7.2196712,7.927931,6.9470344,10.09176,10.898636,15.01359,17.455753,18.640772,16.394442,20.515667,15.728886,19.980589,18.373032,22.25282
32,35.97116,32.12689,31.107836,27.599958,24.124262,25.165588,20.008713,22.891386,19.736818,21.500069,20.67319,23.170374,21.871878,19.027502,19.146801,16.535023,20.739868,17.319386,22.595163,22.505093,26.892231,26.35942,28.992832,28.912367,22.936838,26.62547,21.204641,18.394339,15.339195,12.969084,9.804033,8.300704,0.0,6.4462314,4.84643,8.807944,10.576812,11.907338,9.716956,8.231702,5.8569083,11.372565,9.754462,15.449075,16.53556,19.891003,22.754612,26.337067,27.215658,24.171156,21.598263,20.396048,15.991615,16.640764,12.05003,16.717272,14.957298,14.917968,12.53129,12.595485,9.563996,6.632981,9.188646,6.600997,12.802163,13.222606,17.764942,19.701784,22.995136,23.559208,20.135921,23.590664,19.499197,22.81168,20.40673,15.409678,16.681725,13.164058,14.987385,14.044592,15.425002,15.352526,18.952503,19.893896,14.506411,16.671093,13.672805,14.799375,14.416764,14.554876,14.895917,18.341942,18.59781,23.417048,22.376835,21.69998,17.31939,18.142048,17.073036,13.153503,11.154134,8.231041,8.410976,5.8009725,8.33548,10.046864,10.890034,9.383241,13.430294,10.582532,15.253209,15.3927965,19.527124
33,37.755775,33.6178,33.54234,29.156212,26.485903,27.775616,22.949884,26.057518,22.531946,24.98633,23.584955,26.9311,25.247952,22.882215,23.363983,20.591488,25.118704,21.432814,26.712269,26.292166,30.3318,29.666433,32.85936,32.237457,26.350988,29.606672,24.180164,21.286135,18.738214,15.115823,13.95051,9.160899,6.4462314,0.0,6.827853,6.527802,10.095455,13.243779,13.532461,13.262419,12.206178,17.675644,15.8833065,21.742657,22.352554,25.858015,28.36364,31.924929,32.67636,30.034773,27.255157,26.334372,21.594587,21.854565,16.572866,20.393843,18.106031,16.661995,14.141752,11.890373,9.088857,6.0100446,10.052918,11.159112,16.06081,17.60284,21.382534,24.172667,26.756216,27.97681,24.805964,28.33537,24.246439,27.819763,25.567604,20.497263,22.102962,18.22215,20.188143,18.297033,19.599848,18.48555,21.79964,21.479782,16.106325,17.87951,14.762388,17.322842,15.213125,17.218643,16.174677,20.105288,19.810692,24.660738,22.480206,20.792562,17.092922,16.065178,14.855964,11.977398,8.687548,9.47528,7.3021693,9.426748,10.272947,11.445193,14.393955,13.823594,18.80358,16.633516,21.337944,21.634697,25.644987
34,40.78355,36.904713,35.943016,32.361313,28.92628,29.819675,24.686825,27.140078,23.710106,25.044,23.379745,25.695738,23.870409,20.674234,21.624311,19.755596,24.43634,21.539625,26.811483,27.154001,31.381918,31.13883,33.69527,33.6988,27.69852,31.2428,25.894464,22.893639,20.063906,17.411446,14.548005,12.423298,4.84643,6.827853,0.0,5.8897624,5.8431616,7.342492,6.7759066,7.13643,7.8336315,13.011261,13.233313,18.300526,20.236317,23.417126,26.5472,30.204803,30.921324,27.365612,24.966818,22.958803,18.840899,18.690989,13.051729,17.79199,14.301454,14.996154,13.488332,12.988966,7.974899,7.6528974,11.724436,10.2544155,16.449059,17.422132,21.591265,23.695047,27.268726,27.847425,24.53352,28.035538,23.999191,27.07102,24.457216,19.541307,20.077137,16.381401,17.105919,15.356669,15.582574,15.015466,19.464264,19.706102,14.726998,18.03381,15.702862,17.921791,17.821016,18.939682,19.403519,23.07785,23.294296,28.14897,26.825956,25.771288,21.45649,21.629911,20.641085,17.055607,14.276912,12.409686,10.8504305,8.693587,8.307978,8.289072,9.758758,9.929517,13.3368225,12.833638,17.206753,18.2638,22.328396
35,42.5492,38.48437,38.103573,33.885876,30.86139,31.402502,26.56203,28.440367,24.463034,25.925026,23.268282,26.211079,23.835545,21.08704,22.647526,21.001997,26.277336,23.62765,28.912413,29.701181,33.257698,33.691174,36.752724,36.827236,31.034433,34.839447,29.321957,26.609814,23.557571,20.705404,18.185963,14.998383,8.807944,6.527802,5.8897624,0.0,5.316712,8.776985,10.508236,12.68963,12.980357,18.40248,18.138426,23.346956,25.004124,28.07493,31.269995,34.65379,35.85816,32.577095,30.17549,28.500925,24.371017,24.47893,18.86323,23.39984,19.7199,19.848,18.181221,16.404896,11.522744,10.895778,15.497514,15.096523,21.024128,21.963547,26.271313,28.485252,31.630713,32.295567,28.775957,31.964,27.607044,30.461983,27.64474,22.621965,22.965353,18.723549,19.291344,16.354208,16.490883,14.706256,18.665342,17.579361,12.897745,16.133852,14.221546,17.9294,17.15641,20.19237,20.391464,24.691488,25.108307,29.90496,28.312292,26.943401,23.314592,22.380272,20.566893,17.437086,13.614506,13.33384,9.620672,10.045273,7.5186315,6.751734,10.605568,11.633422,16.373955,16.469112,20.794645,22.405554,26.130016
