,0,1,2,3,4,5,6,7,8,9,10,11,12,13,14,15,16,17,18,19,20,21,22,23,24,25,26,27,28,29,30,31,32,33,34,35,36,37,38,39,40,41,42,43,44,45,46,47,48,49,50,51,52,53,54,55,56,57,58,59,60,61,62,63,64,65,66,67,68,69,70,71,72,73,74,75,76,77,78,79,80,81,82,83,84,85,86,87,88,89,90,91,92,93,94,95,96,97,98,99,100,101,102,103,104,105,106,107,108,109,110,111,112
0,0.0,4.530911,6.4509068,8.987634,11.902462,11.906911,15.312081,16.327963,17.697023,21.495422,24.81015,27.93333,29.549536,31.309717,28.430279,24.87379,23.239454,20.710367,19.875944,17.582516,15.880776,15.381793,19.668055,17.26259,19.019432,18.816349,16.18483,17.649632,16.213696,18.33778,18.810148,22.369705,27.789484,29.231388,33.518665,34.009274,38.502876,41.016525,36.314053,37.078392,32.368702,34.51173,30.328352,31.71986,29.58107,29.617878,30.266352,28.90514,33.61353,34.4784,34.08489,35.90597,34.25053,37.56759,37.36887,41.78201,42.169456,42.09846,39.24808,39.496002,38.414722,33.854485,34.19684,30.830875,33.696095,30.642496,34.79332,33.460686,32.84353,31.290548,28.438257,25.935595,23.988092,23.462143,24.246859,24.4532,27.328384,27.464535,31.422909,32.982334,36.87083,37.16149,35.911682,37.68643,33.96856,29.771584,29.12672,27.797491,26.83359,22.913229,22.874132,22.166235,22.783752,25.589943,25.375734,28.904001,29.16493,31.952093,32.36458,29.59896,31.064379,27.168118,28.61799,27.150116,27.102028,28.744982,25.778845,23.026026,25.346773,20.321445,22.29995,21.219019,22.238552
1,4.530911,0.0,4.963241,4.7934256,8.641802,10.219317,12.626981,15.275526,16.521393,20.702991,24.253979,27.385752,28.941896,30.170116,27.216003,23.302227,21.829382,18.542894,18.34389,15.076786,14.875027,12.838728,16.948313,14.147045,15.224974,14.782867,11.830542,13.192739,12.188188,14.467839,15.601671,19.229073,25.212648,26.96492,30.851456,32.04029,36.20462,38.764057,34.093727,34.511395,29.70363,31.948261,27.410381,29.159197,26.652248,27.029583,27.435087,26.397943,30.746578,31.848972,31.14305,33.179916,31.142666,34.474205,34.20922,38.46305,39.018906,38.54348,35.55821,35.69027,35.005386,30.260086,30.312664,27.284664,29.801289,26.953766,30.899115,29.846998,29.003426,27.770842,24.96752,22.815483,20.823486,21.069267,21.983057,21.801556,25.161356,25.239243,29.429188,31.126036,34.95204,35.38965,34.717762,36.655342,32.517044,28.740538,27.617092,25.990269,24.633383,20.24962,19.720865,18.491053,18.898073,21.236418,21.211393,24.573774,24.84551,27.745676,28.16505,25.571209,26.885616,23.28229,24.475283,23.498556,23.457798,25.284418,22.79784,20.318764,23.583887,18.747543,21.522964,20.68152,22.514732
2,6.4509068,4.963241,0.0,5.543888,8.281688,9.282849,13.065485,15.4098425,17.906681,21.510777,25.873129,28.289824,30.371046,31.72868,28.387934,24.712267,22.102728,19.325125,17.875048,14.144582,13.195993,10.485089,14.242021,11.192684,14.025183,13.350741,11.964969,14.643761,13.903048,17.419027,17.987057,22.668678,28.061087,30.617634,33.880013,35.299313,39.462864,41.689243,36.752388,36.622,31.71409,33.187813,28.69501,29.552505,26.713337,26.476837,26.318193,24.544373,29.032393,30.68869,30.319952,32.861523,31.42602,35.03826,35.680946,39.564365,40.840324,40.330956,37.35684,37.910038,37.747917,32.94125,32.35844,29.081158,30.76836,27.473185,30.9677,29.26277,28.048828,26.414934,24.105587,21.16981,20.141031,19.789278,21.41371,22.322666,25.659927,26.577307,30.652636,32.926197,36.6983,37.539345,36.64307,39.05055,35.148563,31.39924,30.52333,28.371801,27.786728,22.662357,22.69191,20.8559,20.356932,22.544827,21.399862,25.024996,24.70526,26.975307,28.077562,25.590761,27.549454,24.392597,26.163813,25.777931,26.543146,28.789223,26.811676,24.418806,27.926678,22.70188,25.461767,23.990196,25.728157
3,8.987634,4.7934256,5.543888,0.0,4.9510717,8.301851,9.749982,13.9286995,15.545044,19.643913,23.716516,26.42887,28.150719,28.907505,25.735834,21.6784,19.86542,16.135181,16.077091,11.717546,13.00472,9.226432,12.921147,9.981129,10.492972,10.38417,7.2139225,9.258773,8.586226,12.005561,13.178912,17.614798,23.466982,26.073166,29.081255,31.019268,34.854553,37.193893,32.41544,32.185043,27.274546,29.159586,24.366943,25.98748,23.018095,23.464214,23.451393,22.517094,26.549223,28.001247,27.13542,29.532225,27.421627,30.878992,31.019825,34.938,36.016422,35.227818,32.166416,32.50874,32.43967,27.55495,26.976606,24.013891,25.812359,22.884508,26.500011,25.392168,24.305584,23.170156,20.534159,18.473331,16.730837,17.536213,18.80213,18.693426,22.462845,22.897175,27.186087,29.297544,32.99327,33.789307,33.537407,35.874413,31.537413,28.234438,26.839888,24.629827,23.454515,18.22941,17.680386,15.580185,15.199268,17.236794,16.692583,20.144867,20.22156,23.002396,23.568241,21.067776,22.594091,19.373951,20.778341,20.494406,21.118269,23.443134,21.81654,19.667442,23.836952,18.966276,22.355612,21.293121,23.775106
4,11.902462,8.641802,8.281688,4.9510717,0.0,4.536646,5.299771,9.872671,12.062223,15.707829,20.2936,22.448904,24.442621,25.099459,21.684206,17.784111,15.354777,11.807768,11.350546,6.7709417,8.822827,5.314209,9.322525,8.369377,7.770457,10.778612,7.1259103,9.389653,7.0504694,11.662387,10.849117,16.690992,21.056507,24.67218,26.877247,28.8521,32.734863,34.60745,29.547047,28.867735,23.92603,25.145666,20.544981,21.494434,18.55659,18.695366,18.821377,17.872282,22.131767,23.280216,22.59167,24.909561,23.193657,26.770525,27.505768,31.312252,32.777096,32.369812,29.506973,30.494408,30.48918,25.81719,24.930664,21.176523,22.864628,19.370064,23.222189,21.596697,21.077486,19.457287,16.543304,14.282016,12.273954,12.649049,13.903247,14.254765,17.927935,18.891123,23.056265,25.583914,29.214502,30.341036,29.947897,32.70592,28.595053,25.453812,24.282644,21.518993,21.331451,15.427913,15.9634695,13.699349,12.676643,15.978864,14.2508545,18.285677,18.420294,20.999872,21.125654,18.122526,20.18702,16.525608,19.020428,18.36693,20.228598,23.054192,21.87828,19.645597,23.69056,18.235523,21.562143,19.720726,22.383787
5,11.906911,10.219317,9.282849,8.301851,4.536646,0.0,5.307411,6.4950776,9.829076,12.809408,17.790775,19.5636,21.921238,23.154737,19.567646,16.153387,12.899179,10.645526,8.6015,5.9903336,4.880783,5.645874,9.979273,10.674231,10.914601,14.743405,11.580905,13.689656,10.572421,14.813338,12.480006,18.710075,21.703106,25.534113,27.7526,28.983984,33.265728,34.815723,29.534348,28.986685,24.155874,24.847425,20.86948,20.914474,18.584362,18.019861,18.636997,17.21245,22.104792,22.683828,22.55318,24.476067,23.536064,27.109386,28.24979,32.161194,33.62255,33.91041,31.343456,32.78019,32.34124,28.018429,27.361721,22.862364,24.955406,21.015402,25.176737,22.967916,23.09781,20.844414,17.799154,15.004358,12.968417,11.622831,12.59301,13.901395,16.728188,18.129452,21.930372,24.583824,28.273563,29.454306,28.303827,31.21249,27.66884,24.130648,23.622843,20.810099,21.688906,15.97691,17.679272,16.12942,15.299902,19.583574,17.341875,21.616598,21.790722,24.080976,23.964918,20.607952,23.004715,18.850214,22.03932,20.561802,22.888107,25.704515,24.18308,21.586235,24.707485,18.628845,21.230349,18.585588,20.67623
6,15.312081,12.626981,13.065485,9.749982,5.299771,5.307411,0.0,6.1792216,7.650486,11.044446,15.589019,17.572168,19.481163,19.91014,16.479836,12.570415,10.369816,6.5114465,7.1122537,4.202799,7.6050625,7.373806,10.514146,11.88676,9.327265,14.458249,10.159738,11.025372,7.037406,11.0232,7.7117286,14.357655,16.894297,21.211527,22.837328,24.597157,28.56533,30.080015,24.84754,24.066282,19.167044,20.15199,15.845684,16.655956,14.269344,14.559237,15.62833,15.438678,19.730696,19.790308,19.095415,20.670446,18.999767,22.427721,23.121395,27.14264,28.439346,28.637943,26.070799,27.539595,27.111755,22.847353,22.178728,17.564302,19.972092,16.1993,20.766485,19.100187,19.769945,17.947834,14.33071,12.79194,9.406778,9.528517,9.594309,9.339085,12.782892,13.676125,17.788683,20.382956,24.006819,25.22866,24.776752,27.716593,23.74127,20.78081,19.749647,16.643408,17.287745,11.122461,12.914231,11.217159,10.364738,15.390891,13.416479,17.606945,18.34357,21.057335,20.046001,16.435108,18.475412,13.853406,17.20762,15.387287,18.166136,21.197363,20.202547,17.866581,21.40553,15.646826,18.767889,16.367748,19.287521
7,16.327963,15.275526,15.4098425,13.9286995,9.872671,6.4950776,6.1792216,0.0,4.5654182,6.351704,11.596082,13.072837,15.524253,16.992054,13.3760605,10.44346,7.054608,6.440895,4.2720685,7.067397,5.6020823,10.503553,13.6353855,16.048254,14.7373085,19.96819,16.101614,17.110327,12.956276,16.123796,11.735195,17.847305,18.341692,22.592682,24.351936,24.797762,29.325151,30.382769,24.961576,24.57755,20.060478,20.350988,17.3109,16.82025,15.765915,15.0719,17.05035,16.378002,21.281094,20.320831,20.434574,21.147972,20.622778,23.812315,24.861498,29.022562,30.088053,31.335665,29.26057,31.211027,30.054762,26.424284,26.248072,20.89001,23.922419,19.856104,24.664356,22.41466,23.903236,21.432426,17.831127,15.8287735,12.697709,10.42003,9.532063,10.554265,11.972119,13.297054,16.575865,19.133959,22.81388,23.9888,22.273624,25.335285,22.322449,18.707756,18.818783,15.86129,18.147999,12.999667,16.24856,15.826074,15.520948,21.150799,18.917013,23.130772,23.894722,26.271933,25.030441,21.181631,23.425133,18.435167,22.268873,19.414694,22.40481,25.188148,23.619751,20.856482,22.85687,16.496487,18.297878,14.735736,16.646036
8,17.697023,16.521393,17.906681,15.545044,12.062223,9.829076,7.650486,4.5654182,0.0,4.6544776,8.253468,11.07419,12.63338,13.8708935,10.770664,7.3030753,6.798281,5.4955306,7.0708547,10.028262,10.126722,14.017363,17.131414,19.208708,16.868572,22.039787,17.399157,17.35589,12.887729,14.655901,9.701254,14.814848,14.5099745,18.390228,20.487045,20.466734,25.166897,26.383738,21.06291,21.305439,16.918478,18.074642,15.244205,15.877061,15.605057,15.811473,18.533361,18.885027,23.250124,21.574322,21.27758,21.159164,19.9497,22.644693,22.605337,27.22718,27.42742,28.979845,27.041965,28.769123,26.915876,23.587967,24.13335,18.741863,22.863424,19.323442,24.604534,23.094282,25.083937,23.09111,19.11451,18.177094,14.179359,12.96181,10.989479,9.94098,10.924091,10.712822,14.083445,15.837322,19.678696,20.3931,18.83145,21.480162,18.184452,14.417437,14.400062,11.7839575,13.941763,9.648931,13.245963,13.913817,14.625079,20.64918,19.3786,23.215176,24.561718,27.401735,25.419466,21.494015,23.046291,17.543835,20.983488,17.132986,19.756695,22.22314,20.365034,17.513584,18.844292,12.546851,14.098595,10.459809,12.789779
9,21.495422,20.702991,21.510777,19.643913,15.707829,12.809408,11.044446,6.351704,4.6544776,0.0,5.6765227,6.828358,9.189323,10.954388,7.495384,5.7647758,4.199498,6.7572036,6.925736,12.000679,11.277907,16.420252,18.859964,21.874266,19.65361,25.398537,21.139809,21.309038,16.876642,18.775328,13.422402,18.306673,16.004946,20.340088,21.50705,20.95937,25.61639,26.10961,20.709824,20.657024,16.79947,16.763563,15.177308,14.368597,15.10638,14.615309,17.864643,18.202377,22.509552,20.032934,20.254185,19.46121,19.231596,21.676962,22.3129,26.66177,27.077137,29.340496,27.861664,30.18735,28.24376,25.520256,25.941166,20.10931,24.038033,20.27408,25.420208,23.451378,26.075125,23.702019,19.86434,18.914701,15.207481,12.956859,10.3566065,10.225015,9.295695,9.866741,12.006244,14.086687,17.663826,18.702345,16.298674,19.461046,17.150211,13.574983,14.523716,11.63495,15.573017,11.994954,16.370481,17.178446,17.502182,23.706213,21.820438,25.641241,26.922112,29.363132,27.163303,23.13946,24.966879,19.565557,23.549715,19.540922,22.83242,25.358217,23.822197,21.117668,21.815104,15.83268,16.548544,12.351665,13.913159
10,24.81015,24.253979,25.873129,23.716516,20.2936,17.790775,15.589019,11.596082,8.253468,5.6765227,0.0,4.846139,4.798342,7.194089,5.654215,5.808901,8.649501,10.722474,12.469478,17.231157,16.832499,21.742165,24.275293,27.063318,24.36693,29.96275,25.250387,24.697416,20.241705,20.85925,15.557919,18.602177,14.573132,17.924116,19.258074,17.319164,22.206429,22.534176,17.47837,18.513098,15.550449,16.205467,15.835733,15.88523,17.841797,18.024923,21.813238,22.878841,26.621246,23.395792,23.40694,21.546585,20.979614,22.547043,21.988663,26.644878,25.884047,28.876995,27.840876,30.00407,27.078278,25.160727,26.495361,20.815609,25.745422,22.680138,28.022896,26.715914,29.842062,27.845945,23.867853,23.697437,19.608145,17.998028,14.913159,13.423944,11.503739,10.176144,11.025899,11.344543,14.776753,14.984936,11.886641,14.38822,12.637554,8.623801,10.594175,8.886148,13.476167,12.488111,16.875635,18.91718,20.146996,26.38485,25.341608,28.709309,30.454866,33.181847,30.35143,26.369913,27.535324,21.919876,25.383806,20.459343,23.19971,25.138466,23.278784,20.629145,19.814005,14.638289,14.043099,9.789622,10.720392
11,27.93333,27.385752,28.289824,26.42887,22.448904,19.5636,17.572168,13.072837,11.07419,6.828358,4.846139,0.0,3.6305695,6.3659716,4.349735,7.273044,8.1780615,12.073431,12.608584,18.12143,17.419878,22.804405,24.666248,28.203115,25.665997,31.738644,27.491821,27.330933,22.929583,24.17188,18.611538,22.283243,17.495607,21.597158,21.723291,20.055286,24.46043,23.985394,18.94893,19.0613,16.592064,15.570327,16.24529,14.558755,17.113827,16.51509,20.420864,21.34743,24.882887,21.152664,21.697361,19.445852,20.011412,21.456778,22.042,26.094343,26.03161,29.420517,28.729414,31.520823,29.011683,27.423645,28.2019,22.254333,26.431383,23.05856,28.010645,26.14422,29.637808,27.280722,23.611258,23.315311,19.743275,17.394297,14.203262,13.815176,10.671861,10.740763,10.168508,11.396386,14.137262,15.134558,11.384651,14.854551,14.3386965,11.511192,13.803757,11.497764,16.994093,15.472403,20.189207,21.69826,22.212666,28.449236,26.613205,30.031826,31.545847,33.782078,30.977844,26.998024,28.582846,23.30757,27.339159,22.797215,26.315311,28.55311,27.251019,24.804724,24.315193,19.269917,18.83108,14.629874,15.288344
12,29.549536,28.941896,30.371046,28.150719,24.442621,21.921238,19.481163,15.524253,12.63338,9.189323,4.798342,3.6305695,0.0,3.9556727,4.571402,7.8359046,10.804613,13.798942,15.409448,20.563927,20.340523,25.364977,27.36266,30.654528,27.711031,33.66463,29.098408,28.464756,24.085596,24.585938,19.151096,21.757885,16.132122,19.60114,19.706938,17.319075,21.723915,21.163414,16.415007,17.231827,15.372658,15.0181675,16.246357,15.495935,18.499296,18.542412,22.632544,24.066593,27.241377,23.274946,23.488987,20.75892,20.783913,21.68508,21.311716,25.572332,24.685946,28.406633,27.943832,30.539536,27.470915,26.35953,27.681068,21.961195,26.724829,23.86752,28.932245,27.611685,31.295712,29.282475,25.48681,25.716948,21.809956,20.082972,16.694582,15.311542,12.148312,10.911434,9.744134,9.512384,12.075394,12.415562,8.275814,11.338759,11.168393,8.488843,11.269905,9.783374,15.350994,15.276774,19.80874,21.93351,22.963728,29.139528,27.8941,31.004288,32.820614,35.294727,32.11031,28.192854,29.303995,23.936197,27.554443,22.555231,25.687296,27.567047,26.174774,23.859213,22.66299,18.302834,17.343987,13.495211,14.029218
13,31.309717,30.170116,31.72868,28.907505,25.099459,23.154737,19.91014,16.992054,13.8708935,10.954388,7.194089,6.3659716,3.9556727,0.0,3.9717755,7.366072,11.430294,13.724078,16.291262,20.965366,21.797073,26.04846,27.662119,31.016514,27.450754,33.513927,28.924803,27.93402,23.751812,23.871374,18.49555,20.541328,13.878598,17.772667,16.769127,14.828892,18.740862,17.825752,13.003265,13.41201,11.984435,11.496596,13.414804,13.089689,16.564169,17.187445,21.397161,23.514221,26.03129,21.800922,21.650667,18.466803,18.075455,18.488134,17.702265,21.919464,20.82336,24.727957,24.490026,27.228079,24.17566,23.469145,24.768349,19.177687,23.96455,21.524506,26.451252,25.551239,29.51979,27.848627,24.085106,25.023104,20.977016,19.963871,16.365059,14.168354,10.753763,8.76458,6.5876484,5.672918,8.149362,8.776577,5.4562654,9.368761,8.610587,7.5950723,9.642802,7.7096844,13.608048,13.9655285,18.400116,20.56151,21.560865,27.515882,26.461529,29.172365,31.179968,33.64255,30.065296,26.286009,27.074247,21.914669,25.391365,20.359354,23.727715,25.607237,24.798292,22.887117,21.983906,18.293846,17.794977,14.537832,15.880049
14,28.430279,27.216003,28.387934,25.735834,21.684206,19.567646,16.479836,13.3760605,10.770664,7.495384,5.654215,4.349735,4.571402,3.9717755,0.0,4.4007215,7.476983,10.247546,12.37125,17.210249,17.951933,22.281214,23.841242,27.324171,24.003002,30.176146,25.791462,25.188034,20.939035,21.755959,16.173857,19.4133,13.871126,18.553507,17.89002,16.906597,20.987339,20.477777,15.2387495,14.910069,12.287558,11.376371,12.097656,11.060706,13.928609,14.12266,18.245323,19.98965,22.946896,19.060461,19.066528,16.525755,16.368158,17.592974,17.740559,21.942648,21.771063,25.078617,24.403006,27.238811,24.818394,23.351116,24.079592,18.162441,22.482101,19.427631,24.432407,23.040327,26.756128,24.795618,21.011099,21.500559,17.56167,16.17432,12.632758,10.987143,7.6090484,6.7239203,5.962934,7.4691925,10.5731945,11.888423,9.3689575,13.265794,11.669336,9.766677,11.180584,8.090804,13.863922,12.350968,17.098122,18.632591,19.166594,25.287756,23.716408,26.791908,28.540745,30.883612,27.676683,23.769304,25.017044,19.792965,23.709482,19.083038,22.846277,25.14871,24.36547,22.257607,22.222046,17.65027,17.824347,14.136657,15.830319
15,24.87379,23.302227,24.712267,21.6784,17.784111,16.153387,12.570415,10.44346,7.3030753,5.7647758,5.808901,7.273044,7.8359046,7.366072,4.4007215,0.0,5.7557645,6.4719706,9.9068775,13.901045,15.366545,18.944254,20.818413,23.824028,20.292536,26.238083,21.640121,20.891174,16.61533,17.39673,11.800763,15.449381,11.138329,16.13032,16.196163,16.0485,20.33517,20.63598,15.163663,14.905791,11.10288,11.518431,10.252476,10.6553335,12.2746315,13.055002,16.863623,18.594835,21.835133,18.71632,18.25623,16.598448,15.433024,17.259232,16.969501,21.57916,21.46751,23.955353,22.702368,25.113548,22.909914,20.674732,21.35358,15.462353,20.02362,16.887972,22.222977,21.078697,24.31251,22.563017,18.528168,19.002527,14.659265,13.939729,10.564895,7.970931,6.287287,4.610414,6.9475513,8.726587,12.475399,13.557089,12.27868,15.588249,12.500166,10.038691,10.219579,6.509928,11.211903,8.345485,13.135028,14.505796,15.192739,21.410082,20.129807,23.32617,25.12639,27.779417,24.72263,20.763914,21.916983,16.412754,20.181072,15.575952,19.184036,21.643475,20.751785,18.537453,19.255451,14.265586,15.286609,11.80674,14.372608
16,23.239454,21.829382,22.102728,19.86542,15.354777,12.899179,10.369816,7.054608,6.798281,4.199498,8.649501,8.1780615,10.804613,11.430294,7.476983,5.7557645,0.0,5.01763,4.9400873,10.167292,10.7332,15.10477,16.635994,20.29525,17.653694,23.906693,20.059193,20.391726,16.196594,18.592216,13.146999,18.593178,15.997921,21.268597,21.323631,21.736448,25.868988,26.037943,20.536596,19.445131,15.458307,14.425315,12.683978,10.867505,11.301782,10.453332,13.74339,14.30127,18.395739,15.84063,16.098612,15.5142,15.610512,18.333359,19.882711,23.790865,25.02268,27.06757,25.59779,28.329952,27.07473,24.31763,24.022766,18.061172,21.145142,17.073753,21.938913,19.625786,22.439665,19.926577,16.20139,15.421165,11.861384,9.477461,6.463796,7.049795,5.8673577,8.078937,10.282762,13.478389,16.784075,18.518023,16.786783,20.552774,18.078238,15.462073,15.922911,12.219839,16.35766,11.790897,16.247864,16.275143,15.752215,21.825829,19.248545,23.045706,24.160954,26.25033,24.020594,20.007801,22.166489,17.118591,21.596788,18.18045,22.272291,25.191236,24.44651,22.1079,23.65935,17.958479,19.363428,15.524482,17.645773
17,20.710367,18.542894,19.325125,16.135181,11.807768,10.645526,6.5114465,6.440895,5.4955306,6.7572036,10.722474,12.073431,13.798942,13.724078,10.247546,6.4719706,5.01763,0.0,5.3517904,7.5699306,10.328973,12.647159,14.5201025,17.366829,13.93236,19.959253,15.657889,15.5612335,11.344655,13.640798,8.28676,14.205124,13.224971,18.503733,18.981304,20.30977,24.28687,25.12746,19.682959,18.66199,13.999833,14.334231,10.895231,11.175716,10.216781,10.70648,13.382223,14.391941,18.24725,16.592329,15.979143,16.148867,14.741029,17.744017,18.448513,22.669598,23.724936,24.918152,22.9269,25.115664,24.110958,20.706913,20.35469,14.716449,17.994068,14.120661,19.293459,17.646345,19.902706,17.958618,13.900898,13.586092,9.235234,8.798703,6.370892,4.524924,6.6684937,7.502654,11.376944,14.193946,17.758533,19.211294,18.624023,21.935045,18.313448,15.810077,15.136742,11.411044,13.844183,8.032673,11.904326,11.450595,10.996324,17.132061,15.086245,18.886793,20.200674,22.782192,20.530495,16.52594,18.350994,13.041343,17.193705,13.957698,17.820156,20.869034,20.243526,18.020021,20.526854,14.941401,17.352812,14.282711,17.28661
18,19.875944,18.34389,17.875048,16.077091,11.350546,8.6015,7.1122537,4.2720685,7.0708547,6.925736,12.469478,12.608584,15.409448,16.291262,12.37125,9.9068775,4.9400873,5.3517904,0.0,5.843052,6.0334854,10.361747,12.128172,15.718562,13.892284,19.943075,16.593481,17.73853,13.816982,17.328012,12.61907,19.028736,18.519625,23.638815,24.242918,25.23261,29.357088,29.942726,24.4404,23.215569,18.79572,18.050325,15.222546,13.617923,12.376088,11.094876,13.042422,12.385329,17.249441,16.122923,16.439198,17.299467,17.32908,20.679192,22.650276,26.333437,28.110397,29.376886,27.454376,29.91304,29.27791,25.831291,25.040314,19.46305,21.703772,17.300032,21.797459,19.065413,20.891264,18.121105,14.641337,12.648332,9.736109,6.6500793,5.5299726,7.999597,9.151253,11.726225,14.6764145,17.98979,21.357082,23.093115,21.633905,25.250343,22.39754,19.494358,19.558088,15.952253,18.942728,13.320004,16.943216,15.99254,14.840995,20.443295,17.353382,21.560955,22.159157,24.0859,22.73808,18.849333,21.501192,16.855722,21.299097,18.875095,22.752354,25.872032,25.072693,22.66214,25.062902,19.015375,21.03193,17.442774,19.63318
19,17.582516,15.076786,14.144582,11.717546,6.7709417,5.9903336,4.202799,7.067397,10.028262,12.000679,17.231157,18.12143,20.563927,20.965366,17.210249,13.901045,10.167292,7.5699306,5.843052,0.0,5.874801,5.2588396,7.19517,10.150031,8.1600895,14.117406,11.158621,12.96047,9.797224,14.337044,11.117335,17.869051,19.572222,24.512585,25.315958,27.323305,31.086828,32.164986,26.822332,25.348196,20.563623,20.437841,16.401888,15.850056,13.000988,12.357193,12.713668,11.718802,16.354824,16.908909,16.613585,18.807276,17.965502,21.699438,23.578377,27.017843,29.175886,29.359304,26.906519,28.878895,29.047802,24.907427,23.529724,18.776672,20.030746,15.733,19.69551,17.149235,17.68439,15.239132,12.017998,9.460212,7.0832653,6.0082955,7.3600845,9.181972,12.406535,14.586901,18.27291,21.54906,24.916704,26.627472,26.041735,29.465244,25.857388,23.176523,22.41675,18.86005,20.333502,13.920402,16.105978,13.8886795,11.94172,16.508518,13.151303,17.55044,17.708654,19.679613,19.142052,15.578846,18.415352,14.4835205,18.490183,17.447033,20.977844,24.274092,23.823929,21.703897,25.35068,19.624083,22.59092,19.832432,22.551992
20,15.880776,14.875027,13.195993,13.00472,8.822827,4.880783,7.6050625,5.6020823,10.126722,11.277907,16.832499,17.419878,20.340523,21.797073,17.951933,15.366545,10.7332,10.328973,6.0334854,5.874801,0.0,6.8878,9.736857,12.42073,12.868716,17.688152,15.212446,17.460155,14.178241,18.49792,15.111094,21.68899,23.064642,27.562262,29.038284,30.035551,34.34079,35.325863,29.86742,28.902039,24.296343,23.929031,20.64872,19.316996,17.346762,15.833293,16.527983,14.488467,19.7743,20.017553,20.520983,22.324348,22.413282,26.024572,28.08041,31.668163,33.611294,34.38714,32.140133,34.20689,33.845104,29.89581,28.964916,23.907274,25.649534,21.251612,25.249435,22.29421,22.937374,20.040148,17.19445,13.879474,12.396698,9.279383,10.358112,13.228339,15.112626,17.492628,20.66645,23.801846,27.282948,28.838455,27.188313,30.54738,27.63574,24.21543,24.264334,21.065006,23.210176,17.45388,20.153894,18.710543,17.419973,22.14067,18.96786,23.374077,23.376085,25.10083,24.89671,21.371706,24.280561,20.177977,24.144663,22.515966,25.69429,28.725857,27.506039,24.918192,27.632673,21.348194,23.477545,20.127125,21.879768
21,15.381793,12.838728,10.485089,9.226432,5.314209,5.645874,7.373806,10.503553,14.017363,16.420252,21.742165,22.804405,25.364977,26.04846,22.281214,18.944254,15.10477,12.647159,10.361747,5.2588396,6.8878,0.0,4.524414,5.650293,6.8084764,10.933991,9.512963,12.678216,10.876648,15.916026,14.342527,20.75505,23.922152,28.368256,29.676382,31.835125,35.594803,36.956257,31.700897,30.310581,25.459742,25.523037,21.254486,20.814444,17.546013,16.724468,16.051863,14.073341,18.594446,20.372246,20.184238,23.11155,22.341228,26.19078,28.181946,31.390423,33.764145,33.43318,30.730782,32.33643,32.907112,28.40549,26.792902,22.736746,23.303526,19.24253,22.422195,19.807276,19.077034,16.730963,14.461097,10.97111,10.523194,9.7512865,12.172383,14.282485,17.63107,19.77827,23.528063,26.74585,30.147114,31.788025,31.170761,34.473206,30.775103,27.852825,27.020971,23.711288,24.560303,18.205307,19.503548,16.833937,14.742416,17.850664,14.509785,18.76642,18.20961,19.821503,20.561075,17.638296,20.59503,17.602201,20.916538,20.872522,23.722092,26.895243,26.298662,24.217493,28.257654,22.614122,25.739504,23.303904,25.795752
22,19.668055,16.948313,14.242021,12.921147,9.322525,9.979273,10.514146,13.6353855,17.131414,18.859964,24.275293,24.666248,27.36266,27.662119,23.841242,20.818413,16.635994,14.5201025,12.128172,7.19517,9.736857,4.524414,0.0,5.2088656,6.306686,10.7735405,10.990447,14.258439,13.223603,18.26305,16.753027,23.116247,25.753159,30.716652,31.164042,33.847897,37.2067,38.25573,33.045677,30.977625,26.289642,25.636778,21.487482,20.378227,16.63558,15.4489355,13.700508,11.222385,15.243816,17.941278,17.837402,21.462727,21.098167,25.046646,27.873228,30.400063,33.538506,32.91985,30.27929,32.20076,33.485523,29.088596,26.76123,22.934458,22.256578,18.09952,20.32722,17.190557,15.958082,13.328962,11.954293,7.8044014,9.297458,8.795911,12.087775,14.8510895,18.126566,20.870794,24.30515,27.92545,30.997044,33.019012,32.697624,36.323837,32.702538,30.282104,29.368809,25.70441,26.842842,20.264357,21.588444,18.420319,15.507729,17.827522,13.457454,17.496437,16.342215,17.080027,18.389004,15.844997,19.328096,17.35836,20.919136,21.767628,25.189621,28.594545,28.712421,26.985178,31.381289,25.988594,29.27199,26.792955,29.47339
23,17.26259,14.147045,11.192684,9.981129,8.369377,10.674231,11.88676,16.048254,19.208708,21.874266,27.063318,28.203115,30.654528,31.016514,27.324171,23.824028,20.29525,17.366829,15.718562,10.150031,12.42073,5.650293,5.2088656,0.0,5.7699566,6.583932,8.213131,12.143453,12.407202,17.287191,17.341366,23.057472,27.276884,31.527657,32.680492,35.52153,38.858383,40.40942,35.37533,33.69603,28.860847,29.048655,24.417719,24.334587,20.450607,19.923605,18.231268,16.198858,19.702812,22.668835,22.16739,25.82783,24.733824,28.598608,30.67049,33.394753,36.150677,35.00855,32.05303,33.293247,34.652866,29.879158,27.709433,24.659836,24.077684,20.519762,22.584894,20.251535,18.150429,16.412777,15.240213,11.901507,12.901963,13.49142,16.398981,18.17516,21.943254,24.00334,27.845972,31.088364,34.3413,36.049484,35.957466,39.23042,35.207855,32.58766,31.346874,28.058,28.189737,21.800846,22.1138,18.751118,16.19212,17.285765,13.966702,17.58671,16.245157,17.33508,19.353361,17.38195,20.278156,18.719025,21.214928,22.61769,25.042994,28.172224,28.068657,26.447317,31.223848,26.179543,29.73355,27.847324,30.570208
24,19.019432,15.224974,14.025183,10.492972,7.770457,10.914601,9.327265,14.7373085,16.868572,19.65361,24.36693,25.665997,27.711031,27.450754,24.003002,20.292536,17.653694,13.93236,13.892284,8.1600895,12.868716,6.8084764,6.306686,5.7699566,0.0,6.664808,5.539446,8.336693,8.386112,13.0885935,12.98544,18.505632,22.398415,26.893085,27.486288,30.788616,33.756718,35.274113,30.399626,28.525427,23.747877,24.191841,19.31024,19.945667,15.901917,16.23454,14.850032,14.182215,17.10279,19.521246,18.366919,21.753855,19.868912,23.59777,25.229158,28.001606,30.603708,29.298658,26.303974,27.53678,28.986055,24.254618,21.96136,18.991144,18.423573,15.032809,17.438509,15.712432,14.055926,12.863824,10.877087,8.981057,8.651562,11.085475,13.349824,13.894815,18.06525,19.677351,23.614237,26.711285,29.81272,31.511341,32.0295,35.238365,30.930443,28.84891,27.211021,23.826551,23.66697,17.242077,17.313084,13.624496,10.652073,11.919355,8.395397,12.334964,11.572732,13.504718,14.434326,12.054942,14.746657,12.964076,15.559556,17.080885,19.871218,23.190355,23.644604,22.337833,27.416325,22.807934,26.66115,25.031036,28.269352
25,18.816349,14.782867,13.350741,10.38417,10.778612,14.743405,14.458249,19.96819,22.039787,25.398537,29.96275,31.738644,33.66463,33.513927,30.176146,26.238083,23.906693,19.959253,19.943075,14.117406,17.688152,10.933991,10.7735405,6.583932,6.664808,0.0,5.525728,8.746703,11.368892,15.099373,17.163548,21.407503,26.963675,30.548748,31.784039,35.29287,38.082867,40.0715,35.501488,33.923603,29.176336,30.22325,25.118643,26.368183,22.252687,22.790283,21.064236,20.159233,22.574463,25.657848,24.384508,28.021946,25.814903,29.37765,30.512518,33.1457,35.552563,33.54602,30.282478,30.703365,32.501904,27.479452,25.21543,23.525621,22.585043,20.12152,21.652088,20.642393,17.774343,17.471786,16.482084,14.800738,15.203528,17.601982,19.983446,20.2751,24.556627,25.757889,29.859205,32.650974,35.80573,37.25806,37.97977,40.877193,36.280655,34.067158,32.161346,29.200499,28.054867,22.104229,21.005108,17.253405,14.88516,13.718395,11.9638405,14.415777,13.042527,14.72858,17.081917,16.033081,17.901281,17.389572,18.32655,20.879786,22.282738,25.109367,25.464617,24.469065,29.962265,25.984146,30.035164,29.083183,32.242058
26,16.18483,11.830542,11.964969,7.2139225,7.1259103,11.580905,10.159738,16.101614,17.399157,21.139809,25.250387,27.491821,29.098408,28.924803,25.791462,21.640121,20.059193,15.657889,16.593481,11.158621,15.212446,9.512963,10.990447,8.213131,5.539446,5.525728,0.0,4.0241256,5.9207892,9.825366,11.82991,16.117212,21.847748,25.225447,26.868853,30.073057,33.084213,35.225452,30.63754,29.516287,24.68863,26.322418,21.144178,23.076555,19.3928,20.410807,19.66976,19.450895,22.345633,24.35391,22.913046,25.798716,23.144657,26.567875,26.926426,30.209738,31.898232,30.317793,27.082596,27.425846,28.43813,23.400177,21.82854,19.627476,20.059858,17.543,20.334208,19.714931,18.017923,17.635052,15.39219,14.322504,12.949872,15.560146,17.105625,16.454363,20.798918,21.365292,25.647753,28.062634,31.371918,32.541714,33.250034,35.89013,31.189642,28.871357,26.887447,24.148369,22.73554,16.955715,15.768835,12.301382,10.588098,10.937788,10.1168585,13.224938,13.0917225,15.982896,16.686163,14.678435,16.098883,14.046417,15.107276,16.47985,17.715485,20.546349,20.46068,19.197412,24.541704,20.468384,24.549109,23.719372,27.000418
27,17.649632,13.192739,14.643761,9.258773,9.389653,13.689656,11.025372,17.110327,17.35589,21.309038,24.697416,27.330933,28.464756,27.93402,25.188034,20.891174,20.391726,15.5612335,17.73853,12.96047,17.460155,12.678216,14.258439,12.143453,8.336693,8.746703,4.0241256,0.0,4.4861283,6.469764,9.833528,12.812551,19.18019,22.096033,23.818644,27.27082,30.000723,32.386765,28.103771,27.225246,22.531921,24.860802,19.576876,22.494478,19.087288,20.82552,20.557556,21.166185,23.651062,25.123785,23.295748,25.685791,22.34496,25.407742,24.86299,28.35378,29.466314,27.690376,24.373442,24.259209,25.070198,19.961308,18.750805,17.086061,18.112946,16.314762,19.395561,19.682102,18.39981,18.627539,16.023561,16.074236,13.819665,17.106451,17.936415,16.11314,20.47502,20.250198,24.570461,26.509315,29.730072,30.635693,31.81522,34.126213,29.143269,27.143183,24.766787,22.339851,20.125914,14.898955,12.787061,9.324236,8.35934,8.21677,9.359115,11.7737465,12.529071,16.153517,15.907536,13.943936,14.378569,12.0710125,12.15199,13.412778,13.943631,16.637667,16.736284,15.7998295,21.482048,18.137842,22.451128,22.206242,25.773932
28,16.213696,12.188188,13.903048,8.586226,7.0504694,10.572421,7.037406,12.956276,12.887729,16.876642,20.241705,22.929583,24.085596,23.751812,20.939035,16.61533,16.196594,11.344655,13.816982,9.797224,14.178241,10.876648,13.223603,12.407202,8.386112,11.368892,5.9207892,4.4861283,0.0,5.0941277,5.9548893,10.690172,16.13194,19.509462,21.400414,24.261835,27.505651,29.703049,25.072035,24.404812,19.548214,21.801144,16.693245,19.410683,16.463877,18.061975,18.530502,19.200872,22.287495,22.990025,21.405731,23.269835,20.199305,23.314383,22.80428,26.753717,27.638544,26.667934,23.597357,24.010866,24.062037,19.18866,18.474957,15.487923,17.64584,15.156338,19.249462,19.051281,18.793476,18.342981,15.019744,14.865453,11.650287,14.307945,14.5691395,12.55524,16.746233,16.442247,20.833073,22.779375,26.198103,27.079002,27.831778,30.221975,25.423965,23.115065,21.018421,18.45749,16.85534,11.204669,10.126182,7.195885,6.7415195,9.891993,10.08611,13.405792,14.545259,18.098269,17.084015,14.194994,15.038492,11.13542,12.566648,11.973331,13.347498,16.263155,15.751929,14.121386,19.177532,14.902882,19.032852,18.239927,21.78421
29,18.33778,14.467839,17.419027,12.005561,11.662387,14.813338,11.0232,16.123796,14.655901,18.775328,20.85925,24.17188,24.585938,23.871374,21.755959,17.39673,18.592216,13.640798,17.328012,14.337044,18.49792,15.916026,18.26305,17.287191,13.0885935,15.099373,9.825366,6.469764,5.0941277,0.0,5.636814,6.4794993,13.666526,15.804867,18.30562,21.314615,24.236511,26.946396,22.85465,22.837687,18.30281,21.735971,16.730938,20.788334,18.450489,20.80904,21.785315,23.196129,25.791956,25.954996,24.007872,25.19647,21.374653,23.860748,21.932152,26.200369,26.049076,24.889751,21.777637,21.375662,20.814991,15.910178,16.187992,14.12709,17.413054,16.113464,20.3511,21.257309,21.349699,21.581413,18.155537,18.997952,15.327871,18.377989,17.90716,14.648926,18.467878,16.925215,21.193624,22.23295,25.511765,25.853745,27.200987,28.939388,23.762558,21.8203,19.151735,17.374922,14.220636,10.109292,7.0183644,5.0987253,7.2316637,9.563321,12.175492,14.241121,16.188957,20.227915,18.418621,15.866915,15.383412,11.391551,11.108592,9.651125,9.132562,11.554052,10.783667,9.4727,15.096399,12.146246,16.583618,16.938253,20.747513
30,18.810148,15.601671,17.987057,13.178912,10.849117,12.480006,7.7117286,11.735195,9.701254,13.422402,15.557919,18.611538,19.151096,18.49555,16.173857,11.800763,13.146999,8.28676,12.61907,11.117335,15.111094,14.342527,16.753027,17.341366,12.98544,17.163548,11.82991,9.833528,5.9548893,5.636814,0.0,6.765295,10.439299,14.210018,16.094122,18.483772,22.021599,24.12867,19.381788,19.189034,14.37135,17.274982,12.54338,16.073023,14.327201,16.463564,18.223726,19.775688,22.768192,22.077068,20.44651,21.046988,17.721214,20.30059,18.866352,23.462751,23.460354,23.353622,20.655432,21.332575,20.237316,15.8854265,16.209124,12.177012,16.291786,13.985369,19.090141,19.23785,20.423649,19.894533,15.932876,16.66006,12.257355,14.532548,13.281823,9.70178,13.155932,11.619579,15.9707575,17.30553,20.798859,21.381243,22.21202,24.378025,19.497435,17.325592,15.089467,12.615854,11.030207,5.345614,5.2572746,4.4729776,6.349766,11.7985935,12.469167,15.438539,17.41151,21.072344,18.696766,15.27898,15.579013,10.237984,12.16198,8.838468,10.774951,13.644855,12.793218,10.780198,14.959563,10.444586,14.427555,13.494715,17.387705
31,22.369705,19.229073,22.668678,17.614798,16.690992,18.710075,14.357655,17.847305,14.814848,18.306673,18.602177,22.283243,21.757885,20.541328,19.4133,15.449381,18.593178,14.205124,19.028736,17.869051,21.68899,20.75505,23.116247,23.057472,18.505632,21.407503,16.117212,12.812551,10.690172,6.4794993,6.765295,0.0,8.338728,9.359686,12.43888,15.140538,18.023487,21.027212,17.332285,18.237602,14.268259,18.859892,14.654173,19.750105,18.71402,21.612862,23.58009,25.792324,28.079802,27.065792,25.005053,24.948711,20.770048,22.37152,18.947876,23.756557,22.211864,21.747538,19.072077,18.443203,16.313126,12.108074,14.16982,11.984311,17.244589,16.749058,21.504974,23.028152,24.284653,24.640375,20.864384,22.522892,18.146866,20.962841,19.376232,14.987301,17.707191,14.743264,18.444994,18.29313,21.333822,21.03543,22.87256,23.921137,18.53505,17.168833,13.990596,13.136006,8.565503,7.308432,2.8641922,5.7250953,9.70115,12.945864,15.981329,17.419567,20.05574,24.122412,21.128788,18.408186,17.151033,12.50459,11.919339,7.6584907,5.9689417,7.5990577,6.1154766,4.667796,9.81208,8.313714,12.5214205,13.698096,17.736448
32,27.789484,25.212648,28.061087,23.466982,21.056507,21.703106,16.894297,18.341692,14.5099745,16.004946,14.573132,17.495607,16.132122,13.878598,13.871126,11.138329,15.997921,13.224971,18.519625,19.572222,23.064642,23.922152,25.753159,27.276884,22.398415,26.963675,21.847748,19.18019,16.13194,13.666526,10.439299,8.338728,0.0,6.34058,6.10993,8.436943,11.713999,13.730279,9.261358,10.403097,6.883018,12.112112,9.706063,14.971909,15.8306265,18.87493,21.927391,24.905115,26.725046,24.210485,22.324207,20.690628,16.820326,17.393892,13.216421,18.50071,16.07732,17.438398,15.830232,16.57729,13.124764,10.991815,13.614558,9.643808,16.171429,15.663068,20.7697,22.125732,24.949991,24.947784,20.991922,23.276844,18.564936,20.67615,17.924332,12.987731,13.672147,9.493823,11.809936,10.547592,13.224667,12.756237,15.183339,16.31532,10.884127,10.966333,7.506159,6.382947,3.028956,5.7734756,6.667654,10.056416,12.785782,17.361103,18.949835,20.410458,23.221703,26.745813,22.752077,19.614134,18.565609,13.496183,14.530599,8.691501,10.297308,11.769564,11.644349,10.753066,11.9107065,10.553409,12.735001,12.712684,16.52527
33,29.231388,26.96492,30.617634,26.073166,24.67218,25.534113,21.211527,22.592682,18.390228,20.340088,17.924116,21.597158,19.60114,17.772667,18.553507,16.13032,21.268597,18.503733,23.638815,24.512585,27.562262,28.368256,30.716652,31.527657,26.893085,30.548748,25.225447,22.096033,19.509462,15.804867,14.210018,9.359686,6.34058,0.0,6.5773816,6.6467195,9.767279,13.312086,10.84049,14.066492,12.248636,17.757847,15.9396515,21.234667,22.146173,25.178007,28.173815,31.017363,32.956493,30.549694,28.62242,26.93702,22.953178,23.157495,18.091148,23.154615,19.43866,20.595238,19.176544,18.56446,13.8729105,12.563759,16.658932,14.589972,21.064575,21.321505,26.128706,27.983116,30.457342,30.757698,26.849089,29.037683,24.326508,26.46051,23.834879,19.025082,19.742697,15.473867,17.337362,14.984169,17.14103,15.471751,17.909655,17.387281,12.134949,12.244126,8.648379,10.496982,4.934579,10.788845,9.658798,13.734179,17.29287,20.874086,23.62602,24.63943,27.597923,31.427084,27.53067,24.767998,23.123774,18.512486,18.14069,12.68062,11.287419,10.706853,9.128549,8.693103,7.259978,9.479904,10.677436,12.76981,16.074322
34,33.518665,30.851456,33.880013,29.081255,26.877247,27.7526,22.837328,24.351936,20.487045,21.50705,19.258074,21.723291,19.706938,16.769127,17.89002,16.196163,21.323631,18.981304,24.242918,25.315958,29.038284,29.676382,31.164042,32.680492,27.486288,31.784039,26.868853,23.818644,21.400414,18.30562,16.094122,12.43888,6.10993,6.5773816,0.0,5.935195,6.360636,8.77988,6.3259144,8.371124,7.9143405,13.359218,12.572525,18.017338,19.44779,22.819906,25.82299,29.334042,30.311924,27.475351,25.330488,23.068882,18.89481,18.205889,12.393355,17.166115,12.9415045,14.537035,13.734241,13.863685,8.92807,9.248377,13.075586,11.138323,17.321993,18.287584,22.550173,24.808338,27.885836,28.46429,24.851467,27.84945,23.351137,25.820559,22.987034,17.987343,18.099836,13.879599,14.693522,12.236906,13.273959,12.0677805,16.081303,16.158064,11.08439,13.410715,9.956305,10.425404,7.381021,11.78202,11.512351,14.595282,17.176456,20.467953,22.704538,23.150133,26.215961,29.62089,25.115772,22.58728,20.694588,16.734465,16.631418,11.472126,11.968918,12.172203,13.178544,13.626233,13.777582,14.999913,16.413681,17.290836,20.653025
35,34.009274,32.04029,35.299313,31.019268,28.8521,28.983984,24.597157,24.797762,20.466734,20.95937,17.319164,20.055286,17.319075,14.828892,16.906597,16.0485,21.736448,20.30977,25.23261,27.323305,30.035551,31.835125,33.847897,35.52153,30.788616,35.29287,30.073057,27.27082,24.261835,21.314615,18.483772,15.140538,8.436943,6.6467195,5.935195,0.0,5.3133073,7.6681004,5.6476035,10.418281,10.752488,15.559416,15.8607645,20.36924,22.559153,25.389673,28.908812,32.077408,33.657448,30.333414,28.654804,25.917593,22.531296,21.850533,16.590147,21.387505,16.86632,19.627188,19.316349,19.65758,14.395207,15.085881,18.955753,16.310795,22.665209,22.917484,27.578299,29.2285,32.543682,32.606586,28.755083,31.185194,26.502134,28.084415,24.92406,20.285034,19.55787,15.131875,15.220596,11.607206,12.619055,10.127758,13.137237,11.839168,7.121758,9.631499,6.8067455,9.539194,7.5755677,13.735437,14.487456,18.268423,21.166262,25.262627,27.192831,28.23106,31.185463,34.62697,30.291676,27.40049,25.971674,21.4295,21.889376,16.30048,16.492825,16.288061,15.648302,15.270128,12.9462595,14.307709,14.023355,14.919263,17.412918
