,0,1,2,3,4,5,6,7,8,9,10,11,12,13,14,15,16,17,18,19,20,21,22,23,24,25,26,27,28,29,30,31,32,33,34,35,36,37,38,39,40,41,42,43,44,45,46,47,48,49,50,51,52,53,54,55,56,57,58,59,60,61,62,63,64,65,66,67,68,69,70,71,72,73,74,75,76,77,78,79,80,81,82,83,84,85,86,87,88,89,90,91,92,93,94,95,96,97,98,99,100,101,102,103,104,105,106,107,108,109,110,111,112,113,114
0,0.0,4.2717376,5.8328815,8.44251,11.87793,13.390566,17.316471,20.058327,23.340534,26.410902,31.275251,32.986397,35.44231,36.50758,32.884743,29.281054,25.943161,23.313213,21.165222,16.601492,15.921629,11.729335,13.613252,11.533643,15.295112,16.501127,18.519955,22.384058,21.678116,25.581308,25.567291,29.35159,34.202347,35.978004,39.110744,40.194168,44.511288,45.89098,43.882545,41.014538,36.42781,36.71884,31.843884,31.985025,28.004263,27.603888,25.257778,23.348799,25.395678,29.34968,28.146912,32.5991,30.9077,33.613964,37.31588,36.210857,41.088135,39.321877,36.585663,38.211582,41.82799,37.13746,34.10527,30.80335,29.972185,26.890955,27.590078,25.952728,22.788319,22.477545,22.426142,19.255878,20.668106,20.56507,23.346155,25.134827,28.761093,30.366234,34.437603,36.83074,40.5481,41.604485,39.41624,42.50643,40.875874,36.206863,34.263462,29.982054,30.147074,25.101322,25.402828,21.347183,22.01467,20.29684,21.033655,24.2811,27.832323,27.03879,31.371824,31.12697,27.463398,27.447756,23.883337,22.557974,20.679035,17.651453,16.16177,14.709838,14.299445,14.757121,18.357409,20.124846,22.602135,25.682003,27.146523
1,4.2717376,0.0,5.116294,4.94567,8.83548,11.396345,14.5407095,18.219538,20.92719,24.451952,29.004719,31.118427,33.270493,34.08515,30.63086,26.757622,24.0626,20.812523,19.557123,14.622194,15.048728,10.152616,12.765648,10.043875,12.288763,14.1206665,15.255386,18.975908,18.231342,21.786102,22.137777,25.453165,30.60154,32.119114,35.48655,36.56487,40.853786,42.43064,40.597317,37.759544,33.237305,33.923615,28.855974,29.636246,25.592403,25.729908,23.616196,22.41507,24.272314,27.860308,26.268291,30.481236,28.254019,30.787735,34.132458,32.917,37.70726,35.6676,32.819263,34.241714,38.005764,33.326855,30.245281,27.307993,26.478117,23.700354,24.461008,23.265934,20.251236,20.476282,20.270725,17.773693,18.496489,19.18905,21.62389,22.626308,26.520597,27.655882,31.884136,34.020023,37.751923,38.635956,36.70808,39.669445,37.677845,33.107353,30.912493,26.819017,26.512272,21.611654,21.504118,17.3824,18.010813,16.187601,16.767883,20.094707,23.866661,23.124182,27.35863,27.336596,23.873545,23.842033,20.283316,18.801638,16.641396,13.776169,11.904341,10.502037,10.375961,10.899834,14.964376,16.894651,19.71713,22.733381,24.67018
2,5.8328815,5.116294,0.0,5.964683,7.1252656,8.679187,12.19186,15.2460985,18.639858,21.512747,26.556892,28.003218,30.49386,31.297577,27.612186,24.047241,20.57569,17.893827,15.790439,10.899497,11.043369,5.9286394,8.134171,6.863517,10.398614,12.77474,14.111171,17.929377,16.730247,21.077084,20.422365,24.880323,29.246845,31.741335,34.260662,35.749622,39.831657,40.956364,38.650402,35.64146,31.067486,31.050869,26.289452,26.182875,22.225464,21.776817,19.5393,17.800222,20.0929,23.748203,22.536018,26.89629,25.28853,28.165182,31.89634,31.10948,35.853138,34.50391,31.885984,33.835464,37.09105,32.445824,29.50013,25.67177,25.047344,21.611786,22.744339,20.789326,18.239279,17.569578,16.976099,13.719304,14.885117,14.804623,17.59012,19.46328,23.083723,24.888882,28.892925,31.510542,35.169918,36.422264,34.440075,37.763042,36.13763,31.421448,29.793776,25.236042,25.88575,20.346102,21.11023,17.19951,18.148138,17.671192,18.482304,21.407593,24.535355,24.756119,28.571384,29.172655,25.322878,24.558071,21.420729,18.977392,18.104528,13.751853,13.740464,13.517842,13.131499,12.233204,16.776236,16.539276,19.635777,21.95602,23.71611
3,8.44251,4.94567,5.964683,0.0,4.737075,7.389371,10.124192,13.968144,16.231142,20.015633,24.303154,26.700363,28.65671,29.483976,26.155329,22.194021,19.95249,16.50561,15.791008,11.246332,11.983354,7.9716654,11.847753,10.202654,10.308481,14.1265745,13.452006,16.803326,15.072239,18.512093,18.193098,21.511654,26.300667,27.615686,31.009926,31.842485,36.252495,37.787212,36.09217,33.505527,28.899105,29.961147,24.862364,26.053427,22.27698,22.709408,21.280132,20.554895,22.944471,25.77273,24.043861,27.803675,25.224056,27.918077,30.606407,29.941462,34.229202,32.389725,29.388788,30.626328,34.00005,29.16207,26.473333,23.396126,23.366377,20.514936,22.193987,21.14793,19.119766,19.392677,18.300522,16.18754,15.676309,16.453695,18.270708,18.687117,22.538301,23.286942,27.558308,29.434166,33.19746,33.940086,31.917854,34.787384,32.82027,28.254955,26.042978,21.985214,21.76876,17.01473,17.283129,13.595244,15.034226,14.2734,13.654603,16.308805,19.472866,19.087835,23.199493,23.395824,19.642326,19.251482,15.858147,14.118574,12.590407,9.400635,8.87053,8.666003,7.275753,6.546489,10.95789,11.972195,14.965029,17.814548,19.898924
4,11.87793,8.83548,7.1252656,4.737075,0.0,4.4679084,5.7462144,10.44695,12.689763,16.28686,20.755655,22.862873,24.850224,25.382824,21.974861,18.015093,15.697048,12.039853,11.653671,6.7820883,9.024971,4.944531,9.076268,8.672036,7.2407637,12.445366,10.713013,13.7852745,11.3049,15.270049,14.06958,18.26626,22.48021,24.661068,27.34315,28.649004,32.804905,34.053326,32.01187,29.252848,24.624498,25.362171,20.343834,21.322027,17.584057,18.050257,16.880503,16.51389,19.092674,21.44011,19.692644,23.25907,20.726706,23.61077,26.301716,26.00442,30.142542,28.766323,25.897814,27.508375,30.47819,25.675291,23.08407,19.356977,19.625307,16.35769,18.622723,17.27913,16.09187,16.035809,14.268742,12.376218,11.145632,12.128971,13.701412,13.993894,17.902649,18.827538,23.071003,25.205141,28.92808,29.896402,28.091526,31.235802,29.280054,24.636316,22.792467,18.368338,18.763586,13.317699,14.240662,10.80361,12.685496,13.571576,13.090486,15.189019,17.721231,18.603905,21.992197,23.15208,19.297054,18.009563,15.277344,12.076272,12.065734,6.9952188,8.995522,10.40666,9.4118,6.914784,11.897583,9.989998,13.746059,15.513522,17.934767
5,13.390566,11.396345,8.679187,7.389371,4.4679084,0.0,5.0757914,6.83255,10.052116,13.117755,17.967701,19.760935,22.080902,23.158125,19.58089,16.017262,12.957813,10.446561,8.648358,5.689517,5.1756287,5.4364247,9.737156,11.326383,10.708607,16.064875,14.309404,17.044935,13.828801,17.861898,15.256138,20.0036,23.039278,25.256815,27.548063,28.446138,32.77102,33.627995,31.530178,29.129826,24.33583,24.90805,20.29431,20.650387,17.516273,17.362349,16.836016,15.865193,19.560764,21.449715,20.208012,23.50562,21.466225,24.789457,27.138468,27.726238,31.278246,30.583313,27.766018,29.382437,31.581047,26.667858,24.758663,20.410273,21.701221,18.004543,21.146877,19.350857,19.00059,18.237679,15.754897,13.221025,11.573499,10.814793,12.038538,13.137479,16.3259,17.606771,21.576775,23.785574,27.518303,28.573137,26.121372,29.35027,28.110197,23.33766,21.975082,17.333267,18.823097,13.655416,15.883785,13.498823,16.055,17.649048,16.376623,17.56586,18.860046,19.894716,23.217247,24.105722,19.731585,18.143158,15.751835,12.922996,14.133507,9.487171,12.693121,14.205569,12.088503,9.258995,12.708946,9.427461,12.35069,13.898006,15.470021
6,17.316471,14.5407095,12.19186,10.124192,5.7462144,5.0757914,0.0,6.1791067,7.5019927,11.024068,15.334826,17.416513,19.258974,19.645529,16.270424,12.271409,10.3904,6.397372,7.2917657,4.550913,7.8213897,7.543359,10.853674,12.2899685,9.178727,15.156222,11.853325,13.650784,9.736735,13.448022,10.260819,15.207382,18.019138,20.700964,22.667475,24.006922,28.076763,28.964495,26.777472,24.22691,19.471684,20.300457,15.466969,16.57919,13.471969,14.175665,14.286178,14.652287,17.865122,18.84441,17.161125,19.850695,17.1931,20.393415,22.251501,23.011269,26.309214,25.659813,22.842989,24.511211,26.55477,21.688486,19.824392,15.356531,17.032684,13.444366,17.20353,15.798498,16.45061,16.072048,13.046024,11.929849,8.694485,9.443747,9.537307,8.898054,12.57084,13.232059,17.451056,19.544046,23.27719,24.308586,22.448689,25.746616,23.98594,19.266539,17.876543,13.126492,14.548303,8.849137,11.36715,9.606279,12.522113,15.39219,13.999383,14.555631,15.394076,17.57279,20.030119,21.94026,17.948195,15.661693,14.0273,9.784423,12.134739,6.768748,11.536433,14.076311,12.638011,9.205341,12.838081,7.5603127,11.427379,11.609439,14.196444
7,20.058327,18.219538,15.2460985,13.968144,10.44695,6.83255,6.1791067,0.0,4.5291123,6.3541646,11.505486,12.965011,15.426463,16.841686,13.223217,10.20166,6.94316,6.3044596,4.249953,7.169727,5.923076,10.670224,13.643749,16.59101,14.830363,20.570438,17.731873,19.352459,15.205698,18.636501,14.188855,19.225372,20.154825,22.668558,23.971336,24.57743,28.794302,29.044542,26.844168,24.980711,20.168459,20.720488,16.878958,16.908419,15.111471,14.772842,15.928259,15.424879,19.92982,20.206821,19.36206,21.48618,19.725735,23.34821,24.612751,26.582726,28.9298,29.243097,26.599667,28.178164,29.074345,24.2454,23.45677,18.475597,21.384026,17.554176,22.015087,20.13056,21.512989,20.357832,16.824467,14.95832,11.805751,9.912046,9.052204,9.802359,11.514037,12.710859,16.137615,18.240458,21.878166,23.017328,20.048359,23.439854,22.954027,18.172945,17.709946,12.928131,16.116665,11.730707,15.619752,15.1644745,18.389816,21.45228,19.385351,19.093075,18.407501,20.516048,22.819578,24.200903,19.712275,17.19403,16.164122,13.059218,16.353912,12.232318,17.05168,19.34314,16.896599,13.554997,15.409932,9.384084,11.192352,10.687982,11.513765
8,23.340534,20.92719,18.639858,16.231142,12.689763,10.052116,7.5019927,4.5291123,0.0,4.6151643,8.100572,10.879692,12.458011,13.684427,10.582451,7.0796037,6.7451153,5.4751,7.1202297,10.103458,10.395882,14.0786915,17.099844,19.512833,16.464495,22.40986,18.593084,19.42194,14.963604,17.29166,12.498146,16.579092,16.762083,18.64297,20.070477,20.206797,24.583347,24.93514,23.126284,21.73055,16.939884,18.486313,14.704101,15.988104,14.862151,15.443648,17.42942,17.967566,22.016447,21.452845,20.281326,21.529442,19.109423,22.450111,22.528109,24.966745,26.539825,26.851114,24.088158,25.188915,25.63114,20.76057,20.632046,16.059322,19.932463,16.70077,21.693184,20.481485,22.549154,21.913145,18.185326,17.42007,13.381471,12.620207,10.666875,9.217047,10.496054,10.085083,13.561659,14.790293,18.508913,19.217745,16.225592,19.36646,18.628084,13.8574,13.243584,8.623732,12.086072,8.848272,13.183053,14.053318,17.606892,21.183228,18.344639,17.052128,15.224124,17.853733,19.47411,21.186443,16.932098,13.939329,13.81329,10.690136,14.930557,11.862157,17.116814,19.812975,17.314451,13.896864,14.782357,7.7967176,9.080529,7.0184274,8.390815
9,26.410902,24.451952,21.512747,20.015633,16.28686,13.117755,11.024068,6.3541646,4.6151643,0.0,5.623595,6.696484,9.101941,10.852417,7.393343,5.6358123,4.242509,6.823923,7.064295,12.144755,11.60381,16.543358,18.81518,22.063156,19.507048,25.20739,21.660496,22.300587,17.868584,20.30323,14.88908,19.377838,18.069012,20.682873,20.823748,21.102055,24.997858,24.601315,22.388103,21.243242,16.691708,17.392767,14.766694,14.7667055,14.755814,14.583238,17.282492,17.567127,22.038044,20.77117,20.21009,20.892693,19.336792,22.868238,22.775824,26.005404,26.980812,28.211422,25.839546,27.242474,26.803644,22.313469,22.731243,17.649733,21.89641,18.441004,23.654648,22.00048,24.671034,23.464743,19.462614,18.54462,14.642466,12.773605,10.134981,9.612257,8.895006,9.28239,11.532169,13.169128,16.560694,17.706734,14.235185,17.77904,18.112392,13.562029,14.308741,9.997778,14.738781,12.07044,16.720716,17.93245,21.310295,25.246012,22.733791,21.334814,19.051779,22.01704,23.129858,25.01569,20.875036,17.71964,18.086287,15.074216,19.49183,16.206837,21.532097,24.241383,21.80796,18.379442,19.25332,12.371262,12.996071,10.347051,10.379349
10,31.275251,29.004719,26.556892,24.303154,20.755655,17.967701,15.334826,11.505486,8.100572,5.623595,0.0,4.8096604,4.7794485,7.188539,5.6640344,5.785721,8.7179,10.719802,12.5472555,17.243893,17.102966,21.716158,24.117266,27.04271,23.76069,29.51351,25.33991,25.321367,20.84898,22.109043,16.719236,19.702663,16.886646,18.40809,18.185162,17.41358,21.283182,20.624012,19.072012,19.097698,15.054899,16.89698,15.240063,16.331331,17.455038,17.97088,21.319397,22.294718,26.36208,24.307379,23.626322,23.269829,21.36637,24.429985,22.78433,26.751278,26.43579,27.95229,25.64238,26.385187,24.930847,20.7549,22.371277,18.091734,23.298346,20.663118,26.15498,25.128956,28.368406,27.54912,23.491938,23.338058,19.031187,17.849237,14.762405,12.85039,11.184671,9.573168,10.448794,10.180259,13.192318,13.602831,9.306071,12.415116,13.431865,9.371216,10.939066,8.299569,13.356664,13.219726,17.706997,20.18355,23.644398,27.843521,24.653349,22.286436,18.678879,21.896936,22.040379,24.018991,20.397942,17.028885,18.547676,16.263771,21.105652,19.111229,24.422686,27.300646,24.74295,21.452278,21.235458,14.506575,14.006019,10.172087,9.584258
11,32.986397,31.118427,28.003218,26.700363,22.862873,19.760935,17.416513,12.965011,10.879692,6.696484,4.8096604,0.0,3.6489177,6.3436446,4.3432074,7.1946764,8.194762,12.042098,12.671204,18.159876,17.666147,22.812567,24.492361,28.06121,25.342825,30.7894,27.056974,27.071362,22.731714,24.47991,18.76318,22.595081,19.19191,21.94669,20.503647,20.545185,23.605902,22.21123,19.897945,19.69921,16.036566,16.344492,15.797362,15.176484,17.063334,16.726225,20.371433,21.012249,25.268375,22.773983,22.713251,22.045437,21.170301,24.406176,23.171652,27.529688,27.090826,29.40928,27.5425,28.86802,27.002144,23.262226,24.804867,19.901064,24.846205,21.828386,27.235607,25.656723,29.19664,27.804203,23.655964,23.26353,19.340164,17.347254,14.097725,13.321215,10.349038,10.203097,9.65604,10.555948,12.870669,14.201503,10.152104,13.812855,15.743084,12.261508,14.77141,12.020667,17.383646,16.384209,21.009026,23.151232,26.388453,30.801088,28.228117,26.23552,22.99285,26.433687,26.542364,28.75167,25.092253,21.702356,23.009584,20.259758,25.053247,22.225657,27.653072,30.534258,28.174145,24.757772,25.176912,18.273825,18.197044,14.677921,13.910321
12,35.44231,33.270493,30.49386,28.65671,24.850224,22.080902,19.258974,15.426463,12.458011,9.101941,4.7794485,3.6489177,0.0,3.952244,4.608071,7.828032,10.861922,13.78393,15.4884815,20.577171,20.595488,25.322744,27.166319,30.411022,27.125439,32.612633,28.44857,28.050858,23.72763,24.745949,19.183025,22.05521,17.87879,20.008259,18.283894,17.81104,20.702665,19.158297,17.275423,17.823181,14.589219,15.763216,15.694037,16.059988,18.360817,18.658625,22.522009,23.707037,27.57926,24.73897,24.429447,23.214226,21.919239,24.7743,22.564299,27.2373,26.04314,28.42475,26.598703,27.504318,25.081467,21.60653,23.807959,19.515167,24.91229,22.466602,27.961582,26.855959,30.671127,29.624115,25.491074,25.641785,21.40746,20.06543,16.642452,14.865762,11.899026,10.415469,9.172278,8.502609,10.420375,11.184915,6.671025,10.180878,12.488578,9.594641,12.646843,11.082048,16.23575,16.535786,20.914682,23.713938,26.942202,31.492153,28.599525,26.110449,22.26024,25.881897,25.37162,27.751013,24.522036,21.046541,22.941156,20.452732,25.396471,23.23177,28.624556,31.624805,29.302698,25.95738,25.929373,19.115942,18.721287,14.722825,14.050833
13,36.50758,34.08515,31.297577,29.483976,25.382824,23.158125,19.645529,16.841686,13.684427,10.852417,7.188539,6.3436446,3.952244,0.0,3.9723017,7.3865647,11.446147,13.676018,16.310328,20.888748,21.928093,25.854763,27.33624,30.381033,26.633787,31.824724,27.445745,26.547493,22.450373,22.99858,17.531118,20.093046,15.126893,18.088274,15.324876,15.770905,17.950964,16.137835,13.68372,14.0251665,11.106924,12.196083,12.845484,13.548796,16.390663,17.169764,21.25887,23.113283,26.364923,23.03329,22.5714,20.728434,19.316175,21.824179,19.093885,24.043406,22.405325,25.118135,23.571045,24.641872,21.846748,18.767637,21.144823,16.954786,22.414696,20.351578,25.758347,24.89735,29.128002,28.23856,24.172314,25.000856,20.63154,19.976465,16.350624,13.819946,10.565078,8.398934,6.011934,4.8222103,6.6113577,7.9363728,4.923156,9.228546,10.567807,7.9981937,11.5964775,10.341763,15.300474,15.687618,19.757458,22.859123,25.777393,30.632557,28.109592,25.576546,21.785147,25.97374,24.880644,27.973333,25.181015,21.510725,23.62385,20.531118,25.511154,23.196953,28.574326,31.754717,29.927397,26.54856,26.97534,20.001629,20.24678,16.00307,16.270664
14,32.884743,30.63086,27.612186,26.155329,21.974861,19.58089,16.270424,13.223217,10.582451,7.393343,5.6640344,4.3432074,4.608071,3.9723017,0.0,4.378976,7.4892135,10.200462,12.389141,17.154083,18.068169,22.116142,23.536118,26.76437,23.378597,28.621845,24.542692,24.05084,19.847103,21.144985,15.4263935,19.089386,15.231963,18.807861,16.770128,17.699686,20.390266,19.0556,16.288355,15.573508,11.785814,12.129725,11.617815,11.57703,13.764096,14.134199,18.046062,19.547028,23.14654,20.247156,19.838724,18.705015,17.423168,20.435394,18.859972,23.314705,22.748379,25.133259,23.386108,24.879375,22.965708,19.359154,20.86248,15.91829,20.969906,18.241676,23.676273,22.387611,26.317223,25.185423,21.055088,21.449345,17.190666,16.163647,12.586285,10.573509,7.337369,6.240536,5.4191732,6.7690043,9.576862,11.285058,8.504262,12.7431135,13.444682,9.756604,12.410276,9.485373,14.836363,13.71757,18.146278,20.602938,23.588598,28.3294,26.081217,24.038908,20.889904,24.933004,24.52993,27.476337,24.21532,20.58291,22.09739,18.628838,23.51194,20.529005,25.98709,29.089565,27.260782,23.792837,24.704361,17.55595,18.247986,14.3656,14.808435
15,29.281054,26.757622,24.047241,22.194021,18.015093,16.017262,12.271409,10.20166,7.0796037,5.6358123,5.785721,7.1946764,7.828032,7.3865647,4.378976,0.0,5.721759,6.396526,9.8432455,13.75677,15.360289,18.663465,20.457884,23.226181,19.483448,24.918167,20.632746,20.267874,15.920547,17.31129,11.629961,15.535101,12.936387,16.425323,15.563578,16.658236,20.004723,19.513996,16.983234,15.619318,11.061291,12.220701,9.779711,10.995066,11.7845545,12.789672,16.188797,17.872034,21.344025,19.121859,18.146008,17.764832,15.6091795,18.728287,17.637728,21.332323,21.645437,23.15072,20.968414,22.40989,21.466555,17.243885,18.066145,13.024162,17.928484,15.079656,20.576706,19.493307,23.036331,22.252079,18.186672,18.660957,14.1188,13.7956,10.42919,7.443296,5.9920783,4.055378,6.57211,8.043601,11.68768,12.9472,10.687367,14.583858,13.923041,9.386448,10.617068,6.354302,11.547863,9.4921875,14.051145,16.310076,19.409496,24.04124,21.745756,19.864878,17.125582,21.146357,21.10023,24.093868,20.724043,17.1066,18.287575,14.442168,19.257355,16.16645,21.618078,24.74172,23.024532,19.559368,20.72447,13.534671,14.813847,11.1226015,12.521606
16,25.943161,24.0626,20.57569,19.95249,15.697048,12.957813,10.3904,6.94316,6.7451153,4.242509,8.7179,8.194762,10.861922,11.446147,7.4892135,5.721759,0.0,5.0543666,4.956346,10.194983,10.7945595,15.030168,16.394617,19.976631,17.547989,22.835934,19.573042,20.115044,15.913748,18.825462,13.269534,18.714876,17.457369,21.477798,20.843147,22.295128,25.604551,25.028528,22.08744,20.128061,15.620666,15.087088,12.499155,11.297241,11.09876,10.443617,13.230163,13.643053,18.027163,16.574577,16.185814,16.975195,15.917154,19.63926,20.36507,23.435682,24.873182,26.395565,24.330782,26.396833,26.13208,21.881184,21.751028,16.05841,19.701595,15.838124,20.869904,18.76617,21.677395,20.098372,16.015072,15.1935005,11.388175,9.32415,6.232144,6.5220504,5.50176,7.718468,10.073888,13.018932,16.30271,18.11865,15.617361,19.642561,19.561962,15.058266,16.044962,11.331691,15.987599,12.06429,16.560364,17.305172,20.25449,24.453352,22.868088,21.997463,20.41617,23.839314,24.799116,27.292862,23.345085,20.092184,20.242601,16.286798,20.504595,16.201788,21.522808,24.321413,22.554752,19.03749,21.044464,14.086774,15.824163,13.361892,14.223384
17,23.313213,20.812523,17.893827,16.50561,12.039853,10.446561,6.397372,6.3044596,5.4751,6.823923,10.719802,12.042098,13.78393,13.676018,10.200462,6.396526,5.0543666,0.0,5.3520727,7.475912,10.285377,12.390588,14.238766,16.841614,13.374047,18.925362,15.083249,15.541341,11.171703,14.064909,8.78285,14.379617,14.609299,18.509241,18.826189,20.589499,24.14828,24.314547,21.628016,19.186222,14.403359,14.756799,10.617167,11.252121,9.483429,10.244339,12.212066,13.449804,16.987816,16.175034,14.846109,16.178726,13.850111,17.356901,18.309713,20.484509,22.660276,23.228521,20.803,22.768486,23.45228,18.868595,17.994743,12.538449,15.756004,11.984459,16.988705,15.391116,17.957169,17.073956,13.143616,12.985459,8.523703,8.586263,6.181537,3.850396,6.4302244,7.19707,11.186686,13.681132,17.320717,18.738434,17.004854,20.74287,19.390154,14.691524,14.489207,9.413044,12.815823,7.6635194,11.853723,12.258602,15.22385,19.442415,17.95094,17.301908,16.38936,19.896488,20.99021,23.76478,20.03409,16.857712,16.688074,12.059578,16.041616,11.465193,16.810831,19.771828,18.429611,14.905997,17.475512,10.610854,13.44963,11.377945,13.623517
18,21.165222,19.557123,15.790439,15.791008,11.653671,8.648358,7.2917657,4.249953,7.1202297,7.064295,12.5472555,12.671204,15.4884815,16.310328,12.389141,9.8432455,4.956346,5.3520727,0.0,5.9081755,6.017073,10.334374,11.928686,15.652508,14.15706,19.422644,16.923882,18.365564,14.430371,18.304344,13.532978,19.455965,19.90856,23.722054,24.004517,25.526903,29.152287,29.031128,26.181887,23.804718,19.145323,18.559547,15.091517,13.854001,12.028457,10.973007,12.14784,11.494799,16.213343,16.257275,15.753008,17.94671,16.8892,20.706232,22.630709,24.666237,27.211771,28.035192,25.774038,27.97734,28.708532,24.199947,23.17609,17.576498,20.078417,15.831008,20.17737,17.720852,19.506046,17.773296,14.033803,12.06316,9.039236,6.20391,5.07194,7.473551,8.868919,11.416259,14.523314,17.524387,20.955748,22.665627,20.23406,24.089811,23.625563,18.919231,19.066437,14.048284,17.708178,12.6363735,16.562983,15.9574995,18.732038,22.227165,21.101725,21.11876,20.698727,23.448847,25.29721,27.344913,23.117313,20.336525,19.522203,15.595414,18.945854,13.959807,18.815315,21.240644,19.530212,16.142853,18.905043,12.729546,15.1093645,14.015656,15.109288
19,16.601492,14.622194,10.899497,11.246332,6.7820883,5.689517,4.550913,7.169727,10.103458,12.144755,17.243893,18.159876,20.577171,20.888748,17.154083,13.75677,10.194983,7.475912,5.9081755,0.0,5.7768545,5.073719,7.0610585,9.941481,8.5113325,13.772604,11.773282,14.014632,10.720513,15.347181,12.104219,18.017416,20.419943,24.196127,25.278044,27.265928,30.910349,31.396854,28.620613,25.64222,21.016676,20.594446,16.192675,15.698759,12.271938,11.872553,11.15462,10.584644,14.188757,15.774539,14.560976,17.935,16.295086,19.777294,22.746782,23.388527,27.134323,26.975624,24.568504,26.910013,28.861094,24.29532,22.15342,17.051989,17.973703,13.751794,16.979872,14.576283,15.00344,13.640504,10.603171,8.23424,6.0572214,5.5225053,7.060378,8.7716055,12.185835,14.29273,18.102795,21.044441,24.590101,26.159195,24.4193,28.123726,26.71775,21.992315,21.236492,16.239252,18.362041,12.306737,14.843602,12.644575,14.777842,17.540468,17.399464,18.550245,19.719242,22.041172,24.400667,26.46718,22.486843,20.191021,18.54455,14.261198,16.302309,10.491821,14.45391,16.609425,15.729662,12.625133,16.81424,12.000892,15.573781,15.615328,17.692236
20,15.921629,15.048728,11.043369,11.983354,9.024971,5.1756287,7.8213897,5.923076,10.395882,11.60381,17.102966,17.666147,20.595488,21.928093,18.068169,15.360289,10.7945595,10.285377,6.017073,5.7768545,0.0,6.89565,9.417485,12.961393,13.433047,18.32465,17.108,19.659384,16.327389,20.727919,17.128084,22.750906,24.581501,27.66068,28.927555,30.074831,34.113064,34.367165,31.80124,29.39399,24.654623,24.293272,20.405487,19.342276,16.745443,15.498818,15.192709,13.248517,17.887842,19.533648,19.052124,22.280863,21.275396,24.968466,27.597767,28.809696,32.094078,32.258232,29.780352,31.842155,33.35529,28.626856,27.060661,21.919218,23.527891,19.306757,22.74253,20.191002,20.441431,18.72111,15.848858,12.533031,11.315422,8.384641,9.753926,12.636647,14.790507,17.145695,20.491323,23.27711,26.807384,28.305632,25.572,29.15542,28.665506,23.874895,23.38704,18.478577,21.23367,16.000544,19.118855,17.27434,19.804464,22.020609,21.108387,22.006092,22.617788,24.210012,27.107418,28.243086,23.724218,21.720907,19.87547,16.823154,18.874681,13.962908,17.648954,19.255215,17.254553,14.393555,17.419039,13.115543,15.393926,16.030817,16.78044
21,11.729335,10.152616,5.9286394,7.9716654,4.944531,5.4364247,7.543359,10.670224,14.0786915,16.543358,21.716158,22.812567,25.322744,25.854763,22.116142,18.663465,15.030168,12.390588,10.334374,5.073719,6.89565,0.0,4.5314846,6.250901,7.575666,11.809875,11.583269,14.891031,12.738907,17.50254,15.689208,21.003872,24.495117,27.778963,29.515255,31.370726,35.18752,35.969658,33.352825,30.273277,25.696627,25.343855,20.77365,20.338654,16.528223,15.994992,14.170477,12.7581005,15.672672,18.607035,17.417194,21.498299,19.983776,23.160868,26.733374,26.551638,30.937052,30.194864,27.718042,29.976864,32.633522,28.046356,25.39071,20.866108,20.797836,16.881618,18.886435,16.542067,15.276309,14.088445,12.36904,9.098153,9.324759,9.058312,11.687383,13.690707,17.219122,19.278254,23.159351,26.01883,29.600676,31.067257,29.256279,32.818687,31.292963,26.557014,25.38222,20.549068,21.925535,15.959077,17.526081,14.216837,15.693921,16.965813,17.499966,19.660715,21.930365,23.311205,26.39996,27.85358,23.884924,22.278944,19.842537,16.269169,16.86895,11.3294935,13.506016,14.711077,14.151308,11.847091,16.610249,13.862145,17.397213,18.611843,20.57825
22,13.613252,12.765648,8.134171,11.847753,9.076268,9.737156,10.853674,13.643749,17.099844,18.81518,24.117266,24.492361,27.166319,27.33624,23.536118,20.457884,16.394617,14.238766,11.928686,7.0610585,9.417485,4.5314846,0.0,4.9475455,8.1192665,10.453568,11.646807,14.857194,13.538912,18.56381,16.930689,22.689346,25.913237,30.127876,31.116016,33.67259,37.006714,37.536213,34.44488,30.93339,26.626646,25.348475,21.182768,19.770124,15.790749,14.666404,11.853124,9.827317,12.079757,15.818145,14.970096,19.54484,18.862282,21.947021,26.428333,25.932652,30.715246,30.285969,28.232874,31.057156,33.704773,29.483795,26.53069,21.725796,20.867445,16.771751,17.975939,14.962754,13.374938,11.3159275,10.202157,6.021623,8.499049,8.141016,11.581074,14.425268,17.684652,20.429775,23.947857,27.327108,30.673635,32.52227,31.130928,34.968163,33.450573,28.801546,28.012,23.070963,24.730833,18.45016,19.917719,16.538551,17.328411,18.752502,20.384699,22.79025,25.226677,27.063093,29.778124,31.709848,27.936445,26.124542,23.907722,19.853586,20.558977,14.710161,16.657318,17.81906,18.053104,15.9075575,20.951614,17.897703,21.588465,22.327133,24.352995
23,11.533643,10.043875,6.863517,10.202654,8.672036,11.326383,12.2899685,16.59101,19.512833,22.063156,27.04271,28.06121,30.411022,30.381033,26.76437,23.226181,19.976631,16.841614,15.652508,9.941481,12.961393,6.250901,4.9475455,0.0,6.0680027,6.69184,9.234612,13.005058,12.865356,17.488203,17.423996,22.244043,26.630363,30.336344,31.998875,34.580727,37.94723,38.94965,36.142117,32.50407,28.313992,27.564775,22.963568,22.52597,18.157232,17.891033,14.831813,13.777655,14.54161,18.589409,17.11523,21.746456,20.340515,22.84277,27.40816,25.973373,31.268326,29.980646,27.800688,30.402487,33.85061,29.688852,26.18653,22.26036,20.47094,17.069702,17.15093,14.894482,11.802645,10.9717655,11.229746,8.519995,10.890592,12.305428,15.370514,17.03118,20.870562,22.942333,26.788815,29.822445,33.23837,34.82219,33.755817,37.36675,35.26996,30.715734,29.342953,24.697351,25.314323,19.171545,19.483543,15.341327,15.305238,15.506735,18.007961,21.182558,24.614626,25.955038,28.879822,30.694527,27.345907,25.997211,23.407623,19.590313,19.143946,13.766589,14.103069,14.676257,15.9089575,14.52166,20.004112,18.37141,22.33536,23.60236,26.097368
24,15.295112,12.288763,10.398614,10.308481,7.2407637,10.708607,9.178727,14.830363,16.464495,19.507048,23.76069,25.342825,27.125439,26.633787,23.378597,19.483448,17.547989,13.374047,14.15706,8.5113325,13.433047,7.575666,8.1192665,6.0680027,0.0,6.016407,4.029014,7.633026,6.9573627,11.462305,11.8203945,16.21986,20.946678,24.544262,26.341356,29.042086,32.289707,33.527843,30.94091,27.334185,23.227867,23.148918,18.179485,18.997023,14.566591,15.532571,13.314371,14.0472975,14.583295,17.298874,15.013357,18.90942,16.310047,18.577202,22.403957,20.936796,26.034521,24.405357,22.001759,24.406158,27.959925,23.779694,20.202875,16.621433,14.90957,11.833459,12.420172,11.038033,8.9316225,9.456561,8.759418,8.444189,8.224867,11.608932,13.496975,13.311039,17.59361,18.747532,22.811882,25.400444,28.805185,30.126507,29.528244,32.93572,30.305567,25.95015,24.305622,19.966825,19.980547,13.932982,13.675695,9.540974,9.462225,10.839891,13.16151,15.973221,19.320831,21.276815,23.60539,26.071653,23.11682,21.461287,19.328308,14.853619,14.75164,9.156464,10.281294,12.020163,13.584481,11.637788,17.18379,14.782613,19.150883,19.827288,22.976091
25,16.501127,14.1206665,12.77474,14.1265745,12.445366,16.064875,15.156222,20.570438,22.40986,25.20739,29.51351,30.7894,32.612633,31.824724,28.621845,24.918167,22.835934,18.925362,19.422644,13.772604,18.32465,11.809875,10.453568,6.69184,6.016407,0.0,5.585515,8.65374,10.802806,14.353854,16.215775,19.903608,24.976875,28.91826,30.451227,33.726536,36.48561,37.79144,34.999638,30.969374,27.34808,26.68822,22.075329,22.452093,17.88211,18.662449,15.443144,16.069212,14.738499,18.409311,16.176838,20.43925,18.399149,19.86978,24.695421,22.02537,27.905895,25.90409,23.99863,26.753857,30.890713,27.304283,23.110716,20.202053,16.840527,14.552566,12.70399,11.442422,6.8562713,8.032185,10.04825,10.207967,12.124389,15.555858,17.939447,18.164267,22.237297,23.664696,27.445263,30.250616,33.41579,34.903206,34.80977,38.277172,35.398857,31.245592,29.624504,25.476442,25.15321,19.296108,18.264158,13.981668,12.362404,12.217111,16.457893,19.97828,24.063122,25.812479,27.994408,30.579008,28.111467,26.743208,24.500751,20.225857,19.331697,14.482461,13.885994,14.652962,17.436209,16.4037,22.038008,20.585901,24.94249,25.753159,28.970678
26,18.519955,15.255386,14.111171,13.452006,10.713013,14.309404,11.853325,17.731873,18.593084,21.660496,25.33991,27.056974,28.44857,27.445745,24.542692,20.632746,19.573042,15.083249,16.923882,11.773282,17.108,11.583269,11.646807,9.234612,4.029014,5.585515,0.0,3.9355705,5.441155,8.903837,10.956519,14.345772,19.579157,23.334604,25.019634,28.198051,31.004087,32.44984,29.899946,26.056759,22.37535,22.42688,17.48771,18.975847,14.5478115,16.275314,14.128,15.87406,15.2382965,17.501524,14.751799,18.194664,15.049555,16.559895,20.394102,18.112597,23.56244,21.409552,19.128872,21.632746,25.662703,21.868073,17.791883,14.992911,12.125373,9.978162,9.278072,8.942888,6.4968114,8.595935,8.71052,10.318873,9.806841,14.14966,15.51683,14.329437,18.594145,19.222353,23.15461,25.518475,28.709785,29.938158,30.020922,33.288517,30.140137,26.12076,24.328365,20.439655,19.764952,14.109131,12.769732,8.7008095,7.1842136,8.816451,12.3154745,15.204981,18.900322,21.209879,22.906118,25.952814,23.655037,21.97271,20.187304,15.480269,15.145906,10.282145,10.759215,12.66969,15.133176,13.499507,18.838072,16.585869,21.037964,21.33949,24.891785
27,22.384058,18.975908,17.929377,16.803326,13.7852745,17.044935,13.650784,19.352459,19.42194,22.300587,25.321367,27.071362,28.050858,26.547493,24.05084,20.267874,20.115044,15.541341,18.365564,14.014632,19.659384,14.891031,14.857194,13.005058,7.633026,8.65374,3.9355705,0.0,4.512758,6.072496,9.327496,11.800802,17.001053,21.117512,22.389269,26.058298,28.367065,29.87636,27.314827,23.309902,20.060713,20.244856,15.470576,17.647919,13.516862,16.000736,14.38893,17.107857,15.889481,17.170877,14.086374,16.663292,12.905346,13.7188,17.210852,14.469371,20.007647,17.58643,15.421601,18.124065,22.291252,18.875515,14.513508,12.270622,8.522197,7.406322,5.926738,7.0934625,6.219214,9.152973,9.112211,12.215911,10.881864,15.71491,16.347885,14.154606,18.163527,18.230206,21.898558,24.005674,26.930801,28.085062,28.813704,31.951193,28.420145,24.775108,23.026133,19.597158,18.555847,13.429093,11.481842,8.375488,6.1073017,9.102244,12.575164,14.784781,18.10673,21.069872,21.8952,25.629854,23.85609,21.916904,20.740482,15.747984,15.851942,11.644089,12.5318365,14.83783,17.381977,15.64846,20.492458,17.740156,22.122932,21.786112,25.594534
28,21.678116,18.231342,16.730247,15.072239,11.3049,13.828801,9.736735,15.205698,14.963604,17.868584,20.84898,22.731714,23.72763,22.450373,19.847103,15.920547,15.913748,11.171703,14.430371,10.720513,16.327389,12.738907,13.538912,12.865356,6.9573627,10.802806,5.441155,4.512758,0.0,5.0512466,5.517814,9.6849375,14.287372,18.424294,19.744543,22.98002,25.765038,27.088175,24.558664,20.877226,17.043547,17.591825,12.430558,14.866674,10.876519,13.459515,12.738144,15.399497,15.557821,16.218008,13.308657,15.625237,11.645524,13.461406,16.09134,14.870392,19.4872,17.77868,15.220177,17.668669,21.015215,16.943148,13.331216,9.818696,8.402562,5.7643228,7.953433,8.101471,9.089701,10.577975,8.658862,11.154509,8.24846,12.831239,12.878423,10.166515,14.344418,14.230049,18.18252,20.243832,23.423456,24.541319,24.78535,27.99425,24.760231,20.824995,19.175274,15.382102,14.904541,9.237653,8.350966,5.718966,5.7776275,10.241161,11.646584,12.945032,15.2850065,18.629358,19.547398,23.211739,20.904192,18.57394,17.610626,12.266449,13.478122,8.637765,11.392182,14.312773,15.718475,13.262781,17.772732,13.898603,18.23505,17.565361,21.291185
29,25.581308,21.786102,21.077084,18.512093,15.270049,17.861898,13.448022,18.636501,17.29166,20.30323,22.109043,24.47991,24.745949,22.99858,21.144985,17.31129,18.825462,14.064909,18.304344,15.347181,20.727919,17.50254,18.56381,17.488203,11.462305,14.353854,8.903837,6.072496,5.0512466,0.0,5.7962503,5.750043,11.581354,15.098428,16.78726,20.215765,22.610548,24.436504,22.408056,18.865644,15.662773,17.307644,12.362141,16.414612,13.268462,16.636497,16.592548,19.845736,19.529764,19.404238,16.298672,17.419762,12.661839,13.270427,14.306296,12.546235,16.719767,13.98187,11.036722,12.966407,16.987963,13.158058,8.997965,7.65442,5.7774687,6.3645186,7.944865,10.256152,11.818281,14.20074,12.756699,15.967826,12.877981,17.411676,16.80421,12.978586,16.588009,15.196696,18.810396,19.956736,22.814598,23.441868,24.449186,27.136114,23.168528,19.885593,17.797592,15.162025,13.254203,9.378682,6.451723,5.7611203,4.7110004,9.74061,10.688562,11.057105,13.197515,16.992096,16.809921,21.199097,19.887558,17.60283,17.32247,12.268487,13.294958,10.509379,12.530535,15.533146,17.254602,15.2129755,18.795757,15.411703,19.36043,18.293709,22.355412
30,25.567291,22.137777,20.422365,18.193098,14.06958,15.256138,10.260819,14.188855,12.498146,14.88908,16.719236,18.76318,19.183025,17.531118,15.4263935,11.629961,13.269534,8.78285,13.532978,12.104219,17.128084,15.689208,16.930689,17.423996,11.8203945,16.215775,10.956519,9.327496,5.517814,5.7962503,0.0,6.5877357,9.208282,13.975297,14.614484,17.895267,20.650522,21.750557,19.236647,15.848985,11.745988,13.136419,7.7904305,11.721368,9.023445,12.341377,13.4352865,16.6246,17.54515,16.591318,13.909524,14.632141,10.154273,12.16915,12.732881,13.288893,16.318008,15.421813,12.689794,14.86389,16.961113,12.556194,10.077548,5.2969007,7.4865794,5.176379,10.114057,10.5561905,13.56807,14.464944,11.495209,14.099746,9.817472,13.534469,12.034934,7.548442,10.950675,9.5257845,13.392606,14.940198,18.099804,19.061739,19.511797,22.64492,19.333248,15.516297,14.163317,10.572177,10.600555,5.45718,6.070805,7.0993843,8.794746,13.986567,13.497087,12.887411,13.070079,17.478832,17.366932,21.579361,19.340225,16.312258,16.483627,10.964567,13.94412,10.132201,14.313406,17.628218,18.026932,15.1131,18.312532,12.965725,16.68278,14.740099,18.460894
31,29.35159,25.453165,24.880323,21.511654,18.26626,20.0036,15.207382,19.225372,16.579092,19.377838,19.702663,22.595081,22.05521,20.093046,19.089386,15.535101,18.714876,14.379617,19.455965,18.017416,22.750906,21.003872,22.689346,22.244043,16.21986,19.903608,14.345772,11.800802,9.6849375,5.750043,6.5877357,0.0,6.9608884,9.371421,11.601488,14.614417,17.154598,19.315042,17.988934,15.235717,12.242625,15.609535,11.1311,16.608795,14.827575,18.49361,19.689568,23.10981,23.48237,22.344576,19.466885,19.390528,14.42786,14.8814335,13.251102,13.112781,15.057341,12.508348,9.012845,9.442805,12.597964,8.092811,5.1583757,5.7067266,7.846526,9.350103,12.436138,14.74221,17.297733,19.288013,17.13981,20.184755,16.232224,20.07555,18.501764,13.725833,16.384632,13.548643,16.714596,16.6183,19.264069,19.229475,20.530949,22.627384,18.220737,15.496115,13.084446,11.760645,8.821902,7.759598,4.72629,8.095226,8.873479,13.509944,12.146889,10.22978,9.915301,14.666638,13.052494,18.123396,17.350119,14.653586,15.625681,11.089522,13.290641,12.310009,15.112092,18.307808,19.072311,16.881006,18.902224,14.976181,18.022894,16.064138,20.115116
32,34.202347,30.60154,29.246845,26.300667,22.48021,23.039278,18.019138,20.154825,16.762083,18.069012,16.886646,19.19191,17.87879,15.126893,15.231963,12.936387,17.457369,14.609299,19.90856,20.419943,24.581501,24.495117,25.913237,26.630363,20.946678,24.976875,19.579157,17.001053,14.287372,11.581354,9.208282,6.9608884,0.0,7.363654,5.495926,10.008482,11.617271,12.921399,11.075253,8.592443,5.8691096,10.57741,7.8699026,13.850578,14.117509,17.709373,20.241962,23.921865,24.699575,22.142252,19.79829,18.147072,13.74299,14.177808,10.015765,12.752165,11.825449,11.668735,9.162738,9.684245,8.930745,4.4465904,6.1346483,5.2066298,10.534083,11.579991,15.767957,17.369648,21.342636,22.472773,19.592266,22.665094,18.220366,21.160002,18.55681,13.442862,14.181565,10.360838,11.958578,10.868433,12.837444,12.698365,15.011496,17.041933,12.567951,10.650856,9.703029,9.589817,8.657725,9.726639,9.9106655,13.970209,15.403412,20.327984,18.622887,16.00436,13.43007,18.658293,16.063793,21.198893,20.324987,16.964088,19.06985,14.877457,18.506647,17.271101,21.169094,24.500866,24.524113,21.849874,23.211132,17.864202,20.025383,16.682281,20.029516
33,35.978004,32.119114,31.741335,27.615686,24.661068,25.256815,20.700964,22.668558,18.64297,20.682873,18.40809,21.94669,20.008259,18.088274,18.807861,16.425323,21.477798,18.509241,23.722054,24.196127,27.66068,27.778963,30.127876,30.336344,24.544262,28.91826,23.334604,21.117512,18.424294,15.098428,13.975297,9.371421,7.363654,0.0,6.5779424,6.021,9.5941925,12.650297,13.6336,13.618503,11.849486,17.364891,14.824976,20.682676,20.740044,24.152409,26.5612,29.828089,31.068472,29.006992,26.587904,25.382133,20.863289,21.271942,16.97439,18.96263,17.582106,16.140789,13.258588,10.977007,10.44291,6.460023,9.492409,11.640219,16.078005,17.538477,21.309977,23.366793,26.487238,28.092314,25.370396,27.985832,23.465454,26.200575,23.727379,18.694796,19.673222,15.43241,17.130157,14.602849,16.390306,14.737577,16.2299,16.596077,11.550381,10.822226,7.9140706,10.7069845,6.846579,11.928051,11.079957,15.725865,17.46962,21.363285,18.073246,14.195451,9.980559,14.577222,10.648156,15.71455,16.042292,13.192251,16.231543,14.012321,17.115677,18.363054,21.507172,24.544538,24.051039,21.944881,21.610426,17.68327,18.630505,15.593917,18.77515
34,39.110744,35.48655,34.260662,31.009926,27.34315,27.548063,22.667475,23.971336,20.070477,20.823748,18.185162,20.503647,18.283894,15.324876,16.770128,15.563578,20.843147,18.826189,24.004517,25.278044,28.927555,29.515255,31.116016,31.998875,26.341356,30.451227,25.019634,22.389269,19.744543,16.78726,14.614484,11.601488,5.495926,6.5779424,0.0,6.014118,6.1471896,7.7236767,7.3513517,7.318612,7.139608,12.591248,11.952615,17.420986,18.716078,22.061338,25.047174,28.686657,29.630106,26.592205,24.512741,22.17821,18.24267,18.286915,12.752868,16.216951,13.111074,13.620058,11.865123,10.87162,7.2347293,4.9617877,9.593271,10.580163,15.510605,16.950352,20.901243,22.620346,26.740961,27.8455,24.910719,27.917452,23.386377,25.896072,22.964373,17.962055,17.747066,13.527069,13.688944,10.912056,11.563184,10.217721,13.566613,14.344343,9.335428,9.692626,9.379151,11.738871,10.734366,14.12037,14.435209,18.883158,20.399645,25.045675,22.762842,19.477764,15.783862,20.739588,17.1674,22.168127,21.9759,18.714743,21.617529,18.439203,22.165045,21.890482,25.71039,28.975155,28.672941,26.112837,26.570938,21.413494,22.666765,18.915937,21.68676
