,0,1,2,3,4,5,6,7,8,9,10,11,12,13,14,15,16,17,18,19,20,21,22,23,24,25,26,27,28,29,30,31,32,33,34,35,36,37,38,39,40,41,42,43,44,45,46,47,48,49,50,51,52,53,54,55,56,57,58,59,60,61,62,63,64,65,66,67,68,69,70,71,72,73,74,75,76,77,78,79,80,81,82,83,84,85,86,87,88,89,90,91,92,93,94,95,96,97,98,99,100,101,102,103,104,105,106,107,108,109,110,111,112,113,114
0,0.0,4.340535,5.7068877,8.770411,12.057142,13.236365,17.290297,19.555756,22.986755,25.750753,30.724108,32.314507,34.8368,36.14752,32.513714,29.096537,25.544462,23.267084,20.824923,16.53561,15.756487,11.283056,13.614937,11.158695,15.522054,14.8460045,17.24292,21.026287,20.651915,24.151392,25.203333,27.989191,33.704952,35.29146,38.51875,41.113735,44.31489,45.935673,42.517174,39.96009,35.302982,36.268726,31.131413,33.034138,28.446667,29.147339,27.15066,26.664545,27.971518,31.73681,30.245056,34.75683,32.900986,36.309704,38.003246,40.238827,43.258125,41.530445,38.74307,40.09656,39.527622,35.668617,32.56491,31.96721,28.748875,26.37099,26.512505,25.153683,21.594145,22.00439,22.059498,20.062756,21.077147,21.626726,24.021814,25.54128,29.041986,30.50443,34.55927,36.61063,40.50737,41.293026,39.12205,41.53126,39.11189,34.513348,32.558853,29.990417,27.952616,23.217125,22.59677,18.381153,19.268171,13.926871,18.918251,20.09828,20.364126,19.805847,22.7926,20.256905,24.920933,25.20026,29.583372,29.184841,33.83381,34.47788,38.983646,42.195232,41.773445,38.255558,40.86643,34.71567,35.133602,31.7881,31.663334
1,4.340535,0.0,5.048364,4.926531,8.914544,10.943022,14.355657,17.518375,20.370062,23.678442,28.339659,30.407232,32.61663,33.7157,30.253744,26.53373,23.644123,20.735687,19.170107,14.571551,14.761739,9.863562,12.725888,10.166335,13.356998,13.291637,14.467748,17.98715,17.396465,20.456997,21.758648,24.024954,29.961397,31.199127,34.7313,37.10901,40.466686,42.220592,39.051277,36.550278,31.978573,33.38122,28.134584,30.613594,26.191374,27.404285,25.750082,25.908401,27.116661,30.327383,28.470526,32.711967,30.327187,33.60098,34.731796,37.102108,39.832348,37.942764,35.04435,36.160988,35.487293,31.69966,28.69611,28.440279,25.413652,23.331886,23.764156,22.935205,19.716452,20.519648,20.11207,18.843626,19.054602,20.352251,22.331755,23.051935,26.814157,27.766033,31.99354,33.743294,37.647064,38.237495,36.335205,38.55539,35.8026,31.362118,29.090628,26.771152,24.1948,19.756304,18.68015,14.5234785,15.379764,10.066528,15.472362,16.632776,16.38944,15.585817,18.485281,15.932935,20.615751,21.06211,25.43299,25.371088,29.925097,30.897205,35.41312,38.618423,38.463516,35.002266,37.979374,31.757483,32.666565,29.405346,29.784399
2,5.7068877,5.048364,0.0,5.991731,7.19665,8.471694,12.148989,14.730169,18.246181,20.865374,26.010849,27.398718,29.933138,30.975204,27.283329,23.859903,20.221151,17.844397,15.483103,10.885849,10.88451,5.5904994,8.278334,7.1217957,10.631366,12.054878,13.450615,17.07152,15.992849,20.021742,20.252922,23.799843,28.901972,31.15401,33.745296,36.76444,39.62598,41.024075,37.342022,34.77959,30.046907,30.80147,25.739319,27.478098,22.966099,23.633926,21.932934,21.570309,23.288942,26.724453,25.197935,29.571472,27.780989,31.339659,33.12424,35.642704,38.507538,37.231518,34.599453,36.272606,35.481422,31.37643,28.43546,27.153456,24.355253,21.491116,22.24072,20.530558,17.545774,17.455862,16.90336,14.769627,15.454264,16.01337,18.347897,19.912249,23.411316,25.03145,29.052307,31.311022,35.17932,36.153885,34.148624,36.818806,34.35331,29.809938,28.016552,25.084002,23.546146,18.267963,18.247602,14.10589,15.558882,11.33925,16.633303,18.798397,19.367672,18.37498,20.969786,17.829166,22.027689,21.562563,25.909843,24.733097,29.576725,29.571087,34.13378,37.31173,36.58055,33.02541,35.34169,29.228619,29.47716,26.111837,25.962948
3,8.770411,4.926531,5.991731,0.0,4.7452574,7.0961266,9.848548,13.498981,15.827269,19.478718,23.869463,26.246958,28.215849,29.195341,25.876184,22.004044,19.65494,16.392883,15.54281,11.156059,11.997283,7.8071556,11.3957815,10.266569,11.407479,13.514164,12.790858,15.73047,14.123982,17.04076,17.702915,19.953526,25.392426,26.695448,30.135426,32.43844,35.77383,37.60689,34.460056,32.21027,27.589956,29.38383,24.12144,27.037355,22.96612,24.506374,23.523748,24.111414,25.7257,28.241552,26.150978,29.97941,27.240496,30.52778,31.113441,33.948627,36.15215,34.514194,31.605444,32.63462,31.508266,27.548435,24.971436,24.49881,22.266756,20.060253,21.436264,20.8055,18.459759,19.098822,17.742641,16.87608,15.943355,17.5581,18.91465,18.966238,22.741884,23.27812,27.55249,29.055449,32.958282,33.428726,31.60086,33.742733,30.89634,26.498417,24.167099,21.911366,19.30454,15.018961,14.143096,10.325797,12.027403,8.059544,14.085014,15.77636,14.834251,13.207773,15.436792,12.137556,16.525288,16.46601,20.849949,20.52511,25.098957,26.079823,30.537418,33.752827,33.68187,30.249287,33.490257,27.293388,28.496004,25.500746,26.16042
4,12.057142,8.914544,7.19665,4.7452574,0.0,4.4320216,5.585887,10.18663,12.496942,15.942039,20.541286,22.610928,24.61215,25.253065,21.84102,17.946663,15.508292,11.99515,11.484638,6.693391,9.12763,5.0410323,8.371699,9.023125,8.247676,12.605899,10.778452,13.265708,10.727893,14.344517,13.86201,17.21876,21.88711,24.101278,26.703259,29.596842,32.49665,34.0286,30.520521,28.202225,23.46167,24.94088,19.742722,22.438059,18.45086,19.957777,19.328081,20.067331,22.031258,24.158146,22.076466,25.728405,23.120401,26.57216,27.359398,30.456669,32.572742,31.455938,28.759802,30.218248,28.913012,24.668703,22.235756,20.874144,19.108452,16.29426,18.36811,17.327326,15.741479,15.810492,13.753419,12.919655,11.365377,13.1429615,14.294128,14.2797785,18.12117,18.870401,23.140358,24.954609,28.841312,29.580175,27.952211,30.450182,27.556595,23.215534,21.101912,18.313152,16.39722,11.186692,11.232174,7.545911,10.133944,8.359221,13.816505,16.474127,16.205353,14.3915,16.054235,12.308465,15.77846,14.689916,18.956919,17.543856,22.407068,22.486908,27.06442,30.24881,29.755186,26.246283,29.081514,22.882393,23.854212,20.788712,21.431784
5,13.236365,10.943022,8.471694,7.0961266,4.4320216,0.0,5.12858,6.601357,9.821558,12.75849,17.643257,19.474955,21.75731,22.963667,19.43064,15.943804,12.893236,10.531215,8.71816,5.9544415,5.508786,5.5627246,9.545601,11.900135,11.423957,16.41791,14.847152,17.115715,13.981982,17.637413,15.92448,19.654593,22.910576,25.439995,27.582045,30.337944,33.06176,34.653824,30.893623,29.124233,24.21146,25.71798,20.797491,23.177038,19.598383,20.604797,20.529665,20.654917,23.572502,25.639208,23.861574,27.306675,25.069433,28.70354,29.436508,32.9889,34.653633,34.072483,31.502039,32.95276,31.111809,26.674562,24.901714,22.928062,22.14487,18.892698,21.678314,20.17629,19.062906,18.388485,15.861715,14.095534,12.211893,12.454978,13.195741,13.833867,16.886644,17.87279,21.806267,23.592402,27.491392,28.244675,25.90289,28.457445,26.281153,21.57137,20.109583,17.157463,16.450584,11.657427,13.174015,10.652558,13.923212,12.701218,18.194807,20.791815,19.989267,17.784208,18.910248,14.720822,17.768213,15.978423,20.024292,17.877693,22.632498,22.477192,26.699001,29.905615,29.24099,25.734058,28.558231,22.63254,23.17892,20.634136,20.631466
6,17.290297,14.355657,12.148989,9.848548,5.585887,5.12858,0.0,6.251174,7.482468,10.971609,15.323651,17.466545,19.255726,19.706707,16.373991,12.384158,10.542562,6.59783,7.5135417,4.8224015,8.090589,7.9438624,10.351511,13.007596,10.2451935,16.292524,13.164608,14.338112,10.406081,13.705248,11.108475,15.140502,17.875738,20.832024,22.573795,25.652418,28.178247,29.63431,25.862007,24.00925,19.112751,20.857235,15.889065,18.796946,15.613365,17.230835,17.822216,18.831621,21.561361,22.674265,20.57352,23.459602,20.779789,24.28148,24.562845,28.36326,29.697645,29.319063,26.842533,28.388073,26.38505,21.853348,20.317896,17.993776,17.900345,14.632835,18.215141,17.087221,17.043518,16.433186,13.121228,12.561075,9.203677,10.72572,10.484308,9.539516,13.092196,13.47925,17.70943,19.42076,23.318768,24.09554,22.426497,25.07853,22.307652,17.934795,16.16757,12.985513,12.167474,6.670388,8.850991,7.3643107,11.086043,12.196355,16.643908,19.613415,18.971775,16.650234,17.14337,13.001954,14.922201,12.424876,16.17324,13.391613,18.315176,17.67344,22.103771,25.279993,24.555288,21.025414,23.916786,17.842453,18.87079,16.331432,17.078556
7,19.555756,17.518375,14.730169,13.498981,10.18663,6.601357,6.251174,0.0,4.5244684,6.2055783,11.362968,12.891278,15.285517,16.78766,13.228329,10.267959,7.102055,6.513805,4.5089397,7.219087,5.720411,10.576934,13.225312,17.102602,15.272685,21.448484,19.032873,20.335423,16.309305,19.590364,16.02367,20.179024,20.897045,24.180723,25.128458,27.933552,30.075499,31.541306,27.450676,26.47058,21.547518,23.124268,18.90722,21.007677,18.56748,19.250303,20.488632,20.507616,24.394419,25.511887,23.96037,26.541494,24.58163,28.218613,28.55954,32.79143,33.57633,33.926414,31.686878,33.22205,30.63127,26.01478,25.322384,22.331636,23.289053,19.656973,23.662054,21.932253,22.158306,20.741314,17.275003,15.460666,12.362964,11.327592,10.364694,10.81129,12.394915,13.292661,16.599508,18.275066,22.07271,22.916643,20.01097,22.80536,21.386414,16.506653,16.097595,12.753762,14.298333,10.418365,13.981044,13.483475,17.29403,17.99815,22.81819,25.68039,24.60053,22.00481,22.141731,17.745167,19.311123,16.277822,19.430977,15.815653,20.18148,19.111233,22.73436,25.82399,24.769772,21.36245,24.025923,18.694977,18.84152,17.309742,16.845388
8,22.986755,20.370062,18.246181,15.827269,12.496942,9.821558,7.482468,4.5244684,0.0,4.663882,8.089372,10.965502,12.448018,13.705968,10.689572,7.227557,6.979353,5.6908937,7.2704453,10.136173,10.207718,14.132901,16.578743,20.130764,17.385721,23.714722,20.370302,20.903013,16.539265,18.806456,14.775421,18.107002,17.639177,20.673483,21.548367,23.932081,26.109179,27.80234,23.977142,23.538492,18.783606,21.202225,17.259945,20.139986,18.566261,19.820013,21.781479,22.492413,26.181583,26.436632,24.614267,26.469606,23.99355,27.308792,26.68335,31.284658,31.29644,31.789955,29.573994,30.76171,27.68023,23.137556,23.215149,20.327446,22.395443,19.195011,23.818562,22.710958,23.647648,22.51378,18.6363,17.80375,13.811505,13.639451,11.611825,10.138547,11.302627,10.688635,13.966498,14.761238,18.578682,19.008139,16.199484,18.690893,17.018131,12.111185,11.631933,8.535826,10.556819,8.342462,12.3372,13.362389,17.232367,19.154663,23.439163,26.15087,24.533224,21.672125,21.031168,16.75508,17.221502,13.659898,16.121382,12.123048,16.093912,15.212951,18.538893,21.641575,20.938477,17.651249,21.07482,15.9513235,16.932121,16.16812,16.465883
9,25.750753,23.678442,20.865374,19.478718,15.942039,12.75849,10.971609,6.2055783,4.663882,0.0,5.647826,6.770115,9.109483,10.9052305,7.4909916,5.7677217,4.327749,6.852895,6.92157,11.949507,11.018562,16.339825,18.201746,22.531946,19.879921,26.491905,23.478327,23.984133,19.607178,22.226372,17.533289,21.529285,19.74381,23.54036,23.206278,25.922352,27.361294,28.651829,24.38747,24.329699,19.717949,21.389547,18.253578,20.0512,19.057514,19.53208,21.942814,22.072933,26.401283,26.48864,25.136114,26.689756,24.961336,28.352417,28.164417,32.890858,32.74658,33.943634,32.077736,33.60275,30.397312,25.841347,26.214783,22.53231,25.038622,21.430006,26.200602,24.518852,25.807451,24.033255,20.084227,18.655834,14.939197,13.398797,10.877851,10.527329,9.845587,10.1331415,12.178595,13.4571705,16.976246,17.873672,14.392477,17.465303,16.954235,12.19168,13.228491,9.818855,13.875047,11.829701,16.325232,17.36498,21.157671,23.116154,27.300055,30.259897,29.00883,26.232544,25.636808,21.38914,21.67028,17.912357,19.886839,15.216042,18.664509,16.62896,19.295097,22.10154,20.658926,17.538225,19.98458,15.696388,15.519494,15.455546,14.727631
10,30.724108,28.339659,26.010849,23.869463,20.541286,17.643257,15.323651,11.362968,8.089372,5.647826,0.0,4.848156,4.767007,7.2183275,5.7556405,5.9139338,8.74573,10.77235,12.428545,17.139036,16.565283,21.64344,23.545702,27.665508,24.568401,31.19283,27.60393,27.542904,23.045387,24.69596,19.785046,22.690681,19.121166,22.445883,21.618336,23.508669,24.65472,26.15581,22.307308,23.383299,19.379509,21.82325,19.577442,21.793049,21.960247,22.746479,25.800169,26.355604,30.555273,29.852087,28.404337,29.1054,27.103552,30.035408,28.817713,33.89278,32.70492,34.26561,32.565598,33.649868,29.828201,25.576824,27.021519,23.491562,27.210224,24.12365,29.311697,28.148363,30.003609,28.41842,24.25702,23.474577,19.343073,18.284212,15.225877,13.618529,11.934462,10.46031,11.064989,10.541977,13.537546,13.742716,9.467849,12.097745,12.522403,7.993278,10.4446335,8.343004,13.554208,14.067472,18.386343,20.586834,24.263163,26.973904,30.76803,33.50524,31.694847,28.709427,27.38874,23.425058,22.649332,18.656673,19.45472,14.699493,16.736488,14.813639,16.12967,18.616747,17.517485,14.983618,18.10596,15.107457,15.593269,16.989975,16.80331
11,32.314507,30.407232,27.398718,26.246958,22.610928,19.474955,17.466545,12.891278,10.965502,6.770115,4.848156,0.0,3.6204326,6.3914495,4.41005,7.2875,8.191438,12.073806,12.517841,18.016232,17.04258,22.678444,23.988161,28.661587,25.70812,32.48161,29.3126,29.35804,24.948074,27.177572,21.893251,25.710806,21.818785,25.98627,24.182323,26.762344,27.190685,28.082603,23.711666,24.687569,20.798176,22.08679,20.475197,21.415102,21.847925,21.818104,25.031971,24.99201,29.631208,28.923788,27.978283,28.564564,27.412338,30.466848,30.047035,35.014294,34.067383,36.178745,34.79569,36.385284,32.770145,28.464636,29.70979,25.461006,29.058023,25.516142,30.597212,28.81372,30.822485,28.676281,24.615368,23.286371,19.638023,17.55747,14.457602,14.092829,11.186111,11.1833,10.525228,11.245606,13.65177,14.786196,10.4801,13.938509,15.285213,11.602937,14.528942,11.845515,17.535305,16.922405,21.582653,23.348509,26.98288,29.550755,33.31083,36.362366,35.133675,32.315025,31.32091,27.268427,26.759895,22.716347,23.66189,18.513784,20.694397,17.671839,18.820078,20.944073,18.86882,16.48281,17.933998,15.712721,14.673564,16.38053,15.060122
12,34.8368,32.61663,29.933138,28.215849,24.61215,21.75731,19.255726,15.285517,12.448018,9.109483,4.767007,3.6204326,0.0,4.0049667,4.6298256,7.8529854,10.803932,13.766317,15.297991,20.427305,19.971987,25.238836,26.612236,31.067753,27.74439,34.51781,30.916128,30.583376,26.123545,27.73058,22.410229,25.52821,20.711927,24.556911,22.461966,24.564812,24.784931,25.779945,21.736364,23.365053,19.918053,21.754103,20.617317,21.989285,23.041134,23.391617,26.908478,27.31622,31.69502,30.486294,29.37127,29.453163,27.98659,30.708376,29.580273,34.709663,33.133495,35.392742,34.10328,35.40947,31.48413,27.414532,29.253374,25.183289,29.440086,26.288506,31.580704,30.212585,32.549183,30.627413,26.436026,25.648226,21.654673,20.166239,16.82087,15.480059,12.497607,11.266842,9.892383,9.212314,11.130425,11.7721,7.0516353,10.381697,12.266426,9.213092,12.786655,10.955632,16.89274,17.542713,22.008802,24.411133,27.93586,31.009136,34.461067,37.37666,35.866425,32.965916,31.568344,27.74025,26.615217,22.49959,22.775124,17.684141,19.028477,16.05223,16.362318,18.21878,16.369205,14.419074,16.350452,14.942496,14.587855,17.040068,16.39559
13,36.14752,33.7157,30.975204,29.195341,25.253065,22.963667,19.706707,16.78766,13.705968,10.9052305,7.2183275,6.3914495,4.0049667,0.0,3.9686007,7.353793,11.403787,13.653046,16.16749,20.82086,21.436214,25.980865,26.870659,31.239273,27.38195,34.151844,30.235203,29.434795,25.07284,26.329365,20.80604,23.872421,18.2187,22.561024,19.565704,22.149189,21.798569,22.390638,18.126713,19.850199,16.746447,18.405405,17.945005,19.174784,20.92327,21.432722,25.285196,26.123863,30.182585,28.370535,27.226347,26.748604,25.284784,27.722136,26.4143,31.554285,29.724346,32.32679,31.299097,32.774002,28.891075,24.95499,27.007511,22.640219,27.33777,24.371452,29.736763,28.536074,31.36411,29.473358,25.238863,25.00985,20.863617,19.869913,16.274357,14.239501,10.884645,9.057611,6.5757213,5.603626,7.3192754,8.588363,5.152176,9.435312,10.420738,8.45645,11.95918,10.007562,16.158283,16.914822,21.295393,24.05639,27.282589,30.983793,33.808685,36.827606,35.65261,32.90956,31.414597,27.855295,26.284813,22.087744,21.945187,16.560404,17.612598,13.637104,13.728622,15.335665,12.860329,10.9912615,12.381208,11.613842,11.327901,14.409218,14.272809
14,32.513714,30.253744,27.283329,25.876184,21.84102,19.43064,16.373991,13.228329,10.689572,7.4909916,5.7556405,4.41005,4.6298256,3.9686007,0.0,4.3922534,7.454829,10.198806,12.2572,17.0829,17.597324,22.22231,23.075226,27.577301,23.944723,30.759048,27.144203,26.685032,22.306477,24.166767,18.641706,22.45635,17.982557,22.644464,20.251135,23.352217,23.491245,24.12052,19.539099,20.333193,16.498234,17.767202,16.43153,17.511126,18.44762,18.772919,22.334032,22.909248,27.160437,25.867256,24.745853,24.899923,23.544401,26.406475,25.784071,30.787636,29.714901,31.983166,30.74774,32.484356,28.943539,24.677956,26.019388,21.518442,25.487612,22.107979,27.33604,25.79289,28.290186,26.264809,22.072878,21.454266,17.438549,16.129381,12.615728,11.134919,7.883311,7.1221414,6.1707516,7.3388495,10.190257,11.763149,8.691325,12.767834,12.857215,9.610742,12.239375,9.0958185,15.097147,14.487256,19.14422,21.336441,24.698612,27.990347,31.100826,34.250248,33.328495,30.65596,29.550325,25.756828,24.790619,20.629,21.252275,15.745569,17.902342,14.024035,15.42449,17.554974,15.097586,12.476397,13.7638855,11.316479,10.518624,12.517972,11.908089
15,29.096537,26.53373,23.859903,22.004044,17.946663,15.943804,12.384158,10.267959,7.227557,5.7677217,5.9139338,7.2875,7.8529854,7.353793,4.3922534,0.0,5.731848,6.400184,9.773289,13.738803,15.0479965,18.888304,19.965635,24.083805,20.286585,27.02892,23.18746,22.736126,18.286322,20.07241,14.725336,18.49612,15.037507,19.535614,18.08246,21.281576,22.151129,23.127062,18.695005,18.805126,14.403452,16.317253,13.8305435,15.956869,16.113653,17.112156,20.311914,21.335667,25.200855,24.167702,22.615435,23.229643,21.210388,24.210735,23.4237,28.382885,27.667257,29.31114,27.738037,29.363432,25.982948,21.528658,22.47224,18.324146,21.915642,18.621506,23.861,22.61876,24.885427,23.239653,18.987171,18.736416,14.351762,13.937187,10.542748,8.007544,6.446502,4.796117,6.865589,8.064747,11.816467,12.951361,10.687402,14.226015,12.736561,8.707762,9.854768,5.8583713,11.274932,10.11779,14.792714,16.992584,20.382204,23.739399,26.84163,29.918636,28.937233,26.28157,25.241116,21.448105,20.613262,16.493376,17.519094,12.057126,15.03378,11.659404,14.272518,16.957968,15.115884,11.898679,14.350099,10.101826,10.557006,11.265185,11.6305065
16,25.544462,23.644123,20.221151,19.65494,15.508292,12.893236,10.542562,7.102055,6.979353,4.327749,8.74573,8.191438,10.803932,11.403787,7.454829,5.731848,0.0,5.0641685,4.8585706,10.091684,10.404455,15.067595,15.934189,20.651297,17.658552,24.435158,21.572353,21.960863,17.728973,20.841513,15.834606,20.8194,19.146723,23.827765,22.78168,26.410585,27.400684,28.149632,23.430683,22.7384,18.044397,18.68728,15.65613,16.563108,15.416778,15.458314,17.932661,17.938011,22.39464,22.422318,21.289331,22.902924,21.674982,25.222765,25.829943,30.337366,30.68991,32.140957,30.50232,32.578434,29.787071,25.157948,25.07432,20.758518,22.915958,18.904507,23.535446,21.378637,22.926771,20.748987,16.804565,15.235894,11.6738615,9.668378,6.808602,7.3952417,6.4007454,8.385967,10.581173,13.220796,16.70744,18.325665,15.698234,19.38959,18.42685,14.171323,15.019402,10.899016,14.969233,11.467858,16.128498,16.781116,20.297344,22.482325,26.197323,29.516865,29.104563,26.654303,26.41095,22.297049,22.680916,18.93343,21.039349,16.001999,19.832336,16.740362,19.85381,22.556698,20.416363,17.119028,18.403822,13.862952,12.774047,12.04605,10.798923
17,23.267084,20.735687,17.844397,16.392883,11.99515,10.531215,6.59783,6.513805,5.6908937,6.852895,10.77235,12.073806,13.766317,13.653046,10.198806,6.400184,5.0641685,0.0,5.356203,7.493412,10.19314,12.723142,13.718089,17.686554,14.0129,20.765385,17.260841,17.386608,13.008168,15.879433,11.086704,15.99427,15.539667,19.94192,19.738995,23.435564,24.977667,25.955793,21.555721,20.235518,15.292101,16.612154,12.537073,14.773268,12.952996,14.141636,16.245762,17.247925,20.822538,20.787771,19.018103,20.869833,18.710617,22.212904,22.424862,26.82905,27.420645,28.231695,26.301336,28.23816,25.677277,20.999094,20.493464,16.644617,18.414967,14.645705,19.348267,17.78156,19.279667,17.747566,13.647536,13.132991,8.7634945,9.024043,6.5672626,4.565415,6.7919197,7.417579,11.331584,13.553191,17.380356,18.634512,16.980217,20.262861,17.937143,13.758982,13.159277,8.997634,11.27272,6.5983844,11.154428,11.882604,15.346582,18.03228,21.432749,24.70629,24.313063,21.939363,21.703835,17.752645,18.105415,14.499914,16.937176,12.240353,16.695658,14.152529,18.149303,21.120874,19.544516,15.994853,18.15589,12.484092,12.839937,11.07841,11.503011
18,20.824923,19.170107,15.483103,15.54281,11.484638,8.71816,7.5135417,4.5089397,7.2704453,6.92157,12.428545,12.517841,15.297991,16.16749,12.2572,9.773289,4.8585706,5.356203,0.0,5.8410244,5.7933283,10.363995,11.535872,16.271034,14.028001,20.573257,18.38284,19.524853,15.60625,19.461876,15.340429,20.589705,20.872356,25.14892,25.080948,28.72766,30.253002,31.15453,26.58151,25.216839,20.302639,20.810863,16.917429,17.927975,15.411423,15.446983,16.761738,16.421412,20.685478,21.775866,20.57245,23.179579,21.904974,25.706991,26.884592,30.956936,32.114147,32.91678,30.997961,33.120758,30.82076,26.139574,25.193176,21.382687,22.191385,18.045471,21.97975,19.582594,20.17762,18.105484,14.580878,12.289269,9.431058,7.2544646,6.226771,8.27698,9.512854,11.808102,14.850703,17.535109,21.188257,22.673067,20.186077,23.614819,22.206375,17.690218,17.661108,13.648144,16.031883,11.162443,15.131379,14.4568,17.942377,19.03779,23.253983,26.562794,26.418158,24.162476,24.547781,20.344547,21.728771,18.531683,21.501268,17.226688,21.702526,19.395527,23.142012,26.061174,24.255571,20.784643,22.285992,17.05863,16.226759,14.277421,13.133121
19,16.53561,14.571551,10.885849,11.156059,6.693391,5.9544415,4.8224015,7.219087,10.136173,11.949507,17.139036,18.016232,20.427305,20.82086,17.0829,13.738803,10.091684,7.493412,5.8410244,0.0,5.895954,5.4152093,6.508812,10.662758,8.3978815,14.804338,12.849587,14.560828,11.168235,15.628344,12.856043,18.121344,20.64929,24.465694,25.323633,29.111221,31.099918,32.049007,27.776617,25.54178,20.62858,21.089567,16.389097,17.854057,14.076536,14.728099,14.727513,14.904727,18.063227,19.884789,18.283638,21.724886,20.017414,23.843842,25.396666,28.85412,30.86255,30.847149,28.667038,30.84618,29.262428,24.697182,22.718594,19.63505,18.849117,14.869492,17.87202,15.602438,15.255356,13.746779,10.730058,8.704956,6.491125,6.7160935,7.825534,9.238123,12.526332,14.460885,18.310854,20.968815,24.739857,26.10113,24.383299,27.584545,25.207344,20.884022,19.732712,15.971694,16.272724,10.194276,12.627706,10.394484,13.389846,13.734105,17.930656,21.308344,21.79159,19.970825,21.054247,17.152515,19.342157,16.95268,20.579224,17.319214,22.259834,20.597664,25.03165,28.069967,26.62978,23.04216,24.764677,18.851276,18.695145,15.602111,15.38652
20,15.756487,14.761739,10.88451,11.997283,9.12763,5.508786,8.090589,5.720411,10.207718,11.018562,16.565283,17.04258,19.971987,21.436214,17.597324,15.0479965,10.404455,10.19314,5.7933283,5.895954,0.0,6.902694,9.454342,13.615553,13.348407,18.84758,17.89955,20.105045,16.847643,21.0846,18.28528,23.087494,25.00788,28.514463,29.501411,32.767773,34.852085,36.04554,31.729845,30.125412,25.154373,25.79949,21.435171,22.608404,19.247524,19.23412,19.363163,18.482677,22.353458,24.606798,23.442595,26.858164,25.565804,29.442118,30.904737,34.57885,36.28149,36.437557,34.21891,36.150517,34.18715,29.577497,28.036104,25.026571,24.659353,20.72464,23.722658,21.292587,20.548693,18.82827,16.219028,13.183081,11.873599,9.910436,10.832286,13.268655,15.215232,17.333202,20.589247,23.015371,26.744814,27.977556,25.189407,28.255116,26.882757,22.090748,21.617754,18.07,19.157463,14.140211,16.939766,14.9055395,18.197584,17.392643,22.48649,25.463562,25.2374,23.14161,24.19321,19.95862,22.528397,20.128187,23.787811,20.557804,25.234192,23.956013,27.889992,30.957344,29.574345,26.074127,27.958107,22.498186,21.900646,19.555445,18.4114
21,11.283056,9.863562,5.5904994,7.8071556,5.0410323,5.5627246,7.9438624,10.576934,14.132901,16.339825,21.64344,22.678444,25.238836,25.980865,22.22231,18.888304,15.067595,12.723142,10.363995,5.4152093,6.902694,0.0,4.350208,6.8777413,7.6527743,12.132797,11.964102,14.925712,12.786023,17.354841,16.24948,20.79594,24.818794,27.916248,29.627155,33.12203,35.525955,36.65001,32.62866,30.134935,25.310585,25.76953,20.873274,22.317833,17.987236,18.523298,17.359251,17.086823,19.50036,22.410624,20.906462,25.013868,23.385084,27.130455,29.013199,31.913946,34.51196,33.857635,31.46028,33.485687,32.38259,28.019659,25.413912,23.199787,21.144806,17.630898,19.305243,17.115103,15.18561,14.266863,12.697651,10.254588,10.240808,10.567891,12.760723,14.519981,17.908194,19.81043,23.719584,26.260143,30.071453,31.291737,29.426882,32.412525,30.001623,25.54428,24.068737,20.679546,20.00159,14.151016,15.195509,11.603185,13.835743,11.773728,16.667744,19.667683,20.41287,19.011627,20.947163,17.322042,20.65403,19.231771,23.339443,21.123367,26.097687,25.226065,29.773867,32.885204,31.745209,28.160816,30.06954,24.057232,24.00311,20.668135,20.387142
22,13.614937,12.725888,8.278334,11.3957815,8.371699,9.545601,10.351511,13.225312,16.578743,18.201746,23.545702,23.988161,26.612236,26.870659,23.075226,19.965635,15.934189,13.718089,11.535872,6.508812,9.454342,4.350208,0.0,5.3351254,5.76099,10.285423,10.796241,13.659877,12.146031,17.162846,16.016335,21.249348,25.189587,28.90916,29.937622,34.053913,36.020924,36.691006,32.43433,29.48882,24.83775,24.389204,19.773087,20.310963,15.641384,15.712556,13.831504,13.314717,15.402537,18.75116,17.527815,21.966352,20.953394,24.745653,27.521576,30.000443,33.15417,32.70652,30.591055,33.13872,32.471333,28.174286,25.194525,22.506165,19.890463,16.096117,17.13351,14.219674,12.160601,10.604618,9.668543,6.5949516,8.335375,8.740821,11.777685,14.172656,17.534966,20.035,23.743387,26.813644,30.453123,32.051357,30.639977,33.96474,31.413767,27.26092,25.900732,22.187754,21.849743,15.515605,16.608927,13.0273695,14.570212,13.087083,16.743217,20.1516,22.024351,21.086187,23.17869,19.91643,22.90498,21.400126,25.284573,22.709702,27.71127,26.068598,30.721968,33.682713,32.092873,28.524214,29.599596,23.724726,23.156414,19.36106,18.890682
23,11.158695,10.166335,7.1217957,10.266569,9.023125,11.900135,13.007596,17.102602,20.130764,22.531946,27.665508,28.661587,31.067753,31.239273,27.577301,24.083805,20.651297,17.686554,16.271034,10.662758,13.615553,6.8777413,5.3351254,0.0,5.446077,5.840602,8.316789,12.052243,12.136144,16.615442,17.29668,21.47576,26.932617,29.849724,31.73203,35.572353,37.943623,38.767776,34.95899,31.661055,27.25015,27.08374,22.24019,23.311728,18.417316,19.075222,16.521816,16.626427,17.151909,20.784206,19.268597,23.929583,22.465212,25.888565,28.566015,30.397833,34.038265,32.774582,30.439693,32.75422,32.693474,28.756567,25.136477,23.550234,19.711912,16.830284,16.452587,14.34188,10.806789,10.850796,11.410957,9.984924,11.992895,13.715917,16.58044,18.076609,21.934792,23.89,27.891066,30.664959,34.345673,35.710766,34.6141,37.66105,34.627666,30.604988,28.65046,25.357311,23.798258,17.748821,17.392914,13.047313,13.336368,10.209938,13.401862,16.416773,18.965302,18.7201,21.49723,18.967659,22.522186,21.985897,26.047722,24.549154,29.47867,28.579817,33.41791,36.40332,35.242527,31.716206,33.174522,27.10238,27.137062,23.13512,23.301048
24,15.522054,13.356998,10.631366,11.407479,8.247676,11.423957,10.2451935,15.272685,17.385721,19.879921,24.568401,25.70812,27.74439,27.38195,23.944723,20.286585,17.658552,14.0129,14.028001,8.3978815,13.348407,7.6527743,5.76099,5.446077,0.0,6.8299894,5.219943,7.9111657,7.067718,11.946725,12.039996,16.708487,21.787113,25.096832,26.531378,30.65691,32.786934,33.452766,29.635149,26.238184,21.892544,21.77058,16.87185,18.288729,13.494321,14.819576,12.859044,14.119272,14.656055,17.163557,15.130734,19.407806,17.412622,20.869936,23.244938,25.376383,28.750607,27.727825,25.473785,27.962973,27.742535,23.70982,20.210846,18.190474,14.699386,11.494076,11.938358,9.938091,7.717593,7.7191296,6.8360853,7.0961275,7.6595135,10.948169,13.148544,13.618609,17.77461,19.376026,23.438864,26.156557,29.734917,31.121828,30.552076,33.626694,30.25082,26.597776,24.534336,21.195559,19.658918,13.455101,13.195868,9.381236,9.757395,9.311525,11.603717,15.323438,17.815144,17.252655,19.368149,16.773762,19.407587,18.372608,22.08226,20.171444,25.043894,23.704542,28.58596,31.470255,30.234268,26.762072,28.149668,22.06554,22.408344,18.341734,19.13703
25,14.8460045,13.291637,12.054878,13.514164,12.605899,16.41791,16.292524,21.448484,23.714722,26.491905,31.19283,32.48161,34.51781,34.151844,30.759048,27.02892,24.435158,20.765385,20.573257,14.804338,18.84758,12.132797,10.285423,5.840602,6.8299894,0.0,5.5535965,8.999538,11.236236,14.687618,16.996439,20.245981,26.701542,29.190498,31.302841,35.199642,37.579147,38.23804,34.859734,31.04693,27.167713,26.897034,22.204117,23.488064,18.640728,19.90662,16.920149,18.077602,16.872826,20.103441,18.243202,22.777803,20.934967,23.777395,26.513474,27.477005,31.693535,29.789402,27.47861,29.835073,30.602549,27.187857,22.903631,22.161772,17.090391,15.303872,13.20359,12.0866785,7.633069,9.645523,11.522891,12.207241,14.164048,17.204672,19.775606,20.301111,24.4785,25.969429,30.04406,32.67242,36.189426,37.486004,37.155968,40.068287,36.4044,32.896324,30.459402,27.474285,25.068281,19.36639,17.836157,13.595823,12.180639,9.49948,9.838954,12.799395,16.861267,17.551632,20.591112,19.157867,22.367964,22.507425,26.243628,25.456245,30.105358,29.368126,34.301334,37.118664,36.153774,32.791252,34.17493,28.162634,28.682852,24.445187,25.38467
26,17.24292,14.467748,13.450615,12.790858,10.778452,14.847152,13.164608,19.032873,20.370302,23.478327,27.60393,29.3126,30.916128,30.235203,27.144203,23.18746,21.572353,17.260841,18.38284,12.849587,17.89955,11.964102,10.796241,8.316789,5.219943,5.5535965,0.0,3.9480944,5.932952,9.169281,11.721611,14.701665,21.268345,23.661203,25.845575,29.669313,32.09902,32.859894,29.678848,25.948532,22.11081,22.438314,17.546095,19.760975,15.2750845,17.450346,15.431498,17.641628,16.813177,18.696653,16.176743,20.065884,17.227009,20.005722,21.805635,23.287485,26.944523,25.028202,22.549078,24.762684,25.205338,21.682554,17.526743,16.884176,12.134264,10.513274,9.405273,9.359762,6.630053,9.087854,9.190317,11.436955,11.514039,15.637734,17.328846,16.579103,20.986166,21.763557,25.957254,28.207617,31.66883,32.762417,32.803192,35.518692,31.527744,28.325489,25.640902,22.897633,20.105215,14.715277,12.747239,8.94245,7.139703,7.0727406,6.8213863,10.68357,14.128561,14.312581,16.693909,15.207458,17.681202,17.595903,21.071054,20.313019,24.82174,24.165525,29.092392,31.86638,31.127472,27.846445,29.62046,23.557968,24.722704,20.681734,22.358513
27,21.026287,17.98715,17.07152,15.73047,13.265708,17.115715,14.338112,20.335423,20.903013,23.984133,27.542904,29.35804,30.583376,29.434795,26.685032,22.736126,21.960863,17.386608,19.524853,14.560828,20.105045,14.925712,13.659877,12.052243,7.9111657,8.999538,3.9480944,0.0,4.502429,6.1878114,9.464138,11.93532,18.559622,20.982168,22.898844,26.897148,29.128645,29.708534,26.75221,22.791603,19.345045,19.727898,15.055704,17.647774,13.661777,16.45705,14.927824,17.97108,16.716328,17.495768,14.599675,17.809637,14.341349,16.728205,18.121746,19.485996,23.125355,21.091936,18.650356,21.032309,21.69765,18.352997,13.966723,13.490586,8.276056,7.4452744,6.0723424,7.5558176,6.68723,9.489018,9.082903,12.66494,11.913875,16.601137,17.673054,15.999134,20.341095,20.62695,24.686274,26.741022,29.973766,31.020533,31.66922,34.288895,29.94704,27.267092,24.425417,21.903349,18.910336,14.051626,11.714631,9.11286,6.6264634,9.329322,7.138073,10.963538,14.4345665,14.6466255,16.37823,15.364735,16.789751,16.608664,19.48017,18.770657,22.928783,22.058283,26.916113,29.496021,28.809738,25.713614,27.39471,21.540083,23.112833,19.166424,21.487797
28,20.651915,17.396465,15.992849,14.123982,10.727893,13.981982,10.406081,16.309305,16.539265,19.607178,23.045387,24.948074,26.123545,25.07284,22.306477,18.286322,17.728973,13.008168,15.60625,11.168235,16.847643,12.786023,12.146031,12.136144,7.067718,11.236236,5.932952,4.502429,0.0,5.1052365,5.801366,9.796601,15.475509,18.455133,20.123692,24.163723,26.40177,27.166958,23.87382,20.3625,16.333717,17.227415,12.105598,15.283075,11.471014,14.454636,13.926268,16.853115,16.91605,17.315306,14.404153,17.311869,13.669267,16.584316,17.37326,19.909487,22.616251,21.286528,18.811508,21.057724,20.679024,16.69518,13.180846,11.615541,8.483661,6.049518,8.168887,8.615115,9.0914545,10.306454,7.962145,11.139522,8.850581,13.602254,14.071811,11.889512,16.320957,16.407728,20.613285,22.586218,25.970438,26.980116,27.335861,29.9978,25.837872,22.931456,20.245794,17.522959,14.922203,9.6446085,8.048493,5.9064116,5.346991,9.439644,9.664943,13.4001465,15.273228,14.455321,15.511931,13.486896,14.584746,13.456607,16.467215,14.933386,19.410591,18.299946,23.223516,25.966131,25.206827,21.950571,23.957823,17.86588,19.539316,15.824501,18.159992
29,24.151392,20.456997,20.021742,17.04076,14.344517,17.637413,13.705248,19.590364,18.806456,22.226372,24.69596,27.177572,27.73058,26.329365,24.166767,20.07241,20.841513,15.879433,19.461876,15.628344,21.0846,17.354841,17.162846,16.615442,11.946725,14.687618,9.169281,6.1878114,5.1052365,0.0,5.7646494,5.7698245,13.079537,14.834921,17.34384,20.88493,23.448318,24.422754,21.985153,18.433979,15.147474,17.07141,12.366704,16.67227,14.009358,17.601313,17.595373,21.072113,20.597641,20.062418,16.873827,18.709488,14.11228,16.003633,15.088347,17.503363,19.665201,17.521133,14.660983,16.342817,16.154043,12.566937,8.61665,9.024152,5.92326,6.6040277,8.499837,11.160802,12.327383,14.320759,12.31176,16.036,13.398319,18.17146,18.005852,14.703989,18.84062,17.788618,21.830706,22.997282,26.092249,26.645433,27.713694,29.836254,25.08318,22.906168,19.647024,17.861364,14.033628,10.763246,7.4702764,7.4223304,5.317981,11.07033,9.369101,12.260596,13.594031,12.940216,13.189967,12.356657,12.126913,11.687853,13.813483,13.552421,17.217222,16.932037,21.649473,24.177937,24.103432,21.218819,23.84257,18.107347,20.84301,17.686451,20.862288
30,25.203333,21.758648,20.252922,17.702915,13.86201,15.92448,11.108475,16.02367,14.775421,17.533289,19.785046,21.893251,22.410229,20.80604,18.641706,14.725336,15.834606,11.086704,15.340429,12.856043,18.28528,16.24948,16.016335,17.29668,12.039996,16.996439,11.721611,9.464138,5.801366,5.7646494,0.0,6.4837956,9.841507,13.74942,14.522385,18.88502,20.80613,21.545391,18.168783,14.959503,10.755425,12.668354,7.5034165,12.191845,10.083279,13.69188,14.895815,18.232937,18.958746,17.840843,14.849184,16.207067,11.902173,14.524578,13.735338,17.479382,18.806221,18.256073,15.942118,18.097387,16.694399,12.259417,10.060607,7.0652113,7.6474533,5.381265,10.326066,11.222064,13.652862,14.077327,10.648017,13.886597,10.020743,14.377394,13.336711,9.334968,13.223082,12.083935,16.106499,17.559422,20.739906,21.602198,22.529606,25.056808,20.614698,18.298471,15.621507,13.11037,10.879039,6.808279,6.2937593,7.880158,8.615412,14.053669,14.248554,17.478216,18.177418,16.726912,16.426004,14.287892,13.535981,11.221239,13.062111,10.442844,14.576381,12.71475,17.597742,20.243767,19.488527,16.324045,18.672358,12.666514,15.231893,12.260046,15.510773
31,27.989191,24.024954,23.799843,19.953526,17.21876,19.654593,15.140502,20.179024,18.107002,21.529285,22.690681,25.710806,25.52821,23.872421,22.45635,18.49612,20.8194,15.99427,20.589705,18.121344,23.087494,20.79594,21.249348,21.47576,16.708487,20.245981,14.701665,11.93532,9.796601,5.7698245,6.4837956,0.0,8.3316345,9.068518,12.318088,15.222966,18.159962,19.623026,17.826002,15.028684,12.15692,15.783872,11.715421,17.138613,15.985267,19.795486,20.94859,24.523075,24.659428,23.234306,20.063057,20.72568,15.732876,17.02813,13.907948,17.341478,17.609272,15.723231,12.723106,13.378457,11.707893,7.6875663,5.637882,7.0490484,8.39089,9.689323,13.059863,15.7375145,17.75911,19.243837,16.490753,19.990187,16.345974,20.68645,19.51139,15.11051,18.534618,16.161457,19.84578,19.951843,22.75253,22.736753,24.277452,25.81068,20.68819,19.227541,15.630242,14.873299,10.38617,9.930425,6.7328634,9.781834,9.187496,15.130161,14.122111,16.161644,15.720381,14.310757,12.919409,12.249367,9.794443,8.689703,9.159732,9.35974,12.029035,12.469419,16.823294,19.234243,19.88353,17.356016,20.977034,15.741059,19.554817,17.502153,21.215858
32,33.704952,29.961397,28.901972,25.392426,21.88711,22.910576,17.875738,20.897045,17.639177,19.74381,19.121166,21.818785,20.711927,18.2187,17.982557,15.037507,19.146723,15.539667,20.872356,20.64929,25.00788,24.818794,25.189587,26.932617,21.787113,26.701542,21.268345,18.559622,15.475509,13.079537,9.841507,8.3316345,0.0,6.420882,4.8565474,9.410231,11.014662,12.269895,9.891042,8.452674,5.93337,11.38042,9.426526,14.831883,16.062492,19.495699,22.219927,25.661232,26.720314,24.078814,21.331696,20.417833,15.954152,16.859316,12.407637,17.339443,15.204225,15.710254,13.916305,14.702916,10.986944,6.7489457,9.473115,7.2463636,13.1515665,13.280833,18.022245,19.710073,22.99531,23.307552,19.733055,22.768784,18.378836,21.643602,19.209173,14.113136,15.637958,11.983417,14.271908,13.32061,15.352868,15.138944,17.76284,19.155916,13.8525505,13.870633,11.083271,10.9314,9.144229,11.263905,11.417937,15.59881,16.506306,22.308712,22.137634,24.440445,23.665462,21.767511,19.723307,18.31739,14.93173,12.043086,10.288276,7.440547,7.910046,5.3357787,9.124987,11.232349,11.65264,9.523911,13.636869,9.680478,14.433791,14.247983,18.279797
33,35.29146,31.199127,31.15401,26.695448,24.101278,25.439995,20.832024,24.180723,20.673483,23.54036,22.445883,25.98627,24.556911,22.561024,22.644464,19.535614,23.827765,19.94192,25.14892,24.465694,28.514463,27.916248,28.90916,29.849724,25.096832,29.190498,23.661203,20.982168,18.455133,14.834921,13.74942,9.068518,6.420882,0.0,6.868442,6.5393596,10.615594,13.356176,13.531385,13.104023,12.131722,17.520987,15.513307,21.055216,21.816639,25.436712,27.724445,31.237965,31.974136,29.637726,26.681969,25.9969,21.155167,21.563465,16.220062,20.321482,17.627817,16.63937,14.309173,12.992612,8.496114,5.891897,9.806944,11.353575,15.990752,17.407999,21.315702,23.874746,26.525051,27.575138,24.333378,27.492674,23.194403,26.734127,24.539463,19.493414,21.371174,17.500599,19.841526,17.986177,19.755814,18.550894,21.028854,21.194,15.693824,16.20995,12.611909,14.2739105,10.300543,14.443069,12.918942,17.276825,17.632025,23.186386,22.663446,24.001621,22.113699,20.19632,17.32261,17.027655,12.565067,10.962648,7.4486847,8.5893135,6.5621476,9.06214,11.106281,12.7748575,15.228057,14.021225,19.058851,15.819925,20.672365,20.578056,24.511265
34,38.51875,34.7313,33.745296,30.135426,26.703259,27.582045,22.573795,25.128458,21.548367,23.206278,21.618336,24.182323,22.461966,19.565704,20.251135,18.08246,22.78168,19.738995,25.080948,25.323633,29.501411,29.627155,29.937622,31.73203,26.531378,31.302841,25.845575,22.898844,20.123692,17.34384,14.522385,12.318088,4.8565474,6.868442,0.0,6.0762587,6.313444,7.5745134,6.6907415,6.926947,7.4690123,12.706149,12.678269,17.342728,19.584763,22.83646,25.868036,29.390854,30.319708,27.093792,24.506454,22.726295,18.49534,18.52655,12.996103,17.748827,13.977776,15.170525,14.078102,14.237483,9.861525,7.37876,11.746156,10.321121,16.561924,17.297678,21.691675,23.603508,27.204609,27.514542,24.039665,27.17654,22.84158,25.885773,23.217825,18.17133,18.886347,14.974008,16.043167,14.197297,15.043154,14.325429,18.083857,18.784723,13.446192,15.170852,12.943495,13.84599,12.773314,15.930616,16.095663,20.364702,21.065342,26.932852,26.369162,28.414953,27.495129,25.680471,23.275385,22.329975,18.405476,15.835121,13.028825,11.016249,9.173336,6.8461566,7.757278,8.499012,9.710786,9.145185,13.090483,11.404721,16.19942,17.016378,21.060911
