,0,1,2,3,4,5,6,7,8,9,10,11,12,13,14,15,16,17,18,19,20,21,22,23,24,25,26,27,28,29,30,31,32,33,34,35,36,37,38,39,40,41,42,43,44,45,46,47,48,49,50,51,52,53,54,55,56,57,58,59,60,61,62,63,64,65,66,67,68,69,70,71,72,73,74,75,76,77,78,79,80,81,82,83,84,85,86,87,88,89,90,91,92,93,94,95,96,97,98,99,100,101,102,103,104,105,106,107,108,109,110,111,112,113,114
0,0.0,4.2641993,5.7425156,8.335869,11.643443,12.714395,16.756458,19.212927,22.423832,25.693731,30.481365,32.461315,34.786816,35.881416,32.35078,28.638386,25.464981,22.765158,20.666374,16.189095,15.284087,11.523965,13.786534,11.442042,14.394261,16.694363,17.85499,21.526978,20.781862,24.354223,24.717285,27.889717,33.038593,34.625698,37.99871,39.102764,43.28226,44.946625,43.35688,40.067257,35.25751,36.10282,31.195301,32.02887,27.727283,27.489548,25.470318,23.63978,26.192791,29.714357,28.532412,32.592636,30.589134,33.56816,36.43907,35.867565,40.09389,38.148438,35.378006,36.564816,40.288113,35.555683,32.48932,29.749674,28.732635,26.155846,26.71793,22.780504,23.136993,23.48059,23.028952,19.952368,20.848476,20.991135,23.472454,24.87259,28.622108,29.947586,34.122643,36.374317,40.171227,41.202625,38.074535,41.13095,40.54118,36.025547,33.613083,29.396639,29.176405,23.983719,23.473494,19.309746,21.055393,16.539192,22.203999,20.92248,24.564455,23.731716,20.928709,17.808136,22.094622,21.263428,25.182085,24.723888,28.921183,29.481028,34.058437,36.994205,33.593204,30.50228,27.567623,23.614363,21.280167,17.481894,15.869624
1,4.2641993,0.0,5.09683,4.5262733,8.6721525,10.653957,14.017353,17.35914,19.957167,23.687105,28.115826,30.512503,32.508698,33.385265,30.047823,26.091236,23.600927,20.308142,19.115873,14.398383,14.466553,10.294513,13.546201,10.982277,12.094985,15.1938505,15.204882,18.567366,17.62125,20.76185,21.388771,24.02555,29.427696,30.671848,34.328022,35.33621,39.544296,41.395115,40.016068,36.811806,32.034565,33.33561,28.257845,29.697329,25.49042,25.781826,24.12482,22.981583,25.45866,28.510105,26.99035,30.718046,28.184738,31.028528,33.3874,32.851418,36.831795,34.6952,31.781866,32.70801,36.47294,31.725208,28.712034,26.357405,25.48748,23.23292,24.065212,20.420345,21.285957,22.081194,21.385307,18.942726,19.003876,19.817724,21.852823,22.44036,26.39004,27.206755,31.511627,33.45376,37.26718,38.08771,35.115864,38.061634,37.148933,32.67155,30.032373,26.018177,25.347458,20.434658,19.565002,15.452977,17.274366,12.9765215,18.774439,17.075378,20.534784,19.518818,16.754274,13.548454,17.899342,17.30069,21.240562,21.195797,25.289122,26.24915,30.758625,33.75381,30.427816,27.405231,24.400515,20.384626,17.885921,14.268119,12.415355
2,5.7425156,5.09683,0.0,5.953475,7.145346,8.970999,12.203657,15.474883,18.684448,21.843603,26.805723,28.516983,30.851847,31.532835,27.939207,24.191683,20.976084,18.016558,16.210985,11.085236,11.66733,6.246327,8.634135,6.2387605,8.867365,11.85952,12.655521,16.44079,15.565867,19.599325,19.670242,23.503754,28.337902,30.772114,33.5063,35.211956,39.0782,40.4889,38.533924,35.008244,30.275131,30.776712,25.922428,26.58661,22.139214,21.96864,19.859488,18.351318,20.747374,24.124731,22.830774,26.883173,24.907322,27.904459,31.012987,30.44943,34.792477,33.088455,30.503326,32.08643,35.682205,31.059988,27.863728,24.67162,23.535364,20.691538,21.310411,17.147638,17.777536,17.958464,17.30873,14.369634,15.205582,15.770225,18.309217,19.661947,23.527735,25.045116,29.172215,31.680899,35.417747,36.661633,33.901615,37.26211,36.4965,31.865446,29.70797,25.188358,25.333036,19.621689,19.366829,15.101584,16.816322,12.886684,18.575577,18.363995,22.05715,21.329777,19.38911,15.451815,19.43793,18.313387,22.51509,21.268944,25.984276,25.826975,30.85122,33.997543,31.130255,27.85137,25.835972,20.977598,19.530317,15.305347,14.925971
3,8.335869,4.5262733,5.953475,0.0,4.72408,7.3547873,9.875018,13.855186,15.943437,19.91803,24.107788,26.700352,28.482311,29.185394,25.969683,21.893654,19.888634,16.23247,15.768622,11.142554,12.0847845,8.197254,12.30636,10.565955,9.603617,14.136158,12.601523,15.598048,13.900591,16.969038,17.154972,19.825863,25.011578,26.2942,29.849405,30.867453,35.054417,36.875114,35.53474,32.415977,27.6193,29.140692,24.030724,25.780722,21.798868,22.419565,21.281443,20.692356,23.364779,25.759178,24.09364,27.39888,24.577522,27.45899,29.353243,29.193953,32.805756,30.86686,27.919346,28.782356,32.254623,27.427961,24.635542,22.144976,21.793943,19.49747,21.026129,17.35768,19.174047,20.01577,18.729292,16.743147,15.813983,16.956034,18.468842,18.443254,22.43366,22.922558,27.272446,29.051126,32.865707,33.613792,30.719416,33.672913,32.653675,28.166946,25.534382,21.5047,20.889698,15.925925,15.254187,11.356551,13.745485,10.592489,16.538857,14.935928,18.007603,16.526722,14.284766,10.123153,14.019688,13.046623,17.118198,16.768904,21.030931,21.853516,26.468983,29.549932,26.444616,23.36627,20.765764,16.308804,14.204393,10.415247,9.317391
4,11.643443,8.6721525,7.145346,4.72408,0.0,4.446637,5.554231,10.323775,12.46323,16.190565,20.623196,22.852392,24.732517,25.176767,21.837357,17.794535,15.608346,11.822245,11.575959,6.653161,9.085594,5.1356874,9.442037,9.100542,6.711816,12.477984,10.008902,12.872088,10.360416,14.172551,13.3123455,17.12152,21.575588,23.836063,26.561049,28.094809,32.012295,33.466053,31.725676,28.44149,23.617502,24.715488,19.71104,21.131016,17.154387,17.72458,16.811382,16.495827,19.35978,21.316732,19.69916,22.84146,20.17017,23.256142,25.296495,25.499525,29.047323,27.632292,24.908934,26.214447,29.27226,24.469995,21.765045,18.422182,18.41214,15.542611,17.659836,13.529914,16.17264,16.575863,14.678348,12.80048,11.257364,12.509743,13.83274,13.810291,17.830576,18.594995,22.89256,24.988375,28.773169,29.790121,27.070486,30.347927,29.400719,24.784554,22.562918,18.086823,18.28271,12.557775,12.76478,9.097064,11.922411,10.34471,15.937777,15.553948,18.370998,16.835718,15.681366,10.712396,13.526712,11.7567625,15.959515,14.231878,19.107712,18.834515,23.929193,27.164293,24.591696,21.300447,19.853424,14.492759,13.744451,9.542207,10.536892
5,12.714395,10.653957,8.970999,7.3547873,4.446637,0.0,5.003178,6.757354,9.84887,13.138673,17.944979,19.938232,22.147812,23.17173,19.663465,15.977619,13.063824,10.393029,8.721227,5.624253,5.216494,5.4836383,9.662236,11.275937,10.123657,15.9304285,13.681165,16.377886,13.18482,17.137938,14.867884,19.230017,22.54646,24.764114,27.111116,28.20943,32.251045,33.414677,31.675446,28.716993,23.774172,24.60385,20.02129,20.753588,17.340893,17.228281,16.877787,15.884873,19.804972,21.363356,20.314049,23.20981,21.147186,24.619637,26.469017,27.513412,30.543125,29.843409,27.264902,28.574165,30.87757,25.965977,23.922497,19.904085,20.909063,17.516682,20.430449,15.858406,19.043863,18.682007,16.151638,13.510635,11.740086,11.264242,12.371912,13.228202,16.585268,17.709097,21.79081,23.982483,27.768215,28.894854,25.58105,28.822727,28.625185,24.087523,22.279238,17.679659,18.937586,13.29003,14.8371,12.193955,15.548776,14.725054,20.179007,19.674818,22.13799,20.107294,18.879179,13.72688,15.5857725,12.868855,16.571758,13.825363,18.621977,17.618114,22.609997,25.654413,22.917295,19.510283,18.354185,13.082373,12.93568,8.413066,10.546653
6,16.756458,14.017353,12.203657,9.875018,5.554231,5.003178,0.0,6.1997643,7.434664,11.05353,15.35278,17.51812,19.292603,19.62897,16.299492,12.242405,10.424085,6.3597145,7.292533,4.5237637,7.855551,7.5817294,10.980103,12.639503,9.191601,15.260099,11.562076,13.273444,9.31711,13.013345,9.992034,14.713161,17.630838,20.408619,22.328138,23.898405,27.687086,28.781202,26.900312,23.811003,18.88621,19.915129,15.156279,16.468544,13.20996,13.887582,14.228792,14.525837,17.99276,18.622725,17.193504,19.44994,16.84984,20.217154,21.585836,22.87641,25.611828,25.065191,22.55283,23.949873,26.018948,21.167751,19.219957,14.956996,16.437183,13.066993,16.721909,12.498665,16.660065,16.51737,13.493333,12.157525,8.830453,9.658386,9.644142,8.899762,12.654676,13.255226,17.520279,19.628286,23.419785,24.53923,21.710974,25.147932,24.473131,19.828882,18.085476,13.283051,14.697811,8.635687,10.71426,8.872476,12.355464,13.3430195,17.902163,17.99773,19.915512,17.871067,17.668732,12.400363,13.1541605,10.250219,13.858054,10.367622,15.578611,14.04213,19.429209,22.704697,20.657682,17.242579,17.137829,11.176194,12.212733,8.379766,11.552035
7,19.212927,17.35914,15.474883,13.855186,10.323775,6.757354,6.1997643,0.0,4.470531,6.490715,11.658023,13.256374,15.674265,17.067696,13.481508,10.363628,7.1009436,6.359643,4.1571317,6.9727287,5.633863,10.482761,13.13046,16.387041,14.517066,20.373455,17.32654,19.06197,14.966833,18.52117,14.300622,19.170826,20.30972,22.87833,24.101322,24.959627,28.78868,29.374784,27.52145,25.046429,20.180202,20.675436,16.956045,16.987381,14.97247,14.464555,15.700351,15.006992,19.70834,19.71125,19.22044,20.975605,19.483145,23.195377,24.266811,26.656754,28.596298,29.059813,26.843748,28.203266,29.186052,24.395805,23.433376,18.567205,21.184765,17.427078,21.640741,17.153746,21.47128,20.449526,16.95152,14.731834,11.691025,9.767388,9.079403,9.998704,11.908867,13.139533,16.687828,18.894808,22.545687,23.844555,20.088507,23.418768,24.039726,19.700617,18.793985,14.146073,17.17926,12.087434,15.504673,14.740513,18.373928,19.46366,24.09281,23.977127,25.647776,23.168146,22.732737,17.492254,17.472713,13.837906,16.373816,11.756909,16.255997,13.434525,18.36684,21.209631,19.059193,15.5783205,16.23296,10.902192,13.002347,9.562904,13.599838
8,22.423832,19.957167,18.684448,15.943437,12.46323,9.84887,7.434664,4.470531,0.0,4.6111383,8.212368,11.007214,12.57368,13.79057,10.6961,7.1660953,6.6696386,5.371877,6.8663964,9.888754,10.06251,13.894707,16.7397,19.54635,16.496643,22.439276,18.46993,19.36819,14.9074955,17.413393,12.710011,16.73053,17.040575,19.037758,20.276667,20.682457,24.615808,25.300566,23.828272,21.784197,16.94891,18.273243,14.691872,15.658601,14.603259,14.94658,17.11501,17.458776,21.731297,20.826239,20.06981,20.881119,18.839191,22.277288,22.151123,25.13412,26.192377,26.845758,24.593128,25.519747,25.911825,21.120777,20.876917,16.317589,19.956469,16.70702,21.597258,17.814259,22.708391,22.066898,18.370016,17.202223,13.223661,12.277432,10.365693,9.196774,10.576399,10.350957,13.922075,15.341992,19.048697,19.966446,16.064577,19.219292,19.715536,15.436344,14.500278,10.110853,13.505739,9.450259,13.47219,14.077577,17.791363,20.07821,24.059946,23.702372,24.63784,21.815683,21.882565,16.904305,15.615113,11.760832,13.37388,8.123148,12.2559,8.982358,13.940897,16.861275,15.0043335,11.525716,13.09236,7.695131,11.051348,8.961363,13.494898
9,25.693731,23.687105,21.843603,19.91803,16.190565,13.138673,11.05353,6.490715,4.6111383,0.0,5.6528335,6.8311014,9.232987,10.9764805,7.5353837,5.6991296,4.2060375,6.7908864,6.973906,12.074246,11.536543,16.482037,18.428465,22.05819,19.504553,25.140013,21.486948,22.277653,17.879917,20.529799,15.220462,19.711466,18.542812,21.213377,21.159529,21.71118,25.119486,25.088398,23.233536,21.464264,16.99357,17.3214,14.926972,14.517211,14.55009,14.0947,16.91906,17.0237,21.607399,19.99574,19.886538,20.134157,19.065128,22.599218,22.507833,26.1526,26.765667,28.30941,26.51398,27.759686,27.36938,22.963888,23.195213,18.059837,22.069553,18.517986,23.552906,19.715963,24.664898,23.411116,19.468554,18.180626,14.40989,12.334281,9.808204,9.668107,9.101138,9.7194805,12.116195,13.966246,17.306913,18.682,14.549089,17.91406,19.371998,15.491404,15.754146,11.680101,16.264091,12.756198,17.183035,18.063757,21.530756,24.022238,27.781092,27.914581,28.834002,26.11839,26.407366,21.437141,19.976942,16.149231,17.295057,11.714019,15.034142,10.354667,14.675017,17.142454,16.079285,12.902577,15.798042,11.343754,15.144869,13.367009,17.883158
10,30.481365,28.115826,26.805723,24.107788,20.623196,17.944979,15.35278,11.658023,8.212368,5.6528335,0.0,4.767962,4.7524657,7.201974,5.6712875,5.8147326,8.668795,10.686659,12.48991,17.203884,17.017557,21.68187,23.843948,27.193596,23.989136,29.62424,25.388391,25.503094,21.019089,22.549696,17.144794,20.255692,17.588818,19.202475,18.696247,18.219557,21.493467,21.277035,20.093985,19.436157,15.55671,16.739614,15.396281,15.736182,17.248695,17.462523,20.981245,21.78728,25.94386,23.505224,23.308924,22.463808,21.14801,24.17632,22.572264,27.021976,26.281662,28.309732,26.660114,27.318155,25.821306,21.770084,23.197605,18.732765,23.74168,20.90588,26.341784,23.28721,28.53882,27.56822,23.57558,23.03927,18.841125,17.40522,14.366157,12.806884,11.143707,9.847316,10.902857,11.042967,13.940245,14.68753,9.839406,12.647407,14.877158,11.775412,12.81325,10.325239,15.267425,14.042902,18.53271,20.65627,24.001566,27.368694,30.511507,30.340797,30.495152,27.473518,28.164618,23.694609,21.0922,17.402523,17.144802,11.816681,13.205266,7.8821225,10.497948,12.382099,12.298512,9.823835,14.40968,11.595623,16.055876,15.85586,20.27731
11,32.461315,30.512503,28.516983,26.700352,22.852392,19.938232,17.51812,13.256374,11.007214,6.8311014,4.767962,0.0,3.701703,6.3449826,4.3577104,7.1876016,8.252925,12.071176,12.783077,18.243336,17.8578,22.90128,24.240309,28.184715,25.493687,30.765343,26.98613,27.182522,22.877962,24.884357,19.194527,23.159655,19.876904,22.66193,20.96734,21.292587,23.791513,22.800558,20.850739,20.059755,16.655994,16.291183,16.03933,14.724277,16.876463,16.246786,19.988222,20.514112,24.718864,21.841194,22.264288,21.116009,20.880503,23.982744,22.968643,27.640585,26.957968,29.669966,28.480625,29.707989,27.935152,24.293772,25.595438,20.494696,25.25482,22.019493,27.270956,24.058678,29.139338,27.596336,23.543163,22.849773,19.090084,16.892376,13.754757,13.342933,10.426343,10.575673,10.278555,11.514498,13.735826,15.351593,11.144287,14.297633,17.099863,14.412125,16.32846,13.663131,19.017313,17.156536,21.780107,23.56951,26.704348,29.95462,33.050156,33.50507,33.950783,31.212801,32.00821,27.315876,25.08737,21.40029,21.558172,15.991977,17.807123,12.174819,14.67984,16.196493,16.731499,14.511968,19.086784,16.035679,20.38461,19.552889,24.069592
12,34.786816,32.508698,30.851847,28.482311,24.732517,22.147812,19.292603,15.674265,12.57368,9.232987,4.7524657,3.701703,0.0,3.9531815,4.6517963,7.8432136,10.94624,13.80113,15.591385,20.6433,20.720287,25.37994,27.001307,30.630465,27.39665,32.69559,28.490248,28.25689,23.930378,25.219923,19.621944,22.669378,18.634836,20.763147,18.794697,18.57038,20.883944,19.804043,18.324337,18.258614,15.307228,15.698482,15.934696,15.467965,18.228981,18.258984,22.244455,23.318192,27.157862,23.942764,24.097635,22.393076,21.727354,24.438084,22.41885,27.449501,25.953566,28.826088,27.696306,28.523367,26.146454,22.775272,24.745035,20.203909,25.454908,22.750864,28.184635,25.506977,30.760704,29.53059,25.496897,25.331917,21.219212,19.666267,16.315323,14.851984,11.887589,10.679318,9.6988945,9.480133,11.300673,12.391561,7.8442,10.668607,13.851114,11.787433,14.19215,12.612235,17.864763,17.28288,21.792658,24.253016,27.26812,31.042,33.715855,33.993538,33.971344,31.11138,32.18839,27.835428,24.997606,21.494135,20.94948,15.709864,16.523216,10.905452,12.2650585,13.378767,14.752419,13.109277,18.36891,16.067852,20.609953,20.539675,24.968197
13,35.881416,33.385265,31.532835,29.185394,25.176767,23.17173,19.62897,17.067696,13.79057,10.9764805,7.201974,6.3449826,3.9531815,0.0,3.9743147,7.3980107,11.529333,13.691486,16.423561,20.964159,22.088648,25.901783,27.289536,30.704035,27.00515,31.934553,27.540668,26.816454,22.70765,23.542448,17.990984,20.810694,15.942846,18.838928,15.854087,16.496073,18.159752,16.711493,14.687101,14.495473,11.93569,12.131514,13.114205,12.826291,16.280384,16.809065,21.028215,22.79977,25.993528,22.304573,22.27228,19.944603,19.161068,21.486124,18.991316,24.261553,22.358465,25.570795,24.739101,25.723408,23.003607,20.037664,22.183668,17.69973,23.06098,20.690485,26.077991,23.976553,29.235195,28.126545,24.17876,24.719608,20.444277,19.582619,15.997734,13.756917,10.423618,8.559957,6.4160414,5.822691,7.489641,9.073333,5.62905,9.445014,11.7161875,9.629836,12.672619,11.319443,16.615297,16.383905,20.735125,23.533901,26.117224,30.379383,32.42016,33.13784,32.926315,30.338505,31.899565,27.734598,24.720245,21.531176,20.963463,15.794047,16.68497,10.897906,12.526071,13.915019,16.087942,14.551042,19.984667,17.23838,21.83916,21.75742,26.160448
14,32.35078,30.047823,27.939207,25.969683,21.837357,19.663465,16.299492,13.481508,10.6961,7.5353837,5.6712875,4.3577104,4.6517963,3.9743147,0.0,4.3685904,7.575827,10.228752,12.51863,17.246199,18.278793,22.187044,23.450645,27.03456,23.662922,28.659863,24.543419,24.2254,20.044195,21.598072,15.870562,19.70938,15.907936,19.448776,17.17203,18.336958,20.525946,19.49343,17.108206,15.873616,12.381418,12.03063,11.859406,10.968862,13.594852,13.69665,17.74946,19.171171,22.719248,19.440575,19.47469,17.841148,17.171587,20.036106,18.649809,23.43309,22.600433,25.389175,24.330557,25.695332,23.86256,20.377996,21.676666,16.534327,21.446627,18.481619,23.813795,21.124973,26.329123,25.025696,21.005713,21.120266,16.969582,15.74886,12.22123,10.538937,7.2674284,6.561916,5.9954243,7.6298633,10.308348,12.232812,8.864114,12.856648,14.555725,11.408336,13.518574,10.643845,16.150057,14.435294,18.989416,21.147669,23.903906,27.697655,30.183,31.01865,31.272728,28.778809,30.058403,25.539717,23.104918,19.707552,19.885675,14.283018,16.34921,10.413694,13.5974455,15.620945,16.744366,14.46318,19.251774,15.572704,20.04733,19.242624,23.750633
15,28.638386,26.091236,24.191683,21.893654,17.794535,15.977619,12.242405,10.363628,7.1660953,5.6991296,5.8147326,7.1876016,7.8432136,7.3980107,4.3685904,0.0,5.697517,6.3729796,9.848474,13.766172,15.420406,18.653893,20.37777,23.520988,19.80102,25.018393,20.6713,20.442295,16.105047,17.737104,12.063289,16.089523,13.498198,16.992443,15.880213,17.212194,20.094719,19.855436,17.682682,15.765473,11.344438,12.00257,9.901653,10.36506,11.5571,12.293598,15.90723,17.475986,21.019066,18.422073,17.876286,17.000381,15.364226,18.446695,17.347536,21.508486,21.41107,23.333107,21.798725,23.079035,22.124208,18.041958,18.73346,13.57315,18.317043,15.295425,20.722425,17.864658,23.172575,22.251022,18.27412,18.412678,13.929509,13.390151,10.009401,7.3425384,5.8196087,4.354181,6.889526,8.602317,12.188221,13.659026,10.402763,14.37563,14.922711,10.802237,11.620529,7.5346336,12.829402,10.242847,14.848423,16.83843,19.736683,23.44127,26.092157,26.737375,27.09919,24.600414,25.782368,21.202583,18.947567,15.546028,16.152544,10.437187,13.421193,7.8283014,12.46493,15.2221985,15.506777,12.687213,16.692427,12.153866,16.440636,15.377475,19.82653
16,25.464981,23.600927,20.976084,19.888634,15.608346,13.063824,10.424085,7.1009436,6.6696386,4.2060375,8.668795,8.252925,10.94624,11.529333,7.575827,5.697517,0.0,5.0490394,5.0177765,10.227819,10.990835,15.047091,16.135824,20.037779,17.53286,22.680925,19.31214,20.042582,15.910062,19.012537,13.590095,19.0393,17.830528,21.861357,21.06559,22.764671,25.665627,25.342588,22.737173,20.264866,15.843699,15.074122,12.697473,11.257088,10.91165,9.98156,12.873699,13.160522,17.592741,15.807678,15.8373165,16.216402,15.610176,19.303915,20.089455,23.469574,24.655424,26.358511,24.84814,26.71928,26.589117,22.408066,22.092293,16.363428,19.808254,15.859595,20.643656,16.688032,21.521532,19.914713,15.908719,14.780013,11.10347,8.865977,5.8972006,6.6402106,5.855084,8.19356,10.636993,13.6675825,16.947592,18.923431,15.714377,19.642696,20.59203,16.492842,16.997221,12.393626,17.045187,12.617954,16.937021,17.408169,20.435093,22.924866,26.387875,27.336447,28.558409,26.328402,26.919813,21.85067,20.844927,17.290686,19.031435,13.381264,17.38987,12.504359,17.37522,20.07379,19.51088,16.326082,19.22799,14.105892,17.680168,15.263306,19.664354
17,22.765158,20.308142,18.016558,16.23247,11.822245,10.393029,6.3597145,6.359643,5.371877,6.7908864,10.686659,12.071176,13.80113,13.691486,10.228752,6.3729796,5.0490394,0.0,5.349992,7.510473,10.374053,12.3990755,14.255375,17.16463,13.597787,19.002373,14.990561,15.541469,11.199845,14.207532,9.036642,14.548103,14.722403,18.658342,18.83419,20.81251,24.042803,24.390955,22.024742,19.085268,14.23663,14.568872,10.616287,11.115021,9.309949,9.89281,12.080389,13.200455,16.90242,15.75305,14.779901,15.665125,13.622306,17.199306,17.921244,20.57094,22.299337,23.071417,21.12983,22.850618,23.56156,19.039946,18.088007,12.670766,15.75653,12.001363,16.871014,13.046268,18.109015,17.255634,13.403873,12.915865,8.470131,8.413592,6.0047603,3.9401274,6.553956,7.423758,11.414827,13.963195,17.652271,19.188437,16.464787,20.328888,20.096008,15.525475,14.960429,9.873075,13.449367,8.062102,12.08551,12.374679,15.417071,18.114952,21.47117,22.32379,23.528934,21.405876,22.128078,17.12035,16.261076,12.972249,15.243297,9.993273,14.783671,10.96708,16.519026,19.70108,18.795475,15.464668,17.51779,11.684451,14.757146,12.156417,16.30768
18,20.666374,19.115873,16.210985,15.768622,11.575959,8.721227,7.292533,4.1571317,6.8663964,6.973906,12.48991,12.783077,15.591385,16.423561,12.51863,9.848474,5.0177765,5.349992,0.0,5.8779483,6.1772604,10.295498,11.5567045,15.549501,13.865437,19.1637,16.468714,18.096916,14.238955,18.23661,13.684614,19.485292,20.04726,23.865322,24.078762,25.824097,29.108196,29.243053,26.732367,23.846634,19.162884,18.592825,15.23624,14.152519,11.952829,10.7466345,11.959776,11.150722,16.000364,15.789786,15.61605,17.467863,16.65857,20.520016,22.339096,24.68596,26.94776,27.816757,25.985214,27.94735,28.846815,24.364428,23.159304,17.644686,19.912928,15.710137,19.743242,15.069761,19.32874,17.735514,14.048248,11.766891,8.871502,6.029843,5.2075114,7.733581,9.342936,11.839047,15.047667,18.082102,21.553427,23.383194,20.183926,23.978128,24.549839,20.167002,19.831207,14.88136,18.464016,12.918303,16.4853,15.614905,18.742958,20.020914,24.226597,25.04948,26.914131,24.883741,24.890017,19.625164,19.747334,16.338013,19.022667,14.018164,18.744572,15.053603,20.271055,23.17761,21.741144,18.30239,19.773617,14.215,16.68524,13.222622,17.159594
19,16.189095,14.398383,11.085236,11.142554,6.653161,5.624253,4.5237637,6.9727287,9.888754,12.074246,17.203884,18.243336,20.6433,20.964159,17.246199,13.766172,10.227819,7.510473,5.8779483,0.0,5.8604603,5.0294924,7.037646,10.023833,8.126565,13.604729,11.247637,13.625853,10.395784,15.0545845,12.071021,17.780865,20.272755,24.073946,25.153912,27.336958,30.738203,31.394691,28.923285,25.483917,20.721565,20.55127,16.202114,16.094555,12.268209,11.84871,11.254094,10.581803,14.411912,15.742521,14.742395,17.776781,16.151623,19.77503,22.38832,23.391485,26.766148,26.54328,24.41392,26.473063,28.594065,24.025444,21.739738,16.839272,17.528973,13.50441,16.423798,11.464312,15.006968,13.994506,10.98962,8.432981,6.2768292,5.981348,7.45518,9.029074,12.53566,14.554784,18.412683,21.340227,24.96271,26.60333,23.957056,27.734879,27.37154,22.72478,21.545156,16.499039,18.563074,12.251013,14.340648,11.949617,14.679569,14.81899,19.387663,20.395277,22.873283,21.38102,21.146582,15.972999,17.36785,14.709537,18.358479,14.571704,19.798277,17.474104,22.982775,26.198328,24.393742,20.915886,21.19086,15.279925,16.440626,12.31421,15.191872
20,15.284087,14.466553,11.66733,12.0847845,9.085594,5.216494,7.855551,5.633863,10.06251,11.536543,17.017557,17.8578,20.720287,22.088648,18.278793,15.420406,10.990835,10.374053,6.1772604,5.8604603,0.0,6.9245033,9.024807,12.659785,12.851402,18.105371,16.570175,19.27918,16.02531,20.43012,17.163557,22.467602,24.554394,27.547115,28.883207,30.181847,33.93483,34.52041,32.34931,29.432222,24.59915,24.446268,20.588955,19.94365,16.926777,15.683733,15.441834,13.41151,18.202387,19.61,19.348064,22.242521,21.28523,25.069796,27.391413,28.941553,31.86425,31.96614,29.78217,31.532856,33.2363,28.491262,26.752577,21.865364,23.204153,19.189228,22.27651,17.26732,20.462397,19.110779,16.241615,12.736842,11.573134,8.959925,10.372259,13.048398,15.421818,17.602919,21.10224,23.860538,27.451195,29.02417,25.505308,28.969715,29.518616,25.088465,24.071058,19.254538,21.771486,16.027222,18.55571,16.399958,19.619555,19.12037,24.315237,24.473976,26.965004,25.00069,24.018995,18.806494,20.20364,17.08635,20.368002,16.522615,21.255009,18.938957,23.926018,26.774817,24.369635,20.90587,20.719343,15.563225,16.44657,12.201687,15.011498
21,11.523965,10.294513,6.246327,8.197254,5.1356874,5.4836383,7.5817294,10.482761,13.894707,16.482037,21.68187,22.90128,25.37994,25.901783,22.187044,18.653893,15.047091,12.3990755,10.295498,5.0294924,6.9245033,0.0,4.536841,6.0515437,6.658722,11.506426,10.82611,14.24511,12.214906,16.929317,15.46672,20.496489,24.151653,27.477558,29.251972,31.310467,34.902573,35.854584,33.529198,29.97885,25.238817,25.21732,20.6624,20.733135,16.47039,15.984384,14.282425,12.833926,16.01424,18.691673,17.622326,21.403528,19.781065,23.142485,26.26319,26.42669,30.429102,29.536211,27.231562,29.20304,32.064117,27.470306,24.650213,20.434298,20.056568,16.452217,18.079666,13.224744,15.211901,14.556267,12.760365,9.487114,9.571104,9.608531,12.081139,13.872112,17.51452,19.46261,23.39801,26.237007,29.894722,31.424582,28.732857,32.367683,31.865162,27.197678,25.59938,20.718891,21.92974,15.7144985,16.663996,13.107094,15.392022,13.528735,18.795338,19.498081,22.667965,21.562511,20.581692,15.736391,18.463467,16.434376,20.509207,17.815985,22.9329,21.548676,26.902605,30.105347,27.789387,24.344967,23.557419,18.001532,17.938343,13.478944,14.989551
22,13.786534,13.546201,8.634135,12.30636,9.442037,9.662236,10.980103,13.13046,16.7397,18.428465,23.843948,24.240309,27.001307,27.289536,23.450645,20.37777,16.135824,14.255375,11.5567045,7.037646,9.024807,4.536841,0.0,5.0888834,7.8643928,10.679346,11.58117,15.017142,13.755395,18.76194,17.271643,22.89437,26.064072,30.290413,31.28158,33.95717,37.13615,37.712257,34.874935,31.02595,26.544447,25.595629,21.492727,20.573788,16.091276,14.880297,12.210018,9.925458,12.698316,16.20787,15.539332,19.875734,19.14628,22.469137,26.560577,26.412592,30.887403,30.287329,28.391878,30.92919,33.76879,29.501482,26.45529,21.825367,20.84014,16.95358,17.787786,12.799221,13.807806,12.255462,10.94971,6.733321,9.012402,8.548271,11.90284,14.775119,18.01595,20.75389,24.26401,27.640099,31.08094,33.005276,30.663076,34.57689,34.161755,29.50719,28.347681,23.301321,24.971983,18.574585,19.678892,16.176916,17.803926,15.909941,20.51218,22.21553,25.588638,24.964165,24.308744,19.638498,22.35243,20.403496,24.43901,21.31829,26.55442,24.500181,30.013853,33.228485,31.292713,27.80877,27.583862,21.86009,22.241735,17.810555,19.522423
23,11.442042,10.982277,6.2387605,10.565955,9.100542,11.275937,12.639503,16.387041,19.54635,22.05819,27.193596,28.184715,30.630465,30.704035,27.03456,23.520988,20.037779,17.16463,15.549501,10.023833,12.659785,6.0515437,5.0888834,0.0,5.9513745,7.0945764,9.413706,13.30729,13.2821245,17.836697,17.945816,22.628963,26.981375,30.764488,32.448586,35.16791,38.425976,39.42212,36.815998,32.820183,28.40173,28.010775,23.45771,23.451534,18.617468,18.24212,15.278033,13.916755,15.228742,19.15987,17.83813,22.31562,20.82584,23.645798,27.740694,26.673717,31.622889,30.138447,28.019178,30.360819,34.003284,29.803942,26.202698,22.521038,20.52031,17.412394,17.10599,12.853035,12.523708,12.216186,12.210701,9.337285,11.584399,12.828381,15.843394,17.58229,21.388805,23.504753,27.315578,30.36942,33.884995,35.5453,33.464615,37.246758,36.25554,31.559916,29.864897,25.055464,25.65816,19.488415,19.38472,15.152654,16.00695,12.694288,17.303717,18.969122,22.77187,22.717398,21.817171,17.807331,21.381828,20.274958,24.549261,22.516062,27.64015,26.540854,31.991695,35.31159,33.171055,29.78079,28.847874,23.283415,22.841007,18.560284,19.216784
24,14.394261,12.094985,8.867365,9.603617,6.711816,10.123657,9.191601,14.517066,16.496643,19.504553,23.989136,25.493687,27.39665,27.00515,23.662922,19.80102,17.53286,13.597787,13.865437,8.126565,12.851402,6.658722,7.8643928,5.9513745,0.0,6.1238832,4.2428637,7.971754,7.4347973,11.912954,12.347461,16.713177,21.33345,25.069296,26.861279,29.707815,32.875847,34.056534,31.632593,27.651773,23.270159,23.503298,18.596373,19.636402,14.851378,15.61948,13.466004,13.814132,14.904142,17.58571,15.5249605,19.295914,16.705261,19.347744,22.685232,21.675562,26.343822,24.622023,22.305136,24.473036,28.15548,23.941784,20.295233,16.906557,14.984613,12.169556,12.46465,8.425297,9.700894,10.466174,9.655882,8.77083,8.631868,11.704001,13.636561,13.684895,17.920565,19.218626,23.227451,25.875359,29.397467,30.803152,29.095974,32.79058,31.274345,26.612503,24.71132,20.10357,20.219418,14.224402,13.701553,9.559095,10.292175,8.319367,12.69991,14.623029,17.966206,17.788473,17.645523,13.481776,16.473602,15.582642,19.768457,17.909319,22.971048,22.095688,27.524752,30.940083,29.1443,25.87837,25.274208,19.54284,19.422937,15.614975,16.667112
25,16.694363,15.1938505,11.85952,14.136158,12.477984,15.9304285,15.260099,20.373455,22.439276,25.140013,29.62424,30.765343,32.69559,31.934553,28.659863,25.018393,22.680925,19.002373,19.1637,13.604729,18.105371,11.506426,10.679346,7.0945764,6.1238832,0.0,5.595823,8.620988,10.936003,14.435514,16.337519,20.105768,24.935165,29.145899,30.591309,34.091076,36.78163,37.889126,35.151485,30.804317,26.93901,26.635052,22.070898,22.789196,17.785383,18.485634,15.299315,15.74168,14.829702,18.490011,16.298649,20.53219,18.332577,20.18177,24.535229,22.177698,27.771664,25.540047,23.622007,26.232466,30.559723,26.980719,22.693913,19.967472,16.348814,14.362215,12.085401,9.560562,7.0933666,8.672387,10.371666,10.399824,12.245091,15.593889,17.925005,18.238571,22.236475,23.790007,27.449259,30.307915,33.57245,35.141342,34.05373,37.865776,35.992573,31.420788,29.604591,25.17664,24.940233,19.311758,18.07538,13.958068,12.982197,9.960625,12.3790655,15.7497835,19.497967,20.533604,20.626162,17.57903,20.989048,20.853601,24.956459,23.53113,28.454897,27.6431,33.059788,36.510086,34.95045,31.752245,31.166443,25.498598,25.211773,21.545336,22.083485
26,17.85499,15.204882,12.655521,12.601523,10.008902,13.681165,11.562076,17.32654,18.46993,21.486948,25.388391,26.98613,28.490248,27.540668,24.543419,20.6713,19.31214,14.990561,16.468714,11.247637,16.570175,10.82611,11.58117,9.413706,4.2428637,5.595823,0.0,3.9488738,5.4831553,9.031801,10.993638,14.5611,19.542025,23.552519,25.182043,28.542665,31.318306,32.588078,30.118334,25.937582,21.944191,22.343597,17.428991,19.113214,14.369495,15.976659,13.917042,15.429595,15.2850485,17.507208,14.891019,18.254444,15.020889,16.976358,20.261703,18.461422,23.469778,21.220467,18.955378,21.280756,25.419113,21.591183,17.462317,14.786235,11.722612,9.80952,8.956616,6.3162756,7.1060495,9.251542,9.155651,10.330575,9.731345,13.934029,15.273934,14.2299595,18.456623,19.244728,23.092058,25.519024,28.842667,30.144056,29.126245,32.789692,30.672537,26.141617,24.165482,19.918114,19.402891,13.974659,12.562254,8.728221,7.8415685,6.858498,9.412184,12.602581,15.716247,16.216196,16.91849,13.495518,16.1202,15.949371,19.859074,18.461424,23.246954,22.58414,27.886406,31.346308,29.985893,26.909914,26.588749,20.928642,20.963219,17.746038,18.717289
27,21.526978,18.567366,16.44079,15.598048,12.872088,16.377886,13.273444,19.06197,19.36819,22.277653,25.503094,27.182522,28.25689,26.816454,24.2254,20.442295,20.042582,15.541469,18.096916,13.625853,19.27918,14.24511,15.017142,13.30729,7.971754,8.620988,3.9488738,0.0,4.5358562,6.123377,9.310338,11.975359,16.931122,21.218243,22.546112,26.335287,28.711298,30.013346,27.540823,23.274803,19.675953,20.331463,15.516381,17.906073,13.563985,15.981778,14.489531,17.001524,16.241333,17.53366,14.5464115,17.073288,13.156541,14.426812,17.237831,14.97449,20.020449,17.417505,15.177849,17.648655,21.98658,18.511612,14.096007,12.049013,8.132839,7.368144,5.9536133,5.605111,7.0180407,9.876523,9.75273,12.417823,10.949818,15.665869,16.254492,14.13638,18.13322,18.312353,21.911688,24.022083,27.116043,28.280653,27.885406,31.465185,28.857729,24.521864,22.572544,18.755646,17.812996,13.151885,11.234226,8.4925585,6.3420887,7.9167986,7.9733434,12.065298,14.3733635,15.187541,16.84823,13.999891,15.710718,15.950872,19.363514,18.18078,22.5848,21.97171,27.051317,30.491129,29.619318,26.76297,26.883835,21.365631,21.757792,19.156033,20.329042
28,20.781862,17.62125,15.565867,13.900591,10.360416,13.18482,9.31711,14.966833,14.9074955,17.879917,21.019089,22.877962,23.930378,22.70765,20.044195,16.105047,15.910062,11.199845,14.238955,10.395784,16.02531,12.214906,13.755395,13.2821245,7.4347973,10.936003,5.4831553,4.5358562,0.0,5.0539722,5.5230975,9.743653,14.187034,18.432732,19.808163,23.168123,25.935778,27.174717,24.823921,20.81123,16.653975,17.634577,12.470935,15.077184,10.965002,13.469925,12.928777,15.383289,15.957849,16.517984,13.7963705,15.905169,11.870001,14.023368,15.992151,15.307126,19.354204,17.588718,15.131995,17.28225,20.731176,16.6073,12.953945,9.638298,8.111894,5.8066983,8.044511,5.686863,9.783653,11.322916,9.473035,11.455614,8.437121,12.864679,12.853909,10.203734,14.38507,14.346361,18.25851,20.30731,23.644392,24.775402,23.871056,27.469095,25.212381,20.712685,18.808096,14.633071,14.290902,8.940955,8.053763,5.7764406,5.899084,8.933307,10.747225,13.224484,15.051487,14.637881,16.146183,12.284931,13.188681,12.5233,15.932177,13.974187,18.635075,17.63766,22.872799,26.330631,25.394012,22.439049,22.840647,17.151009,18.020126,15.425412,17.301193
29,24.354223,20.76185,19.599325,16.969038,14.172551,17.137938,13.013345,18.52117,17.413393,20.529799,22.549696,24.884357,25.219923,23.542448,21.598072,17.737104,19.012537,14.207532,18.23661,15.0545845,20.43012,16.929317,18.76194,17.836697,11.912954,14.435514,9.031801,6.123377,5.0539722,0.0,5.7598257,5.881581,11.570261,15.1724415,17.029785,20.519253,23.019747,24.704979,22.829145,18.993265,15.394968,17.511782,12.513291,16.566315,13.473257,16.762724,16.858715,19.90777,19.966618,19.82461,16.869108,17.887907,13.093805,14.086569,14.401317,13.263349,16.711607,13.974785,11.031677,12.604418,16.695644,12.783899,8.606206,7.6166573,5.675526,6.6253695,8.517552,9.157134,12.539762,14.852716,13.486743,16.24891,13.052325,17.466228,16.820364,13.057308,16.696907,15.400489,18.987957,20.110003,23.157013,23.75462,23.55733,26.734474,23.646524,19.52578,17.218334,14.139871,12.253249,9.025463,6.302462,6.2084064,4.3485737,9.837771,9.198296,11.556255,12.0724745,11.931721,14.599018,12.01635,11.782108,12.254226,14.759077,14.058048,17.711105,17.628685,22.183397,25.535803,25.004978,22.512804,22.956121,17.938286,18.707056,17.23143,18.709948
30,24.717285,21.388771,19.670242,17.154972,13.3123455,14.867884,9.992034,14.300622,12.710011,15.220462,17.144794,19.194527,19.621944,17.990984,15.870562,12.063289,13.590095,9.036642,13.684614,12.071021,17.163557,15.46672,17.271643,17.945816,12.347461,16.337519,10.993638,9.310338,5.5230975,5.7598257,0.0,6.5810194,9.037571,13.875182,14.564841,18.00248,20.679806,21.771927,19.501804,15.736403,11.343717,13.13859,7.8164525,11.727984,9.174165,12.440932,13.701178,16.763468,17.896338,16.802013,14.320295,14.750646,10.308426,12.4592,12.416032,13.509345,15.916766,15.102092,12.680907,14.51407,16.64902,12.234204,9.741983,5.1239295,7.321897,5.2808337,10.289397,8.956771,13.999551,14.90946,12.121725,14.367842,10.021501,13.6681185,12.13208,7.6895056,11.108278,9.736575,13.561077,15.05412,18.369581,19.314909,18.613728,22.160284,19.75802,15.305346,13.667757,9.6090145,9.902201,5.2138324,6.172873,7.51688,8.646495,13.435019,14.543389,16.270578,16.796843,15.538392,17.677507,13.85631,12.661596,11.333846,13.573862,10.708926,14.902643,13.184608,18.23814,21.644468,21.385006,18.653862,20.15699,14.704305,16.727608,15.091712,17.867685
31,27.889717,24.02555,23.503754,19.825863,17.12152,19.230017,14.713161,19.170826,16.73053,19.711466,20.255692,23.159655,22.669378,20.810694,19.70938,16.089523,19.0393,14.548103,19.485292,17.780865,22.467602,20.496489,22.89437,22.628963,16.713177,20.105768,14.5611,11.975359,9.743653,5.881581,6.5810194,0.0,7.0844135,9.302007,11.933626,14.849244,17.571945,19.69876,18.634127,15.57893,12.1538,15.929836,11.391528,16.631418,15.15066,18.721804,20.07112,23.288288,23.995918,22.809513,20.118898,19.903093,15.006829,15.755612,13.4955225,14.057023,15.131836,12.8776,9.610715,9.532398,12.457467,7.8190866,5.201724,6.140605,8.292017,9.822444,13.273769,13.997213,18.074976,19.962902,17.91617,20.512012,16.452019,20.164583,18.55646,13.833527,16.562696,13.79609,17.005934,16.85446,19.71713,19.60334,19.593372,22.202488,18.631344,14.884932,12.18724,10.418705,7.261097,7.297337,4.882228,8.606425,8.452274,14.28696,13.658723,14.330996,13.171633,11.800965,15.031322,12.933193,10.300552,10.702751,11.482931,11.262815,13.534683,14.011092,17.664116,20.820679,20.789194,18.823656,19.806963,15.675872,17.006165,16.897083,18.717081
32,33.038593,29.427696,28.337902,25.011578,21.575588,22.54646,17.630838,20.30972,17.040575,18.542812,17.588818,19.876904,18.634836,15.942846,15.907936,13.498198,17.830528,14.722403,20.04726,20.272755,24.554394,24.151653,26.064072,26.981375,21.33345,24.935165,19.542025,16.931122,14.187034,11.570261,9.037571,7.0844135,0.0,7.3343725,5.657887,10.251754,11.902612,13.170417,11.59267,8.717406,5.6663356,10.546597,7.7660713,13.290793,14.093271,17.662851,20.303457,23.914907,24.77754,22.114372,19.929533,18.055214,13.771322,14.1899185,9.616343,12.866221,11.2335825,11.56609,9.656474,9.89476,8.934538,4.6503186,6.453437,5.395783,10.72949,11.639413,16.115877,16.85432,21.535563,22.529594,19.830894,22.644793,18.129225,21.039413,18.420874,13.316599,14.130999,10.390904,12.053578,10.944425,13.166701,12.95592,14.082832,16.727783,12.880081,9.583641,8.489638,7.9898934,7.5078,9.545715,10.467714,14.528423,15.043761,20.801601,20.279875,21.40865,20.101456,18.516304,21.645927,19.184237,15.796261,14.994016,14.535385,12.499598,13.668565,12.084182,14.918698,17.702923,19.212976,17.69459,20.6551,17.012314,19.852476,20.158718,23.028738
33,34.625698,30.671848,30.772114,26.2942,23.836063,24.764114,20.408619,22.87833,19.037758,21.213377,19.202475,22.66193,20.763147,18.838928,19.448776,16.992443,21.861357,18.658342,23.865322,24.073946,27.547115,27.477558,30.290413,30.764488,25.069296,29.145899,23.552519,21.218243,18.432732,15.1724415,13.875182,9.302007,7.3343725,0.0,6.705573,6.2570515,9.781518,12.992314,14.194593,13.644386,11.634771,17.141321,14.647897,20.005335,20.697548,24.04683,26.639578,29.80293,31.219263,28.961119,26.770456,25.256363,20.91827,21.39784,16.602743,19.264444,16.976435,16.269312,13.854531,11.527826,10.259576,6.452693,9.834541,11.873818,16.318298,17.699842,21.861607,22.47615,27.010073,28.448109,25.833246,28.118036,23.508307,26.148487,23.619596,18.610577,19.616112,15.419842,17.170744,14.649991,16.5905,14.900178,15.247229,16.181372,11.770076,9.787151,6.7495337,9.6046505,5.8849583,11.857499,11.710761,16.384785,17.23915,22.739573,22.306305,21.69029,19.286858,16.892334,19.90013,18.595324,14.008911,13.942271,11.537031,12.035444,10.423086,11.850657,12.356887,14.560136,15.856224,15.389343,17.515554,15.880933,17.987713,19.8868,21.978743
34,37.99871,34.328022,33.5063,29.849405,26.561049,27.111116,22.328138,24.101322,20.276667,21.159529,18.696247,20.96734,18.794697,15.854087,17.17203,15.880213,21.06559,18.83419,24.078762,25.153912,28.883207,29.251972,31.28158,32.448586,26.861279,30.591309,25.182043,22.546112,19.808163,17.029785,14.564841,11.933626,5.657887,6.705573,0.0,6.0618563,6.293308,7.769921,7.6544485,7.2412715,6.939292,12.238218,11.702942,16.512712,18.587673,21.875914,25.025618,28.60585,29.6267,26.404938,24.533195,21.902342,18.204018,18.183983,12.35104,16.373932,12.50547,13.876554,12.777485,11.78387,7.8053827,5.9145384,10.403441,10.901869,15.974687,17.127033,21.460657,22.39615,27.060322,27.933493,25.138813,27.88109,23.272745,25.680687,22.694723,17.721062,17.461672,13.266684,13.408718,10.522185,11.388738,9.905024,12.290627,13.720949,8.988796,7.735813,7.766902,10.264307,9.94458,14.077396,15.218987,19.64582,20.288258,26.07662,25.355986,26.031786,24.10754,22.26502,25.456123,23.474905,19.386995,18.614614,16.938377,15.346179,14.640904,13.242493,13.926717,15.824457,18.522991,17.975285,21.672892,19.381056,22.509972,23.687733,26.594515
