,0,1,2,3,4,5,6,7,8,9,10,11,12,13,14,15,16,17,18,19,20,21,22,23,24,25,26,27,28,29,30,31,32,33,34,35,36,37,38,39,40,41,42,43,44,45,46,47,48,49,50,51,52,53,54,55,56,57,58,59,60,61,62,63,64,65,66,67,68,69,70,71,72,73,74,75,76,77,78,79,80,81,82,83,84,85,86,87,88,89,90,91,92,93,94,95,96,97,98,99,100,101,102,103,104,105,106,107,108,109,110,111,112,113,114,115,116,117,118,119,120,121,122,123,124,125,126,127,128,129,130,131,132,133,134,135,136,137,138,139,140,141,142,143,144,145,146,147,148,149,150,151,152,153,154,155,156,157,158,159,160,161,162,163,164,165,166,167,168,169,170,171,172,173,174,175,176,177,178,179,180,181,182,183,184,185,186,187,188,189,190,191,192,193,194,195,196,197,198,199,200,201,202,203,204,205,206,207,208,209,210,211,212,213,214,215,216,217,218,219
0,0.0,4.3468513,6.2426004,9.856417,11.271233,11.506096,8.854367,7.9808207,4.4648995,8.525758,9.966889,14.0241375,14.840317,16.026087,13.568729,9.739467,11.209711,8.523082,11.214436,11.832463,13.646898,15.754981,15.47246,20.797377,17.658186,24.06628,20.94504,20.953989,16.39063,17.297426,13.231652,14.683659,13.405315,15.565711,17.12625,17.068882,21.625551,23.062447,23.313194,21.65274,17.193716,19.795097,15.828925,18.419365,17.31264,18.439323,20.431635,20.919586,25.301104,24.121943,23.28796,23.527796,20.921484,24.004137,21.1384,25.769234,27.09005,26.329487,22.94264,23.827269,23.338604,18.591934,19.249968,17.036173,19.988222,17.790447,22.597454,22.992392,23.970615,24.251955,21.07573,19.859375,16.04424,15.973357,14.259663,12.022037,13.434915,11.821632,15.289555,15.002577,18.189705,18.011597,13.103899,14.547234,15.46071,11.772257,9.984383,6.025056,9.794241,9.168604,13.486713,16.31645,20.139086,22.547405,20.749006,22.835463,26.91174,26.490795,26.751743,25.311476,23.144318,21.050009,19.442255,14.81737,18.57397,18.370663,22.728832,26.64344,28.119425,31.676207,31.878746,28.282276,32.97163,29.995699,32.739662,31.65094,34.721046,33.293633,30.677076,30.775463,27.999866,32.186504,28.166313,33.46437,31.445826,37.01917,34.844055,31.216728,33.94383,28.758806,31.75317,26.535738,23.41633,23.39823,18.384998,21.274214,14.857435,18.23201,13.253416,17.625582,17.366293,18.45411,22.081032,23.808535,22.949451,22.005993,26.427761,23.378088,28.9793,28.315609,32.170692,33.456985,36.856766,37.201656,36.233597,33.415806,32.73054,27.701992,27.276613,24.189482,22.26477,20.972256,16.745754,14.470273,10.26683,13.828626,12.971881,12.3784,18.08921,18.565361,22.633347,23.126291,27.38364,28.664293,31.691748,30.63608,33.763737,30.30677,34.359047,32.698555,27.63672,29.704386,26.10287,28.033663,26.050375,27.585749,26.159184,26.837166,27.929241,23.170303,21.91446,19.491808,22.425638,17.343864,22.106964,19.424164,23.396885,23.474588,21.97367,27.72607,25.715776,29.809435,28.655457,25.294851,25.688879,21.943733,25.342312,19.918299,24.507666,20.826788,24.194832,23.480228,24.025469,28.472155,27.793898,34.25046,31.338902,36.04432,36.02883,38.95981
1,4.3468513,0.0,4.986914,6.957574,9.0437975,10.2716255,8.435245,9.674737,7.794744,12.273301,14.301933,18.222597,19.18046,20.249138,17.694315,13.651019,14.499274,10.961319,13.200412,12.022983,13.96293,14.523827,13.881914,19.080736,16.22047,22.026423,19.246674,19.82315,15.557887,16.659122,13.741983,14.548842,15.627918,16.59077,19.58885,19.128727,23.98538,25.953182,26.387733,24.51233,20.020262,22.732025,18.167978,21.03806,19.043232,20.284271,21.490423,21.751234,25.95838,25.59566,24.471579,25.41707,22.421633,25.5197,23.161028,26.849398,28.860462,27.373932,23.825127,24.396097,24.928253,19.883537,19.771685,18.422567,20.229235,18.270185,22.405706,22.958256,23.063711,23.692339,21.061987,19.586895,16.362648,16.853722,15.95134,13.92363,16.355799,14.985297,18.877066,18.72837,22.031042,21.700613,17.067888,18.365265,18.61728,14.890807,12.13762,8.423596,10.063888,8.575394,12.094936,14.27574,18.43822,19.825365,18.303501,21.339527,24.790686,24.022268,24.635721,22.545174,21.338516,18.386082,17.47642,12.034618,15.976637,15.252033,19.427923,23.665909,24.627659,28.324268,28.631657,25.327318,30.480993,27.913095,31.03997,30.612755,33.80325,32.77727,30.453848,29.991629,26.757093,30.423756,26.011747,31.097694,28.503984,34.1164,31.457767,27.719532,30.250614,25.190575,27.8753,22.8039,19.954386,20.12111,15.176636,18.71218,12.346804,17.532835,13.096805,18.244339,18.314205,20.25836,23.875275,25.112846,23.596312,21.846193,25.939009,22.158175,27.656948,26.321497,30.066296,30.96375,34.09303,34.54433,34.08302,31.231102,31.147669,26.04547,26.105291,23.257753,21.646633,21.410105,16.898104,14.126013,10.87546,15.322321,13.185089,11.307323,16.95165,16.400768,20.264277,20.494354,24.730965,25.469296,28.59184,27.722458,30.6309,27.433928,31.637337,30.319988,25.455025,28.056843,24.80136,27.31463,25.84414,27.927174,26.814817,26.778463,28.242584,23.901255,21.85842,18.925352,21.012049,15.571867,19.569435,16.290398,19.865814,19.690315,17.753927,23.528904,21.493158,25.508423,24.36216,21.001799,21.525963,17.92937,21.611456,16.430218,21.561275,18.867878,22.14662,22.310892,23.454098,27.58158,26.409616,32.89945,29.279253,33.910255,33.4981,36.15747
2,6.2426004,4.986914,0.0,6.2890215,5.8324237,7.692049,7.6297336,6.778377,7.188826,10.962032,14.323192,17.408697,19.160328,20.981836,17.940834,14.338005,13.336165,10.887647,10.877241,10.410122,10.219796,12.111897,12.85925,17.982569,16.349281,22.047344,20.288912,21.472265,17.222769,19.531353,16.023376,18.543219,18.954031,21.031866,23.116835,23.146544,27.77762,29.247143,29.2223,27.141163,22.51029,24.22969,19.910622,21.52746,19.33225,19.596272,20.48682,19.775705,24.577147,24.613024,24.030704,25.43563,23.288385,26.79835,24.963667,29.201626,31.48615,30.594952,27.198906,28.399887,28.729881,23.836155,23.586256,21.332584,22.782616,19.931963,23.999084,23.69526,23.513021,23.384813,20.56399,18.135534,15.602657,14.808774,14.439686,14.106398,16.255611,16.156422,19.87998,20.511808,23.81258,23.988941,18.944492,20.338402,21.658628,17.996881,16.020262,11.745881,14.575015,11.774191,15.586863,16.80732,20.757917,21.630075,21.453125,24.421673,27.617022,27.235273,28.302166,26.139687,25.603796,22.51307,22.194084,16.417738,20.620728,19.424442,23.299597,27.556059,27.553215,31.34112,31.207241,27.968735,33.236874,30.984142,33.834034,33.732067,36.44025,35.539055,32.893486,32.380093,29.34562,32.673138,28.343473,33.298763,30.435848,36.291767,33.15519,29.225603,31.069609,26.047941,27.972383,22.943394,19.802786,20.9039,16.076761,20.231554,14.575314,19.990126,16.52721,20.478651,21.603884,22.654991,25.868965,26.49571,24.585705,23.373251,26.776834,23.273268,28.498463,27.011272,30.825851,31.359705,34.75679,34.404602,34.071255,31.043129,30.987894,25.864052,25.37066,23.304708,20.180843,20.603603,15.490131,13.455226,10.621635,16.050453,15.0185795,12.420169,17.890507,16.181967,20.557323,19.633818,24.092304,24.76345,28.15411,27.86044,31.2497,28.481752,32.987556,31.870363,27.202187,29.77181,26.876375,29.135769,28.07824,30.004425,29.215897,29.763884,31.59296,27.093706,25.028473,22.524912,24.328485,19.208008,22.42445,18.974043,22.098072,21.234514,18.932777,24.920822,22.031878,26.400854,26.047884,22.87995,23.90275,20.79746,24.640669,19.918318,25.261015,23.16289,26.000181,26.423973,27.503504,31.617237,30.469997,36.811543,33.182953,37.780365,37.274994,39.764233
3,9.856417,6.957574,6.2890215,0.0,4.028714,4.962911,5.512692,9.518878,10.58879,14.712612,18.607315,21.323273,23.165829,24.170431,20.840973,16.782742,15.514594,11.618147,12.120813,8.443636,10.399883,8.423743,7.784284,12.677021,11.01725,16.124369,14.632836,16.410063,12.734758,15.670595,13.512777,16.340366,19.220158,21.03432,23.998146,24.658201,29.053495,30.83868,30.38512,27.589045,22.930658,24.355003,19.324896,21.18668,17.797182,18.44328,18.239412,17.775558,21.757605,22.732874,21.576664,23.828058,21.1471,24.55275,23.636559,26.561666,29.889112,28.36611,25.00124,26.39781,28.007687,23.049389,21.536161,19.790518,19.47488,16.75958,19.778519,19.554676,18.440935,18.771847,16.728767,14.475971,12.633067,13.368575,13.962709,13.401094,16.918135,17.070969,21.349115,22.523994,26.158455,26.532337,22.094044,24.18145,24.48185,20.240883,17.609188,13.086153,14.283562,9.47975,11.979973,11.709661,15.522883,15.5917635,16.35889,19.657412,22.200418,22.006296,23.591301,21.327696,21.90514,18.624989,19.66085,13.496435,18.8948,18.215826,21.79419,26.64662,26.705738,30.597584,31.133598,28.536606,34.334538,32.453316,35.93749,36.242386,39.41573,38.758747,36.59079,35.69688,32.162872,35.106747,30.339619,34.967545,31.40722,37.051704,33.289207,29.296463,30.804262,26.24115,27.226246,22.819563,20.523827,21.981907,17.557642,22.374418,16.84269,23.550539,19.716627,24.870142,25.187119,27.180037,30.715448,31.63199,29.67644,27.77075,31.213541,27.037977,32.161663,29.983673,33.552887,33.606445,36.43713,36.404636,36.855183,33.852703,34.584484,29.47299,29.604288,27.678625,25.108807,26.199781,21.099688,18.700024,16.283083,21.55706,19.563072,16.681068,21.944603,19.485744,23.309618,22.050482,26.33394,25.87569,29.431395,29.509127,32.325157,30.000013,34.54869,33.898613,29.51937,32.69191,30.01746,32.89737,31.97607,34.310074,33.44841,33.16516,34.82407,30.68171,28.326262,25.161243,26.52296,20.97426,23.753084,19.662056,22.015316,20.862696,17.044718,22.824883,19.915098,23.63272,22.914444,19.553839,21.098663,18.462389,23.075972,18.914078,24.874239,23.642971,26.861284,27.884018,29.481773,33.291424,31.680471,38.119743,33.71411,38.13455,37.117924,39.264732
4,11.271233,9.0437975,5.8324237,4.028714,0.0,4.073218,7.0168257,8.710877,11.155541,14.585752,19.002811,21.24874,23.510908,25.090448,21.585281,17.924856,15.619841,12.783715,11.539059,8.796175,8.158989,7.5175657,8.804265,13.261987,13.029144,17.724197,17.226725,19.358305,15.791036,19.240753,16.571943,20.081465,22.090576,24.39574,26.81431,27.487602,31.897186,33.398857,32.828884,30.084507,25.372152,26.299002,21.594505,22.610577,19.3154,19.160814,18.782291,17.393991,21.917542,23.187433,22.550114,25.043236,23.085966,26.736301,26.024685,29.467443,32.76379,31.688538,28.416037,30.070726,31.328053,26.444172,25.148968,22.876778,22.697174,19.47646,22.51117,21.659365,20.39817,20.041199,17.853344,14.713928,13.617611,13.013724,14.070394,14.863728,17.888144,18.76404,22.785492,24.261251,27.807112,28.385756,23.609858,25.549238,26.576729,22.503708,20.297905,15.617228,17.667828,13.027249,15.885822,15.40447,18.945826,18.62709,20.136314,23.351671,25.712414,25.673605,27.446436,25.092043,25.923695,22.536259,23.577398,17.35969,22.413845,21.234106,24.643835,29.345339,28.683338,32.596,32.691334,30.060373,35.84426,34.151188,37.361534,37.87551,40.657314,40.08653,37.666985,36.743282,33.386593,36.108086,31.457542,36.00626,32.350174,38.16795,34.156754,30.064465,31.092804,26.550308,27.068316,22.682932,20.128927,22.202091,17.92041,22.987993,17.973244,24.662954,21.487768,25.842539,26.934904,28.350317,31.588781,32.028313,29.777758,28.223389,31.15912,27.22091,32.110207,29.876417,33.47699,33.301517,36.350185,35.704445,36.195763,33.09081,33.806213,28.737259,28.476913,27.121746,23.594238,25.1687,19.825485,17.95143,15.973749,21.67561,20.30234,17.034678,22.075388,18.934774,23.032255,20.999197,25.367094,24.933786,28.631407,29.103054,32.2945,30.258236,34.98526,34.43913,30.201944,33.286617,30.864504,33.528023,32.906357,35.130356,34.521317,34.661804,36.62471,32.361088,29.955423,27.117325,28.31686,23.021702,25.34279,21.267597,23.41214,21.836897,18.104088,23.94775,20.434662,24.479752,24.481228,21.395367,23.163565,20.840414,25.311726,21.401812,27.334105,26.366474,29.208961,30.347818,31.85949,35.699398,34.148903,40.476154,36.156322,40.57815,39.568016,41.635887
5,11.506096,10.2716255,7.692049,4.962911,4.073218,0.0,4.2776947,7.221735,10.174158,13.171658,18.068117,19.676003,22.140656,23.342861,19.592375,16.01617,13.1314535,10.163591,8.692579,4.888325,5.7399063,4.460546,5.828519,10.655486,10.070306,15.447668,14.716234,16.6131,12.998737,16.966919,13.90961,18.618393,20.37264,23.580359,25.3543,26.869223,30.800392,31.988226,30.840418,27.700972,23.019325,23.285557,18.633242,19.147089,15.57888,15.2607,14.712412,13.465107,17.935108,19.133617,18.494295,21.110851,19.36389,23.090853,22.76289,26.276627,29.763445,29.052332,25.983688,28.200262,29.421833,24.787949,23.232353,20.350386,19.865187,16.209112,19.255068,18.038448,17.128927,16.457323,13.962947,10.8831,9.602657,9.090896,10.366133,11.536299,14.781639,16.22151,20.231606,22.2998,25.931938,26.918839,22.452038,24.980165,25.938932,21.594936,19.737896,14.747199,17.117563,11.607129,14.560951,13.866487,16.91429,17.435598,19.188704,21.520205,24.201202,24.730234,26.45497,24.76251,25.239508,22.577166,23.702961,17.81512,23.538206,23.110056,26.74685,31.596151,31.578674,35.482056,35.885654,33.2365,38.982506,37.04994,40.343597,40.487038,43.4839,42.68524,40.250652,39.58504,36.27822,39.3356,34.696526,39.384464,35.8615,41.61063,37.72868,33.67126,34.836987,30.323751,30.827791,26.539368,24.090124,25.994837,21.590427,26.474066,21.017086,27.237387,23.311523,27.913616,28.368193,29.688038,33.11207,34.071644,32.27585,30.96031,34.285503,30.508564,35.59125,33.579426,37.233555,37.21286,40.25557,39.730648,40.130505,37.037033,37.59026,32.491936,32.1237,30.533962,26.979023,27.988068,22.70756,20.923119,18.274439,23.58748,22.547897,19.877192,25.23779,22.656967,26.813921,25.008211,29.396006,28.98469,32.67687,33.07987,36.19798,34.040695,38.70264,38.04344,33.65287,36.643345,33.94559,36.512,35.506935,37.54286,36.630238,36.88743,38.47486,34.028435,32.029728,29.142355,30.83744,25.367079,28.326632,24.322512,26.682198,25.318796,21.368618,27.120735,23.781271,27.517355,27.171213,23.924654,25.731052,23.31645,27.975191,23.861685,29.79286,28.295208,31.55361,32.284016,33.632023,37.640614,36.221638,42.695435,38.501446,42.971825,42.034668,44.21172
6,8.854367,8.435245,7.6297336,5.512692,7.0168257,4.2776947,0.0,6.1991653,7.4754405,10.891357,15.295336,17.214159,19.290377,19.983091,16.365389,12.4805355,10.602102,6.56468,7.371922,3.7111342,7.840774,7.4408145,6.8920865,12.146253,9.546314,15.997847,13.770397,14.675509,10.420601,13.73974,10.018835,14.805533,16.11235,19.590628,21.132317,22.901424,26.649277,27.817688,26.644857,23.513199,18.825077,19.446922,14.64566,15.846648,12.589928,13.091859,13.447659,13.45168,17.614302,17.782598,16.79,18.644064,16.32633,19.932043,19.013483,22.765053,25.874594,25.180227,22.057531,24.251078,25.202824,20.606035,19.269682,16.244215,16.435556,12.953314,16.77367,16.12245,16.214405,16.00835,13.059692,11.25427,8.172386,8.745097,8.6424675,8.036925,11.551504,12.314263,16.515844,18.38566,22.079807,23.007706,18.79623,21.575508,22.154781,17.675577,15.881632,10.854075,13.36818,7.8394613,11.390012,11.742611,14.908996,16.81494,17.310207,19.039143,22.48014,23.026072,24.240414,23.05177,22.48815,20.45517,20.953869,15.553236,21.387442,21.611635,25.593805,30.364906,31.26419,35.08495,35.74613,32.879982,38.386623,36.041733,39.355476,38.975754,42.23516,41.160088,38.782722,38.4148,35.183197,38.7187,34.173325,39.09295,35.992798,41.62458,38.273216,34.346172,36.11586,31.411112,32.675514,28.13811,25.614685,26.837683,22.145237,26.496004,20.450445,25.916548,21.214582,26.158592,25.846731,27.28773,30.934017,32.484837,31.211952,29.954391,33.859676,30.213522,35.58423,33.97067,37.697315,38.11732,41.178146,41.121815,41.155567,38.147728,38.364296,33.22375,32.935013,30.718552,27.806997,27.94585,22.958067,20.917074,17.554796,22.209898,21.139652,19.242668,24.892643,23.361055,27.481503,26.504326,30.906683,30.885235,34.414276,34.316895,37.299892,34.67795,39.13303,38.159454,33.490913,36.278385,33.17196,35.638866,34.14258,36.019592,34.76042,34.99657,36.16497,31.635431,30.026009,27.097456,29.337706,23.78539,27.57597,23.866953,26.759293,25.947834,22.421608,28.178623,25.410595,29.045317,28.093075,24.630407,26.029436,23.123125,27.640846,23.026773,28.678198,26.346226,29.974243,30.147867,31.2727,35.430965,34.21859,40.79003,36.916588,41.45808,40.764717,43.199383
7,7.9808207,9.674737,6.778377,9.518878,8.710877,7.221735,6.1991653,0.0,4.5194774,6.162262,11.311121,12.697274,15.280771,17.054981,13.372654,10.371759,7.247809,6.323042,4.27368,6.7109976,6.225186,10.637026,12.030573,16.90152,15.227228,21.54876,19.712706,20.39578,16.044022,18.951942,14.189718,18.858461,17.548063,21.708338,21.940596,23.467134,27.178005,27.748491,26.658812,24.109322,19.516039,19.809921,16.131744,16.247072,14.431584,13.8706665,15.273855,14.484425,19.597837,18.93921,18.91103,20.002316,18.8468,22.569712,21.03879,26.20656,28.34357,28.567177,25.584312,27.820387,27.486841,23.148785,22.948874,19.197144,20.904173,17.189323,21.65756,20.592558,21.362352,20.411345,16.869204,14.553027,11.600137,9.51942,8.4807205,9.440996,10.701554,12.046013,15.343429,17.185722,20.50269,21.603535,16.771933,19.138992,21.117125,17.222729,16.504452,11.704696,15.971636,12.256116,16.589283,17.754757,20.91087,23.002104,23.242567,24.778757,28.537035,29.019623,29.982433,28.803772,27.630806,25.653477,25.295221,20.061016,25.076775,24.810713,28.951714,33.319283,33.94524,37.71971,37.784466,34.474762,39.582268,37.021877,39.743702,39.061302,41.808475,40.524017,37.666386,37.674156,34.96428,38.731632,34.60425,39.711765,37.099197,42.924458,39.91755,35.99639,37.786823,32.804146,34.45301,29.550411,26.420685,27.658176,22.82457,26.753626,20.898418,25.167473,20.923004,24.477169,24.933044,25.194157,28.418423,29.694826,28.554968,28.187323,31.861956,28.993235,34.276814,33.237625,37.120514,37.80694,41.35152,40.78886,40.24996,37.208622,36.781864,31.73479,30.735449,28.688482,24.888689,24.47944,19.589428,18.335535,14.754144,19.189075,19.50572,18.0185,23.549694,22.44496,26.963999,25.911644,30.391321,31.145897,34.59858,34.427917,37.94609,35.152824,39.61682,38.344,33.549084,35.79889,32.616215,34.434505,32.869858,34.257656,33.083557,34.247623,35.55079,30.665724,29.449892,27.221537,29.817652,24.722008,28.689999,25.441277,28.741053,27.949163,25.291622,31.268757,28.239315,32.42514,31.964499,28.657213,29.872128,26.76385,30.836168,25.931147,31.209486,28.339956,31.597048,31.305197,31.94936,36.358006,35.5601,42.005024,38.78332,43.45123,43.140793,45.80118
8,4.4648995,7.794744,7.188826,10.58879,11.155541,10.174158,7.4754405,4.5194774,0.0,4.5951204,8.097872,10.91015,12.604027,14.027239,10.80699,7.2091475,6.942774,5.224892,7.065197,9.239768,10.647721,13.982392,14.312826,19.47904,16.673853,23.34182,20.518555,20.504112,15.89418,17.615484,12.667035,16.117731,13.841872,17.73758,17.893211,19.059143,22.902102,23.618689,22.982143,20.86684,16.309713,17.664804,14.049161,15.388715,14.4195385,14.874452,17.100721,17.359407,21.995506,20.551828,20.140347,20.340921,18.498194,21.862558,19.360083,24.694374,26.115747,26.167244,23.06198,24.813616,24.000257,19.627823,20.106525,16.675922,19.528831,16.511732,21.506262,21.220675,22.57931,22.227964,18.647087,17.267756,13.405949,12.470573,10.430271,9.083065,9.894547,9.501753,12.836438,13.701284,17.007439,17.664007,12.720198,14.9709,16.675535,12.818271,12.161066,7.6399703,12.403554,10.263437,14.887612,17.199318,20.552538,23.344662,22.322353,23.689922,27.920944,28.101006,28.536213,27.545132,25.443014,23.809992,22.603943,17.977518,22.448307,22.513393,26.86349,30.951178,32.30619,35.93436,36.12119,32.582054,37.340405,34.403618,37.05177,35.88722,38.815655,37.291306,34.494194,34.771717,32.176594,36.366806,32.40874,37.693615,35.574516,41.240044,38.834538,35.09713,37.4897,32.34707,34.82282,29.69264,26.508032,26.99942,22.00388,25.230658,18.990276,22.271557,17.423082,21.15548,20.969841,21.338068,24.772924,26.572527,25.913746,25.541782,29.764078,27.043766,32.54587,31.929602,35.83434,36.980732,40.515694,40.45719,39.530155,36.62068,35.86165,30.839022,30.006012,27.288216,24.418129,23.113064,18.70123,17.08172,12.851398,16.399843,16.608303,16.023079,21.668367,21.735481,26.076288,25.959627,30.348354,31.523659,34.736237,34.01583,37.364468,34.111526,38.30514,36.710506,31.694077,33.687923,30.14307,31.835003,29.824726,31.072779,29.603039,30.73984,31.71019,26.771933,25.890245,23.714674,26.791565,21.790728,26.46077,23.649849,27.439684,27.209126,25.197397,31.089666,28.64194,32.77579,31.846613,28.44698,29.192255,25.658054,29.368103,24.07177,28.872864,25.234339,28.656164,27.82548,28.212673,32.73245,32.16828,38.61324,35.78982,40.49511,40.467216,43.369953
9,8.525758,12.273301,10.962032,14.712612,14.585752,13.171658,10.891357,6.162262,4.5951204,0.0,5.543915,6.684865,9.123042,11.195899,7.7541723,5.8334713,4.2806816,6.510056,6.7498627,11.311446,11.607243,16.353834,17.250938,22.047585,19.54078,26.23314,23.548923,23.279379,18.787573,20.568459,15.123626,19.179289,15.184923,20.059137,18.64777,20.361103,23.508673,23.422066,22.32222,20.399618,16.196127,16.610624,14.247993,14.265614,14.451397,14.174374,17.071804,17.1949,21.943802,19.759047,19.970493,19.5206,18.687683,21.994928,19.383604,25.588308,26.404894,27.39351,24.65279,26.818018,25.135563,21.373447,22.347067,18.135296,21.569054,18.272345,23.44406,22.735184,24.706236,23.823887,19.892178,18.583197,14.784235,12.806324,10.166823,9.820573,8.596002,9.098143,11.067078,12.431309,15.275156,16.50786,11.651748,14.043203,16.827026,13.568365,14.265972,10.532414,15.769166,14.059509,18.634586,20.958584,23.898748,27.114807,26.234798,26.963665,31.429516,31.922579,32.233093,31.633324,29.146875,27.983988,26.537798,22.306952,26.643152,26.82974,31.217005,35.128696,36.569065,40.138443,40.16095,36.46169,40.939163,37.832962,40.140648,38.620907,41.298553,39.536896,36.48499,37.15236,34.96836,39.36973,35.726784,41.07786,39.279987,44.9584,42.765053,39.062263,41.430458,36.23038,38.74273,33.553238,30.179358,30.722803,25.759943,28.700443,22.662365,24.935232,20.254478,22.958181,22.848671,22.249718,25.339458,27.279943,27.079876,27.48937,31.626514,29.566034,34.948082,34.768932,38.713062,40.02868,43.785557,43.45967,42.209545,39.31592,38.13811,33.258244,31.953445,29.341022,25.951582,24.042944,19.999065,19.091051,14.810453,17.4806,18.906698,18.928425,24.275143,24.724619,29.174318,28.995626,33.35608,34.85999,38.03006,37.31799,40.893368,37.585346,41.721462,39.955265,34.90276,36.513313,32.882004,34.07595,31.857388,32.61568,31.040989,32.846634,33.6195,28.48537,28.19045,26.524382,29.95977,25.323906,30.173204,27.660532,31.575855,31.361788,29.54428,35.469448,32.886097,37.13366,36.353798,32.98451,33.740906,30.191317,33.78595,28.425104,32.987648,28.964819,32.296432,31.022163,31.012978,35.649086,35.419052,41.73514,39.397285,44.11859,44.327976,47.36247
10,9.966889,14.301933,14.323192,18.607315,19.002811,18.068117,15.295336,11.311121,8.097872,5.543915,0.0,4.985898,5.0016413,7.4417896,5.8575206,5.628952,8.364354,10.313402,12.162051,16.305014,17.095266,21.543655,21.987837,26.929083,23.815489,30.628431,27.307764,26.47549,21.968283,22.590433,17.28951,19.73664,13.960452,18.349712,15.983088,17.050722,19.94303,19.565481,19.150942,18.346518,14.779316,16.292309,15.023254,15.924992,17.439325,17.849028,21.344402,22.103437,26.443989,23.549505,23.617992,22.166796,21.062204,23.770388,20.11261,26.55884,26.14552,27.287247,24.65082,26.193392,23.437868,20.1302,22.280996,18.51145,23.279243,20.81899,26.262878,26.17842,28.668344,28.17213,24.252354,23.548107,19.344526,17.950369,14.932034,13.292903,11.213947,9.803251,10.257894,9.679592,11.6616,12.274771,7.1951284,8.829874,12.443708,10.353902,12.241449,10.451164,15.588168,16.14121,20.527925,23.755867,26.731304,30.443954,28.491869,28.991282,33.82095,34.015747,33.760017,33.371376,29.912514,29.180254,26.738253,23.458258,26.754942,27.146534,31.57086,34.90703,36.988125,40.28652,40.24509,36.261368,40.06657,36.533413,38.43978,36.222942,38.825912,36.692226,33.571648,34.77211,33.05904,37.9328,34.78283,40.24015,39.22098,44.649376,43.26807,39.84701,42.77196,37.45627,40.818195,35.43817,31.952515,31.763563,26.848738,28.761671,22.80959,23.18387,18.367144,20.197977,19.534258,18.258442,21.207895,23.770805,24.432068,25.351608,29.881302,28.486185,33.85176,34.41128,38.31,40.196037,44.025562,44.065254,42.214756,39.527214,37.76105,33.115417,31.753006,28.557333,26.032516,22.869251,19.844948,19.026852,14.499998,15.173487,17.277996,18.696545,23.566368,25.45199,29.60032,30.352152,34.47523,36.59464,39.42005,38.14633,41.631973,37.87348,41.606358,39.419945,34.234844,35.266464,31.302063,31.977224,29.212275,29.460997,27.548792,29.780266,30.093863,24.882711,25.367914,24.254887,28.28964,24.270231,29.696304,27.953873,32.303627,32.65293,31.72318,37.459774,35.39775,39.647556,38.580425,35.2414,35.50688,31.626556,34.622013,29.014364,32.748882,27.857618,31.077316,28.994995,28.415274,33.122807,33.390125,39.450882,37.93614,42.620228,43.296825,46.620964
11,14.0241375,18.222597,17.408697,21.323273,21.24874,19.676003,17.214159,12.697274,10.91015,6.684865,4.985898,0.0,3.623373,6.6064615,4.604291,7.1511245,7.5735197,11.566064,12.053576,17.154757,17.370167,22.453842,23.313871,27.792704,25.073256,31.777718,28.769018,27.87249,23.58649,24.68575,19.091434,22.72588,16.561197,21.960497,18.52993,20.6394,22.600092,21.3976,19.979067,18.877161,15.748748,15.546299,15.44029,14.587196,16.826797,16.410381,20.164282,20.74978,24.948645,21.573486,22.244394,20.419886,20.46303,23.137527,19.91952,26.886856,26.335764,28.404047,26.206804,28.456596,25.400133,22.69918,24.652182,20.06307,24.603525,21.677382,26.987955,26.321602,29.19187,28.136717,24.032846,23.37398,19.470566,17.356426,14.203716,13.6976795,10.383229,10.531804,9.603613,10.521494,11.9210005,13.675867,9.832525,11.963077,15.818227,13.978496,16.377972,14.324665,19.51476,19.143778,23.480864,26.282253,28.801168,32.75008,31.356392,31.273266,36.150158,36.812435,36.668846,36.643253,33.248623,32.85671,30.72797,27.411266,31.21128,31.760708,36.21117,39.715614,41.7076,45.081047,45.0361,41.091118,44.97711,41.48423,43.329487,41.07717,43.550236,41.357063,38.128815,39.453922,37.881645,42.720634,39.60894,45.048706,43.936733,49.44574,47.87906,44.363556,47.042744,41.750084,44.73032,39.41355,35.888935,36.06424,31.14702,33.346348,27.465513,28.006723,23.34289,24.855404,24.293459,22.596977,25.198511,27.697462,28.500446,29.824274,34.09687,32.951374,38.186794,38.76613,42.684284,44.45235,48.38171,48.09783,46.27594,43.530666,41.70768,37.112938,35.44227,32.594414,29.379591,26.303122,23.272596,22.938663,18.634678,19.428543,21.995144,23.196981,28.014603,29.520731,33.83324,34.13154,38.32491,40.355484,43.310482,42.29551,45.94587,42.345963,46.18993,44.060852,38.92182,39.913902,36.027813,36.533867,33.80291,33.823757,31.926643,34.46744,34.681747,29.462934,30.181929,29.20583,33.252136,29.225672,34.558846,32.661278,36.895157,37.021378,35.717155,41.57171,39.19835,43.479073,42.56671,39.188145,39.701454,35.946186,39.195396,33.639336,37.59307,32.77359,36.04982,33.946438,33.29829,38.00856,38.338577,44.373028,42.909676,47.59221,48.25272,51.55799
12,14.840317,19.18046,19.160328,23.165829,23.510908,22.140656,19.290377,15.280771,12.604027,9.123042,5.0016413,3.623373,0.0,4.077848,4.640869,7.7722983,10.326029,13.461143,15.024575,19.676943,20.455578,25.16754,25.648674,30.272604,27.10139,33.88743,30.442291,29.207325,24.931046,25.316229,19.922863,22.547104,15.564362,20.543915,16.557585,18.339613,19.97068,18.553875,17.568178,17.236933,14.635616,15.279947,15.737848,15.726237,18.507904,18.700886,22.666267,23.712687,27.625607,23.965761,24.371656,22.051752,21.684757,23.94213,20.091917,26.997103,25.707548,27.761683,25.639605,27.458546,23.809473,21.456362,24.057678,19.865992,25.100088,22.757092,28.170769,27.969055,31.087082,30.369051,26.329155,26.059849,21.853302,20.284878,16.971474,15.532852,12.229874,11.108326,9.430097,8.824522,9.3919525,10.731199,7.290049,8.942506,13.062879,12.101716,15.131155,14.2307,19.09897,19.90366,24.049969,27.342186,29.868927,34.10673,32.05096,31.825562,36.890312,37.364468,36.87178,36.99635,33.036835,32.94243,30.27563,27.581223,30.802624,31.551987,35.989685,39.166588,41.608547,44.80723,44.80917,40.75494,44.25826,40.52818,42.19872,39.533386,42.03654,39.631477,36.457493,38.07472,36.734417,41.82948,38.9789,44.44466,43.7596,49.070164,47.975582,44.6397,47.66598,42.337513,45.79418,40.39911,36.878666,36.61294,31.73507,33.383377,27.532385,27.107927,22.324694,23.504488,22.41894,20.49291,23.02573,26.003315,27.360502,28.841986,33.381203,32.52425,37.748947,38.694942,42.55532,44.63844,48.536224,48.564213,46.457455,43.846535,41.76478,37.300716,35.71881,32.489243,29.95279,26.257187,23.797321,23.35951,18.972935,18.713045,21.38095,23.298634,27.849583,30.122229,34.206047,35.067703,39.122177,41.414116,44.17746,42.825813,46.341328,42.485214,46.07072,43.723103,38.528835,39.23615,35.161007,35.43744,32.369038,32.128773,29.990732,32.641914,32.4956,27.32879,28.526396,27.808952,32.167118,28.486553,34.134895,32.65381,37.09421,37.564068,36.69284,42.407993,40.38696,44.60662,43.454147,40.07855,40.305706,36.3738,39.2964,33.63586,37.10252,31.814587,35.06236,32.5007,31.543911,36.23499,36.838703,42.695038,41.693737,46.31554,47.229492,50.686222
13,16.026087,20.249138,20.981836,24.170431,25.090448,23.342861,19.983091,17.054981,14.027239,11.195899,7.4417896,6.6064615,4.077848,0.0,4.0521255,7.533905,11.30584,13.7027445,16.318836,20.33723,22.170145,26.138254,26.073114,30.50072,26.832804,33.543594,29.658106,27.921865,23.906033,23.683794,18.531027,20.786585,13.150311,18.494947,13.589682,16.239332,17.022095,15.207769,13.674613,13.339328,11.238068,11.992398,13.276022,13.698236,17.13919,17.944338,22.134323,23.90849,27.175797,23.094913,23.195625,20.27117,19.628878,21.369879,17.120811,23.965912,22.11266,24.419079,22.57095,24.447273,20.400526,18.619362,21.454208,17.245012,22.876862,21.031292,26.36158,26.501957,30.071749,29.61901,25.692776,26.135527,21.66866,20.838104,17.31187,14.981838,11.51832,9.57239,6.7508035,5.444623,5.470434,7.502423,5.700024,8.500983,11.406978,10.502036,14.024945,13.814258,18.126738,19.339144,23.037703,26.531923,28.65622,33.419575,30.944513,30.093628,35.339912,35.94756,35.157787,35.775055,31.319176,31.879215,29.047007,27.04802,30.271128,31.598408,36.046516,39.20999,42.242138,45.366962,45.718452,41.750126,45.213932,41.34471,43.206276,40.29453,43.135643,40.61611,37.697105,39.392525,37.95086,43.209763,40.301777,45.77702,45.14361,50.28811,49.33036,46.063824,49.29939,44.013683,47.56049,42.21946,38.878613,38.416416,33.500866,35.090836,28.993038,28.535263,23.196112,25.005093,22.970951,21.56612,24.369,27.925243,29.601236,30.777378,35.669147,34.609478,39.963623,40.876904,44.698868,46.86082,50.58546,50.972267,48.94079,46.37233,44.400307,39.888622,38.591663,35.078125,33.069603,29.328928,26.888947,26.067764,21.51537,21.110298,23.189705,25.313145,29.994553,32.468987,36.418865,37.536613,41.600094,43.724716,46.49032,45.012203,48.28872,44.323635,47.804104,45.427868,40.178215,40.96058,36.722763,37.15548,33.817154,33.61522,31.190184,33.473835,32.870007,27.850437,29.309484,28.382282,32.958958,29.1948,35.17296,33.7284,38.213173,38.88828,37.866154,43.466064,41.712433,45.687946,44.16878,40.70313,40.839962,36.845345,39.784485,34.089844,37.40895,31.827667,35.374546,32.550594,31.533335,36.178577,36.83876,42.704723,41.777313,46.334526,47.286613,50.79811
14,13.568729,17.694315,17.940834,20.840973,21.585281,19.592375,16.365389,13.372654,10.80699,7.7541723,5.8575206,4.604291,4.640869,4.0521255,0.0,4.3503823,7.2699733,9.996036,12.309939,16.440407,18.227755,22.218815,22.31589,26.690226,23.27441,29.99232,26.407492,24.976757,20.860483,21.322546,15.858383,19.217266,12.542956,18.450779,14.517904,17.461744,18.96551,17.731966,15.865736,14.36881,11.174041,11.196283,11.283801,11.173002,13.950761,14.438349,18.502775,20.034685,23.576572,19.8147,19.973625,17.61654,17.04724,19.364897,15.684823,22.630058,21.813377,23.892368,21.799864,24.13022,20.968437,18.50937,20.523994,15.844852,20.780762,18.30227,23.664923,23.437922,26.748827,26.087988,22.086477,22.248207,17.8772,16.823505,13.323191,11.362858,7.8548756,6.7533627,5.1388807,6.2083554,8.2219305,10.381879,7.2101164,10.651575,13.299375,10.971094,13.624314,11.966854,16.74952,16.710678,20.663248,23.735884,25.91019,30.427532,28.540928,27.889141,32.974663,33.739395,33.317493,33.7442,29.885866,30.095203,27.841682,25.146288,29.046448,30.212055,34.702034,38.260628,40.8793,44.202244,44.57335,40.74002,44.671265,41.05146,43.19604,40.761208,43.671516,41.40498,38.47441,39.793213,37.997448,42.997715,39.72923,45.196648,44.059853,49.40977,47.93348,44.47467,47.397392,42.15008,45.23428,39.97781,36.682327,36.616734,31.627377,33.815186,27.57127,28.254622,22.861744,25.29874,23.714935,22.7483,25.801111,28.918499,29.963531,30.803171,35.537712,34.01676,39.468166,39.923443,43.8134,45.64083,49.345352,49.51632,47.84171,45.12899,43.50823,38.802383,37.540554,34.317627,31.796804,28.72391,25.62238,24.70354,20.120699,20.853775,22.615631,24.001951,29.07749,30.785728,34.948692,35.56794,39.79052,41.579773,44.550323,43.384457,46.732815,43.01023,46.767498,44.636654,39.415302,40.580723,36.505856,37.299614,34.30093,34.48678,32.29262,34.31746,34.125114,29.021536,29.865608,28.530497,32.78127,28.536222,34.247665,32.31867,36.603985,36.95849,35.44723,41.181282,39.131348,43.12257,41.76752,38.2717,38.68618,34.849796,38.160065,32.548603,36.422787,31.336819,34.98753,32.696796,32.082577,36.77077,37.07063,43.201572,41.66984,46.30959,46.946938,50.287735
15,9.739467,13.651019,14.338005,16.782742,17.924856,16.01617,12.4805355,10.371759,7.2091475,5.8334713,5.628952,7.1511245,7.7722983,7.533905,4.3503823,0.0,5.730629,6.326937,9.943177,13.1168375,15.644919,18.912737,18.664473,23.28873,19.645557,26.443497,22.755697,21.51091,17.18241,17.717752,12.243232,15.601294,10.03308,15.727584,13.248966,15.897222,18.341425,18.0537,16.620958,14.584952,10.418024,11.481136,9.489756,10.758354,12.12562,13.176142,16.805046,18.371935,22.091612,19.007622,18.654627,17.08873,15.532478,18.219517,14.681104,21.065168,21.116348,22.267393,19.693579,21.845125,19.596056,16.261518,17.742105,13.355958,17.90575,15.382928,20.844233,20.859446,23.720844,23.393654,19.526392,19.566021,14.995703,14.540061,11.206972,8.347613,6.336412,4.1958547,5.9153357,6.857562,10.149899,11.53688,7.452483,11.068274,12.755056,9.178788,10.676193,7.968346,12.923243,12.447987,16.558733,19.64877,22.110964,26.395947,24.483728,24.268938,29.236917,29.827255,29.557602,29.696243,26.163073,26.019245,24.010529,20.949982,25.119944,26.243082,30.731758,34.501045,37.009563,40.410896,40.914433,37.22499,41.455723,38.000698,40.463062,38.383236,41.511307,39.470356,36.71024,37.659786,35.475384,40.28605,36.707085,42.133698,40.66169,46.042625,44.30578,40.78878,43.6585,38.474052,41.42433,36.247604,33.10477,33.08111,28.071983,30.551752,24.137564,25.693668,20.073833,23.423628,21.834274,21.693731,25.14242,28.075705,28.628988,28.839022,33.63272,31.539406,37.115715,37.16536,41.04646,42.681164,46.223564,46.532772,45.16776,42.409164,41.160213,36.302177,35.36595,32.12748,29.817429,27.28851,23.740412,22.345896,17.722572,19.270536,20.182957,21.082853,26.45368,27.772863,31.904367,32.46171,36.731445,38.22236,41.260952,40.160297,43.361366,39.73315,43.58715,41.630775,36.435516,37.956135,33.96249,35.197483,32.407135,33.0493,30.97038,32.448566,32.499165,27.463232,27.740253,25.925182,29.903011,25.276789,30.860788,28.641554,32.802143,33.09219,31.352306,37.05934,35.05812,38.946922,37.51262,33.995388,34.453873,30.664299,34.12365,28.571262,32.710743,27.947536,31.72464,29.83487,29.591188,34.24559,34.221066,40.543503,38.511875,43.17312,43.56838,46.7824
16,11.209711,14.499274,13.336165,15.514594,15.619841,13.1314535,10.602102,7.247809,6.942774,4.2806816,8.364354,7.5735197,10.326029,11.30584,7.2699733,5.730629,0.0,5.052709,5.0963016,9.834552,11.099697,15.345964,16.044,20.301271,17.72686,24.330544,21.6421,21.114218,16.912373,19.014542,13.4074955,18.667831,14.794008,20.596045,18.637173,21.478445,23.956644,23.543633,21.545074,18.89588,14.740656,13.8572,11.660912,10.510612,10.706142,10.061416,13.263158,13.785961,18.19271,15.608318,15.944353,15.369222,15.019891,18.407665,16.331255,22.672417,23.788334,25.24382,22.811764,25.666082,24.154188,20.7577,21.222357,16.325556,19.272223,15.582444,20.615604,19.52785,21.93693,20.767103,16.68903,15.848013,11.951601,9.977142,6.782011,6.887395,4.85176,7.161824,9.0605135,11.899801,14.921914,16.879612,12.890271,16.159237,18.406715,14.795425,15.663179,11.723331,16.627802,13.9315195,18.165514,20.067259,22.377703,26.036879,25.538994,25.511961,30.031694,31.023998,31.392513,31.302294,28.8343,28.20549,27.16188,23.136074,28.100418,28.784388,33.182854,37.35401,39.036175,42.664177,42.99449,39.47169,44.156944,41.076653,43.627197,42.09243,45.00124,43.218483,40.298176,40.94858,38.61666,43.02319,39.209545,44.53914,42.51422,48.167324,45.75121,41.983948,44.232365,39.139565,41.265926,36.2522,33.08415,33.831543,28.859438,32.12763,25.912643,28.638266,23.57017,26.795961,26.156311,25.83403,29.066935,31.30779,31.246477,31.522095,35.765915,33.51047,38.952,38.575382,42.5062,43.675068,47.30714,47.021683,46.019577,43.08429,42.12492,37.180298,35.980656,33.42826,29.983347,28.292747,24.125944,23.12249,18.871384,21.638514,22.778818,22.672682,28.176394,28.323946,32.77329,32.36885,36.795986,37.926315,41.239662,40.708134,44.17095,40.98602,45.195362,43.552193,38.509563,40.313953,36.659973,38.027676,35.72911,36.53846,34.820995,36.4235,36.958397,31.8686,31.67256,29.76454,33.254047,28.369009,33.30915,30.549017,34.31223,34.003822,31.598173,37.50151,34.84829,38.858353,37.926563,34.458015,35.42571,32.00625,35.928455,30.650356,35.447823,31.472258,35.111927,33.8511,33.92746,38.549026,38.23875,44.661648,42.135754,46.833447,46.91291,49.8906
17,8.523082,10.961319,10.887647,11.618147,12.783715,10.163591,6.56468,6.323042,5.224892,6.510056,10.313402,11.566064,13.461143,13.7027445,9.996036,6.326937,5.052709,0.0,5.471657,6.8531756,10.464363,12.699369,12.382793,17.011627,13.678541,20.480421,17.325129,16.807596,12.364665,14.406368,8.961629,14.238364,12.160605,17.3497,16.836481,19.486437,22.478699,22.86885,21.21257,18.19332,13.570889,13.795309,9.81632,10.651646,9.198207,9.947292,12.390336,13.49679,17.543571,15.7263365,15.086253,15.213002,13.330137,16.806396,14.800919,20.161816,22.030296,22.4512,19.62367,22.220112,21.694174,17.68758,17.46664,13.143187,15.449448,11.933575,17.009888,16.483593,18.470024,17.995853,14.21796,13.675167,9.227973,9.09476,6.413515,3.8682668,5.547693,6.1814523,10.09216,12.32877,15.946454,17.333252,13.377311,16.739403,17.746746,13.403223,13.036183,8.367534,12.575336,8.969017,13.181021,15.091932,17.634409,21.260738,20.529072,20.807629,25.25253,26.075258,26.508799,26.270842,24.034784,23.241014,22.504066,18.328125,23.635277,24.52286,28.868898,33.241966,35.07202,38.723232,39.37179,36.075573,41.01423,38.068413,41.01467,39.74364,43.00011,41.407978,38.811497,39.124985,36.381306,40.62554,36.50533,41.74474,39.421448,44.975178,42.38713,38.624958,40.94006,35.96546,38.02465,33.14955,30.283503,30.927137,25.977417,29.473194,23.057627,26.65059,21.257952,25.58106,24.55583,25.237661,28.86266,31.158968,30.80758,30.319643,34.743412,31.850489,37.413994,36.626827,40.484955,41.508408,44.84715,44.935875,44.278183,41.35439,40.825565,35.760117,35.08124,32.35312,29.552292,28.331495,23.906485,22.218851,18.008076,21.312239,21.296434,20.790022,26.51015,26.391998,30.640364,30.371004,34.78759,35.51629,38.857132,38.293514,41.42938,38.291473,42.49997,41.0274,36.03098,38.21465,34.603165,36.473015,34.27852,35.538513,33.825623,34.701958,35.272873,30.410913,29.764536,27.315342,30.531887,25.293633,30.149124,27.12045,30.718342,30.45762,27.73148,33.51042,31.094961,34.837772,33.599575,30.060484,31.0224,27.638767,31.723623,26.547844,31.535595,27.864721,31.717484,30.806097,31.253767,35.735325,35.108864,41.65521,38.659634,43.30486,43.143345,45.991215
