,0,1,2,3,4,5,6,7,8,9,10,11,12,13,14,15,16,17,18,19,20,21,22,23,24,25,26,27,28,29,30,31,32,33,34,35,36,37,38,39,40,41,42,43,44,45,46,47,48,49,50,51,52,53,54,55,56,57,58,59,60,61,62,63,64,65,66,67,68,69,70,71,72,73,74,75,76,77,78,79,80,81,82,83,84,85,86,87,88,89,90,91,92,93,94,95,96,97,98,99,100,101,102,103,104,105,106,107,108,109,110,111,112,113,114
0,0.0,4.4124365,5.491222,8.542284,11.661693,12.9272,16.844336,19.380962,22.529108,25.855574,30.624298,32.604942,34.879562,35.91104,32.370644,28.66624,25.525984,22.780262,20.774864,16.235868,15.5468645,11.182711,13.493153,11.2244005,14.685589,16.144487,18.055595,21.794157,20.904417,24.479666,24.81954,27.751926,32.870605,34.551792,37.56164,39.03225,43.32028,44.69766,43.49851,40.151806,35.361324,36.05333,31.161646,31.50913,27.601807,27.386982,25.294203,23.560616,25.731236,29.478388,28.222364,32.47662,30.509789,33.24761,36.410877,35.62057,39.88118,37.730835,35.65554,36.69578,40.467426,35.666473,32.656998,31.713356,28.88272,26.190498,27.066458,25.436766,22.65202,22.475094,22.268908,19.19686,20.38417,20.597773,23.204786,24.662554,28.38344,29.701647,33.85996,35.89297,39.715115,40.514893,37.055683,39.960358,39.35807,34.885197,32.36881,29.636095,28.094398,22.638783,22.642141,19.073065,21.4052,17.704813,21.55663,26.297447,25.821766,21.307808,24.168514,18.440134,22.407843,21.51337,25.316671,25.002937,28.990664,29.475712,34.172787,36.99511,33.55591,30.672886,27.200972,23.803486,20.768091,17.524519,14.484746
1,4.4124365,0.0,5.074795,4.6792474,8.59944,10.808668,13.992277,17.40754,19.903812,23.695627,28.074955,30.49014,32.417805,33.25007,29.920534,25.97305,23.548561,20.214748,19.134443,14.39706,14.656139,9.948284,12.985168,10.608602,12.43646,14.816376,15.4955015,18.932076,17.808584,20.906408,21.498281,23.81853,29.206131,30.473473,33.817463,35.108124,39.45103,41.027557,40.081116,36.873207,32.11269,33.304234,28.229414,29.283525,25.419415,25.75908,24.055113,23.028273,25.161263,28.401707,26.78941,30.700264,28.172184,30.771008,33.38981,32.65922,36.61757,34.290657,32.01892,32.78258,36.60859,31.780048,28.850132,28.2964,25.678555,23.315561,24.488708,23.30476,20.928232,21.255278,20.724445,18.302322,18.569134,19.454584,21.588943,22.197561,26.1134,26.884277,31.172318,32.84543,36.676327,37.23805,33.876522,36.63157,35.730286,31.321821,28.566734,26.095533,24.08992,18.939545,18.66956,15.211319,17.832481,14.471971,17.7304,22.389076,21.824635,17.063232,19.775747,14.030868,18.05118,17.381165,21.20307,21.311176,25.175909,26.10885,30.661951,33.45273,29.902775,27.136322,23.737997,20.307354,17.185095,14.179403,10.830636
2,5.491222,5.074795,0.0,6.017749,7.0296674,8.396225,11.929765,14.787251,18.026863,21.199387,26.146324,27.875195,30.195847,30.987991,27.37753,23.696465,20.447008,17.62681,15.695007,10.833238,10.984082,5.724468,8.354418,7.036038,9.907407,12.888238,13.994079,17.647766,16.211613,20.246086,19.921549,23.601526,28.203547,30.550823,32.954147,34.82918,38.890427,40.025433,38.530968,35.066265,30.279383,30.699306,25.906353,26.03689,22.155071,21.914371,19.959373,18.417759,20.82142,24.247393,22.983181,27.125587,25.225649,28.128035,31.319202,30.830172,35.00632,33.255657,31.379126,32.666218,36.071354,31.293167,28.368889,26.859539,24.266905,21.202135,22.503893,20.555561,18.384449,17.89732,17.167477,14.042145,14.936976,15.204963,17.780472,19.28532,23.009508,24.504911,28.609913,30.86109,34.661957,35.654366,32.39735,35.571533,34.95905,30.365118,28.101614,25.008696,24.057648,18.15304,18.648252,15.3387375,17.886621,15.216324,19.423729,23.479109,24.146715,19.385107,21.972157,16.26859,19.825537,18.287876,22.33918,21.121485,25.603249,25.390627,30.487392,33.53057,30.51258,27.444824,24.894741,20.575233,18.394968,14.580069,12.038878
3,8.542284,4.6792474,6.017749,0.0,4.689895,7.2281923,9.739326,13.544575,15.533705,19.563753,23.68046,26.321173,28.041748,28.803457,25.601995,21.567867,19.611864,16.026674,15.575028,11.146777,11.959733,7.988602,11.805902,10.647963,10.468819,14.747944,13.774389,16.713413,14.683642,17.627539,17.592516,19.896181,24.791471,26.129187,29.414804,30.57537,34.988422,36.50349,35.665535,32.63668,27.824512,29.291086,24.214298,25.62271,22.01986,22.653141,21.571915,21.032936,23.551023,26.06461,24.342602,27.797733,24.98313,27.694117,29.72396,29.513496,32.97393,30.936287,28.611649,29.192385,32.612347,27.670248,25.102835,24.374401,22.47559,20.038963,22.050566,20.93095,19.540836,19.884306,18.583479,16.526701,15.68266,16.707504,18.25297,18.275417,22.15476,22.57425,26.888544,28.346722,32.17434,32.643494,29.239904,31.961481,31.070288,26.675154,23.965145,21.50715,19.656235,14.543532,14.771865,11.966359,15.340288,13.366623,16.001211,19.958832,20.028383,14.704176,16.688704,10.739276,14.213994,12.99535,16.896797,16.654432,20.655058,21.457966,26.077806,28.936256,25.52695,22.691107,19.737085,15.846648,13.110469,9.864584,6.6519117
4,11.661693,8.59944,7.0296674,4.689895,0.0,4.465366,5.5098996,10.167144,12.21087,16.007307,20.387556,22.650043,24.471651,24.947037,21.61509,17.59737,15.469219,11.703688,11.499672,6.6975255,9.052405,5.0370417,8.736195,9.0433035,7.322949,13.15458,11.246867,13.891018,11.101095,14.690313,13.674449,17.120028,21.326513,23.61412,26.068396,27.800657,31.916086,33.111767,31.854824,28.625948,23.783594,24.853127,19.870697,20.969759,17.384592,17.99495,17.12584,16.87597,19.563385,21.652973,19.956118,23.257137,20.561886,23.479128,25.619915,25.745377,29.173647,27.625557,25.582146,26.529371,29.519417,24.611467,22.11078,20.598139,18.965403,16.017685,18.557388,17.04629,16.448318,16.422016,14.513437,12.598202,11.145805,12.323993,13.684597,13.679434,17.615732,18.297201,22.580486,24.378227,28.20537,28.957514,25.793869,28.894945,28.021006,23.437014,21.078547,18.069117,17.089529,11.214846,12.24994,9.922794,13.447046,12.869127,15.871926,18.859589,20.302914,15.083023,16.706343,11.271325,13.909507,11.785271,15.924632,14.320854,19.007956,18.788671,23.949419,27.077269,24.2452,21.193949,19.47911,14.48667,13.120979,9.27664,7.4317684
5,12.9272,10.808668,8.396225,7.2281923,4.465366,0.0,5.091151,6.629436,9.710126,13.009876,17.800861,19.786562,21.971535,23.028101,19.503222,15.878194,12.928628,10.370986,8.629645,5.701862,5.159318,5.335669,9.366379,11.518027,10.573127,16.652685,14.956138,17.387562,13.99403,17.725094,15.3568735,19.379766,21.997334,24.747726,26.748163,28.156422,32.428688,33.215557,31.933779,28.989132,24.02988,24.787045,20.26101,20.611378,17.604322,17.522987,17.2002,16.264366,20.01874,21.750853,20.60381,23.695854,21.582588,24.933191,26.854376,27.802748,30.752031,29.925657,28.055378,28.937534,31.146233,26.164722,24.33216,22.079336,21.453823,18.001123,21.275251,19.205929,19.300657,18.516743,15.99129,13.281453,11.67535,11.063999,12.208278,13.144599,16.373903,17.491848,21.512674,23.468233,27.252861,28.16977,24.480295,27.5913,27.514147,23.021309,21.246607,18.04058,18.217468,12.584784,14.943787,13.627732,17.350143,17.283543,20.08732,22.679932,24.268707,18.843327,19.743917,14.320266,16.042252,13.084926,16.660091,14.005228,18.63427,17.49887,22.73808,25.858622,23.31353,20.035368,18.421288,13.418236,12.562103,8.249445,7.7873597
6,16.844336,13.992277,11.929765,9.739326,5.5098996,5.091151,0.0,6.1585784,7.246392,10.94145,15.186433,17.376488,19.090277,19.446802,16.124214,12.090095,10.340974,6.2922034,7.2901287,4.6051645,7.8982787,7.6566095,10.372277,12.601658,9.346576,16.043121,12.798193,14.225651,10.141939,13.4795475,10.43141,14.70117,17.026415,20.153223,21.803,23.614517,27.636847,28.43965,27.054134,24.016459,19.071373,20.121115,15.393454,16.49649,13.583546,14.346365,14.700383,15.062776,18.367428,19.16002,17.605732,20.052225,17.355,20.580667,21.95917,23.15128,25.76807,25.080189,23.254917,24.155287,26.134293,21.197231,19.471708,17.031599,16.904797,13.552017,17.497374,15.780566,16.946146,16.529434,13.468868,12.13323,8.90091,9.665268,9.648664,8.859186,12.506904,13.000184,17.238718,19.048988,22.872015,23.74755,20.523142,23.830574,23.23332,18.59828,16.782053,13.34025,13.744668,7.804507,10.759443,10.478829,14.205619,15.690472,17.854662,19.36861,21.861355,16.743832,17.139126,12.7127,13.542712,10.256279,13.874472,10.513105,15.613196,14.156297,19.694279,23.000015,20.850424,17.640501,17.358198,11.544216,12.029647,8.312258,8.769239
7,19.380962,17.40754,14.787251,13.544575,10.167144,6.629436,6.1585784,0.0,4.478628,6.4893055,11.649066,13.227452,15.628522,17.036901,13.424195,10.376637,7.0222683,6.4253364,4.0875998,6.9459224,5.5879745,10.4149,12.973602,16.574718,14.559234,21.118294,18.480867,19.894533,15.668623,18.951647,14.747379,19.260862,19.218166,22.836885,23.72666,24.972126,29.087831,29.230543,27.834581,25.342466,20.447247,20.928091,17.255562,17.049212,15.3413,14.940707,16.152298,15.530289,20.096138,20.325153,19.65964,21.663767,19.995058,23.645878,24.678625,26.942272,28.827908,29.14232,27.610107,28.396877,29.263416,24.429419,23.684092,20.40783,21.55583,17.817146,22.276663,19.952993,21.685081,20.410398,16.902514,14.657216,11.766659,9.781047,9.078723,10.003021,11.773185,13.011449,16.463717,18.473684,22.08178,23.22169,19.210129,22.471766,23.224619,18.937586,18.212511,14.73415,16.8902,12.178221,16.107069,16.547285,20.266615,21.78376,23.92053,25.232866,27.674208,22.383556,22.148186,17.731806,17.769085,13.918257,16.403671,11.872632,16.336878,13.324653,18.73774,21.933563,20.395859,16.970076,17.04766,11.666609,13.047841,9.469268,11.423089
8,22.529108,19.903812,18.026863,15.533705,12.21087,9.710126,7.246392,4.478628,0.0,4.622642,8.218966,10.992381,12.530877,13.756902,10.639316,7.165792,6.572484,5.378374,6.7839627,9.781337,10.017267,13.779667,16.311089,19.480799,16.380661,23.085083,19.487654,20.11668,15.599497,17.809685,13.233431,16.803736,15.665185,19.004028,19.972418,20.731462,25.008638,25.210283,24.237886,22.21041,17.360983,18.708855,15.148415,16.082064,15.088559,15.554475,17.611736,18.00005,22.155228,21.519674,20.56131,21.68292,19.425644,22.80692,22.655207,25.460129,26.464502,26.960276,25.308119,25.621626,25.951876,21.124681,21.088972,18.006224,20.29014,17.096867,22.12931,20.40941,22.869839,22.073376,18.351473,17.16097,13.31938,12.360112,10.485437,9.297041,10.568934,10.329529,13.774062,14.944431,18.565626,19.317749,15.110819,18.192831,18.868809,14.680412,14.048712,10.868807,13.443399,10.050227,14.455138,16.103136,19.881195,22.334414,23.460325,23.982536,26.565578,21.448708,20.349596,16.854027,15.74034,11.688508,13.320866,8.117899,12.33859,8.866565,14.376242,17.64555,16.366827,12.98316,14.162366,8.562286,11.337173,8.930317,11.794872
9,25.855574,23.695627,21.199387,19.563753,16.007307,13.009876,10.94145,6.4893055,4.622642,0.0,5.639059,6.805193,9.190075,10.954565,7.4856186,5.7420087,4.1079307,6.8403325,6.923093,12.0150175,11.491938,16.47985,18.295069,22.199749,19.375406,25.939718,22.545515,22.99307,18.48649,20.841965,15.596188,19.741358,16.899277,21.083757,20.751665,21.6956,25.465425,24.937101,23.558043,21.773422,17.251074,17.677938,15.296796,14.941424,15.043056,14.763215,17.500181,17.656715,22.189959,20.846197,20.499712,21.05057,19.675953,23.222374,22.97101,26.483547,27.040842,28.432148,27.237906,27.786798,27.240355,22.81004,23.29028,19.375105,22.313007,18.844065,24.03839,21.896935,24.918184,23.572086,19.594189,18.300684,14.63096,12.565129,10.026715,9.790335,9.10523,9.697051,11.930236,13.595574,16.822445,18.092125,13.836672,17.179504,18.809172,15.038423,15.649091,12.353224,16.400871,13.566559,18.147173,19.997766,23.450909,26.165499,27.546337,27.69139,30.727966,25.805983,24.625324,21.407084,20.097597,16.052717,17.2025,11.6278305,15.081149,10.183023,15.213329,18.319323,18.140152,14.936852,17.13393,12.203134,15.459721,13.293144,16.227606
10,30.624298,28.074955,26.146324,23.68046,20.387556,17.800861,15.186433,11.649066,8.218966,5.639059,0.0,4.74875,4.7170916,7.201784,5.650375,5.865536,8.592239,10.697662,12.426011,17.111576,16.96657,21.63567,23.573639,27.1923,23.785702,30.35433,26.338348,26.146875,21.605738,22.838816,17.566349,20.30377,15.551112,19.13895,18.460232,18.338848,22.08186,21.26714,20.596365,19.941336,16.007736,17.342897,15.937041,16.587109,17.822687,18.20203,21.580154,22.411995,26.560896,24.423496,23.97102,23.492397,21.82533,24.909811,23.156696,27.425514,26.645329,28.517586,27.330818,27.247005,25.63149,21.580832,23.256084,19.655544,23.94988,21.226545,26.729153,25.175795,28.767647,27.784279,23.742321,23.18331,19.074137,17.657251,14.638465,13.00929,11.322334,10.045194,10.896008,10.832288,13.456595,14.139061,9.23583,12.010202,14.539531,11.711849,13.335401,11.220126,15.892966,15.336623,19.855047,22.696268,26.054352,29.455399,29.87749,29.248228,32.271095,27.658998,25.578625,23.41888,21.01473,17.185188,16.943407,11.540139,13.186871,7.4844666,11.091151,13.864553,14.850789,12.192891,16.053074,12.3329,16.560946,15.812064,19.223898
11,32.604942,30.49014,27.875195,26.321173,22.650043,19.786562,17.376488,13.227452,10.992381,6.805193,4.74875,0.0,3.7051904,6.3607893,4.3485456,7.2199564,8.196633,12.06933,12.725372,18.153694,17.786417,22.922388,24.16595,28.323551,25.24515,31.5889,27.930666,27.750586,23.331009,25.044641,19.402489,23.105444,17.861372,22.417679,20.504118,21.211971,24.124113,22.614395,21.109331,20.278618,16.772795,16.638458,16.337296,15.365247,17.342346,16.922009,20.578049,21.142052,25.406975,22.809586,22.951399,22.136862,21.475477,24.69478,23.390976,27.957666,27.229647,29.793842,29.110195,29.554905,27.550713,23.916836,25.498795,21.106112,25.32835,22.216581,27.577526,25.535458,29.398214,27.88489,23.771536,23.077805,19.358936,17.199554,14.026502,13.470632,10.524796,10.633952,10.146903,11.286911,13.277885,14.89819,10.947289,14.102305,17.018892,14.49645,16.776203,14.18571,19.47633,18.277584,22.83948,25.417303,28.472654,31.88148,32.88469,32.175682,35.67802,31.17747,29.46094,27.130432,25.088491,21.193861,21.380968,15.773651,17.816864,12.00621,15.360202,17.884169,19.410032,16.89517,20.702377,16.801933,20.811457,19.469694,22.668083
12,34.879562,32.417805,30.195847,28.041748,24.471651,21.971535,19.090277,15.628522,12.530877,9.190075,4.7170916,3.7051904,0.0,3.9429455,4.6224656,7.819997,10.867767,13.747643,15.505126,20.505564,20.631435,25.345121,26.750471,30.6126,27.068619,33.422596,29.320288,28.738834,24.334606,25.321947,19.818111,22.574455,16.41389,20.495731,18.39371,18.498966,21.297007,19.664574,18.66553,18.577566,15.512325,16.190529,16.302727,16.350227,18.71107,18.941202,22.805416,23.907457,27.808273,24.88667,24.758501,23.42213,22.320164,25.159182,22.879374,27.766768,26.23431,28.95344,28.232397,28.263845,25.688553,22.334743,24.580631,20.541832,25.470118,22.910667,28.393438,26.82689,30.95534,29.798567,25.695871,25.522858,21.448454,19.940987,16.581682,14.988583,12.051648,10.819088,9.675668,9.334522,10.810838,11.9303665,7.7569695,10.553669,13.88581,12.077887,14.907925,13.120338,18.50505,18.570286,22.97461,26.09262,29.056513,32.87735,33.26253,32.07381,35.55891,31.318632,29.121536,27.478077,24.865652,21.190481,20.698172,15.388097,16.495052,10.718131,12.992405,15.2197695,17.438711,15.394941,20.044714,16.720444,21.108786,20.464697,23.81999
13,35.91104,33.25007,30.987991,28.803457,24.947037,23.028101,19.446802,17.036901,13.756902,10.954565,7.201784,6.3607893,3.9429455,0.0,3.994506,7.373954,11.497696,13.636113,16.356424,20.822422,21.994179,25.90764,26.91612,30.593323,26.60247,32.659866,28.276981,27.211853,23.019623,23.559757,18.085564,20.668566,13.782035,18.427155,15.331639,16.220375,18.33655,16.449467,14.939624,14.759966,12.047876,12.683249,13.465194,13.899186,16.777628,17.505108,21.586731,23.363855,26.65447,23.253448,22.94798,21.002968,19.76355,22.246681,19.454067,24.590546,22.644325,25.70374,25.24432,25.413452,22.45281,19.49108,21.92877,17.69517,23.010687,20.805958,26.207355,24.924875,29.436743,28.468658,24.433409,24.962593,20.700369,19.882645,16.30068,13.922501,10.675806,8.748279,6.497202,5.7177525,7.0091105,8.637937,5.7279224,9.438528,11.813159,9.990989,13.286484,11.4679985,17.204567,17.700066,21.820965,25.209017,27.716516,31.987862,32.19942,30.454569,34.38433,30.61385,28.424595,27.379986,24.6671,21.230574,20.800507,15.573354,16.82088,11.22442,13.580518,15.899314,18.333664,16.510466,21.62126,17.908182,22.401459,21.752443,24.880114
14,32.370644,29.920534,27.37753,25.601995,21.61509,19.503222,16.124214,13.424195,10.639316,7.4856186,5.650375,4.3485456,4.6224656,3.994506,0.0,4.350225,7.525847,10.173076,12.433216,17.099539,18.156527,22.19566,23.131834,26.988737,23.290594,29.42893,25.36227,24.692871,20.394,21.665052,15.978474,19.592745,13.9536495,19.071503,16.603159,18.085737,20.663612,19.226742,17.327682,16.084291,12.456166,12.463327,12.1726055,11.838041,14.098067,14.410154,18.325258,19.74943,23.378551,20.395805,20.15967,18.898247,17.792131,20.778685,19.097391,23.763527,22.882778,25.512829,24.941263,25.512156,23.445667,19.933617,21.510035,16.951223,21.4641,18.636305,24.04248,22.325867,26.557343,25.34261,21.246565,21.350218,17.226715,16.038345,12.510286,10.68195,7.466385,6.643564,5.8986983,7.34566,9.876507,11.7677555,8.578615,12.5709305,14.379388,11.381387,13.744535,10.836509,16.496809,15.571855,19.94041,22.827368,25.498518,29.384653,30.164959,28.951141,32.85838,28.772936,27.064785,25.310865,23.155245,19.463396,19.770342,14.136063,16.505959,10.748844,14.589435,17.406336,18.92891,16.499407,20.797127,16.330256,20.51536,19.203058,22.169397
15,28.66624,25.97305,23.696465,21.567867,17.59737,15.878194,12.090095,10.376637,7.165792,5.7420087,5.865536,7.2199564,7.819997,7.373954,4.350225,0.0,5.7000217,6.340148,9.811314,13.642304,15.355588,18.667578,19.918152,23.394497,19.458279,25.739754,21.510263,20.965397,16.533756,17.867186,12.278994,15.989734,11.692703,16.64113,15.3179245,16.96229,20.20748,19.585865,17.936794,16.049025,11.555914,12.476509,10.321658,11.183624,12.117878,13.035194,16.478111,18.05517,21.59576,19.28424,18.498552,17.97736,15.998692,19.109737,17.818993,21.823164,21.659859,23.420198,22.425781,22.959747,21.843231,17.706656,18.651278,14.447142,18.415112,15.523061,21.021622,19.48165,23.367098,22.483713,18.443024,18.579527,14.158955,13.649795,10.309437,7.536153,6.0299287,4.409644,6.7576613,8.167381,11.706892,13.04388,9.6464,13.641033,14.31992,10.280825,11.382694,7.7734995,12.961019,11.32688,15.792344,18.58089,21.443052,25.209034,25.952314,25.01053,28.739382,24.51185,22.971012,21.019098,19.067553,15.347233,16.111706,10.403408,13.668001,8.401573,13.4542,16.702494,17.202885,14.428581,18.110422,12.982118,16.93218,15.421539,18.187466
16,25.525984,23.548561,20.447008,19.611864,15.469219,12.928628,10.340974,7.0222683,6.572484,4.1079307,8.592239,8.196633,10.867767,11.497696,7.525847,5.7000217,0.0,5.089281,4.976656,10.165343,10.876089,15.136077,16.035275,20.224632,17.340773,23.59403,20.370127,20.722443,16.403582,19.228905,13.777635,18.989105,16.464432,21.546013,20.464418,22.52129,25.714613,25.038822,22.889942,20.395185,15.880502,15.276507,12.911144,11.495224,11.417334,10.725532,13.550113,13.873283,18.29187,16.762304,16.55173,17.192793,16.246439,19.962431,20.489023,23.800953,24.910208,26.458193,25.605595,26.760437,26.404797,22.165277,22.112904,17.605146,20.014116,16.153723,21.148682,18.634129,21.86392,20.209208,16.158411,15.038473,11.427944,9.214207,6.2272415,6.742226,5.8064914,8.027181,10.38385,13.247833,16.527655,18.372211,15.061587,18.975042,20.011473,15.933295,16.560986,12.607871,16.868622,13.134429,17.523249,19.036852,22.007313,24.813395,26.750652,26.761227,30.364058,25.746128,25.095444,21.91875,21.0933,17.189041,18.993443,13.393374,17.513977,12.707809,18.075394,21.324501,21.24817,18.086004,20.381176,14.902269,17.882105,15.157467,17.487263
17,22.780262,20.214748,17.62681,16.026674,11.703688,10.370986,6.2922034,6.4253364,5.378374,6.8403325,10.697662,12.06933,13.747643,13.636113,10.173076,6.340148,5.089281,0.0,5.3775177,7.417234,10.343799,12.465017,13.718207,17.064402,13.327339,19.758736,15.960517,16.188063,11.709728,14.411123,9.259845,14.452827,13.675803,18.320993,18.218712,20.517008,23.9919,24.0554,22.164593,19.235714,14.331001,14.780085,10.838937,11.32211,9.764471,10.504615,12.601142,13.751539,17.3612,16.436453,15.278582,16.418835,14.159805,17.666016,18.268959,20.805014,22.449562,23.066013,21.806475,22.89188,23.458015,18.857574,18.125399,14.244116,15.965763,12.2946415,17.340399,15.347648,18.30587,17.365948,13.4621525,12.996372,8.645063,8.585905,6.198495,3.990392,6.4736414,7.185359,11.162351,13.460827,17.195644,18.538713,15.561059,19.383532,19.20532,14.609614,14.045739,9.903657,12.930421,8.257778,12.513485,13.974536,17.021872,19.972553,21.677711,21.738905,25.295498,20.748846,20.291456,17.223932,16.625227,12.934695,15.34516,10.214984,15.069632,11.50979,17.288841,20.718475,19.855795,16.695818,18.502048,12.505863,15.041968,12.235049,14.061528
18,20.774864,19.134443,15.695007,15.575028,11.499672,8.629645,7.2901287,4.0875998,6.7839627,6.923093,12.426011,12.725372,15.505126,16.356424,12.433216,9.811314,4.976656,5.3775177,0.0,5.8747115,6.0940456,10.415045,11.573027,15.870825,13.811278,20.070717,17.612896,18.844143,14.762396,18.499083,13.869118,19.436686,19.0093,23.59073,23.469467,25.592623,29.114843,28.911331,26.83469,23.912506,19.164417,18.63991,15.322895,13.9677305,12.250995,11.212479,12.487956,11.789285,16.525553,16.48853,16.127985,18.160675,17.126986,20.956509,22.618055,24.907145,27.09582,27.81754,26.715418,28.05965,28.758387,24.21202,23.246235,19.242271,20.162794,15.996007,20.332958,17.512184,19.6259,17.84254,14.125048,11.875328,9.062517,6.2075243,5.2292633,7.644925,9.103603,11.565506,14.725031,17.590626,21.087286,22.756647,19.37316,23.12741,23.764366,19.375618,19.08534,15.084311,17.976416,12.853085,16.743042,17.080248,20.222425,22.014603,24.686209,25.64784,28.79916,23.897532,23.998999,19.900082,20.10321,16.348602,19.04286,14.128336,18.850674,15.163297,20.798676,24.109716,23.119427,19.75424,20.621105,14.956346,16.707766,13.108411,14.66009
19,16.235868,14.39706,10.833238,11.146777,6.6975255,5.701862,4.6051645,6.9459224,9.781337,12.0150175,17.111576,18.153694,20.505564,20.822422,17.099539,13.642304,10.165343,7.417234,5.8747115,0.0,5.863665,5.252081,6.588688,10.2079315,8.125152,14.430477,12.369371,14.342633,10.806534,15.247141,12.105775,17.631857,19.718042,23.712307,24.45655,26.968792,30.527222,30.947617,28.900026,25.435432,20.627493,20.451496,16.120283,15.634279,12.322824,11.998965,11.509067,10.962741,14.626952,16.062105,14.944901,18.115482,16.38996,19.909407,22.499268,23.44635,26.745825,26.377407,25.018126,26.595562,28.556082,23.897474,21.810194,18.635593,17.755247,13.705291,17.025574,14.357945,15.17742,13.834305,10.779544,8.253095,6.125662,5.7584662,7.2027097,8.755377,12.206563,14.161958,18.025309,20.740875,24.439875,25.868118,22.939262,26.63682,26.290833,21.608425,20.299488,16.404043,17.578115,11.339982,13.9463825,12.867335,15.795622,16.693886,20.06292,21.776041,24.665426,19.888998,20.971,16.445963,17.858656,14.784326,18.456776,14.788912,19.932207,17.711866,23.432724,26.800076,25.020067,21.73034,21.615519,15.828976,16.300762,12.269677,12.314055
20,15.5468645,14.656139,10.984082,11.959733,9.052405,5.159318,7.8982787,5.5879745,10.017267,11.491938,16.96657,17.786417,20.631435,21.994179,18.156527,15.355588,10.876089,10.343799,6.0940456,5.863665,0.0,6.88411,9.268081,13.157726,13.020579,18.823483,17.680477,20.028694,16.536911,20.747904,17.376986,22.452904,23.683828,27.40342,28.34711,30.067339,34.03337,34.228786,32.46524,29.49178,24.627068,24.402193,20.606699,19.513193,16.99153,15.807269,15.635967,13.714916,18.358067,19.919209,19.529142,22.600697,21.534845,25.25045,27.561455,29.028156,31.908854,31.870558,30.445297,31.70229,33.25081,28.453096,26.920832,23.686815,23.469938,19.415787,22.868113,20.029194,20.586777,18.850286,15.989545,12.4556465,11.437201,8.692048,10.084772,12.834539,15.083502,17.293795,20.729656,23.331251,26.924122,28.336359,24.595385,27.997532,28.615803,24.19756,23.244423,19.596102,21.165579,15.538787,18.608912,17.66142,21.038105,21.274225,24.550064,26.760674,28.937681,23.673588,24.459644,19.297125,20.60094,17.236736,20.428497,16.669275,21.303602,18.8212,24.216944,27.37854,25.524948,22.109514,21.243572,16.175953,16.264826,12.075635,12.542974
21,11.182711,9.948284,5.724468,7.988602,5.0370417,5.335669,7.6566095,10.4149,13.779667,16.47985,21.63567,22.922388,25.345121,25.90764,22.19566,18.667578,15.136077,12.465017,10.415045,5.252081,6.88411,0.0,4.3622584,6.5045233,7.1587033,12.313188,12.003267,15.124395,12.728745,17.288177,15.69257,20.463089,23.971739,27.235924,28.750881,31.056982,34.827908,35.579014,33.71712,30.169626,25.38579,25.370094,20.818449,20.480991,16.756025,16.329786,14.736782,13.381182,16.388338,19.17708,18.028898,21.928232,20.246712,23.464983,26.612352,26.711666,30.633408,29.557692,27.985834,29.540983,32.292667,27.577965,24.94465,22.551704,20.55827,16.903027,19.005297,16.527058,15.5794735,14.483782,12.730771,9.427912,9.611886,9.568975,12.060033,13.847785,17.434095,19.284496,23.240707,25.816765,29.559967,30.830313,27.770279,31.259813,30.783552,26.104618,24.313791,20.753902,20.839605,14.542273,15.994678,13.515055,16.257088,15.322981,19.452255,22.38195,24.34289,19.517918,21.4771,16.209948,18.827898,16.444838,20.483854,17.98096,22.92267,21.66171,27.15805,30.40609,28.00944,24.771435,23.42955,18.218931,17.327494,13.131402,11.795669
22,13.493153,12.985168,8.354418,11.805902,8.736195,9.366379,10.372277,12.973602,16.311089,18.295069,23.573639,24.16595,26.750471,26.91612,23.131834,19.918152,16.035275,13.718207,11.573027,6.588688,9.268081,4.3622584,0.0,5.032321,6.6670113,10.416824,11.126464,14.254634,12.587707,17.573332,16.060461,21.546453,24.970581,28.889786,29.639437,32.672974,35.921383,36.448757,34.037804,30.095863,25.572357,24.736256,20.50493,19.326582,15.340627,14.446354,11.916344,10.196545,12.561004,16.037453,15.078789,19.467602,18.448872,21.592094,25.65772,25.36473,29.842415,28.938353,27.796288,29.936321,32.71074,28.334812,25.360674,22.528862,19.87036,15.974367,17.277988,14.239776,12.915392,11.092609,9.818093,5.870166,8.018377,8.18111,11.428162,13.921118,17.335459,19.81685,23.459772,26.555006,30.14554,31.77248,29.250368,33.055172,32.43321,27.702847,26.18058,22.314907,22.82986,16.362701,17.571892,14.919539,16.707014,15.822495,20.640194,23.2368,25.85748,21.651167,23.96744,19.209753,21.85871,19.577793,23.673632,20.820524,25.951656,24.199371,29.887096,33.241295,31.212864,27.971542,27.226763,21.712204,21.281443,17.131336,15.937965
23,11.2244005,10.608602,7.036038,10.647963,9.0433035,11.518027,12.601658,16.574718,19.480799,22.199749,27.1923,28.323551,30.6126,30.593323,26.988737,23.394497,20.224632,17.064402,15.870825,10.2079315,13.157726,6.5045233,5.032321,0.0,5.540506,6.6687875,9.023647,12.841985,12.529084,17.062902,17.235659,21.693192,26.621416,29.759071,31.228424,34.22326,37.50522,38.49701,36.32397,32.279236,27.863392,27.544273,22.910267,22.627092,18.288778,18.139496,15.264671,14.276291,15.164791,19.097847,17.597155,22.107203,20.471666,23.015858,27.199999,25.950579,30.89847,29.10585,27.713467,29.784714,33.41886,29.114666,25.55538,23.727455,20.01208,16.914919,17.01273,14.814342,11.869408,11.266315,11.488835,8.992271,11.161101,12.809723,15.756524,17.215158,21.103163,22.974497,26.873438,29.613667,33.263287,34.604412,32.266224,35.888012,34.716732,29.985273,27.881334,24.396187,23.736317,17.45196,17.373117,13.68936,14.817005,12.42933,17.771828,21.142248,23.112604,19.36853,22.48368,17.819431,21.294207,19.885588,24.197836,22.459835,27.404968,26.641857,32.1204,35.39491,32.898354,29.8421,28.504759,23.33559,22.135231,18.300755,16.179924
24,14.685589,12.43646,9.907407,10.468819,7.322949,10.573127,9.346576,14.559234,16.380661,19.375406,23.785702,25.24515,27.068619,26.60247,23.290594,19.458279,17.340773,13.327339,13.811278,8.125152,13.020579,7.1587033,6.6670113,5.540506,0.0,6.7113967,4.8642507,8.163341,7.031439,11.640038,11.814524,16.219677,21.281456,24.409508,25.823792,28.957401,32.09936,33.20446,31.133265,27.12059,22.742344,22.90046,17.990118,18.647745,14.2786255,15.13096,13.006208,13.566923,14.353126,17.050804,14.9056635,18.767878,16.199963,18.635933,22.1803,21.09856,25.72653,23.883984,22.366028,24.340738,27.890427,23.580246,20.040968,18.308208,14.774636,11.793296,12.598815,10.892703,9.233589,9.525712,8.669765,8.052543,7.880209,11.200843,13.143835,13.112951,17.330946,18.525,22.547838,24.964788,28.595951,29.759092,27.75739,31.340044,29.751705,25.04996,22.828339,19.429043,18.60077,12.406216,12.140438,8.809331,10.088252,9.52451,14.181472,16.630833,19.442932,15.70036,18.350094,14.389613,17.245573,15.795499,20.045826,18.221836,23.180214,22.492699,27.909185,31.203085,28.909452,25.994661,25.392311,19.92554,19.37602,15.902075,14.266723
25,16.144487,14.816376,12.888238,14.747944,13.15458,16.652685,16.043121,21.118294,23.085083,25.939718,30.35433,31.5889,33.422596,32.659866,29.42893,25.739754,23.59403,19.758736,20.070717,14.430477,18.823483,12.313188,10.416824,6.6687875,6.7113967,0.0,5.6226935,8.952013,11.056425,14.593955,16.600105,20.178102,26.200342,29.038454,30.385956,33.987247,36.63111,37.912468,35.597984,31.250786,27.393597,27.167376,22.536852,22.979723,18.443178,19.2168,16.058165,16.568007,15.336027,19.062784,16.8624,21.109137,18.956362,20.468279,25.007475,22.46507,28.057898,25.500443,24.271688,26.72308,31.077568,27.365944,23.079744,22.057247,16.93785,14.984004,13.065933,12.001433,7.456082,8.7834425,10.805714,11.019647,12.8605,16.276394,18.655596,18.878117,22.91059,24.24558,28.001684,30.54156,33.987125,35.216984,33.771255,37.38438,35.360268,30.751463,28.376919,25.190285,23.81729,18.151674,16.63792,12.616324,11.669118,8.9989395,14.70713,17.595348,20.07969,17.864834,21.561405,18.343105,21.854534,21.314566,25.5466,24.434534,29.190351,28.895538,34.175823,37.41837,35.019398,32.266037,31.440788,26.238111,25.265104,22.008694,19.79297
26,18.055595,15.4955015,13.994079,13.774389,11.246867,14.956138,12.798193,18.480867,19.487654,22.545515,26.338348,27.930666,29.320288,28.276981,25.36227,21.510263,20.370127,15.960517,17.612896,12.369371,17.680477,12.003267,11.126464,9.023647,4.8642507,5.6226935,0.0,3.948201,5.6665816,9.019409,11.287301,14.565877,20.732237,23.44452,24.870794,28.431223,31.069502,32.472862,30.380835,26.18083,22.291107,22.700777,17.782255,19.2776,14.886704,16.608736,14.453128,16.131603,15.435434,17.762665,15.05019,18.476866,15.280862,16.766037,20.36472,18.201271,23.29084,20.693693,19.187717,21.413303,25.643679,21.793385,17.59355,16.740938,11.908611,10.178553,9.277589,8.99655,6.577647,8.820832,9.162109,10.7574,10.344487,14.692936,16.096832,14.956984,19.143156,19.727644,23.577213,25.69122,29.119854,30.112877,28.850208,32.333393,30.01852,25.487541,22.997755,19.992315,18.407341,13.049426,11.259619,7.662989,6.7037487,6.6235523,11.29689,13.162785,16.57828,14.107,17.175913,14.620699,17.414324,16.830866,20.875736,19.749767,24.373785,24.202673,29.30709,32.510986,30.281109,27.683693,27.448242,22.143969,21.722183,18.876984,17.162186
27,21.794157,18.932076,17.647766,16.713413,13.891018,17.387562,14.225651,19.894533,20.11668,22.99307,26.146875,27.750586,28.738834,27.211853,24.692871,20.965397,20.722443,16.188063,18.844143,14.342633,20.028694,15.124395,14.254634,12.841985,8.163341,8.952013,3.948201,0.0,4.573732,6.1434317,9.422105,12.040031,18.336382,21.037504,22.101961,26.047766,28.212753,29.690271,27.53888,23.271845,19.77787,20.403555,15.607754,17.844122,13.760602,16.244778,14.654897,17.30473,16.106544,17.422085,14.368495,16.930378,13.107216,13.922915,17.1147,14.553024,19.660076,16.811499,15.375809,17.83787,22.171576,18.672968,14.213108,13.683343,8.25696,7.5794992,6.0773253,7.332051,6.5673146,9.554286,9.624028,12.622913,11.262122,16.066933,16.723013,14.578208,18.508099,18.530455,22.107954,23.942043,27.143492,28.031641,27.387115,30.80455,28.035557,23.700676,21.239622,18.482098,16.795012,12.314328,9.990222,7.5691905,5.160186,7.8648167,10.845106,11.00455,15.543249,13.933423,16.484842,15.257605,17.24336,16.87895,20.505964,19.422451,23.758247,23.607199,28.447992,31.580687,29.672445,27.314758,27.785645,22.495443,22.641712,20.26578,18.997309
28,20.904417,17.808584,16.211613,14.683642,11.101095,13.99403,10.141939,15.668623,15.599497,18.48649,21.605738,23.331009,24.334606,23.019623,20.394,16.533756,16.403582,11.709728,14.762396,10.806534,16.536911,12.728745,12.587707,12.529084,7.031439,11.056425,5.6665816,4.573732,0.0,5.0607653,5.622101,9.823789,15.144567,18.366388,19.394085,23.024826,25.66902,26.933493,24.900494,20.852064,16.768875,17.65052,12.497081,14.90314,10.944094,13.5213375,12.801371,15.398592,15.558937,16.240334,13.390825,15.682372,11.677271,13.507604,15.873262,14.895132,19.035372,17.074339,15.457299,17.460691,20.906181,16.765575,13.08445,11.526204,8.067356,5.733447,7.90837,7.8265505,9.091037,10.614293,8.825156,11.16869,8.3193035,12.930637,13.048068,10.437957,14.554026,14.44224,18.311546,20.137152,23.557255,24.460882,23.32041,26.807234,24.433273,19.90936,17.59804,14.477062,13.416947,8.168323,7.1696267,5.8858275,6.321934,9.866054,12.194637,12.252681,16.654966,13.704709,15.296351,13.415096,14.734235,13.492549,17.127985,15.270448,19.875822,19.265444,24.323948,27.55261,25.763922,23.230011,23.961517,18.406261,19.012592,16.530209,15.846769
29,24.479666,20.906408,20.246086,17.627539,14.690313,17.725094,13.4795475,18.951647,17.809685,20.841965,22.838816,25.044641,25.321947,23.559757,21.665052,17.867186,19.228905,14.411123,18.499083,15.247141,20.747904,17.288177,17.573332,17.062902,11.640038,14.593955,9.019409,6.1434317,5.0607653,0.0,5.781474,5.914278,12.893789,14.935158,16.529812,20.121489,22.469614,24.272392,22.73403,18.954098,15.430576,17.506035,12.492961,16.572107,13.459038,16.81269,16.782097,19.938293,19.699923,19.611698,16.56278,17.693874,12.924346,13.581277,14.258837,12.871241,16.299707,13.407701,11.182371,12.7360735,16.866016,12.918497,8.711737,9.136451,5.668533,6.6007643,8.359583,10.412667,12.1461,14.515376,13.127901,16.092001,12.95596,17.466389,16.906637,13.148122,16.738876,15.340692,18.88804,19.740005,22.85848,23.207596,22.716618,25.739292,22.538631,18.43695,15.663006,13.559421,11.152049,8.305603,5.3131366,6.0666337,5.0115,10.510385,10.361107,8.384613,13.602366,11.79287,12.6797285,12.91538,13.298139,13.0489645,15.903111,15.132389,18.838633,19.144388,23.415234,26.370096,24.635525,22.632687,23.795698,18.825922,19.64267,18.192791,17.683895
30,24.81954,21.498281,19.921549,17.592516,13.674449,15.3568735,10.43141,14.747379,13.233431,15.596188,17.566349,19.402489,19.818111,18.085564,15.978474,12.278994,13.777635,9.259845,13.869118,12.105775,17.376986,15.69257,16.060461,17.235659,11.814524,16.600105,11.287301,9.422105,5.622101,5.781474,0.0,6.747659,9.692998,13.826105,14.085247,17.848574,20.436335,21.476168,19.5106,15.714108,11.368827,13.050679,7.710564,11.631339,8.980747,12.352121,13.454826,16.637112,17.517536,16.514341,13.891815,14.521362,10.020172,11.996659,12.254415,13.125074,15.574898,14.673318,13.084038,14.621752,16.712814,12.295091,9.80008,6.959904,7.0882564,4.9593596,9.9948,10.136584,13.530302,14.444389,11.57196,14.032442,9.760436,13.534328,12.093021,7.6820097,11.043717,9.654672,13.400211,14.714603,18.087818,18.86179,17.965498,21.452501,18.978703,14.493589,12.550671,9.267419,9.373951,5.410317,6.442897,8.7027025,9.93818,14.658605,15.312296,13.813894,18.575796,15.588216,15.49683,14.626932,14.113017,12.211254,14.835708,12.033046,16.299105,15.015188,19.862906,23.071316,21.953041,19.5882,21.607534,16.038902,17.935896,16.119785,16.645348
31,27.751926,23.81853,23.601526,19.896181,17.120028,19.379766,14.70117,19.260862,16.803736,19.741358,20.30377,23.105444,22.574455,20.668566,19.592745,15.989734,18.989105,14.452827,19.436686,17.631857,22.452904,20.463089,21.546453,21.693192,16.219677,20.178102,14.565877,12.040031,9.823789,5.914278,6.747659,0.0,8.315854,9.049341,11.645826,14.460345,17.215643,19.409636,18.781063,15.897594,12.499449,16.254465,11.64901,17.082056,15.289421,18.90098,20.090487,23.342327,23.884216,22.841644,20.042053,20.053055,15.130368,15.7050495,13.775158,14.107237,15.085899,12.749557,9.934908,9.667198,12.812686,8.133004,5.51107,7.3559723,8.42806,9.9159155,13.214565,15.1430025,17.8119,19.768688,17.643557,20.290342,16.278555,20.0439,18.537695,13.8287325,16.564089,13.7246685,16.912987,16.458834,19.356964,18.987139,18.593369,21.016207,17.367092,13.673927,10.493399,9.63451,6.150251,7.1792774,5.1571074,9.184132,9.788304,15.118269,13.135137,9.998869,14.486534,12.567575,11.180823,12.96086,11.201784,10.979643,12.338589,11.965245,14.505446,15.37596,18.726938,21.40206,19.94259,18.436079,20.474346,16.157331,17.789705,17.486462,17.882694
32,32.870605,29.206131,28.203547,24.791471,21.326513,21.997334,17.026415,19.218166,15.665185,16.899277,15.551112,17.861372,16.41389,13.782035,13.9536495,11.692703,16.464432,13.675803,19.0093,19.718042,23.683828,23.971739,24.970581,26.621416,21.281456,26.200342,20.732237,18.336382,15.144567,12.893789,9.692998,8.315854,0.0,6.5859656,4.790398,8.51004,10.959007,12.067746,11.278307,9.264314,5.731946,10.936645,8.273277,13.976037,14.529502,17.887543,20.678627,24.054071,25.356388,22.754995,20.660208,19.048882,14.937177,15.8132925,11.524908,15.060648,13.141189,13.927541,12.431636,11.874983,10.416766,6.089625,8.527292,6.599045,12.500643,12.850571,17.561256,18.476727,22.67073,23.553656,20.455353,22.885216,18.23643,20.693985,17.930002,12.860677,13.3156595,9.183914,10.705292,8.846621,11.270294,10.692526,11.105456,13.652151,9.990529,6.454024,5.4431534,5.0198736,7.0014195,10.268263,11.905813,16.22818,17.510946,22.785534,21.374071,18.202606,22.519606,20.251774,17.898859,19.187328,16.211987,14.517287,14.272312,11.628078,13.067951,11.642083,14.251077,16.817049,17.208185,15.967889,20.26799,16.179789,19.63654,19.649689,21.469702
33,34.551792,30.473473,30.550823,26.129187,23.61412,24.747726,20.153223,22.836885,19.004028,21.083757,19.13895,22.417679,20.495731,18.427155,19.071503,16.64113,21.546013,18.320993,23.59073,23.712307,27.40342,27.235924,28.889786,29.759071,24.409508,29.038454,23.44452,21.037504,18.366388,14.935158,13.826105,9.049341,6.5859656,0.0,6.6362157,6.014844,9.743871,12.698366,14.275996,13.8757925,11.869841,17.306345,14.684949,20.49788,20.58228,24.021975,26.430347,29.660986,30.912212,28.812822,26.464556,25.199718,20.727901,21.109945,16.53915,18.938478,16.557573,15.86073,13.459081,10.80637,9.968659,6.0864277,9.407622,11.3055525,15.912037,17.398104,21.34339,23.05552,26.48373,28.030415,25.335978,27.682892,23.135916,25.85174,23.406353,18.378277,19.3908,15.195936,16.84283,14.083485,15.861638,13.994066,14.155702,14.896131,10.328887,8.706244,5.819737,8.961503,6.5927444,12.700225,12.869142,17.387468,18.633537,23.67386,20.709156,17.174896,20.27373,18.66113,15.2023735,18.167385,14.2948475,13.981921,12.283062,12.367855,11.604714,13.068507,13.596004,15.280317,15.004386,14.877502,18.748234,16.311539,19.168049,20.477135,22.076036
34,37.56164,33.817463,32.954147,29.414804,26.068396,26.748163,21.803,23.72666,19.972418,20.751665,18.460232,20.504118,18.39371,15.331639,16.603159,15.3179245,20.464418,18.218712,23.469467,24.45655,28.34711,28.750881,29.639437,31.228424,25.823792,30.385956,24.870794,22.101961,19.394085,16.529812,14.085247,11.645826,4.790398,6.6362157,0.0,5.9893513,6.408845,7.791956,7.8440123,7.4161086,6.7796845,12.1513815,11.37039,16.816435,18.138742,21.499998,24.487894,28.092272,29.066868,25.982656,23.976103,21.601442,17.744211,17.810068,12.144646,16.019981,12.188837,13.67428,12.635432,11.310574,7.4791603,5.3310814,9.836439,9.162997,15.284344,16.50397,20.63591,21.98459,26.37423,27.40724,24.48024,27.238285,22.666637,25.102335,22.1831,17.205227,16.974483,12.818741,12.907331,9.980186,10.794936,9.35198,11.688936,13.170925,8.571975,7.448924,7.6865044,9.175132,10.604372,14.927429,16.007458,20.386389,21.17807,26.633257,24.648737,20.771858,25.027794,23.548056,20.806566,23.031183,19.677233,18.481878,17.477182,15.528891,15.69038,14.618327,15.623599,17.444674,18.669052,18.220154,23.098568,19.85087,23.443954,23.951256,25.867706
