,0,1,2,3,4,5,6,7,8,9,10,11,12,13,14,15,16,17,18,19,20,21,22,23,24,25,26,27,28,29,30,31,32,33,34,35,36,37,38,39,40,41,42,43,44,45,46,47,48,49,50,51,52,53,54,55,56,57,58,59,60,61,62,63,64,65,66,67,68,69,70,71,72,73,74,75,76,77,78,79,80,81,82,83,84,85,86,87,88,89,90,91,92,93,94,95,96,97,98,99,100,101,102,103,104,105,106,107,108,109,110,111,112,113
0,0.0,3.6789355,6.078332,9.855791,11.652234,15.653252,17.75327,22.328938,25.049072,27.873804,32.07594,34.757103,36.12015,38.28196,36.493336,32.519577,35.10114,29.89432,33.453854,29.124973,32.970947,29.62017,25.843945,26.071367,23.496334,22.604277,19.708853,19.361603,20.010143,17.106617,21.876291,17.84379,24.612734,22.914196,27.7699,29.106953,31.623045,35.05782,34.918663,32.34348,29.636784,33.20679,28.660044,33.52298,30.635534,33.903522,33.642086,36.071533,36.00324,36.79719,33.787224,35.348442,30.521349,31.351992,30.259277,28.82485,31.439144,26.740519,23.633175,21.437757,26.352716,22.576515,19.937347,22.918371,21.50082,23.710209,23.549871,26.590088,25.445309,28.850456,28.891302,30.814201,28.89413,33.03197,33.031593,29.410044,33.14355,31.21796,34.813576,34.835083,37.532486,37.082497,38.508884,39.6143,34.645283,32.943134,29.064678,28.131838,23.5151,22.932978,18.34571,16.86161,13.319621,13.774202,16.014006,20.220663,21.279526,24.932816,23.395044,26.415325,22.546257,28.344057,28.310469,34.34447,34.36516,39.4857,42.395508,40.512463,37.46687,37.690804,31.337252,32.358253,28.41972,29.273048
1,3.6789355,0.0,3.8860135,6.797834,9.185341,12.913354,14.724192,19.526817,22.525925,24.996164,29.279812,32.16934,33.82156,36.182243,34.70123,30.81876,33.827858,28.710997,32.487907,28.548462,32.448387,29.733368,25.929634,26.88673,23.960855,24.054981,20.760185,20.20586,20.08413,16.952253,21.101551,16.58107,22.999226,20.43884,25.79289,26.507286,29.282112,32.842934,33.05875,30.897144,28.1455,32.16792,27.670425,32.84032,30.263077,33.583496,33.752155,36.197006,36.571346,37.00299,34.06973,35.333626,30.445112,31.394117,29.719915,28.947083,30.937582,26.49382,23.264177,20.654844,24.997557,21.028324,19.056229,22.064934,21.631155,23.678541,24.351185,27.220106,26.667969,29.855793,29.396547,31.209686,28.809658,32.720222,32.413506,28.53449,32.104115,29.823862,33.39335,33.059082,35.783024,35.074482,36.323467,37.158596,32.259235,30.638708,26.656143,26.15961,21.2242,21.393044,16.861954,16.027483,13.031001,14.338146,15.661287,19.926712,21.495558,24.476799,22.532013,25.11694,20.925133,26.390196,26.007748,32.04981,31.952404,37.13384,40.067085,38.458717,35.525875,36.202557,29.735825,31.017735,27.3423,28.32175
2,6.078332,3.8860135,0.0,6.0009246,5.9365754,9.87453,12.77494,16.76697,19.829124,22.573336,27.20554,29.861898,31.488153,33.890568,32.380043,28.339878,31.096579,26.004738,29.4602,25.66046,29.174324,26.74447,23.112488,24.317492,21.628899,22.123415,19.073332,18.979622,18.233173,15.831009,19.345753,15.619157,22.1169,19.866425,25.365925,25.809298,29.14457,32.540768,32.518494,30.339634,27.073734,31.024267,26.23114,31.185047,28.452612,31.555233,31.71082,33.829613,34.65301,35.255905,32.46552,33.984325,29.273369,30.687372,29.356073,29.033287,31.174953,27.169685,23.744905,21.573227,25.520742,21.035322,19.08381,21.05196,21.041096,22.34331,23.49647,25.7858,25.274048,28.189865,27.477144,28.82147,26.389202,30.012402,29.821325,26.16961,29.894373,27.806833,31.619602,31.49687,34.500526,33.912514,34.659145,35.701008,31.08168,28.950207,25.08791,24.168627,19.499512,19.094023,14.838272,13.449318,10.832034,11.940938,12.282171,16.6587,18.15941,20.911848,18.993357,21.33514,17.287096,22.777407,22.667206,28.64272,28.87508,33.9955,37.069485,35.402664,32.544212,32.963238,26.580933,27.59043,24.003136,24.717278
3,9.855791,6.797834,6.0009246,0.0,5.378308,7.767226,8.109238,13.437174,16.270203,18.483578,22.546476,25.541212,27.32423,29.792421,28.60647,24.93361,28.550825,23.659628,27.918514,24.61446,28.929287,27.209833,23.336958,25.613258,21.85017,23.87613,19.757256,18.659275,17.238548,13.867984,16.627056,11.64166,17.289555,14.09415,19.86011,20.026611,23.270767,26.77279,27.108519,25.363874,22.425888,26.926823,22.564455,28.058157,26.052498,29.4199,30.327112,32.89211,33.866745,33.569347,30.815971,31.516407,26.660397,27.827444,25.432518,25.845255,26.974167,23.289984,19.884247,17.188951,20.360607,15.892003,14.896519,17.403723,18.66358,20.259981,22.370749,24.825514,25.468878,28.152216,26.817408,28.607311,25.396887,28.953543,28.051493,23.757149,26.93082,24.170332,27.618534,26.895742,29.659561,28.750935,29.782642,30.475098,25.678473,24.038382,20.01096,19.902842,14.710487,15.878717,11.604333,12.30781,10.722162,13.757877,14.07786,17.634825,20.601746,22.093292,19.337946,21.734188,16.876947,21.777393,20.635473,26.719208,26.012968,31.239399,33.978706,32.581284,29.68641,31.08152,24.50827,26.459743,23.14738,24.804754
4,11.652234,9.185341,5.9365754,5.378308,0.0,4.1000776,7.832377,10.939358,13.97587,16.859154,21.664635,24.156727,25.84177,28.348507,27.018341,22.992426,25.963692,21.057468,24.595673,21.396744,24.908827,23.483112,19.962986,22.36102,19.25631,21.473125,18.069567,17.90641,15.788031,13.942717,15.78465,12.712179,18.461702,16.243176,21.863897,21.734013,25.726583,28.87282,28.731728,26.83911,23.101086,27.230555,22.36208,27.288702,24.857471,27.79185,28.459448,30.408392,31.976873,32.183563,29.64679,30.946888,26.450087,28.323994,26.80385,27.548838,29.216635,26.063723,22.508848,20.679615,23.52629,18.547544,17.27424,17.978895,19.393194,19.786413,22.233862,23.78369,24.150122,26.4735,24.96716,25.935444,22.901897,26.011301,25.474901,21.729496,25.282822,23.041214,26.948067,26.746555,29.97575,29.365324,29.54601,30.661634,26.4003,23.832592,20.11299,19.049587,14.580655,14.241365,10.6002035,9.799549,8.927629,11.170721,9.746402,13.453225,16.08203,17.329151,14.730182,16.703056,12.126035,17.291197,16.836824,22.872198,22.94714,28.083282,31.150255,29.574774,26.792023,27.521172,21.088526,22.378487,19.128284,20.161165
5,15.653252,12.913354,9.87453,7.767226,4.1000776,0.0,5.2388263,6.9821725,10.421407,13.012129,18.091408,20.605463,22.574278,25.292673,24.340212,20.465696,23.788927,19.236631,22.799065,20.383038,23.703194,23.313374,20.064436,23.293774,20.054224,23.336807,19.873928,19.628555,16.688904,15.238961,15.586382,12.998016,17.466463,14.778472,20.534414,19.546251,24.046316,27.038824,27.068617,25.669321,21.739855,26.115847,21.409914,26.305338,24.304935,27.05324,28.206781,29.98639,32.146935,31.98232,29.693474,30.703354,26.439323,28.550922,26.690435,28.272038,29.34441,26.83902,23.328224,21.557623,23.391792,18.318834,17.903605,17.863037,20.445642,20.269356,23.589687,24.631952,25.633299,27.4936,25.431486,26.0777,22.610294,25.138721,24.252968,20.463612,23.677193,21.18735,25.03434,24.552046,27.885456,27.097818,26.751614,27.706053,23.821651,21.039326,17.442087,16.652573,12.316059,12.691492,10.095755,10.318811,10.986422,13.600355,11.075452,13.831636,16.982117,16.89518,13.843403,14.94185,10.098998,14.309997,13.301072,19.299322,19.244867,24.4106,27.515112,26.229998,23.63518,24.865585,18.475813,20.064941,17.403864,18.606302
6,17.75327,14.724192,12.77494,8.109238,7.832377,5.2388263,0.0,6.0658207,8.898045,10.422857,14.676684,17.786524,20.00268,22.804716,22.262094,18.921661,23.250366,19.032175,23.447369,21.504519,25.6399,25.65071,22.2131,25.972887,21.906694,25.943521,21.70978,20.564848,17.505386,15.116196,14.846735,11.079551,13.996789,9.938776,16.066471,14.551823,19.026077,22.167883,22.682045,21.832678,18.394402,23.372993,19.296762,24.724781,23.544003,26.56577,28.386555,30.6692,32.714195,31.706472,29.431843,29.59258,25.21715,26.918442,23.98036,26.151382,26.191473,24.00898,20.68751,18.478542,19.354895,14.534566,15.305778,15.858567,19.49606,19.785027,23.640165,25.000378,26.856575,28.628334,26.233196,27.455702,23.44957,25.993084,24.419338,20.004705,22.494324,19.232592,22.544847,21.293877,24.2893,23.080385,23.160078,23.632347,19.437366,17.338469,13.424073,13.910796,8.730945,11.647549,9.342248,11.907132,12.992965,16.636806,15.082891,17.156078,21.117239,20.467426,17.000639,18.313137,13.217816,16.36712,14.111131,19.92068,18.600933,23.811798,26.436214,25.492325,22.865833,25.23544,18.815533,21.458967,19.134113,21.293129
7,22.328938,19.526817,16.76697,13.437174,10.939358,6.9821725,6.0658207,0.0,4.2420506,6.163684,11.544776,13.921281,16.264973,19.263584,18.992157,15.623696,19.63081,16.039154,19.70083,18.849516,22.022852,23.339272,20.618553,25.030052,21.500296,26.345968,22.747593,22.211086,18.327915,17.513012,15.46395,14.144238,15.738587,13.096904,18.108511,15.8959465,21.034529,23.447548,23.536417,22.955378,18.859642,23.353502,19.2483,23.811665,22.750751,25.098614,27.123026,28.704891,31.66905,30.733522,28.927185,29.297022,25.599548,27.976423,25.654194,28.568874,28.663008,27.417175,24.176264,22.812775,22.884714,18.035858,18.928003,17.524658,21.769514,20.729013,25.240053,25.484917,27.579987,28.640024,25.746103,26.03938,21.941984,23.430052,21.823301,18.047615,20.326197,17.44821,20.932152,19.981241,23.39062,22.397806,21.1192,21.910059,18.839363,15.627862,12.569594,12.235439,8.994365,10.71844,10.730224,12.655037,15.103132,18.103884,15.073244,15.950025,19.878666,17.747223,14.209342,14.191093,9.647607,10.948885,8.217299,13.882464,12.880858,18.092049,21.01733,20.188614,17.865608,20.263746,14.189271,16.68583,15.296769,17.209854
8,25.049072,22.525925,19.829124,16.270203,13.97587,10.421407,8.898045,4.2420506,0.0,4.5219536,8.803288,10.410802,12.267283,15.134437,14.758278,11.466979,15.737357,12.5787525,16.468168,16.274746,19.716764,21.623857,19.129942,24.042995,20.28453,25.910416,22.248125,21.5364,17.302088,17.050894,13.688037,13.72125,13.821087,12.708018,16.370539,14.489699,19.604105,21.400606,20.906588,20.29845,15.959776,20.08674,16.237093,20.372131,19.726526,21.826544,24.23881,25.792013,29.009315,27.67625,26.130016,26.219421,22.922323,25.475334,23.298397,26.763435,26.68103,26.19037,23.157051,22.464586,21.853973,17.194937,18.28476,15.735606,20.549904,18.909534,23.906136,23.641523,26.316534,26.900196,23.626858,23.851595,19.494967,20.533556,18.53231,14.781827,16.564116,13.659695,17.042542,16.24485,19.797678,19.0712,17.405796,18.66952,15.980427,12.15591,9.717693,8.606356,7.1144376,8.379211,10.189049,12.666328,15.880913,18.96673,16.194382,15.923801,20.354439,17.411554,13.763666,14.069066,9.969589,10.23007,6.898749,12.094241,9.995669,15.171005,17.719362,16.596699,14.041429,16.864532,10.865476,14.131257,13.145289,15.865358
9,27.873804,24.996164,22.573336,18.483578,16.859154,13.012129,10.422857,6.163684,4.5219536,0.0,5.6639857,8.298671,11.37862,14.694006,15.492362,13.295199,18.116127,15.921592,19.655897,20.234566,23.384068,25.84073,23.525492,28.519367,24.724411,30.40881,26.623827,25.681454,21.525463,20.816296,17.450825,16.731586,15.55558,12.984204,16.60317,13.153694,18.44939,20.180836,20.539005,21.007685,17.298811,21.795654,18.793211,22.945795,23.025808,25.037317,27.85411,29.42824,32.77296,31.0057,29.619322,29.178825,26.03341,28.32063,25.375408,29.31894,28.329771,28.171892,25.364954,24.226831,22.723186,18.598886,20.664505,18.685667,23.967993,22.629847,27.76087,27.629686,30.570196,31.097118,27.705488,27.983244,23.52401,24.213823,21.899916,18.205154,19.165213,15.839442,18.406982,16.651653,19.789354,18.41314,16.330397,16.6269,14.511807,11.331735,9.22398,10.27637,8.888051,12.239545,13.967447,16.96026,19.939829,23.21305,20.420218,20.374123,24.645082,21.553564,17.999489,17.521465,13.858056,12.756464,8.795801,12.450634,9.595802,14.410225,16.68526,16.622538,14.733908,18.759087,13.664927,17.103735,16.978615,19.512047
10,32.07594,29.279812,27.20554,22.546476,21.664635,18.091408,14.676684,11.544776,8.803288,5.6639857,0.0,4.106857,7.5860753,10.841978,12.664758,12.076835,17.452616,16.51735,20.429552,21.81889,25.294197,28.175589,26.029182,31.274605,27.134066,33.32298,29.281511,27.870668,23.748919,22.972986,18.860743,18.547935,15.070574,13.284696,14.797072,10.870186,15.662038,16.462337,16.87299,18.28711,15.298228,19.536243,17.872171,21.55162,22.748974,24.541843,27.987188,29.760633,33.080704,30.494942,29.429928,28.135298,25.497387,27.485945,23.985447,28.68885,26.72736,27.584257,25.307178,24.514359,21.687141,18.522793,21.405987,19.108683,24.952646,23.571508,28.976974,28.691225,32.32962,32.487022,28.824741,29.371256,24.72734,25.013227,22.111511,18.467321,18.103249,14.436138,15.721501,13.081152,15.65823,13.916892,11.336545,11.119267,9.937555,7.1635113,6.7758875,9.361178,10.036234,14.08763,16.674364,20.37463,23.54231,27.075191,24.842068,24.23594,28.85579,25.420328,21.89315,21.764894,18.449726,16.816114,12.8407135,14.818686,10.484613,14.00345,14.951053,15.362646,13.758455,18.99661,15.029438,19.129793,19.552801,22.714916
11,34.757103,32.16934,29.861898,25.541212,24.156727,20.605463,17.786524,13.921281,10.410802,8.298671,4.106857,0.0,3.9325333,7.273176,9.629181,9.894512,14.776158,14.980925,18.222815,20.499338,23.490301,27.021835,25.386208,30.789398,26.9267,33.43224,29.730057,28.5156,24.23983,24.225965,19.426212,20.41617,16.56456,16.367039,16.77797,13.748492,18.025705,18.023724,17.580196,18.812353,15.641954,18.874783,17.574205,20.177778,21.665182,22.862123,26.460938,27.847097,31.541819,28.846733,28.186375,26.878262,24.916653,27.189024,24.311613,29.276325,27.502647,28.965443,26.85036,26.720335,23.764982,20.73906,23.293028,20.018318,25.808456,23.773497,29.298857,28.383677,32.207817,31.876785,28.012522,28.158989,23.627771,23.175123,20.161938,17.209015,16.208778,13.129533,14.017144,11.899747,14.572741,13.440349,9.582884,10.309822,10.713241,7.0656915,8.598,9.540845,12.210079,14.731787,18.20974,21.519167,25.047256,28.275448,25.895163,24.570948,29.128876,25.122978,21.834677,21.52733,18.973803,16.49733,12.832259,13.44792,8.585779,11.0655575,11.361416,11.689991,10.316667,15.994894,13.168132,17.28539,18.423065,21.662115
12,36.12015,33.82156,31.488153,27.32423,25.84177,22.574278,20.00268,16.264973,12.267283,11.37862,7.5860753,3.9325333,0.0,3.4190722,5.9087877,7.3479996,11.839905,13.02034,16.00237,18.734764,21.781244,25.453493,24.095999,29.518867,25.705091,32.428055,28.882359,27.652594,23.424377,23.922329,18.623728,20.682848,16.351461,17.810242,17.028515,15.23171,18.891493,18.251566,16.797447,17.573463,14.338904,16.514175,15.689181,17.311497,19.182667,19.954666,23.736715,25.028027,28.775078,25.82876,25.469587,23.994785,22.610533,24.995125,22.653875,27.777994,26.185204,28.199518,26.313988,26.868528,23.832779,21.050415,23.267937,19.216635,24.851805,22.384182,27.905962,26.556984,30.634182,29.913116,25.934872,26.018938,21.590015,20.730024,17.516674,15.024718,13.264048,10.681149,10.996297,9.525041,12.28181,11.971125,7.5910683,9.830321,10.82663,6.7158394,9.503325,8.9781275,13.236819,14.495257,18.573725,21.695017,25.395802,28.446102,26.368254,24.448032,29.07703,24.873241,21.788923,21.94635,19.782305,17.420176,14.275997,14.499175,9.666165,11.196893,10.648189,10.049107,8.322447,13.979542,12.030317,16.261475,17.539658,21.123308
13,38.28196,36.182243,33.890568,29.792421,28.348507,25.292673,22.804716,19.263584,15.134437,14.694006,10.841978,7.273176,3.4190722,0.0,3.9532406,7.367817,10.806088,13.11405,15.632358,18.771818,21.753935,25.520538,24.4507,29.799377,26.063625,32.886993,29.484028,28.202444,24.119637,24.949778,19.390238,22.136633,17.35844,19.884336,18.09084,17.114014,20.089638,18.836493,16.691051,17.28192,14.373603,15.388332,15.364941,15.867621,18.273031,18.563633,22.52897,23.725609,27.452486,24.174839,24.16988,22.398499,21.6853,24.039421,22.100346,27.36911,25.76182,28.35016,26.77163,27.84819,24.617434,22.25194,24.296137,19.803036,25.216564,22.49158,27.905903,26.220537,30.526066,29.447412,25.414263,25.479166,21.237854,19.969307,16.60451,14.711293,12.053631,10.176648,9.426707,8.578661,10.906636,11.350756,6.7056127,9.9328165,11.709353,8.096731,11.566319,10.429543,15.422387,15.939943,20.274738,23.257524,26.99814,29.908669,28.120234,25.792551,30.411955,26.107906,23.248785,23.712383,21.88988,19.594217,16.853226,16.647907,12.059777,12.582308,11.161863,10.073025,8.497779,13.729614,12.9553585,17.007177,18.429298,22.167034
14,36.493336,34.70123,32.380043,28.60647,27.018341,24.340212,22.262094,18.992157,14.758278,15.492362,12.664758,9.629181,5.9087877,3.9532406,0.0,4.439316,7.423078,9.785735,12.503182,15.359829,18.771336,22.140774,21.068203,26.31935,22.583708,29.421415,26.145926,24.929125,20.938354,22.212317,16.482384,20.100206,15.755185,19.51509,17.552235,17.772182,20.652948,19.567934,16.63913,16.081509,12.601391,12.835042,12.339122,12.260942,14.455714,14.627377,18.575838,19.856981,23.508223,20.30317,20.281982,18.750338,18.149235,20.776747,19.609253,24.609657,23.7281,26.235435,24.60668,26.181568,23.517166,20.929052,22.294468,17.205753,22.220766,19.137037,24.450043,22.49386,26.818794,25.596363,21.55526,21.661804,17.468266,16.259384,12.803559,11.010424,8.127863,6.8618436,6.599373,7.5413427,10.518296,11.87874,8.556911,12.51336,12.990435,8.944321,11.787312,9.004205,14.539018,13.650622,18.194525,20.806988,24.560328,27.24474,25.787504,23.131386,27.772821,23.618282,20.909555,22.055368,20.297905,18.743017,16.516598,17.010328,12.923725,14.004568,13.136302,10.810305,8.257184,12.117782,10.987485,15.02132,15.906285,19.944347
15,32.519577,30.81876,28.339878,24.93361,22.992426,20.465696,18.921661,15.623696,11.466979,13.295199,12.076835,9.894512,7.3479996,7.367817,4.439316,0.0,5.779785,5.8913493,9.717234,11.723864,15.65288,18.598354,17.173643,22.525562,18.731434,25.54651,22.276676,21.298336,17.089428,18.589691,12.887124,16.811848,13.772695,17.544998,16.732828,17.202337,20.70199,20.435934,17.650826,16.309628,11.88554,12.913125,10.557856,11.560989,12.406856,13.134928,16.633335,17.993937,21.685751,19.190956,18.66708,17.983786,16.56073,19.5749,18.777193,23.218355,23.17502,24.816467,22.707624,24.14325,22.38996,19.001848,19.76226,14.501446,19.345472,16.086765,21.483578,19.603775,23.582561,22.662989,18.660383,18.690325,14.254166,13.629217,10.388993,7.7460585,6.6207113,5.0389543,7.6265154,9.08605,12.792466,13.928744,11.494392,15.079742,14.119275,9.459624,10.753904,6.51217,11.737083,9.640492,14.311448,16.546976,20.380524,22.94251,21.353622,18.735384,23.435701,19.438177,16.595812,18.088306,16.079405,15.226935,13.268824,14.91722,11.409878,13.815308,14.190322,11.373242,7.9820795,10.757883,7.526524,11.842172,11.950863,16.183205
16,35.10114,33.827858,31.096579,28.550825,25.963692,23.788927,23.250366,19.63081,15.737357,18.116127,17.452616,14.776158,11.839905,10.806088,7.423078,5.779785,0.0,5.2360907,5.337785,9.062302,11.648953,15.3382225,15.124535,20.21456,17.462242,24.171705,21.961727,21.685436,17.718498,20.582478,14.965185,20.300182,18.218908,22.79011,21.799059,22.874115,26.1172,25.59879,22.26078,20.31211,16.028875,15.266846,13.006001,11.466774,11.550478,10.596292,13.548658,13.695316,18.195698,16.285366,16.486042,16.72375,16.600992,20.14273,21.142693,25.001816,25.97604,27.794962,25.819918,27.950092,26.771204,23.424688,23.311377,17.423574,21.02504,16.891857,21.66262,18.646032,22.300638,20.549265,16.52494,15.429399,11.7977,9.400579,6.434112,7.1408386,5.910799,8.200605,10.2344055,13.303644,16.520815,18.423904,15.884844,19.84126,19.506018,15.03865,16.491343,11.903687,16.787672,12.912481,17.47374,18.3326,22.149569,23.774704,22.123936,18.547422,22.581457,18.158493,16.245905,17.767736,17.244257,16.110182,15.505251,16.03629,13.791036,14.873301,15.024928,11.182112,8.139383,7.498708,7.2010245,9.752151,10.479889,14.322782
17,29.89432,28.710997,26.004738,23.659628,21.057468,19.236631,19.032175,16.039154,12.5787525,15.921592,16.51735,14.980925,13.02034,13.11405,9.785735,5.8913493,5.2360907,0.0,5.598337,5.8697963,10.645606,12.772116,11.341366,16.69035,13.248352,20.05316,17.371756,17.076889,12.8595495,15.683517,10.257882,15.676052,14.955979,19.422842,19.36976,20.79453,24.3159,24.54395,21.455456,18.950468,14.138879,14.456698,10.554541,10.981037,9.585916,10.166652,12.543738,13.560676,17.384413,16.081856,15.28047,16.108301,14.5307665,18.159998,19.008266,22.279024,23.82829,24.6923,22.282398,24.143442,23.810078,19.877928,19.219797,13.487163,16.89025,12.865993,17.790775,15.299759,18.681395,17.650171,13.72114,13.207344,8.831178,8.529348,5.9921017,3.736865,6.0403366,7.030139,10.854335,13.558639,17.199196,18.724106,17.120115,20.751009,19.041807,14.525946,14.631008,9.499051,13.256791,8.21604,12.5351,13.101558,16.914747,18.648783,17.189743,13.874482,18.35834,14.532062,12.135179,14.70601,13.229365,13.766191,13.273078,15.741754,13.88224,16.608295,17.771843,14.24354,10.767848,10.213194,6.062536,8.963592,7.45436,11.941177
18,33.453854,32.487907,29.4602,27.918514,24.595673,22.799065,23.447369,19.70083,16.468168,19.655897,20.429552,18.222815,16.00237,15.632358,12.503182,9.717234,5.337785,5.598337,0.0,5.33824,6.320784,10.554217,11.134025,16.048021,14.382289,20.679459,19.424799,20.062119,16.196293,19.979404,15.063467,20.809748,20.538074,24.88155,24.900286,26.081,29.688375,29.689526,26.471807,24.042368,19.41307,18.859846,15.5072565,14.200754,12.505096,11.36533,12.698443,11.771526,16.71959,16.424768,16.444464,18.181635,17.84712,21.722708,23.660904,26.606688,28.637579,29.674635,27.363897,29.47429,29.323061,25.426174,24.484867,18.67138,21.217813,16.771132,20.889416,17.461575,20.110338,18.291687,14.580665,12.270476,9.391235,6.300714,5.415535,7.8400283,9.230261,11.83924,14.801209,17.952232,21.363607,23.165766,20.843754,24.621635,23.776474,19.118435,19.70749,14.76934,18.54612,13.376348,17.325008,16.724792,20.382935,21.100395,19.06287,14.978372,18.295988,13.6688385,12.523393,14.152364,14.710166,14.064852,14.816018,15.611817,14.972818,16.36005,17.456944,13.429276,10.661686,7.0113254,6.4606867,6.4431276,6.619402,9.838923
19,29.124973,28.548462,25.66046,24.61446,21.396744,20.383038,21.504519,18.849516,16.274746,20.234566,21.81889,20.499338,18.734764,18.771818,15.359829,11.723864,9.062302,5.8697963,5.33824,0.0,6.3801675,6.9173675,6.083817,11.270228,9.059127,15.471487,14.10983,14.990209,11.324756,15.617193,11.508028,17.525923,18.736189,23.359049,23.805893,25.742035,29.199003,29.687548,26.43953,23.304644,18.58136,18.254377,13.945711,13.50793,10.318955,10.206237,10.415234,10.362158,14.275407,14.807152,13.937585,16.511211,15.238139,19.124113,21.550056,23.55561,26.467216,26.69814,24.182636,26.367617,27.202997,23.073578,21.271458,15.702325,17.154352,12.712432,16.308962,13.028235,15.174279,13.827668,10.325882,8.401571,5.0784264,4.8627677,5.3723774,6.378795,9.911393,12.152591,15.809821,18.996176,22.463161,24.218609,22.916702,26.600548,24.664227,20.252377,19.904192,14.752455,17.38044,11.203816,14.175587,12.637154,15.922062,16.265747,14.959061,10.750895,14.330352,10.806033,9.697364,13.212377,12.985242,14.650667,15.691942,18.224157,17.803759,20.325102,21.886494,18.067987,14.958081,12.019379,8.972579,8.938424,5.9261394,9.33685
20,32.970947,32.448387,29.174324,28.929287,24.908827,23.703194,25.6399,22.022852,19.716764,23.384068,25.294197,23.490301,21.781244,21.753935,18.771336,15.65288,11.648953,10.645606,6.320784,6.3801675,0.0,6.2359967,8.784714,12.447131,13.000896,17.922327,18.287165,20.106285,16.835312,21.361382,17.699944,23.385002,24.788193,28.817242,29.661991,30.94927,34.764927,35.173508,32.04897,29.248943,24.50559,24.018276,20.08598,18.896797,16.02709,14.7957735,14.259109,12.109774,16.839779,18.452387,18.359514,21.427921,21.044191,24.978493,27.783619,29.74397,32.75112,33.06065,30.528156,32.60519,33.44787,29.19187,27.467169,22.03288,23.285694,18.8632,21.814096,18.141972,19.232418,17.398844,14.609097,10.858219,10.082668,7.2700896,9.31688,12.248596,14.780687,17.440603,20.734276,23.936918,27.40829,29.16882,27.016466,30.671843,29.491014,24.790373,24.770126,19.809324,22.509539,16.678278,19.55254,17.333735,20.397768,19.79073,17.416487,12.938415,14.569546,10.0134945,10.686066,12.214427,14.445432,14.540655,16.812538,17.691366,18.678627,20.09481,21.836147,17.954865,15.717511,10.718059,10.449419,7.500693,6.7276597,6.978165
21,29.62017,29.733368,26.74447,27.209833,23.483112,23.313374,25.65071,23.339272,21.623857,25.84073,28.175589,27.021835,25.453493,25.520538,22.140774,18.598354,15.3382225,12.772116,10.554217,6.9173675,6.2359967,0.0,4.247581,6.2853017,8.053698,11.912055,13.1604,15.608053,13.352912,18.326466,16.056135,21.709091,24.407598,28.843027,29.791622,31.970201,35.41741,36.148327,32.868996,29.36579,24.786943,24.144577,19.774717,18.913746,14.976779,14.361456,12.376607,10.827638,13.929821,16.759644,15.975812,19.945358,19.066423,22.777367,26.347279,27.128922,31.126482,30.723202,28.179455,30.481352,32.33539,28.114517,25.462706,20.49566,20.161406,16.018724,17.620932,14.033369,13.8851,12.35419,10.540911,6.713557,7.6871796,7.6652465,10.672024,12.845507,16.313242,18.891722,22.417496,25.780321,29.143122,30.99764,29.828203,33.512005,31.438156,27.068146,26.40482,21.344221,23.158417,16.763363,18.429232,15.211772,17.37232,15.891646,14.802289,10.332861,11.36665,9.111863,10.46304,14.031309,15.339671,17.726713,19.99841,22.33965,23.14178,25.408802,27.286228,23.425142,20.742207,16.480198,14.570232,12.533357,9.571599,9.905445
22,25.843945,25.929634,23.112488,23.336958,19.962986,20.064436,22.2131,20.618553,19.129942,23.525492,26.029182,25.386208,24.095999,24.4507,21.068203,17.173643,15.124535,11.341366,11.134025,6.083817,8.784714,4.247581,0.0,5.450705,4.357925,9.693334,9.522858,11.715797,9.189309,14.116943,12.255897,17.654081,20.888186,25.22446,26.393673,28.78598,32.1352,33.135994,30.026579,26.399107,21.835245,21.720453,16.94017,17.139704,12.953482,13.448612,11.88455,11.91356,14.18621,16.358637,14.827888,18.476364,16.601074,20.153908,23.246069,23.84719,27.85152,27.026703,24.32478,26.438314,28.573854,24.262442,21.431715,16.780308,16.307508,12.428826,14.229415,11.301532,11.399809,10.824679,8.796185,6.8348575,6.063287,8.473589,10.4769125,10.914575,14.988125,16.831408,20.643972,23.688042,27.076155,28.72052,28.060568,31.557419,28.910965,24.770758,23.637503,18.72482,19.898417,13.474356,14.563633,11.225216,13.298079,12.170914,11.695947,7.436102,9.915135,8.593903,8.774388,13.521029,13.379586,16.925447,18.672878,22.064125,22.38251,25.392845,27.398388,23.709665,20.656574,17.460512,13.997011,13.068603,9.067654,10.511506
23,26.071367,26.88673,24.317492,25.613258,22.36102,23.293774,25.972887,25.030052,24.042995,28.519367,31.274605,30.789398,29.518867,29.799377,26.31935,22.525562,20.21456,16.69035,16.048021,11.270228,12.447131,6.2853017,5.450705,0.0,5.5207415,5.810785,8.704262,12.036855,11.499829,16.26814,16.042233,20.860693,24.923782,29.291147,30.535625,33.348797,36.43917,37.57063,34.375664,30.401117,26.136484,25.673859,21.04988,20.94648,16.4677,16.784693,14.007996,13.6664505,14.440847,17.974415,16.378342,20.73746,19.099007,22.238169,26.138638,25.621155,30.456415,29.128626,26.566202,28.841763,31.777683,27.653332,24.164991,20.20428,18.171469,14.950688,14.713644,12.015158,9.791055,9.532291,9.68552,7.7626233,9.768688,12.237628,14.913147,15.813736,19.71512,21.767181,25.380621,28.562883,31.770187,33.527187,33.215206,36.73892,33.866875,29.917847,28.599636,23.797241,24.507988,18.206696,18.364973,14.35696,15.087863,12.551432,13.2329035,9.864874,9.89836,11.00038,12.4571705,17.009592,17.330734,21.360323,23.503143,26.922709,27.629997,30.579895,32.645443,28.907005,25.959763,22.326792,19.326677,17.879345,14.078683,14.368627
24,23.496334,23.960855,21.628899,21.85017,19.25631,20.054224,21.906694,21.500296,20.28453,24.724411,27.134066,26.9267,25.705091,26.063625,22.583708,18.731434,17.462242,13.248352,14.382289,9.059127,13.000896,8.053698,4.357925,5.5207415,0.0,6.842827,5.3984814,7.566912,6.1398506,11.117948,10.631681,15.621607,19.502527,24.142612,25.122753,28.206837,31.076666,32.237015,29.083643,25.061186,20.865517,20.72181,15.911449,16.643349,12.179625,13.531371,11.666031,12.958923,13.593434,15.674656,13.455902,17.093906,14.535012,17.63553,20.917875,20.673674,25.208277,23.87945,21.235771,23.522585,26.273623,22.197777,18.76808,14.688362,12.919752,9.589809,10.284647,8.02993,7.5597987,8.108504,6.908237,7.3429046,6.744826,10.902382,12.39455,11.7530365,15.847285,17.268927,20.929861,23.844086,26.978275,28.607409,28.74707,32.145737,28.922638,25.254515,23.767523,19.103905,19.657894,13.463657,13.513043,10.137394,11.260759,10.132257,11.597401,8.505048,11.206172,11.701355,11.41009,16.663008,15.441641,19.871307,21.13191,25.20563,25.048746,28.45824,30.364195,26.76547,23.4922,20.985996,16.945847,16.821608,12.583263,14.457463
25,22.604277,24.054981,22.123415,23.87613,21.473125,23.336807,25.943521,26.345968,25.910416,30.40881,33.32298,33.43224,32.428055,32.886993,29.421415,25.54651,24.171705,20.05316,20.679459,15.471487,17.922327,11.912055,9.693334,5.810785,6.842827,0.0,5.4630632,9.126017,10.709096,14.403138,16.200489,19.762676,24.787037,28.941528,30.347893,33.678837,36.324223,37.793255,34.7772,30.521961,26.710693,26.533861,21.906387,22.645597,18.122852,19.332964,16.536818,17.394985,16.562433,19.861034,17.59432,21.692295,19.258942,21.622955,25.393723,23.732483,29.079012,26.875177,24.364704,26.497253,30.338785,26.470917,22.367058,19.651716,16.180866,14.328548,12.329704,11.329133,7.4102464,9.31499,11.022838,11.446072,12.990054,16.701302,18.801163,18.548235,22.527939,23.940868,27.483189,30.332945,33.312275,34.89822,35.38171,38.668232,35.122673,31.687832,29.844486,25.483099,25.231785,19.4664,18.315865,14.222838,13.449841,10.429524,13.274166,11.649977,11.640635,14.70575,15.571634,20.5468,19.764326,24.80226,26.543962,30.794495,31.187714,34.69246,36.82978,33.24436,30.068829,27.151545,23.29727,22.535854,18.314436,18.971193
26,19.708853,20.760185,19.073332,19.757256,18.069567,19.873928,21.70978,22.747593,22.248125,26.623827,29.281511,29.730057,28.882359,29.484028,26.145926,22.276676,21.961727,17.371756,19.424799,14.10983,18.287165,13.1604,9.522858,8.704262,5.3984814,5.4630632,0.0,3.8654494,5.7954793,8.987532,11.371756,14.472555,19.608763,23.785452,25.102198,28.620714,31.065504,32.64541,29.790524,25.561039,21.884455,22.214357,17.46668,19.227156,14.955212,17.1229,15.294424,17.364895,16.630648,18.540876,15.775586,18.997889,15.582973,17.732592,20.63929,19.163988,24.178913,21.779154,19.088202,21.095451,24.908537,21.039148,16.904802,14.461179,10.985237,9.634993,8.191253,8.502448,6.404685,9.298407,9.8012,11.858716,11.468839,16.04486,17.136171,15.515134,19.48843,20.133266,23.659798,26.092896,28.974237,30.340534,31.250431,34.314587,30.418165,27.322102,25.23841,21.204538,20.555109,15.222161,13.606511,10.149687,9.300754,7.785882,11.589973,10.527942,12.697662,15.055074,14.562403,19.915388,17.836382,23.160973,24.123907,28.918518,28.611963,32.513496,34.54238,31.166807,27.779963,25.888327,21.20055,21.492655,17.057526,18.801716
27,19.361603,20.20586,18.979622,18.659275,17.90641,19.628555,20.564848,22.211086,21.5364,25.681454,27.870668,28.5156,27.652594,28.202444,24.929125,21.298336,21.685436,17.076889,20.062119,14.990209,20.106285,15.608053,11.715797,12.036855,7.566912,9.126017,3.8654494,0.0,4.5311866,6.1652727,9.260749,11.820102,16.690407,21.209696,22.036516,26.009142,28.011127,29.563316,26.698124,22.352432,19.05048,19.47689,14.959398,17.30456,13.445028,16.255993,15.074809,18.002138,16.91553,17.797861,14.744899,17.135733,13.093081,14.750352,17.159256,15.497237,20.453915,17.91641,15.262024,17.47052,21.316824,17.747898,13.44012,11.359257,7.215992,6.848621,5.216758,7.2757354,6.970455,10.045233,10.065018,13.293354,11.990537,16.855722,17.20588,14.742432,18.3396,18.470192,21.69332,23.850658,26.462725,27.75498,29.198868,32.126938,27.961872,25.307785,23.158325,19.46471,18.662043,13.943407,12.067559,9.8848095,9.036448,9.254921,13.346229,12.677521,15.770383,17.571804,16.358854,21.70878,18.898405,24.129274,24.456144,29.45999,28.525845,32.568314,34.362915,31.125183,27.623852,26.47376,21.503853,22.58147,18.238832,20.70832
28,20.010143,20.08413,18.233173,17.238548,15.788031,16.688904,17.505386,18.327915,17.302088,21.525463,23.748919,24.23983,23.424377,24.119637,20.938354,17.089428,17.718498,12.8595495,16.196293,11.324756,16.835312,13.352912,9.189309,11.499829,6.1398506,10.709096,5.7954793,4.5311866,0.0,5.084114,5.594459,9.652932,14.101104,18.584923,19.684328,23.055183,25.652685,27.138874,24.339561,20.339653,16.360098,17.273468,12.197904,14.946672,11.157252,14.053132,13.688429,16.42144,16.691847,17.057596,14.272574,16.393906,12.330201,14.812799,16.511164,16.410748,20.403616,18.5526,15.598916,17.499142,20.394041,16.224628,12.687402,9.2081375,7.7245436,5.4879785,7.7116156,8.02245,9.430543,11.236707,9.593991,12.038621,9.378914,14.005157,13.917984,10.944191,14.86139,14.768579,18.417307,20.519543,23.503233,24.700983,25.584698,28.552212,24.637625,21.547424,19.48236,15.472217,15.007555,9.680742,8.540779,6.4669533,7.445714,8.71447,11.19167,9.848596,14.033195,14.600324,12.78101,18.014938,15.018567,19.915104,20.081543,25.00876,23.998243,28.050991,29.898188,26.72266,23.227228,22.298717,17.073385,18.406063,14.133313,17.004833
29,17.106617,16.952253,15.831009,13.867984,13.942717,15.238961,15.116196,17.513012,17.050894,20.816296,22.972986,24.225965,23.922329,24.949778,22.212317,18.589691,20.582478,15.683517,19.979404,15.617193,21.361382,18.326466,14.116943,16.26814,11.117948,14.403138,8.987532,6.1652727,5.084114,0.0,5.8052225,5.7025733,11.478338,15.14908,16.661524,20.264906,22.464172,24.430382,22.198097,18.352518,14.976912,17.024946,12.285284,16.575823,13.751217,17.28601,17.616756,20.876657,20.760124,20.349451,17.371113,18.387177,13.551502,14.956131,14.882704,14.507432,17.871572,15.069209,11.757058,12.858599,16.395823,12.184592,8.238096,7.075857,5.618417,6.7483873,8.727971,11.207468,12.79311,15.236623,13.924457,16.944841,14.002366,18.506311,17.77361,13.818405,17.14055,15.80712,19.11603,20.264269,22.92713,23.59612,25.2336,27.625107,23.046392,20.740154,18.032145,15.159061,13.228856,9.920107,6.9258847,6.91197,6.519506,9.581659,12.7032585,13.006909,17.245552,18.238068,15.876115,20.715143,16.733454,21.840067,21.271568,26.734962,25.25173,29.732456,31.573412,28.839863,25.327892,25.471483,19.68155,21.735197,17.64761,20.671337
30,21.876291,21.101551,19.345753,16.627056,15.78465,15.586382,14.846735,15.46395,13.688037,17.450825,18.860743,19.426212,18.623728,19.390238,16.482384,12.887124,14.965185,10.257882,15.063467,11.508028,17.699944,16.056135,12.255897,16.042233,10.631681,16.200489,11.371756,9.260749,5.594459,5.8052225,0.0,6.5329394,8.887462,13.985373,14.506151,17.794231,20.449427,21.763176,19.01011,15.328021,11.027078,12.84027,7.5504446,11.851694,9.426648,12.9035425,14.271066,17.434555,18.429873,17.217545,14.698427,15.247994,10.862404,13.285804,13.156524,14.8133,17.24006,16.209867,13.224597,14.905857,16.380732,12.072476,9.774723,4.8069468,7.452884,5.2973185,10.329095,10.688287,13.913468,14.964878,12.228511,14.680467,10.614633,14.3928995,12.890323,8.370888,11.524554,10.117647,13.7203455,15.236678,18.263151,19.22686,20.223276,23.044052,19.047716,16.089672,14.078019,10.212531,10.135531,5.412134,5.6542654,7.2358365,9.657909,12.659732,13.865602,12.627099,17.6259,16.786634,14.005342,18.472364,14.760751,18.663311,17.753626,22.612583,20.641203,24.766523,26.281963,23.433119,19.88729,20.302607,14.762339,17.393229,13.811251,17.631227
31,17.84379,16.58107,15.619157,11.64166,12.712179,12.998016,11.079551,14.144238,13.72125,16.731586,18.547935,20.41617,20.682848,22.136633,20.100206,16.811848,20.300182,15.676052,20.809748,17.525923,23.385002,21.709091,17.654081,20.860693,15.621607,19.762676,14.472555,11.820102,9.652932,5.7025733,6.5329394,0.0,7.1298447,9.45401,11.767955,14.796447,17.256695,19.610716,18.131079,15.105164,11.844547,15.591709,11.2904825,16.90423,15.390796,19.0933,20.584772,23.92239,24.504456,23.128847,20.415506,20.29896,15.40115,16.50016,14.133106,15.338814,16.621695,14.13633,10.638713,10.254429,12.544212,7.5621924,5.424091,5.7735877,8.591521,9.964418,13.451792,15.6636505,18.144424,20.134172,18.096676,20.847246,17.033943,20.841213,19.240831,14.442953,16.98678,14.276619,17.308294,17.25088,19.829952,19.784813,21.578371,23.332045,18.4103,16.60347,13.355435,11.774311,8.516481,8.085282,4.747487,8.359141,9.038027,13.24666,14.8899145,15.626543,20.360552,20.426744,17.311895,21.245724,16.530249,20.882214,19.30748,24.88325,22.739014,27.453323,29.195385,27.04778,23.661528,25.13004,18.985916,21.93195,18.476957,21.875116
32,24.612734,22.999226,22.1169,17.289555,18.461702,17.466463,13.996789,15.738587,13.821087,15.55558,15.070574,16.56456,16.351461,17.35844,15.755185,13.772695,18.218908,14.955979,20.538074,18.736189,24.788193,24.407598,20.888186,24.923782,19.502527,24.787037,19.608763,16.690407,14.101104,11.478338,8.887462,7.1298447,0.0,7.288682,5.6231375,9.837523,11.627518,13.116881,11.100299,8.38966,5.2838387,10.275669,7.7546015,13.722283,14.2505,17.75402,20.526234,24.093552,25.012667,22.21776,20.039667,18.341522,14.079791,14.772336,10.471692,14.125448,12.999404,12.787705,10.324839,10.616642,9.077475,5.278009,7.155294,5.6330223,11.298965,11.8778105,16.41236,17.829256,21.68956,22.746267,19.959719,22.754284,18.402584,21.25646,18.637827,13.618139,14.258726,10.51918,12.142935,11.019033,13.063421,12.82191,15.321724,16.985573,11.980927,11.0037565,8.53234,8.085707,6.948722,9.067974,9.325376,13.864514,15.712963,19.76192,20.708658,20.433374,25.56434,24.328629,20.97584,24.289274,19.853914,22.509315,20.043924,24.634428,21.265368,25.380714,26.255926,24.441547,21.221024,23.939718,18.58658,22.505018,20.074856,24.198772
33,22.914196,20.43884,19.866425,14.09415,16.243176,14.778472,9.938776,13.096904,12.708018,12.984204,13.284696,16.367039,17.810242,19.884336,19.51509,17.544998,22.79011,19.422842,24.88155,23.359049,28.817242,28.843027,25.22446,29.291147,24.142612,28.941528,23.785452,21.209696,18.584923,15.14908,13.985373,9.45401,7.288682,0.0,6.578249,6.245443,9.489904,12.764968,13.556143,13.249444,11.447727,17.025454,14.774728,20.67516,21.054205,24.441984,27.140879,30.37025,31.69712,29.25048,27.040958,25.60211,21.272306,21.871948,17.070524,20.157724,18.242609,17.000975,14.451186,12.125346,10.467997,6.7664237,10.330165,11.915526,16.777346,17.985435,22.151762,24.014584,27.20421,28.723406,26.08066,28.463396,24.040941,26.740692,24.238926,19.193216,20.140146,15.997724,17.727694,15.344721,17.197819,15.546703,17.493334,17.524595,12.256324,12.266647,8.403797,11.037589,6.5821185,12.237869,11.144694,15.88916,17.203018,21.56429,21.756067,22.696974,27.545124,26.516174,22.886326,25.198593,20.237751,22.646185,19.600492,24.51053,21.304756,25.886404,27.216553,26.32454,23.522017,27.04803,21.222048,25.118036,23.001778,26.538841
34,27.7699,25.79289,25.365925,19.86011,21.863897,20.534414,16.066471,18.108511,16.370539,16.60317,14.797072,16.77797,17.028515,18.09084,17.552235,16.732828,21.799059,19.36976,24.900286,23.805893,29.661991,29.791622,26.393673,30.535625,25.122753,30.347893,25.102198,22.036516,19.684328,16.661524,14.506151,11.767955,5.6231375,6.578249,0.0,6.0305767,6.0765214,7.8579197,7.325391,6.990691,7.050577,12.248823,11.978538,17.312363,18.89137,22.134438,25.311468,28.905535,29.827908,26.484583,24.551607,22.051296,18.260206,18.191422,12.461592,16.598843,13.253004,13.7680645,12.282821,11.423766,7.0895844,6.0808473,10.398431,10.9635315,16.093971,17.21526,21.418453,23.054647,27.043154,28.067991,25.275204,28.105091,23.700916,26.164328,23.232294,18.358732,18.056877,13.930747,14.14336,11.372968,12.096367,10.619438,14.139092,14.486903,9.051391,10.487211,8.3940115,10.863897,9.593452,13.939755,14.211016,18.999826,20.640318,24.866274,25.644722,25.675402,30.798851,29.391249,25.888283,28.640978,24.092392,26.044506,22.98301,27.127193,23.207897,27.042112,27.492544,26.398994,23.578222,27.313084,22.349045,26.606905,24.739498,28.859238
