,0,1,2,3,4,5,6,7,8,9,10,11,12,13,14,15,16,17,18,19,20,21,22,23,24,25,26,27,28,29,30,31,32,33,34,35,36,37,38,39,40,41,42,43,44,45,46,47,48,49,50,51,52,53,54,55,56,57,58,59,60,61,62,63,64,65,66,67,68,69,70,71,72,73,74,75,76,77,78,79,80,81,82,83,84,85,86,87,88,89,90,91,92,93,94,95,96,97,98,99,100,101,102,103,104,105,106,107,108,109,110,111,112,113
0,0.0,4.4456377,6.4001656,9.734802,12.138683,13.681803,14.4837675,13.3525715,13.486238,16.805832,18.905735,22.466448,23.644903,25.804771,23.32886,20.250504,19.471687,17.735287,17.265614,17.051992,15.078398,16.878046,21.166868,22.18029,20.346415,26.309807,23.363853,25.249413,21.999153,23.749796,22.200436,23.435291,26.201817,25.939917,29.880013,28.666967,33.935425,35.15983,35.02734,33.766247,28.993313,31.44778,27.027868,28.942984,26.773243,27.32044,27.842592,27.143164,31.208946,32.255432,31.0442,33.179443,30.518044,33.688736,33.68325,35.422222,36.89211,35.95339,33.11356,32.552807,34.60346,29.461975,28.668892,26.080576,28.401106,26.114088,29.578104,27.612686,29.189196,29.459309,27.105175,24.938595,22.54847,21.883,21.762732,21.265593,23.656237,23.136082,26.796309,27.301222,30.960493,30.959679,26.954956,28.929823,28.931152,25.070227,22.555134,19.516771,20.199762,17.626333,18.66119,17.343288,20.377485,20.829683,21.321634,26.839758,24.357536,20.585093,20.598564,17.212397,17.65329,14.631666,13.546974,14.576844,13.913143,16.93378,18.863796,14.992372,12.500867,6.6988645,9.306418,7.348333,10.665469,11.906201
1,4.4456377,0.0,5.1326137,5.7097435,9.229268,11.499911,12.135975,12.993221,13.092804,17.201033,19.692797,23.365496,24.501682,26.048742,23.431355,19.795813,19.188232,16.396486,16.612242,15.064282,14.475672,14.53792,18.741331,19.014254,16.833769,22.51294,19.510717,21.389492,18.494982,20.114971,19.328714,20.346931,24.263332,24.009632,28.151615,27.518223,32.628242,34.1378,33.828217,32.10825,27.329382,29.824957,25.019932,27.290766,24.65581,25.568853,25.737411,25.403254,28.92751,30.2213,28.669643,31.011389,27.994184,30.969872,31.219152,32.38786,34.293495,32.87697,29.93986,29.516418,32.181248,27.012556,25.644806,23.365063,25.043222,23.033094,26.04251,24.41173,25.61721,26.263945,24.242428,22.444841,20.110435,20.308472,20.416994,19.504427,22.546856,21.931149,25.956993,26.613789,30.38396,30.44287,27.028334,29.277723,28.546873,24.448622,21.613518,18.414242,18.279867,15.264264,15.45788,13.632818,16.3754,16.553059,16.917246,22.468662,19.950377,16.17118,16.218367,12.824844,13.531889,11.000639,10.598351,12.385703,12.752254,16.614258,19.18579,15.925552,13.263368,7.839139,8.433094,5.118485,6.817573,8.219447
2,6.4001656,5.1326137,0.0,6.0951586,7.0511317,9.703346,12.105587,12.456089,14.255434,17.8683,21.479477,24.360455,26.170748,27.920929,24.814083,21.380642,19.346268,17.076109,15.74619,13.779361,11.902144,11.874113,16.133062,16.662682,15.882652,21.397406,19.469683,22.105223,19.438816,22.129066,21.134802,23.43737,27.384436,28.026268,31.524668,31.466377,36.385017,37.589848,36.74413,34.654118,29.735401,31.407024,26.682394,27.930456,24.984526,25.19766,24.774038,23.609478,27.341537,29.302061,28.08147,31.021795,28.626106,31.89367,33.091003,34.06779,36.60984,35.384182,32.65845,32.81291,35.55818,30.431257,28.668049,25.658773,26.781715,24.16126,26.760101,24.517084,25.142271,25.235102,23.394125,20.720446,19.328787,18.802504,19.698061,20.053596,23.129751,23.491562,27.486414,28.86439,32.664787,33.18721,29.676382,32.346107,31.984465,27.677631,25.280226,21.425468,22.043598,17.889824,18.408844,15.637128,17.975647,18.483946,17.679203,23.716648,20.482948,17.213524,18.37868,15.107207,16.431637,15.076823,14.248214,16.862154,16.275028,20.480831,22.971651,19.821064,17.413425,11.402248,13.4300995,10.224591,11.05254,11.715279
3,9.734802,5.7097435,6.0951586,0.0,4.7643986,7.9548674,9.049888,12.312186,13.21984,17.600073,21.047796,24.219292,25.670935,26.583225,23.57637,19.57048,18.375742,14.734603,15.025444,11.616404,12.58139,10.204193,14.084531,13.607581,11.415666,16.838621,14.184305,16.503063,14.131987,16.419495,16.330528,18.180439,23.251724,23.861597,27.486021,28.041565,32.675472,34.202267,33.257168,30.762756,25.97052,27.874731,22.780878,24.765163,21.447691,22.406168,21.85492,21.63062,24.526659,26.369404,24.598162,27.456705,24.42463,27.326841,28.491137,28.90442,31.713314,29.981136,27.161793,27.40653,30.700235,25.640266,23.348936,20.818045,21.342058,19.215958,21.448883,19.809263,20.33967,21.10833,19.538626,17.848837,16.031351,17.023045,17.76571,17.03878,20.788702,20.687033,24.990599,26.297096,30.122663,30.589275,27.875149,30.706675,29.446453,25.024231,22.313492,18.53218,18.14047,13.764544,13.233695,9.994868,12.031053,12.39151,11.976443,17.774363,15.203353,11.930127,12.769398,9.57458,10.567323,10.214728,9.877419,13.253159,13.721282,18.481321,21.540545,19.245426,16.845373,11.906736,12.067557,8.892486,7.16521,8.631355
4,12.138683,9.229268,7.0511317,4.7643986,0.0,4.1548314,7.186157,10.3685055,12.727063,16.510687,20.951221,23.274775,25.302431,26.208574,22.76485,18.990704,16.504986,13.30953,12.298994,8.166909,8.844074,5.5881805,9.678991,10.046043,8.9295435,14.711943,12.877847,15.838447,13.432855,16.997566,16.183887,19.667946,24.211733,25.988237,28.631718,29.881153,34.188435,35.29061,33.70746,30.840296,25.977861,26.932276,22.056313,22.907375,19.356148,19.616932,18.566633,17.685862,20.804117,23.102196,21.665512,25.002796,22.66642,25.88896,27.973757,28.37746,31.696768,30.422306,27.970568,28.897898,31.955208,27.052822,24.546986,21.03053,21.20164,18.277292,20.325142,17.863169,18.192688,18.20105,16.555235,14.037062,12.972959,13.330934,14.789692,15.28704,19.010702,19.913427,24.092548,26.153347,29.942278,30.922855,28.253448,31.559921,30.634817,26.03602,23.920824,19.48521,20.094425,14.622011,14.868928,11.10781,12.810508,14.118511,13.101864,18.680035,16.367687,14.057436,15.633545,12.899098,13.437711,14.089907,12.547334,16.463917,15.555875,20.518026,23.473991,21.545776,19.505375,14.290233,15.864569,13.205228,11.749,13.324735
5,13.681803,11.499911,9.703346,7.9548674,4.1548314,0.0,4.3062687,7.1192093,10.071213,13.301649,18.195772,19.954905,22.230436,23.027346,19.390612,15.829619,12.72669,9.872406,8.305353,4.2121,5.565936,3.9908056,7.8341846,10.125495,8.524861,14.921842,12.64405,15.290528,12.203075,16.303396,14.241229,18.83815,22.28545,24.951033,26.722544,28.34598,32.388947,33.090397,31.11609,28.17847,23.29805,23.713675,19.138735,19.320753,15.959827,15.846721,15.085392,14.120796,17.760374,19.617512,18.451092,21.621313,19.711046,23.208166,25.431787,26.32482,29.499567,28.875584,26.737648,27.988821,30.436466,25.68053,23.436707,19.088732,19.729782,16.188484,18.857567,15.773652,17.002483,16.387407,14.032065,11.304583,9.73362,9.391673,10.726947,11.776298,15.258626,16.685598,20.681217,23.137865,26.852564,28.143633,25.513803,29.11297,28.46226,23.81996,22.255394,17.436024,18.995428,13.004205,14.312011,11.028077,13.072391,15.356611,15.198908,19.895235,18.824978,16.916538,18.081297,15.542871,14.8290825,15.568961,12.649292,16.669075,14.456846,19.331738,22.123135,20.743755,19.16561,14.374977,16.868586,15.1621065,14.021377,16.424053
6,14.4837675,12.135975,12.105587,9.049888,7.186157,4.3062687,0.0,6.229797,7.3945503,11.021525,15.37042,17.448133,19.298866,19.624407,16.183321,12.279954,10.289084,6.290334,7.123724,4.0230227,7.8518653,7.4163427,10.057547,12.221338,8.763858,15.364628,11.685387,13.337661,9.445553,13.112179,10.275207,14.996555,17.987936,20.877035,22.42374,24.201859,28.124651,28.835823,26.882616,23.977308,19.081583,19.857561,15.128187,16.03544,12.903415,13.554433,13.66507,13.894681,17.283407,18.108229,16.622917,19.066837,16.603739,20.016144,21.563322,22.833368,25.547886,25.09392,22.96271,24.11429,26.253223,21.509426,19.518242,15.016254,16.346357,12.864914,16.40401,13.589683,15.996282,15.748574,12.865418,11.443919,8.189213,8.904338,8.868929,8.234705,11.995898,12.764518,16.948147,19.17472,22.9177,24.106535,21.772192,25.403074,24.432203,19.77255,18.241348,13.3935995,15.005082,8.839449,10.681944,8.210368,10.847478,13.691389,14.941065,18.689806,18.967867,17.023157,17.28432,14.935854,12.866666,13.553568,9.692534,13.700176,11.087131,15.943856,18.840136,18.140724,16.863155,13.185469,15.267033,14.515841,13.159024,16.367615
7,13.3525715,12.993221,12.456089,12.312186,10.3685055,7.1192093,6.229797,0.0,4.495115,6.4469566,11.626363,13.124661,15.58715,16.990993,13.334425,10.429889,6.9685454,6.3483906,3.9621358,6.8069954,5.63403,10.388069,13.191069,16.708897,14.4443,20.980839,17.753292,19.333933,15.226071,18.575823,14.565542,19.213305,19.990221,23.029453,24.06957,25.050209,29.170424,29.277477,27.412489,25.257254,20.367289,20.860027,17.111055,16.97963,15.129267,14.711296,15.7647295,15.02169,19.667501,19.842733,19.262861,21.13041,19.657381,23.370958,24.398998,26.795233,28.625696,29.129053,27.231276,28.131023,29.156061,24.498781,23.571648,18.628954,21.222961,17.462482,21.670902,18.40693,21.342037,20.341806,16.960531,14.725286,11.7418785,9.67069,8.829193,9.732671,11.4709215,12.779542,16.178322,18.419077,22.032343,23.337921,19.935015,23.490389,23.806387,19.366327,18.567951,13.671078,17.020603,11.836829,15.127408,13.821401,16.87397,19.601633,20.881094,24.881195,24.839792,22.536448,22.742086,20.011156,18.061821,17.43183,12.957228,15.885615,11.525288,15.395731,17.455374,16.355799,15.548957,11.64419,15.86924,15.847965,16.248974,19.515833
8,13.486238,13.092804,14.255434,13.21984,12.727063,10.071213,7.3945503,4.495115,0.0,4.6472754,8.260501,11.034244,12.630343,13.813031,10.621596,7.1873136,6.5440435,5.1978526,6.716426,9.568734,10.076593,13.72481,16.466724,19.433073,16.106495,22.628618,18.5017,19.269562,14.853828,17.119022,12.745555,16.438786,16.322355,19.00322,20.212137,20.724873,25.023615,25.233408,23.780766,22.06272,17.188713,18.615246,14.866152,15.973428,14.780696,15.284887,17.197744,17.511387,21.703487,21.02332,20.117193,21.106562,18.983326,22.38847,22.228495,25.119228,26.10495,26.702274,24.70115,25.117296,25.702333,21.00829,20.72773,16.144812,19.727648,16.505949,21.345669,18.699299,22.323463,21.852415,18.335266,17.168692,13.267437,12.3071995,10.328068,9.022264,10.358141,10.10441,13.593581,14.991195,18.7037,19.587265,16.077148,19.431355,19.535631,15.107727,14.172824,9.422937,13.073781,8.833261,12.725804,12.767773,16.225111,18.90001,21.199778,24.613699,25.311237,22.765726,22.170458,19.531185,16.761505,15.4983015,10.483403,12.61138,7.519048,11.004856,13.072819,12.452779,11.988327,9.579266,13.385614,14.491665,15.101531,18.86851
9,16.805832,17.201033,17.8683,17.600073,16.510687,13.301649,11.021525,6.4469566,4.6472754,0.0,5.634669,6.774683,9.164792,10.902324,7.4193497,5.7683854,4.09454,6.7344933,6.8814383,11.903613,11.463684,16.471146,18.623901,22.34894,19.419313,25.769901,21.860695,22.479542,18.038033,20.409946,15.321633,19.464027,17.543839,20.957014,20.951345,21.493803,25.338907,24.83125,23.048553,21.709963,17.15121,17.782726,15.217883,15.110122,15.038748,14.804555,17.408201,17.477728,22.036743,20.631779,20.360846,20.740866,19.522116,23.01521,22.725225,26.341728,26.810875,28.3145,26.761873,27.367935,27.005644,22.768013,23.087616,18.023298,22.075636,18.57856,23.662575,20.662949,24.742775,23.718048,19.887741,18.619453,14.867799,12.7958975,10.19332,9.8314295,9.119483,9.595678,11.804331,13.530925,16.853737,18.137823,14.225463,17.782953,18.927116,14.907056,15.188652,10.776975,15.633072,12.119785,16.475838,16.891981,20.172035,23.122303,25.468311,28.56349,29.597328,27.246944,26.693192,24.131708,21.189604,19.967415,14.827477,16.450275,10.832855,12.769287,13.819993,13.862143,14.249488,12.749694,17.165049,18.692295,19.670084,23.41871
10,18.905735,19.692797,21.479477,21.047796,20.951221,18.195772,15.37042,11.626363,8.260501,5.634669,0.0,4.8606434,4.8116417,7.221534,5.6472588,5.7980127,8.575638,10.612677,12.394251,16.997875,16.95542,21.638504,23.89283,27.28038,23.778664,30.039501,25.571144,25.531225,21.054651,22.268764,17.158587,19.800388,16.035355,18.739565,18.53395,17.938145,21.825706,21.08667,20.050304,19.885857,15.871824,17.546423,15.838114,16.824835,17.847876,18.29455,21.549858,22.2995,26.465284,24.290094,23.896908,23.267881,21.712086,24.684885,22.877699,27.20959,26.346657,28.237562,26.73769,26.666471,25.304102,21.397448,22.901186,18.597202,23.653767,20.902967,26.357311,23.995403,28.543169,27.906189,24.055296,23.506592,19.340702,17.923845,14.879191,13.155492,11.547541,10.1079645,11.049089,10.939759,13.8480625,14.395024,9.6481,12.601887,14.465685,11.130612,12.043206,9.158953,14.370727,13.273995,17.685196,19.39563,22.812897,25.521605,28.619701,31.210003,32.766953,30.177605,28.943579,26.486864,23.051064,21.095163,16.050295,16.209133,10.562794,10.029252,9.792146,10.883668,12.364455,13.370387,17.18886,19.88,21.35933,25.264153
11,22.466448,23.365496,24.360455,24.219292,23.274775,19.954905,17.448133,13.124661,11.034244,6.774683,4.8606434,0.0,3.665273,6.3399286,4.393721,7.2866855,8.138987,12.01744,12.631516,18.038374,17.618362,22.883944,24.518679,28.503407,25.463507,31.504532,27.426207,27.461752,23.064714,24.805552,19.27264,22.892368,18.497,22.218895,20.744709,20.915821,23.965572,22.506123,20.698797,20.439476,16.855015,17.078989,16.506626,15.840248,17.600878,17.20986,20.732325,21.173716,25.466429,22.843441,23.077414,22.121964,21.618753,24.694454,23.382471,28.013079,27.185368,29.809929,28.799324,29.264101,27.427357,24.01844,25.47773,20.546543,25.397316,22.215683,27.576801,24.765957,29.470905,28.258238,24.260517,23.543354,19.755888,17.548489,14.38694,13.788332,10.888389,10.835343,10.366007,11.310236,13.47997,14.895489,10.60145,13.913822,16.547726,13.745842,15.664479,12.747279,18.240788,16.499054,21.066439,22.439686,25.607502,28.673767,31.537785,33.951756,35.70613,33.447063,32.517483,30.133844,26.690754,25.256338,20.046785,20.701431,14.976053,14.717837,14.2847805,15.636142,17.16281,17.607607,21.81754,24.18656,25.479954,29.363848
12,23.644903,24.501682,26.170748,25.670935,25.302431,22.230436,19.298866,15.58715,12.630343,9.164792,4.8116417,3.665273,0.0,3.9863985,4.6688046,7.8693113,10.812249,13.753105,15.448014,20.439108,20.534294,25.384823,27.138056,30.805285,27.3153,33.295895,28.83504,28.457151,24.080162,25.10187,19.693453,22.362135,17.04074,20.289278,18.661102,18.21797,21.168964,19.596893,18.298744,18.789253,15.633977,16.672256,16.4841,16.79611,18.955564,19.187607,22.946196,23.916525,27.858673,24.907389,24.882553,23.41297,22.47717,25.160677,22.884197,27.820103,26.202194,28.947298,27.950953,27.997196,25.617226,22.468504,24.580107,20.232487,25.564713,22.914967,28.425528,26.090027,31.019062,30.153522,26.19835,25.984774,21.873007,20.288914,16.9361,15.355861,12.468308,11.134564,10.081544,9.545681,11.322822,12.135767,7.386983,10.321446,13.361344,11.171087,13.534028,11.734593,17.063574,16.647392,21.094736,23.159277,26.354143,29.260145,32.578903,34.628773,36.744514,34.383366,33.038177,30.774315,27.029179,25.29884,20.22324,20.159037,14.701858,13.261608,12.182726,14.32834,16.33816,18.06872,21.65786,24.569115,25.943264,29.910267
13,25.804771,26.048742,27.920929,26.583225,26.208574,23.027346,19.624407,16.990993,13.813031,10.902324,7.221534,6.3399286,3.9863985,0.0,3.9742332,7.358803,11.403219,13.636214,16.302366,20.762617,21.902811,25.987741,27.31932,30.780155,26.952188,32.517788,27.886013,27.026936,22.844969,23.446505,18.007315,20.521677,14.338586,18.26183,15.593429,15.950596,18.20298,16.367382,14.555647,14.965647,12.175347,13.141411,13.650863,14.270538,16.994207,17.684725,21.709528,23.356192,26.689754,23.238995,23.055351,20.968283,19.920387,22.221672,19.455408,24.634474,22.606369,25.704762,25.005232,25.207762,22.39326,19.690966,22.014574,17.737034,23.196552,20.864437,26.34588,24.341986,29.543139,28.826504,24.938435,25.416773,21.13705,20.217926,16.634487,14.318121,11.08776,9.09172,6.952226,5.8477764,7.382523,8.597242,4.864468,8.808772,11.021892,8.951565,12.066525,10.682919,15.822285,15.79175,20.0795,22.539413,25.422699,28.446905,32.090088,33.4149,36.224087,34.169262,32.622444,30.69204,26.541348,25.272211,20.211502,20.172441,15.052432,13.576504,12.78782,15.881587,17.888184,20.002523,22.847336,25.810009,26.589472,30.679482
14,23.32886,23.431355,24.814083,23.57637,22.76485,19.390612,16.183321,13.334425,10.621596,7.4193497,5.6472588,4.393721,4.6688046,3.9742332,0.0,4.336291,7.4394164,10.118395,12.372575,17.004156,18.039082,22.225351,23.515402,27.155392,23.593826,29.292313,24.911234,24.447453,20.16353,21.477995,15.852626,19.401443,14.533854,18.893404,16.820475,17.79684,20.497423,19.106518,16.882093,16.186714,12.499743,12.830736,12.305172,12.221324,14.302145,14.608316,18.43849,19.745367,23.405485,20.371479,20.241375,18.82007,17.892036,20.720438,19.035978,23.769363,22.791927,25.49727,24.619186,25.229214,23.29461,20.047338,21.514809,16.54596,21.556587,18.635862,24.077127,21.615643,26.626106,25.684685,21.727636,21.8014,17.638844,16.382254,12.854242,11.033551,7.8542433,6.856525,6.087311,7.252742,9.8905,11.599902,8.228871,12.352248,13.861964,10.666332,12.852589,9.853318,15.319163,13.73907,18.240921,20.03978,22.954075,26.139158,29.387745,31.104038,33.548275,31.561623,30.385721,28.333658,24.438251,23.462572,18.212029,18.941177,13.468494,13.343699,13.394865,15.676094,17.159168,18.070332,21.375956,23.820564,24.429014,28.479443
15,20.250504,19.795813,21.380642,19.57048,18.990704,15.829619,12.279954,10.429889,7.1873136,5.7683854,5.7980127,7.2866855,7.8693113,7.358803,4.336291,0.0,5.776883,6.392167,9.921387,13.667105,15.441507,18.842329,20.392479,23.611115,19.74783,25.570946,21.000113,20.607597,16.223433,17.567825,12.063948,15.735667,12.277136,16.472178,15.47673,16.699562,20.02869,19.439249,17.400618,15.960435,11.440277,12.5866375,10.267613,11.370192,12.187623,13.124945,16.508396,18.00668,21.568405,19.168896,18.47138,17.748959,15.927293,18.931475,17.578241,21.690407,21.421778,23.2861,21.97013,22.558441,21.585545,17.68881,18.509722,13.4820595,18.309128,15.362641,20.842876,18.503918,23.319645,22.733046,18.883018,19.0247,14.580958,14.028696,10.645784,7.8469973,6.2945623,4.443408,6.692428,8.057199,11.653064,12.962179,9.993853,14.047075,14.259189,10.070674,10.9542265,6.6977253,12.006499,9.524216,14.073347,15.7314,18.732628,21.860136,25.108238,26.973173,29.272131,27.236582,26.058573,24.011364,20.135792,19.30592,14.029395,15.173295,9.786596,10.869284,11.984499,13.83846,14.736449,15.101727,17.974524,20.135437,20.358633,24.42356
16,19.471687,19.188232,19.346268,18.375742,16.504986,12.72669,10.289084,6.9685454,6.5440435,4.09454,8.575638,8.138987,10.812249,11.403219,7.4394164,5.776883,0.0,5.038284,4.996017,10.125627,10.816873,15.199969,16.475157,20.490612,17.672977,23.620934,19.955568,20.502596,16.227924,19.086147,13.736016,18.949907,17.152834,21.56962,20.724924,22.383507,25.626219,24.942444,22.410192,20.35838,15.842333,15.366166,12.940765,11.686588,11.517428,10.827736,13.553385,13.780503,18.22477,16.592072,16.49414,16.923138,16.190762,19.847338,20.34545,23.791368,24.78439,26.516447,25.293955,26.525673,26.250055,22.283176,22.133268,16.476826,20.018696,16.115238,21.024872,17.68559,21.91965,20.540249,16.594574,15.503653,11.8143015,9.573585,6.527896,6.902878,5.743145,7.8758416,10.0843725,13.018339,16.24259,18.151167,15.1832905,19.258583,19.968405,15.847251,16.476591,11.744019,16.48629,12.086452,16.344215,16.41021,19.223806,22.55814,24.770708,27.374826,28.87391,27.048672,26.723274,24.461477,21.357233,21.045435,15.870757,18.150322,12.834801,15.279064,16.646095,17.288078,17.60242,15.9263,19.834795,20.971434,21.158493,24.9094
17,17.735287,16.396486,17.076109,14.734603,13.30953,9.872406,6.290334,6.3483906,5.1978526,6.7344933,10.612677,12.01744,13.753105,13.636214,10.118395,6.392167,5.038284,0.0,5.390449,7.3743052,10.352352,12.59069,14.100474,17.234352,13.585782,19.61949,15.446616,15.850656,11.452165,14.249278,9.215732,14.530882,14.4732485,18.57065,18.6082,20.616604,24.105549,24.141136,21.815556,19.199598,14.317444,14.728621,10.765155,11.252528,9.609851,10.294461,12.33673,13.3895445,17.081419,16.055357,15.001736,15.966893,13.917996,17.470304,18.071331,20.749239,22.332617,23.15017,21.530863,22.737059,23.408,19.04796,18.178139,12.74007,15.841998,12.096528,16.99611,14.049651,18.155415,17.462711,13.732804,13.254989,8.8919,8.695384,6.121786,3.8495994,6.18271,6.944654,10.858253,13.373621,17.026358,18.533327,16.221432,20.196138,19.666069,15.108442,14.688055,9.592623,13.133042,7.6714864,11.5698595,11.40727,14.207405,17.543629,19.96122,22.424171,24.095798,22.315895,21.844795,19.754448,16.476944,16.625381,11.589066,14.45916,9.971496,13.580037,15.860778,16.416368,16.164522,14.2803755,17.030848,17.822844,17.19012,20.980812
18,17.265614,16.612242,15.74619,15.025444,12.298994,8.305353,7.123724,3.9621358,6.716426,6.8814383,12.394251,12.631516,15.448014,16.302366,12.372575,9.921387,4.996017,5.390449,0.0,5.8606377,5.9882197,10.456312,11.99344,16.18134,14.103074,20.213133,17.235947,18.661627,14.664372,18.442635,13.951505,19.579468,19.816113,23.828022,23.857277,25.646654,29.191675,28.95076,26.463196,23.919697,19.192017,18.67978,15.367156,14.057778,12.274758,11.191613,12.343738,11.506356,16.33046,16.2033,15.961726,17.818457,17.018385,20.884579,22.526184,24.973873,27.059566,28.014273,26.522203,27.96427,28.730038,24.428238,23.359766,17.818907,20.154547,15.966903,20.106876,16.402773,19.647205,18.112303,14.468512,12.251696,9.329061,6.382573,5.1843796,7.5722456,8.853999,11.384338,14.412098,17.446444,20.848253,22.66482,19.787281,23.752373,24.072445,19.670723,19.488462,14.430351,18.18227,12.6279,16.098671,14.792404,17.383614,20.57168,21.859728,25.209743,25.81032,24.06747,24.398937,22.008867,19.718958,19.840548,15.179698,18.325237,13.776631,17.437757,19.394768,19.090397,18.648357,15.372687,19.306797,19.384888,19.245186,22.576132
19,17.051992,15.064282,13.779361,11.616404,8.166909,4.2121,4.0230227,6.8069954,9.568734,11.903613,16.997875,18.038374,20.439108,20.762617,17.004156,13.667105,10.125627,7.3743052,5.8606377,0.0,5.875925,5.394231,6.9752016,10.491022,8.356508,14.544415,11.968043,14.107754,10.718695,15.219622,12.21091,17.891851,20.453156,24.089085,24.847033,27.141615,30.688032,31.044954,28.564352,25.356865,20.595623,20.285812,16.024261,15.446053,12.073881,11.661697,11.037528,10.357061,14.170708,15.544501,14.513492,17.574476,16.061743,19.738451,22.319183,23.444986,26.672579,26.587875,24.842413,26.553328,28.546951,24.104115,21.919537,16.867577,17.593515,13.52745,16.530312,12.914711,14.9884405,13.827972,10.8276615,8.294796,5.9862175,5.4144406,6.7049327,8.345729,11.756999,13.846907,17.606653,20.576189,24.129133,25.79021,23.582893,27.513865,26.870222,22.248161,21.263973,16.23574,18.421064,12.095051,14.050524,11.301587,13.140724,16.184004,16.669193,20.251577,20.439627,19.095194,19.962812,17.834133,16.154083,17.371496,13.682223,17.691618,14.710709,19.331474,21.99632,21.444338,20.356651,16.428461,19.083492,18.11722,16.796137,19.65828
20,15.078398,14.475672,11.902144,12.58139,8.844074,5.565936,7.8518653,5.63403,10.076593,11.463684,16.95542,17.618362,20.534294,21.902811,18.039082,15.441507,10.816873,10.352352,5.9882197,5.875925,0.0,6.892579,9.468431,13.504133,13.075091,19.05683,17.279552,19.779312,16.427734,20.694555,17.466965,22.716698,24.545713,27.82129,28.797508,30.283808,34.222824,34.334564,32.0936,29.44359,24.61549,24.297731,20.54447,19.391155,16.795942,15.518423,15.1671,13.048705,17.82207,19.337723,19.075626,22.025719,21.226868,25.056852,27.38122,29.025223,31.829031,32.076855,30.284697,31.67972,33.286915,28.700132,27.041544,21.985209,23.326014,19.258633,22.39194,18.660067,20.404936,18.84509,16.000017,12.444395,11.320745,8.341267,9.660903,12.542557,14.680018,17.05001,20.34788,23.210762,26.71534,28.349901,25.214777,28.932924,29.221907,24.731924,23.918314,18.921268,21.810675,16.002228,18.46084,15.897714,18.17693,20.75749,20.713343,25.207014,24.265844,22.430138,23.608345,20.969646,20.04897,20.238173,16.601934,20.139278,16.597591,20.83495,23.02549,21.629917,20.503494,15.673025,19.671942,18.51408,18.443876,20.941143
21,16.878046,14.53792,11.874113,10.204193,5.5881805,3.9908056,7.4163427,10.388069,13.72481,16.471146,21.638504,22.883944,25.384823,25.987741,22.225351,18.842329,15.199969,12.59069,10.456312,5.394231,6.892579,0.0,4.3082356,6.779327,7.14853,12.598595,11.775526,15.034171,12.861077,17.476198,16.016634,21.009777,24.915277,27.922594,29.383877,31.527443,35.274475,35.933327,33.613243,30.282286,25.552,25.338226,20.886911,20.388988,16.608225,16.054693,14.255952,12.683236,15.824809,18.660227,17.606558,21.468704,20.02279,23.454277,26.619644,26.900337,30.778288,30.015516,28.073322,29.778318,32.55426,28.010923,25.271702,20.875347,20.51105,16.866869,18.511662,15.191027,15.345317,14.331581,12.62278,9.150202,9.35957,9.120542,11.633938,13.577258,17.114737,19.141176,22.982693,25.85836,29.456383,31.00571,28.70582,32.490948,31.739614,27.083277,25.65364,20.786165,22.191704,15.983741,16.805124,12.987493,14.05732,16.25221,15.074376,19.658974,18.238697,17.080444,18.963436,16.832268,16.689985,18.27071,15.901619,20.108103,18.212828,23.130692,25.965672,24.719378,23.133488,18.268965,20.522112,18.418406,16.79764,18.648382
22,21.166868,18.741331,16.133062,14.084531,9.678991,7.8341846,10.057547,13.191069,16.466724,18.623901,23.89283,24.518679,27.138056,27.31932,23.515402,20.392479,16.475157,14.100474,11.99344,6.9752016,9.468431,4.3082356,0.0,5.0917478,6.9639726,10.725076,11.104497,14.380178,12.968104,17.929752,16.601423,22.185484,25.991148,29.6476,30.393291,33.24506,36.48501,36.964012,34.162525,30.417143,25.964342,24.94466,20.841164,19.526474,15.508254,14.525158,11.766755,9.8779125,12.221908,15.822567,14.9184675,19.300129,18.475592,21.793264,25.884142,25.709158,30.158352,29.534315,27.97975,30.255424,33.04809,28.88895,25.822163,21.188295,20.020008,16.20459,16.992987,13.325884,12.843599,11.085266,9.844469,5.7708745,8.01195,8.137442,11.402548,13.961126,17.333353,19.931908,23.45271,26.780851,30.152216,32.03078,30.257418,34.28838,33.406265,28.797342,27.713354,22.803665,24.292454,17.918194,18.633404,14.839765,15.114244,17.582594,16.185314,19.782316,19.018026,18.78507,20.859154,19.283941,18.906384,21.233042,18.819353,23.128391,21.132463,25.967283,28.793747,28.049532,26.675138,22.179789,24.320908,22.379248,20.360252,22.205494
23,22.18029,19.014254,16.662682,13.607581,10.046043,10.125495,12.221338,16.708897,19.433073,22.34894,27.28038,28.503407,30.805285,30.780155,27.155392,23.611115,20.490612,17.234352,16.18134,10.491022,13.504133,6.779327,5.0917478,0.0,5.328161,6.797552,8.804533,12.6157465,12.60944,17.084562,17.443537,22.035908,27.246576,30.248207,31.643942,34.544056,37.793514,38.73828,36.178673,32.253532,27.926609,27.401665,22.890173,22.50101,18.126354,17.96351,14.935444,13.95916,14.772153,18.75266,17.219166,21.711565,20.159492,22.918154,27.078384,25.941835,30.87406,29.351324,27.567017,29.775045,33.42542,29.292286,25.63376,21.952522,19.702116,16.73786,16.222792,13.579513,11.334609,10.808113,11.143702,8.649777,10.8661785,12.6577635,15.550598,16.964634,20.869005,22.812885,26.622704,29.605463,33.038643,34.650883,33.189663,37.054943,35.590874,30.983881,29.37867,24.802395,25.197588,19.137453,18.610735,14.295827,13.535446,15.1628275,12.598381,16.27892,14.739285,15.143735,17.784592,16.73112,17.238218,20.271145,19.086918,23.43005,22.673477,27.690928,30.807314,29.928442,28.231993,23.743122,24.791235,22.29859,19.51991,20.659563
24,20.346415,16.833769,15.882652,11.415666,8.9295435,8.524861,8.763858,14.4443,16.106495,19.419313,23.778664,25.463507,27.3153,26.952188,23.593826,19.74783,17.672977,13.585782,14.103074,8.356508,13.075091,7.14853,6.9639726,5.328161,0.0,6.6487865,4.659243,8.2092285,7.4280396,11.894184,12.328236,16.70952,22.106873,24.975037,26.489988,29.39175,32.618263,33.725594,31.36616,27.51804,23.174902,23.240644,18.391235,19.020695,14.648176,15.466995,13.296387,13.727839,14.669188,17.396814,15.262221,19.07264,16.540216,19.224535,22.612362,21.694677,26.24035,24.599022,22.612686,24.615192,28.237047,24.013105,20.408287,16.865982,14.912832,12.101067,12.368071,10.077758,9.306893,9.835101,9.190066,8.389306,8.160831,11.393204,13.246691,13.169928,17.439314,18.63349,22.64588,25.241817,28.709873,30.085106,28.875458,32.61747,30.780048,26.22376,24.462114,20.10233,20.095999,14.184486,13.390446,9.195157,8.494452,10.775675,9.74749,12.988611,12.997227,12.873178,14.484316,13.426942,12.7400055,15.971204,14.488778,18.810143,18.270296,23.203236,26.419437,25.941566,24.366297,20.632572,21.136232,19.209839,16.103563,17.95316
25,26.309807,22.51294,21.397406,16.838621,14.711943,14.921842,15.364628,20.980839,22.628618,25.769901,30.039501,31.504532,33.295895,32.517788,29.292313,25.570946,23.620934,19.61949,20.213133,14.544415,19.05683,12.598595,10.725076,6.797552,6.6487865,0.0,5.543777,8.514925,10.895398,14.2417555,16.40939,20.013554,26.1346,28.9604,30.23085,33.76921,36.399513,37.677612,35.08804,30.787458,27.03508,26.646194,22.143282,22.577375,18.072783,18.950724,15.857541,16.556414,15.343267,18.918526,16.586252,20.729252,18.450203,20.196396,24.555391,22.131643,27.668694,25.338036,23.693415,26.224451,30.558329,26.983204,22.650574,20.04313,16.19265,14.485303,11.942552,10.949618,6.7505455,8.33778,10.460385,10.908789,12.532919,16.193554,18.384802,18.383587,22.460052,23.734823,27.43715,30.12951,33.31368,34.77612,34.27876,38.044426,35.73846,31.362999,29.606604,25.624052,24.93984,19.564327,17.847504,13.926576,11.526229,12.691083,10.244409,11.319744,11.6138115,13.59983,15.8277445,16.081749,16.15339,20.325268,19.91704,24.017563,24.24762,29.036299,32.32748,32.100597,30.491346,26.961958,26.79946,24.600191,20.916758,21.990358
26,23.363853,19.510717,19.469683,14.184305,12.877847,12.64405,11.685387,17.753292,18.5017,21.860695,25.571144,27.426207,28.83504,27.886013,24.911234,21.000113,19.955568,15.446616,17.235947,11.968043,17.279552,11.775526,11.104497,8.804533,4.659243,5.543777,0.0,3.8988674,5.5045567,8.905651,11.093855,14.541788,20.723766,23.43339,24.85827,28.247269,30.993612,32.370384,30.025028,25.919025,22.0273,22.303753,17.44699,18.886463,14.524525,16.247211,14.213796,15.860325,15.476061,17.691128,14.969022,18.311903,15.058298,16.94021,20.274113,18.443613,23.366245,21.079311,19.112545,21.340046,25.499252,21.66007,17.500366,14.841593,11.5802765,9.881595,8.72125,7.982644,6.5941334,8.878298,9.168118,10.599895,9.92635,14.291808,15.520493,14.251582,18.51094,19.066162,22.935356,25.222961,28.471483,29.691988,29.248016,32.865814,30.369322,26.03541,24.16129,20.36693,19.44064,14.256731,12.391589,8.761323,6.367361,8.54037,8.299208,9.232786,11.286551,12.083944,13.05291,13.030542,11.695322,15.839842,14.977009,18.96396,19.237808,23.856619,27.160084,27.232906,25.772066,22.913523,22.465448,20.874468,17.162033,18.992615
27,25.249413,21.389492,22.105223,16.503063,15.838447,15.290528,13.337661,19.333933,19.269562,22.479542,25.531225,27.461752,28.457151,27.026936,24.447453,20.607597,20.502596,15.850656,18.661627,14.107754,19.779312,15.034171,14.380178,12.6157465,8.2092285,8.514925,3.8988674,0.0,4.494334,6.036961,9.30557,11.972021,18.27656,21.01449,22.136862,25.915781,28.217957,29.7152,27.381878,23.164246,19.668327,20.190147,15.440448,17.65906,13.626006,16.12463,14.694644,17.291952,16.392384,17.63506,14.576824,17.066685,13.139446,14.348293,17.21312,14.963027,19.893314,17.288284,15.350926,17.770046,22.075527,18.567656,14.1464205,12.076923,8.003794,7.43661,5.693961,6.7535777,6.6902337,9.746876,9.893557,12.698578,11.153366,15.944085,16.429804,14.130509,18.138823,18.07063,21.698143,23.651045,26.6639,27.74315,27.91701,31.402092,28.454813,24.373325,22.554235,19.280537,17.834478,13.432483,11.120842,8.73257,5.827206,8.191245,9.749913,8.3124695,12.588559,13.507827,13.42617,13.935626,11.505333,15.815526,14.927604,18.444672,18.99784,23.157,26.405453,27.058817,25.841661,23.875816,22.94592,21.94939,18.128435,20.269745
28,21.999153,18.494982,19.438816,14.131987,13.432855,12.203075,9.445553,15.226071,14.853828,18.038033,21.054651,23.064714,24.080162,22.844969,20.16353,16.223433,16.227924,11.452165,14.664372,10.718695,16.427734,12.861077,12.968104,12.60944,7.4280396,10.895398,5.5045567,4.494334,0.0,5.032567,5.5923185,9.874658,15.305079,18.43707,19.520853,22.946716,25.694012,26.955982,24.66674,20.735624,16.666151,17.449083,12.338568,14.7340355,10.823382,13.402671,12.817674,15.349392,15.746138,16.327038,13.51152,15.669493,11.654376,13.77919,15.882915,15.181243,19.164612,17.45003,15.367555,17.382887,20.82806,16.750416,13.083656,9.628813,7.8847857,5.5869246,7.5841923,6.7452154,9.201186,10.899371,9.2976465,11.443787,8.442451,12.929878,12.830364,10.043574,14.209576,14.009013,17.91008,19.878494,23.133478,24.231411,23.911226,27.482313,24.89988,20.603598,18.88361,15.1715,14.436803,9.298852,7.9901867,5.75718,4.8993287,8.590875,11.100043,11.526772,14.811032,14.492115,14.063199,13.572231,10.313536,13.707448,11.539705,15.241501,14.918019,19.167961,22.364555,23.01834,21.940203,20.038546,19.689713,19.128387,15.854174,18.687414
29,23.749796,20.114971,22.129066,16.419495,16.997566,16.303396,13.112179,18.575823,17.119022,20.409946,22.268764,24.805552,25.10187,23.446505,21.477995,17.567825,19.086147,14.249278,18.442635,15.219622,20.694555,17.476198,17.929752,17.084562,11.894184,14.2417555,8.905651,6.036961,5.032567,0.0,5.748917,5.948508,12.910146,15.022894,16.686506,20.11596,22.605871,24.41962,22.674297,18.934002,15.416301,17.390537,12.398591,16.46682,13.413481,16.749794,16.853403,19.919968,19.918598,19.771263,16.762371,17.813412,13.030439,13.995114,14.405505,13.301843,16.590551,13.903604,11.256695,12.75871,16.924204,12.923743,8.748155,7.520032,5.5058208,6.5127015,8.189724,9.754732,12.187858,14.710586,13.559309,16.338331,13.146547,17.529438,16.798805,12.937766,16.553907,15.048531,18.657795,19.63284,22.625212,23.152288,23.48825,26.557823,23.189484,19.323334,17.180592,14.673869,12.308754,9.3174715,6.3049145,6.546755,5.123023,7.5776668,11.782744,10.358083,15.102875,14.72094,13.018543,13.253215,9.053643,12.505505,11.268852,13.898146,14.907364,18.380045,21.556042,22.686214,21.721268,21.028234,19.455347,19.448694,15.927199,18.737116
30,22.200436,19.328714,21.134802,16.330528,16.183887,14.241229,10.275207,14.565542,12.745555,15.321633,17.158587,19.27264,19.693453,18.007315,15.852626,12.063948,13.736016,9.215732,13.951505,12.21091,17.466965,16.016634,16.601423,17.443537,12.328236,16.40939,11.093855,9.30557,5.5923185,5.748917,0.0,6.744694,9.91836,13.8775015,14.231017,17.767002,20.437157,21.489435,19.2414,15.583158,11.269996,12.881732,7.558252,11.521741,8.95124,12.312592,13.538367,16.64849,17.67224,16.566118,14.007807,14.463854,10.013527,12.12262,12.165764,13.245998,15.573765,14.853344,12.840654,14.429111,16.574587,12.30286,9.792085,4.9107575,6.999014,4.8487473,9.864388,9.250998,13.60424,14.73481,12.13158,14.462878,10.190539,13.781811,12.149422,7.6236687,10.912911,9.358482,13.122085,14.537771,17.756239,18.68681,18.61724,22.122854,19.412573,15.20306,13.8285885,10.359717,10.096248,5.6888666,6.1449103,7.3377647,8.449381,11.83918,15.62645,15.653416,19.46665,18.51317,17.134872,16.352604,11.940701,13.887544,10.389244,13.09939,11.824284,15.173698,18.083345,19.611418,19.134918,18.613272,18.444103,19.14681,16.666733,20.230654
31,23.435291,20.346931,23.43737,18.180439,19.667946,18.83815,14.996555,19.213305,16.438786,19.464027,19.800388,22.892368,22.362135,20.521677,19.401443,15.735667,18.949907,14.530882,19.579468,17.891851,22.716698,21.009777,22.185484,22.035908,16.70952,20.013554,14.541788,11.972021,9.874658,5.948508,6.744694,0.0,8.198509,9.092851,11.678017,14.404502,17.234148,19.419502,18.52633,15.6716,12.331722,16.028452,11.446979,16.930975,15.24102,18.84333,20.168755,23.356407,24.057152,22.895655,20.160435,20.011688,15.12455,15.833161,13.635932,14.192493,15.050232,12.824147,9.749565,9.450202,12.723642,7.9579434,5.2995577,5.9648566,8.2415495,9.792298,13.089853,14.46931,17.86277,20.006166,18.162733,20.712175,16.702465,20.31353,18.628122,13.86832,16.5239,13.560724,16.756271,16.407583,19.233313,19.019484,19.501947,21.952806,18.129354,14.658861,12.118242,11.0024,7.303306,7.6061707,5.029925,8.816081,9.457475,11.05237,16.016361,14.966348,19.363766,18.074633,15.376125,15.216721,10.247544,11.616511,9.919495,10.731691,12.099576,14.227058,17.132177,18.91581,18.37667,19.333817,17.223083,18.473137,15.752954,19.050434
32,26.201817,24.263332,27.384436,23.251724,24.211733,22.28545,17.987936,19.990221,16.322355,17.543839,16.035355,18.497,17.04074,14.338586,14.533854,12.277136,17.152834,14.4732485,19.816113,20.453156,24.545713,24.915277,25.991148,27.246576,22.106873,26.1346,20.723766,18.27656,15.305079,12.910146,9.91836,8.198509,0.0,6.4108253,4.482453,8.352883,10.562247,11.799683,10.655836,8.70313,5.5481057,10.838342,8.322384,14.139362,14.794304,18.183422,21.031904,24.418388,25.654562,22.90751,20.864698,18.99269,14.947152,15.556389,10.90788,14.5204315,12.331323,13.124637,11.520341,10.96501,9.527364,5.52518,8.065253,6.7077756,12.364841,12.857144,17.518549,17.987658,22.763304,23.919495,21.166822,23.662731,19.09565,21.528032,18.687374,13.667068,14.022491,9.882151,11.227397,9.372662,11.541439,10.964476,12.421148,14.729602,10.694158,7.780966,7.118896,7.7695217,6.867444,9.6619835,10.9756565,15.040319,16.66043,18.922619,23.68548,22.89018,27.292673,25.822134,23.253523,22.57263,17.59787,17.54608,14.161747,13.750802,12.47624,12.159686,13.751995,17.244198,18.006332,20.60682,19.818075,22.399807,21.082935,24.915865
33,25.939917,24.009632,28.026268,23.861597,25.988237,24.951033,20.877035,23.029453,19.00322,20.957014,18.739565,22.218895,20.289278,18.26183,18.893404,16.472178,21.56962,18.57065,23.828022,24.089085,27.82129,27.922594,29.6476,30.248207,24.975037,28.9604,23.43339,21.01449,18.43707,15.022894,13.8775015,9.092851,6.4108253,0.0,6.608516,5.9579797,9.703271,12.622312,13.913178,13.608038,11.7081375,17.167751,14.567602,20.42607,20.613405,24.020226,26.54133,29.694992,31.064302,28.828424,26.580633,25.129202,20.76725,21.133635,16.346542,18.911081,16.390505,15.694063,13.32873,10.629246,9.979734,6.0032387,9.365582,11.381774,15.939644,17.379587,21.388426,22.503492,26.585478,28.329096,25.9218,28.205864,23.691137,26.24956,23.662012,18.668894,19.564617,15.310124,16.93111,14.257756,16.122099,14.36015,15.218977,15.978858,11.36142,9.718124,7.0150743,10.188214,6.206716,12.056291,11.898477,16.445047,18.08569,19.209364,24.230862,23.494211,27.48853,25.535547,22.285706,21.744602,17.019001,15.920284,14.020044,11.859322,12.862449,11.372911,12.79021,15.955247,16.52338,20.249073,17.905209,20.906828,19.814686,23.252903
34,29.880013,28.151615,31.524668,27.486021,28.631718,26.722544,22.42374,24.06957,20.212137,20.951345,18.53395,20.744709,18.661102,15.593429,16.820475,15.47673,20.724924,18.6082,23.857277,24.847033,28.797508,29.383877,30.393291,31.643942,26.489988,30.23085,24.85827,22.136862,19.520853,16.686506,14.231017,11.678017,4.482453,6.608516,0.0,5.989271,6.2693677,7.780951,7.5781136,7.2054424,6.849812,12.173982,11.4589405,16.893934,18.309818,21.634798,24.71461,28.261679,29.271036,26.077318,24.161484,21.615791,17.87235,17.761345,11.934421,15.844652,11.849945,13.291125,12.314055,10.987234,7.1723256,5.474268,9.919966,10.360355,15.477238,16.616816,20.852877,21.725592,26.515348,27.738846,25.09105,27.82164,23.306164,25.643246,22.644522,17.736145,17.42735,13.250523,13.320382,10.398927,11.149809,9.671851,12.567512,13.802681,9.020215,8.232584,8.516068,11.113923,10.057888,14.028834,15.076032,19.307577,20.729877,22.705856,27.615074,26.297829,31.036757,29.62901,26.784164,26.316942,21.34291,21.049154,18.08349,16.943073,16.009262,14.484406,15.233394,19.290255,20.468678,23.948568,22.898052,25.864252,24.76052,28.491982
