,0,1,2,3,4,5,6,7,8,9,10,11,12,13,14,15,16,17,18,19,20,21,22,23,24,25,26,27,28,29,30,31,32,33,34,35,36,37,38,39,40,41,42,43,44,45,46,47,48,49,50,51,52,53,54,55,56,57,58,59,60,61,62,63,64,65,66,67,68,69,70,71,72,73,74,75,76,77,78,79,80,81,82,83,84,85,86,87,88,89,90,91,92,93,94,95,96,97,98,99,100,101,102,103,104,105,106,107,108,109,110,111,112,113,114,115,116
0,0.0,3.8767462,5.925662,9.670971,12.221862,15.1151705,16.343334,21.475674,23.225971,26.515322,29.50746,32.92316,35.52025,33.805206,34.675278,30.475704,32.578823,27.869368,30.313536,27.463102,29.579609,27.103546,25.776476,27.474356,26.594044,27.32877,25.035597,25.547771,23.81403,22.08303,23.989586,20.776525,26.274754,22.425241,28.522465,27.459827,31.975988,35.416496,36.09602,34.673355,31.36163,35.56738,30.722265,35.49479,32.783123,35.475773,35.753647,37.074074,39.043556,39.70265,37.271225,38.73603,34.232674,35.745792,34.19229,34.646236,36.519196,32.84338,29.314117,27.112444,29.622952,25.648382,24.608706,26.499693,27.052807,27.888771,30.179157,31.049301,31.572025,33.88068,33.114704,32.72886,30.237396,32.62027,32.50809,29.40749,33.043694,30.945087,34.86661,34.706387,37.808838,37.349747,37.74602,39.15387,35.0478,31.521812,27.92627,27.26131,22.169613,22.948692,19.279793,18.73998,18.46471,19.666052,20.931719,20.015205,23.192205,21.016249,21.791,18.697178,16.555086,14.252713,11.243224,13.452128,11.800015,15.77368,13.512558,17.772001,18.858173,20.377922,23.212696,22.507782,25.880884,24.216312,28.597914,29.087132,33.119244
1,3.8767462,0.0,3.805057,6.7352037,9.593074,12.074622,13.29874,18.383696,19.91676,23.450542,26.156801,29.840305,32.357033,30.629015,31.72249,27.602095,29.825272,25.33545,27.719097,25.382088,27.321009,25.600348,24.42915,26.818726,25.712526,27.329657,24.879711,25.326189,22.952356,21.485708,22.475601,19.63927,24.471363,20.484337,26.477234,25.103891,29.927517,33.312374,34.03098,32.880516,29.34556,33.661327,28.825207,33.552643,31.050282,33.59213,34.160057,35.33303,37.74159,38.163544,35.920235,37.24506,32.89775,34.667057,32.944317,33.992786,35.541164,32.348816,28.761032,26.703505,28.524712,24.311485,23.77628,25.119934,26.414995,26.82544,29.75203,30.218445,31.265223,33.257084,32.062214,31.414268,28.642544,30.617891,30.297436,27.21625,30.665796,28.484163,32.39949,32.14912,35.386913,34.858658,34.860687,36.21942,32.31974,28.766499,25.041227,24.58041,19.472706,20.557968,17.364403,17.130085,17.688826,19.61078,21.292036,21.015242,24.335068,22.816721,23.301342,20.104876,17.745865,15.634848,11.645776,13.828004,10.642528,14.544329,11.557397,15.324499,16.804777,18.251554,20.730173,19.967009,22.738604,21.11142,25.426985,25.75013,29.886814
2,5.925662,3.805057,0.0,6.139497,6.969868,9.3279295,11.463474,15.914843,18.160172,21.211271,24.552702,27.96197,30.212471,28.294874,29.014854,24.769497,26.694534,22.056993,24.435593,21.793098,23.952204,21.952873,20.655228,23.082792,21.914627,23.6829,21.226616,21.793173,19.323505,18.230442,19.126291,16.917097,22.0333,19.036592,24.6088,24.016737,28.770012,31.907429,32.115513,30.56119,26.781153,30.771511,25.773716,30.26965,27.559599,30.05202,30.467451,31.637407,33.97155,34.503952,32.25364,33.750355,29.469973,31.371082,30.074448,31.029552,32.96331,29.881298,26.252335,24.675064,26.723505,22.244658,21.286251,22.062529,23.20049,23.325653,26.238756,26.537209,27.562716,29.483358,28.282822,27.631088,24.915848,27.00411,26.795881,23.813023,27.437746,25.521824,29.566013,29.683641,32.983734,32.754845,32.80244,34.548496,30.779688,26.913752,23.388107,22.239883,17.537912,17.64304,14.413292,13.598262,14.192642,15.996468,18.000597,17.945278,21.261839,20.246048,20.766335,17.625443,15.48265,13.05779,9.092332,10.523736,6.8654075,10.746497,8.300649,12.062329,13.919582,15.906809,18.092936,16.981838,20.396889,18.33673,22.759909,23.29261,27.258385
3,9.670971,6.7352037,6.139497,0.0,4.745879,7.962827,7.0252085,12.86936,13.828071,17.361282,19.977861,23.411404,26.227697,24.79096,26.119612,22.20385,25.302725,20.881992,24.176939,22.22543,25.109043,24.149302,22.392117,25.84058,23.512077,26.605127,23.174234,22.79958,19.787113,17.8587,17.880802,14.661998,18.40663,14.04235,19.961498,18.446344,23.37102,26.690218,27.471151,26.629236,23.184002,27.822754,23.282764,28.358162,26.468847,29.190512,30.448578,32.033627,34.57067,34.159008,32.0107,32.638103,28.288153,29.976667,27.536505,29.322414,30.105145,27.475727,23.938406,21.881165,22.741173,18.45331,18.758972,20.014324,22.366869,22.814245,26.545212,26.97398,29.092632,30.891602,29.140114,28.89049,25.371746,27.327164,26.298765,22.604753,25.56831,22.834717,26.48429,25.823671,28.972437,28.265963,28.359468,29.590485,25.60023,22.124624,18.39338,18.243408,12.902857,14.967092,12.069231,13.3220005,14.685326,18.620037,19.697815,20.717562,24.271528,23.652088,22.81281,19.567198,16.669277,16.029701,10.57955,13.85417,9.679969,13.369901,11.900129,13.731764,17.094685,19.207067,20.304295,18.605352,20.756552,17.554575,21.941835,21.293423,25.446196
4,12.221862,9.593074,6.969868,4.745879,0.0,4.1986947,4.9755936,9.449901,11.746848,14.443839,18.11653,21.157295,23.499054,21.731638,22.515715,18.374002,21.084875,16.441065,19.811495,17.562353,20.800743,19.721754,17.791697,21.515368,18.97246,22.563171,19.096104,18.817026,15.444428,14.170144,13.601333,11.605205,15.56957,13.050443,18.060865,17.845228,22.63331,25.498032,25.454,24.01843,20.081942,24.243681,19.397503,24.140772,21.981367,24.609442,25.743477,27.300266,29.846735,29.523205,27.410074,28.253325,24.028353,26.000471,24.176449,25.975508,27.282204,24.946028,21.353466,20.122122,21.179688,16.43237,16.17229,16.272436,18.660675,18.524878,22.454647,22.516123,24.778711,26.371521,24.484873,24.180805,20.628212,22.641281,21.681938,18.074045,21.283035,18.912048,22.819212,22.742798,26.054232,25.82112,25.871914,27.722733,24.025518,20.023241,16.619574,15.273171,10.681662,10.967965,8.133204,8.750083,10.70454,14.877571,16.389414,17.918509,21.354078,21.54241,20.714048,17.667095,15.164187,14.308795,9.209157,11.250482,6.487778,9.375914,9.162554,9.965817,14.093047,16.775198,17.23701,15.009635,17.807869,13.86281,18.388577,17.986319,21.899576
5,15.1151705,12.074622,9.3279295,7.962827,4.1986947,0.0,5.2464466,6.8402333,9.917341,12.443773,16.196648,19.552313,21.256386,19.118616,19.840845,15.652193,17.836744,13.539788,16.291847,14.736355,17.324999,17.218544,15.856005,20.158127,17.904722,22.160707,19.195292,19.323298,15.38785,15.356842,13.36649,13.3215685,16.175463,14.7826605,18.735348,18.72317,23.646149,26.1162,25.684307,24.290585,19.856716,23.580963,18.652338,22.711073,20.524996,22.631248,23.804247,24.842268,27.989824,27.762268,25.989965,27.059013,23.327383,25.828922,24.51436,26.777302,28.177248,26.525795,23.02178,22.451223,22.980652,18.07005,17.975746,16.591156,19.476498,18.299074,22.666912,21.90109,24.383818,25.405632,23.124352,22.1593,18.624262,19.860104,18.9436,15.884928,19.034887,17.115051,21.185402,21.51144,25.108515,25.119371,24.422594,26.582699,23.520866,19.260292,15.956376,14.195473,10.606766,9.828819,8.700365,8.559726,11.720865,15.401301,17.845064,19.605684,22.761305,23.580994,23.146196,20.330338,18.257877,16.921068,12.53871,13.076687,7.775631,8.893331,7.862528,6.8581734,11.407352,13.9740925,13.71561,11.358941,13.679361,9.779806,14.2937765,14.187127,18.14982
6,16.343334,13.29874,11.463474,7.0252085,4.9755936,5.2464466,0.0,6.239134,7.092638,10.336893,13.368839,16.606197,19.248615,17.805239,19.202328,15.452815,19.138636,15.076919,18.952345,17.780018,21.197294,21.410612,19.466406,23.980488,20.808872,25.470352,21.650923,20.833515,16.973976,15.616305,13.551676,11.725494,13.299942,10.210478,14.744843,13.807102,18.907084,21.67962,21.916054,21.198212,17.303377,21.875824,17.518143,22.42531,21.117826,23.653057,25.557648,27.21256,30.134087,29.03215,27.212578,27.349205,23.383766,25.376421,22.767143,25.56701,25.848516,24.354656,20.971817,19.747921,19.328041,14.709824,15.831692,15.527174,19.260351,18.923933,23.620605,23.422987,26.597664,27.806015,25.357834,25.121038,21.031784,22.507154,20.833057,16.897509,19.275219,16.28035,19.807592,19.1196,22.453217,21.879622,21.57032,23.120022,19.515625,15.654825,12.002066,11.487687,6.531052,8.906739,7.746999,10.285895,13.141009,18.283178,19.426704,21.655704,25.020834,25.645153,24.164965,21.24708,18.558006,18.584637,13.327972,15.670631,11.061589,12.962798,12.834723,11.974411,16.641985,19.091713,18.599657,16.114122,17.401339,12.7026205,16.828827,15.304259,19.295431
7,21.475674,18.383696,15.914843,12.86936,9.449901,6.8402333,6.239134,0.0,4.5703545,5.682275,10.013607,12.922607,14.434607,12.38326,13.3873205,9.486883,13.030465,9.495569,13.362899,13.237893,16.59588,18.110971,16.465189,21.704458,18.3815,24.122343,20.649141,19.98936,15.552817,15.715477,11.589811,12.816095,12.475809,12.546698,14.368054,14.818108,19.43655,21.224524,20.390144,19.412117,14.780547,18.425707,14.085633,17.945597,16.857065,18.75495,20.978848,22.25926,25.756916,24.41405,23.073627,23.225517,20.011143,22.639376,20.791735,24.24659,24.685492,24.32978,21.226055,21.256557,20.241285,15.586224,16.639917,13.955886,18.38558,16.666267,21.941582,20.716198,24.467503,24.883253,21.844007,21.160835,16.895601,17.473259,15.442185,11.904845,13.865527,11.343844,15.071461,15.151509,18.874508,18.915144,17.727413,20.103134,17.57094,13.143686,10.270188,8.109951,6.5148726,5.7143054,8.002922,9.742427,13.655874,18.445883,20.203358,22.997337,25.91242,27.55721,26.203033,23.723682,21.64119,21.447632,17.110155,17.886162,13.422683,13.302857,13.875434,10.763129,15.681706,18.133581,16.229916,13.271481,13.770961,7.8936887,11.470366,9.514287,13.227607
8,23.225971,19.91676,18.160172,13.828071,11.746848,9.917341,7.092638,4.5703545,0.0,4.6176434,6.4109874,10.236864,12.61302,11.364627,13.63281,10.787447,15.356651,12.882335,16.698112,17.377151,20.470695,22.553871,20.953066,26.23334,22.719448,28.541422,24.808918,23.762503,19.443048,18.898216,14.861339,14.913129,13.009838,11.532236,13.143679,12.022673,16.912031,18.814749,18.802835,18.959038,14.929959,19.182508,15.750816,19.867418,19.711134,21.594864,24.357752,25.759127,29.311575,27.38313,26.217907,25.666088,22.592657,24.881653,22.016445,26.075438,25.396845,25.448654,22.570417,22.08465,19.912539,15.804201,18.097975,16.201984,21.198841,19.975716,25.374828,24.399094,28.487537,28.904045,25.74234,25.262632,20.854454,21.16372,18.709173,15.075981,15.97757,12.72172,15.519628,14.402677,17.90854,17.209679,15.630936,17.182066,14.563916,10.692446,7.20613,7.5306687,5.5558443,8.561529,10.839647,13.732648,17.352243,22.619125,23.880932,26.748264,29.80759,31.203325,29.437626,26.840134,24.378105,24.717691,19.838188,21.526249,16.968203,17.514517,17.5276,14.822059,19.51394,21.58537,19.72365,17.087162,16.302866,11.113974,13.801504,10.684992,14.346398
9,26.515322,23.450542,21.211271,17.361282,14.443839,12.443773,10.336893,5.682275,4.6176434,0.0,5.639535,7.313436,9.06026,7.627177,9.3750725,6.750834,12.036641,10.120459,14.481249,15.430793,19.120117,21.439096,19.597609,25.018091,21.05972,27.395561,23.583437,22.263477,17.945484,17.866817,12.955625,14.398817,11.020422,12.175678,11.505046,12.229565,16.112988,17.13549,16.071405,15.828797,11.49064,15.101927,12.0383415,15.640268,16.028128,17.735104,20.903658,22.509357,25.965815,23.536282,22.591574,21.649057,18.998447,21.381971,18.748964,23.208523,22.460432,23.28892,20.741835,21.089266,18.60052,14.727373,16.92594,13.828978,19.173193,17.483883,23.038452,21.757807,26.317024,26.384037,22.972704,22.7703,18.213669,18.379473,15.4574375,11.721546,11.810998,8.376784,10.951964,10.175605,13.877932,13.721046,12.073958,14.51669,12.473389,8.052783,6.0871,4.1225157,6.356538,6.949096,10.790955,13.555091,17.152977,22.412273,23.432138,26.744068,29.48808,31.482086,29.430456,27.197823,25.068329,25.716873,21.40218,22.566383,18.632725,18.321287,19.497704,16.067068,20.874804,23.203245,20.705347,17.699932,17.119873,11.187063,13.071127,9.5084305,12.105148
10,29.50746,26.156801,24.552702,19.977861,18.11653,16.196648,13.368839,10.013607,6.4109874,5.639535,0.0,5.124356,7.518311,7.547346,11.118447,10.46151,15.512246,14.980648,18.446732,20.403452,23.240906,26.386623,24.922972,30.414454,26.625177,32.978363,29.215057,27.842775,23.564754,23.19874,18.477097,19.142807,14.95296,14.490319,13.484378,12.124335,15.851149,16.687912,16.690454,18.038496,14.738337,18.391176,16.56209,19.72991,20.905268,22.2258,25.692587,27.028774,30.750965,27.976027,27.38158,25.973507,23.779577,25.932676,22.638256,27.56181,25.778,27.111767,24.859657,24.745626,21.18309,18.098724,21.246855,18.847553,24.373034,22.922882,28.469301,27.205845,31.880095,31.810194,28.283134,27.905645,23.444979,22.999165,19.957705,16.790287,15.958722,12.645789,13.753983,11.724657,14.791103,13.685771,10.703916,11.743195,10.536339,7.7245255,5.944344,8.10129,9.615551,12.459896,15.830818,18.92378,22.50071,27.861658,28.844294,32.081024,34.945595,36.716675,34.564568,32.18977,29.783352,30.569187,25.815275,27.48874,23.170717,23.288181,23.549694,20.276625,24.757864,26.56842,24.029705,21.464235,19.409286,14.612369,15.539453,11.284222,13.564763
11,32.92316,29.840305,27.96197,23.411404,21.157295,19.552313,16.606197,12.922607,10.236864,7.313436,5.124356,0.0,4.4626145,6.245232,9.274919,10.080331,15.408879,15.461035,19.372728,21.198072,24.721327,27.671799,25.809725,31.196154,26.896095,33.469997,29.449055,27.600733,23.627764,23.174849,18.271978,19.297104,13.6442,14.936996,11.62767,11.77623,13.858127,13.542766,12.721254,14.3567705,11.73514,14.75333,14.280976,16.961111,19.130886,20.41491,24.317347,26.103025,29.349012,25.848019,25.429869,23.22041,21.465483,23.235825,19.62089,24.95924,22.509092,24.732832,23.043327,23.45129,19.243914,16.979841,20.352188,17.640755,23.274174,21.93385,27.331863,26.168657,31.244326,31.02633,27.440392,27.672232,23.156176,22.884197,19.44915,16.172512,14.250955,10.7485,10.301287,7.4200416,9.973658,8.833578,5.633356,7.3571625,6.8770437,4.4698954,5.956757,7.414507,11.254404,13.230905,16.970285,20.25448,23.46004,28.97235,29.347775,32.950684,35.574192,37.705074,35.044575,32.99902,30.763464,32.12987,27.737177,29.380938,25.720114,25.49906,26.787472,23.299713,27.978434,30.103807,27.293493,24.423326,22.866081,17.533329,18.069218,13.789734,14.80544
12,35.52025,32.357033,30.212471,26.227697,23.499054,21.256386,19.248615,14.434607,12.61302,9.06026,7.518311,4.4626145,0.0,3.245029,6.2312927,8.724353,13.027562,14.53457,17.509823,20.206652,23.106377,26.789165,25.349726,30.757572,26.749882,33.514565,29.976233,28.433157,24.402582,24.819216,19.418722,21.76833,16.326258,18.783892,15.205731,16.155224,17.938715,17.082335,15.392196,16.443792,13.548948,15.034711,14.874608,15.950293,18.337708,18.768303,22.718807,23.98699,27.580774,24.040363,24.148981,22.073772,21.216564,23.40277,20.799448,26.144812,24.172104,26.883692,25.3407,26.40166,22.525303,20.159735,22.943417,19.172264,24.59854,22.47734,27.816288,26.006708,31.093054,30.338793,26.54873,26.375765,22.164663,21.065308,17.602757,15.355973,12.662005,10.361571,9.349151,7.920583,10.4108095,10.404032,5.806368,8.757288,10.398922,8.393712,10.084956,9.868833,14.461258,14.807702,19.111027,21.629494,25.02448,29.96733,30.789186,34.428337,36.787277,39.31732,36.96726,35.10165,33.18683,34.177456,30.170519,31.094248,27.435694,26.560171,27.855934,23.826477,28.146854,30.077757,26.771788,24.0042,21.95897,17.078472,16.522089,12.334487,12.079721
13,33.805206,30.629015,28.294874,24.79096,21.731638,19.118616,17.805239,12.38326,11.364627,7.627177,7.547346,6.245232,3.245029,0.0,4.0301757,5.9529095,10.032003,11.662728,14.342936,17.252913,19.903168,23.759617,22.541227,27.994257,24.254623,31.01558,27.766964,26.556353,22.377117,23.282434,17.700275,20.69381,16.034204,18.775238,15.884237,17.152906,19.564848,19.106361,17.17681,17.436842,13.754567,15.108116,13.990028,14.860896,16.5996,16.84094,20.5556,21.514524,25.424644,22.317179,22.409182,20.932404,20.018759,22.635078,20.728548,25.775925,24.59523,26.925564,25.099628,26.33049,23.111181,20.15484,22.390177,18.120722,23.375889,20.81536,26.20774,24.082436,28.982426,28.119205,24.288084,23.73423,19.60313,18.245789,14.909082,12.957182,10.635995,8.841363,8.986228,8.85941,12.016059,12.548901,8.624529,11.883816,12.812649,9.812648,10.633061,9.253561,13.722055,13.05859,17.546436,19.52513,23.101479,27.681065,28.925545,32.451748,34.750217,37.365738,35.372097,33.504303,31.747711,32.330364,28.514938,28.988377,25.251532,24.077196,25.286045,21.057526,25.21913,27.112476,23.690876,20.931202,18.946575,14.072569,13.366739,9.300121,9.023993
14,34.675278,31.72249,29.014854,26.119612,22.515715,19.840845,19.202328,13.3873205,13.63281,9.3750725,11.118447,9.274919,6.2312927,4.0301757,0.0,4.402387,7.2113347,9.622084,12.125421,14.923858,17.857365,21.534266,20.255602,25.514166,21.752771,28.564606,25.553963,24.415558,20.437979,21.951185,16.215265,20.284681,15.903053,20.054138,16.760109,19.266733,21.28548,20.541328,17.726059,16.979383,13.063312,13.088544,12.005915,11.562484,13.333753,13.0918665,16.858292,17.812346,21.628819,18.424671,18.728174,17.36457,16.981426,19.850578,18.91833,23.708319,23.184645,25.70879,24.037542,25.925928,23.259157,20.279623,21.78576,16.708271,21.524897,18.46233,23.611086,21.127607,26.044737,24.872759,20.982517,20.503956,16.560284,15.04492,11.5754,10.199182,7.152219,6.728596,6.744396,8.5425005,11.592332,13.15763,10.128319,14.144188,15.067133,11.80802,13.049197,10.159756,15.183105,12.813948,17.421862,18.730955,22.077684,26.152773,27.417015,31.02777,32.996735,35.995445,34.08478,32.519512,31.14416,31.648003,28.433458,28.312647,25.095303,23.3353,25.239552,20.791277,24.802387,26.889381,23.263426,20.342873,19.09887,14.058536,13.09345,9.911853,8.5146
15,30.475704,27.602095,24.769497,22.20385,18.374002,15.652193,15.452815,9.486883,10.787447,6.750834,10.46151,10.080331,8.724353,5.9529095,4.402387,0.0,5.7118874,5.816467,9.53375,11.504759,15.0299835,18.125622,16.649603,22.074778,18.316025,25.07645,21.981941,21.041529,16.8085,18.383581,12.650378,16.840553,13.596244,17.500616,15.390511,17.926195,20.72678,20.731361,18.174368,16.838858,12.158602,13.185216,10.346196,11.277209,11.67372,12.181247,15.487357,16.598074,20.464687,17.968092,17.647264,17.04906,15.631814,18.7479,17.952404,22.276142,22.48197,24.090977,21.92051,23.589085,21.676052,17.994642,19.025267,13.9458065,18.689949,15.580864,20.94877,18.572538,23.265993,22.45871,18.675323,18.065022,13.800161,12.900383,9.61703,7.1899986,6.0777435,4.9940476,7.7499623,9.656259,13.3154125,14.662157,12.550992,16.343904,15.913854,11.752917,11.815748,7.980391,12.189604,8.901551,13.483399,14.493146,18.013865,22.090857,23.602203,27.074255,29.189428,32.020744,30.337437,28.630291,27.243578,27.472582,24.260221,24.011541,20.71135,18.963425,20.920444,16.56015,20.779999,23.090235,19.728277,16.605717,16.165728,10.422235,10.582957,7.770107,7.9991856
16,32.578823,29.825272,26.694534,25.302725,21.084875,17.836744,19.138636,13.030465,15.356651,12.036641,15.512246,15.408879,13.027562,10.032003,7.2113347,5.7118874,0.0,5.197076,5.1266613,8.721641,10.817455,14.911375,14.395352,19.525066,16.732733,23.313517,21.36396,21.254438,17.264626,20.229538,14.689242,20.190506,18.13109,22.541742,20.685158,23.545507,26.305624,26.15538,23.17348,21.255585,16.61333,16.17907,13.330373,12.004031,11.346538,10.198431,12.597602,12.336034,17.038948,15.433599,15.73466,16.370829,16.069542,19.76656,20.780245,24.36821,25.692787,27.283104,25.183523,27.424414,26.30734,22.511398,22.594913,16.816868,20.43256,16.34002,21.046824,17.687534,21.780148,20.18915,16.312452,14.586071,11.246907,8.560156,5.7806716,6.956776,6.3277755,8.790326,11.152348,14.30838,17.524569,19.463394,17.178318,21.189613,21.38405,17.387493,17.486532,13.480467,17.155935,12.629676,16.723782,16.139664,19.48619,22.05063,24.38328,27.567822,29.176298,32.445652,31.500345,30.100838,29.29815,28.780693,26.426207,24.971746,22.001875,19.276304,21.205477,16.432062,19.612518,21.622639,17.732101,14.893213,14.573714,10.199997,8.755116,8.196571,6.3580265
17,27.869368,25.33545,22.056993,20.881992,16.441065,13.539788,15.076919,9.495569,12.882335,10.120459,14.980648,15.461035,14.53457,11.662728,9.622084,5.816467,5.197076,0.0,5.6024866,5.7562933,10.189817,12.371536,10.882644,16.351276,12.994236,19.649319,17.114302,16.924482,12.639922,15.413868,10.027662,15.484381,14.669811,18.852108,18.01794,21.021631,24.174469,24.63843,21.91839,19.533506,14.545536,15.1718445,10.925897,11.572024,9.663159,10.195666,12.153774,12.929025,16.888699,15.742936,14.977131,15.957158,14.126781,17.733849,18.450365,21.550213,23.35881,24.004492,21.478924,23.426437,23.039066,18.789165,18.375626,12.881397,16.344534,12.504242,17.501984,14.65424,18.671972,17.861877,14.23294,13.023421,8.8371105,8.335729,5.9600086,3.9709408,6.5613904,7.5344596,11.428969,14.181941,17.683422,19.341124,18.070005,21.894726,20.830523,16.332933,15.68086,11.147724,13.710995,8.263421,11.864295,10.943881,14.342793,17.247086,19.51354,22.684532,24.547564,27.581953,26.585203,25.036646,24.15664,23.631084,21.253958,19.879944,17.035208,14.427009,16.953796,12.487445,16.354631,18.967278,15.721856,12.384535,13.807268,8.104051,9.203501,8.917656,9.590896
18,30.313536,27.719097,24.435593,24.176939,19.811495,16.291847,18.952345,13.362899,16.698112,14.481249,18.446732,19.372728,17.509823,14.342936,12.125421,9.53375,5.1266613,5.6024866,0.0,5.3555164,5.73506,10.4117775,10.879792,15.864782,14.231371,20.257444,19.203049,20.009172,16.094196,19.774809,14.91777,20.602463,20.2715,24.15735,23.508224,26.163795,29.479782,29.835821,27.064556,24.784273,19.890152,19.802156,16.035318,15.14045,12.969017,11.896098,12.6778145,11.449076,16.451124,16.47141,16.448267,18.442915,17.741697,21.624918,23.36086,26.113901,28.388968,29.14304,26.688272,28.804737,28.630268,24.35948,23.698034,18.114544,20.823725,16.498034,20.697235,17.08449,20.15978,18.572811,15.049343,12.153164,9.624719,6.427373,5.9289746,8.27275,9.98787,12.399058,15.579385,18.692091,22.06863,23.90297,21.86422,25.731932,25.398968,21.083298,20.408072,16.308521,18.659718,13.565887,16.74696,14.858439,18.106707,19.438108,22.683922,25.331726,26.792604,29.997229,29.875244,28.473179,27.980032,26.614986,24.783436,22.467728,19.562986,16.31338,17.859417,13.065564,15.368433,17.247236,13.302731,10.62484,11.356103,8.125725,6.9671874,8.993747,8.305707
19,27.463102,25.382088,21.793098,22.22543,17.562353,14.736355,17.780018,13.237893,17.377151,15.430793,20.403452,21.198072,20.206652,17.252913,14.923858,11.504759,8.721641,5.7562933,5.3555164,0.0,6.241166,6.7111015,5.754284,11.064975,8.956357,15.0859785,13.870889,14.92145,11.2070875,15.375288,11.342699,17.292648,18.427052,22.619173,22.546259,25.777105,29.010672,29.66027,26.791021,23.789991,18.92629,18.951862,14.452338,14.279979,10.812905,10.787551,10.558631,10.342706,14.218703,14.956194,13.999786,16.683096,15.047805,18.809668,21.062101,22.875332,26.041325,25.99236,23.378233,25.59455,26.457298,22.06216,20.455828,15.071732,16.699888,12.377764,16.111889,12.671561,15.309428,14.237045,11.050738,8.551197,5.5771036,5.2554865,5.9241004,6.878211,10.490355,12.570345,16.30674,19.480646,22.751524,24.650707,23.704283,27.602552,26.397427,21.841347,20.958723,16.346914,17.941889,11.97036,14.005035,11.071392,13.646308,14.300544,17.581255,20.15434,21.4745,24.799873,24.772617,23.558502,23.404562,21.941439,20.813265,17.991877,16.004519,12.324068,15.279691,11.097855,13.656068,16.345125,13.30952,10.209559,13.617951,9.682211,10.830008,12.681486,13.110589
20,29.579609,27.321009,23.952204,25.109043,20.800743,17.324999,21.197294,16.59588,20.470695,19.120117,23.240906,24.721327,23.106377,19.903168,17.857365,15.0299835,10.817455,10.189817,5.73506,6.241166,0.0,6.514602,9.0617895,12.860913,13.297384,17.911936,18.320154,20.223684,16.870445,21.147623,17.419771,22.980875,24.172298,27.652409,27.908203,30.464113,34.087997,34.775345,32.094727,29.482573,24.548721,24.489264,20.309164,19.467144,16.363508,15.259015,14.437473,12.237226,16.890383,18.623516,18.420206,21.565607,20.778728,24.63896,27.149408,29.01001,32.172375,32.233368,29.589342,31.652071,32.390274,27.874249,26.475452,21.250914,22.815207,18.48672,21.688505,17.965946,19.547184,17.917568,15.184885,11.1247425,10.50959,7.6309347,9.614227,12.409448,15.037487,17.51463,20.946802,24.115845,27.495235,29.335966,27.50543,31.312048,30.67788,26.21672,25.100155,21.015793,22.364103,17.08838,19.154543,16.043089,18.721207,18.220816,22.388996,24.24841,25.330624,28.459906,29.371138,28.115776,28.105469,25.789732,24.83493,21.458212,19.007753,15.222211,16.249,12.006837,12.410888,13.886277,10.140199,8.314414,10.759476,10.125197,9.51207,13.128076,12.994942
21,27.103546,25.600348,21.952873,24.149302,19.721754,17.218544,21.410612,18.110971,22.553871,21.439096,26.386623,27.671799,26.789165,23.759617,21.534266,18.125622,14.911375,12.371536,10.4117775,6.7111015,6.514602,0.0,4.138225,6.500656,8.259375,11.597342,12.80646,15.491539,13.061319,17.708374,15.576828,20.88887,23.694126,27.338196,28.189886,31.275375,34.7384,35.69673,32.930637,29.630987,24.897963,24.862095,20.24261,19.961843,15.887253,15.664002,13.679181,12.422024,15.331275,18.094429,17.004036,20.868023,19.328772,22.819317,25.944893,26.588306,30.740717,29.889694,27.17203,29.29773,31.244076,26.745066,24.300484,19.6484,19.66628,15.709421,17.666847,14.362433,14.543793,13.551879,11.8869,8.201282,8.698075,8.873698,11.561997,13.258226,16.953144,19.138004,22.871656,26.072994,29.277668,31.186876,30.392868,34.238068,32.80811,28.183247,26.925476,22.46698,23.072775,17.292889,17.95427,13.793887,15.187981,12.908257,17.35496,18.6993,19.344648,22.607073,24.009432,23.112724,23.712534,21.032701,21.318714,17.054705,16.106802,11.837817,14.400467,11.507216,11.595835,13.955118,11.887723,9.969149,15.048695,13.540443,14.771084,17.853823,18.4437
22,25.776476,24.42915,20.655228,22.392117,17.791697,15.856005,19.466406,16.465189,20.953066,19.597609,24.922972,25.809725,25.349726,22.541227,20.255602,16.649603,14.395352,10.882644,10.879792,5.754284,9.0617895,4.138225,0.0,5.5662417,4.523319,9.530324,9.267637,11.5247965,8.952406,13.710117,11.831347,17.220839,20.251572,24.25866,24.992817,28.4709,31.65012,32.610256,29.776217,26.228634,21.656954,21.708843,16.955341,17.214626,12.926172,13.535967,11.800451,11.938769,14.077377,16.213161,14.5319195,18.107176,15.904992,19.200346,22.189085,22.614595,26.871307,25.817001,23.104254,25.315714,27.48571,23.102676,20.38926,15.822892,15.540472,11.699266,13.760772,10.753915,11.49221,11.128667,9.316494,7.1197047,6.2084227,8.569805,10.474755,10.873381,14.939618,16.709864,20.491484,23.577446,26.632399,28.529806,28.335068,32.157764,30.355345,25.749023,24.622272,19.966856,20.568611,14.54183,14.848999,10.654304,11.63539,9.877348,13.766257,15.665997,16.497725,19.975178,20.685429,19.83475,20.391167,18.301899,18.57765,14.629592,14.20737,10.017355,14.100222,11.408833,12.969764,15.99489,14.226216,11.601411,16.81759,13.711592,15.696343,17.90413,18.767418
23,27.474356,26.818726,23.082792,25.84058,21.515368,20.158127,23.980488,21.704458,26.23334,25.018091,30.414454,31.196154,30.757572,27.994257,25.514166,22.074778,19.525066,16.351276,15.864782,11.064975,12.860913,6.500656,5.5662417,0.0,5.4817095,5.277445,8.232791,11.752299,11.290036,15.9348135,15.76027,20.551834,24.438435,28.489717,29.438063,33.165165,36.136574,37.123253,34.16014,30.23105,26.010588,25.6412,21.150005,21.01385,16.513203,16.949049,14.067175,13.941111,14.472934,17.949043,16.141966,20.41034,18.489359,21.28897,25.165743,24.412153,29.525015,27.954538,25.447983,27.818163,30.8868,26.762917,23.321825,19.37575,17.523916,14.284535,14.172809,11.633147,9.6448,9.545494,9.800787,8.005392,9.799258,12.356701,14.958814,15.840764,19.706398,21.712908,25.253199,28.475132,31.273567,33.31314,33.488773,37.36048,35.43384,30.877306,29.801863,25.110651,25.454115,19.520445,19.064543,14.581924,14.156454,9.843062,13.717799,14.500156,14.170155,17.914684,19.640627,19.497501,20.971544,18.345852,20.252028,15.406608,16.644997,12.580295,16.724434,15.303136,15.514557,18.21628,17.314785,15.467252,21.135414,18.924282,20.782827,23.332153,24.016218
24,26.594044,25.712526,21.914627,23.512077,18.97246,17.904722,20.808872,18.3815,22.719448,21.05972,26.625177,26.896095,26.749882,24.254623,21.752771,18.316025,16.732733,12.994236,14.231371,8.956357,13.297384,8.259375,4.523319,5.4817095,0.0,6.816227,5.3772335,7.507611,6.252892,11.217693,10.636886,15.830993,19.271925,23.896631,24.341179,28.457903,31.072466,31.918285,28.85264,24.81745,20.728434,20.404896,15.891882,16.247347,11.753888,13.067808,10.979289,12.42511,12.813478,14.846793,12.504175,16.08622,13.440592,16.209946,19.723982,19.228146,24.11761,22.71442,20.226898,22.800135,25.621624,21.640781,18.239948,13.990905,12.310112,8.82022,9.562329,6.9937644,7.2404575,7.7822957,6.8174706,7.1055794,6.3908153,10.610106,12.063097,11.622936,15.539821,17.105833,20.552437,23.622456,26.259518,28.277897,28.894943,32.72209,30.615692,26.163233,25.365778,20.537863,21.237598,15.1514225,14.822517,10.831243,10.377372,8.178926,10.7937975,13.041743,13.419413,17.400518,17.567183,17.244635,18.244276,16.811079,17.88435,14.066723,15.084998,11.354829,16.58971,14.640965,16.628344,19.866295,18.515512,15.812659,21.054575,17.249775,19.478199,21.067125,21.853699
25,27.32877,27.329657,23.6829,26.605127,22.563171,22.160707,25.470352,24.122343,28.541422,27.395561,32.978363,33.469997,33.514565,31.01558,28.564606,25.07645,23.313517,19.649319,20.257444,15.0859785,17.911936,11.597342,9.530324,5.277445,6.816227,0.0,5.4905972,9.270483,10.855684,14.624208,16.254025,20.011099,24.688047,28.722794,29.868528,33.893185,36.47102,37.55515,34.62492,30.369442,26.681768,26.349209,22.043371,22.430462,17.971321,19.1405,16.256302,17.203205,16.236216,19.479385,17.105524,21.081924,18.618334,20.580467,24.542095,22.675596,28.316856,26.0205,23.689695,26.032106,29.970722,26.251331,22.156702,19.23135,15.967816,13.934855,12.056602,11.054018,7.3177586,9.039096,10.889764,11.289085,12.717054,16.394255,18.4965,18.436375,22.28609,23.811209,27.175701,30.1529,32.625168,34.60292,35.540695,39.284256,36.88711,32.4747,31.46396,26.82117,26.79295,21.134846,19.773716,15.49759,13.641914,8.331114,10.782487,10.955,9.680005,13.803188,15.574273,16.117128,18.275003,15.98282,19.097775,14.308275,17.205433,13.864551,18.787601,18.354303,18.941967,21.869081,21.615885,19.674805,25.585943,22.785433,25.166632,27.250122,28.186298
26,25.035597,24.879711,21.226616,23.174234,19.096104,19.195292,21.650923,20.649141,24.808918,23.583437,29.215057,29.449055,29.976233,27.766964,25.553963,21.981941,21.36396,17.114302,19.203049,13.870889,18.320154,12.80646,9.267637,8.232791,5.3772335,5.4905972,0.0,3.9684014,5.935767,9.209286,11.488206,14.767134,19.56604,23.673996,24.76093,28.922235,31.278257,32.422314,29.627163,25.375208,21.8793,22.013779,17.617033,19.013718,14.799496,16.955006,15.078515,17.22373,16.434404,18.221899,15.376513,18.391722,14.929305,16.587238,19.71112,17.97021,23.339825,20.812601,18.307304,20.564737,24.510523,20.8656,16.680899,14.115438,10.67229,9.288697,7.9265075,8.087425,6.5700517,9.3943405,10.16667,11.94204,11.328735,15.8793,16.935284,15.464781,19.315542,20.056925,23.386467,25.945686,28.300314,30.073397,31.459024,35.00305,32.25672,27.972622,27.019917,22.483948,22.334564,16.930227,15.201786,11.45328,9.024908,5.4857163,6.294347,8.272899,8.316295,12.490259,12.4272175,12.57967,14.215041,13.089169,15.412237,11.658909,14.52556,11.764929,17.5446,16.964247,18.98174,22.371193,21.920841,19.351622,24.979237,20.984411,23.86424,25.1224,26.396837
27,25.547771,25.326189,21.793173,22.79958,18.817026,19.323298,20.833515,19.98936,23.762503,22.263477,27.842775,27.600733,28.433157,26.556353,24.415558,21.041529,21.254438,16.924482,20.009172,14.92145,20.223684,15.491539,11.5247965,11.752299,7.507611,9.270483,3.9684014,0.0,4.559797,6.379905,9.423827,12.151524,16.66805,21.191135,21.845232,26.364143,28.248081,29.27321,26.428322,22.041332,18.965393,19.155369,15.050951,17.01408,13.267281,16.095009,14.961385,17.965706,16.891914,17.566505,14.469022,16.535435,12.460846,13.519912,16.154785,14.182924,19.518011,16.851322,14.422028,16.912754,20.943996,17.648071,13.258865,11.055698,6.8678236,6.625399,5.0341306,6.939413,7.358662,10.417286,10.71113,13.572711,11.951196,16.808645,17.071043,14.692177,18.152458,18.350634,21.342985,23.598854,25.642653,27.341997,29.255125,32.65995,29.717552,25.664131,24.994856,20.536715,20.583181,15.489534,13.655011,10.923389,8.139726,7.4776883,5.5744033,8.964016,9.5529785,13.383427,11.611504,11.774625,12.983241,13.333717,14.976747,12.560939,15.26225,13.1974745,19.174702,18.405437,21.258947,24.796988,24.126902,21.230875,26.42066,21.643766,24.631538,25.199217,26.49373
28,23.81403,22.952356,19.323505,19.787113,15.444428,15.38785,16.973976,15.552817,19.443048,17.945484,23.564754,23.627764,24.402582,22.377117,20.437979,16.8085,17.264626,12.639922,16.094196,11.2070875,16.870445,13.061319,8.952406,11.290036,6.252892,10.855684,5.935767,4.559797,0.0,5.0570993,5.5527587,9.769366,13.8334675,18.299196,19.013958,23.220943,25.627598,26.737251,24.020304,20.008171,16.200886,16.95723,12.164779,14.632796,10.83957,13.778647,13.395045,16.182388,16.474558,16.65782,13.839767,15.687373,11.470546,13.495135,15.290539,14.977039,19.319946,17.327662,14.4653845,16.660746,19.633806,15.647499,12.051169,8.58221,6.949141,4.8985133,7.433001,7.343313,9.768575,11.642795,10.384235,12.25927,9.360935,13.905709,13.722245,10.8231735,14.623627,14.584655,18.041075,20.264978,22.758947,24.348871,25.714993,29.151964,26.333662,22.041367,21.14694,16.591877,16.713312,11.225997,9.895898,6.922793,5.542321,7.2459626,7.3922176,11.040234,12.629156,15.955228,14.413908,13.569957,13.750174,13.771408,13.788184,11.670829,12.693255,10.356539,16.163471,14.672245,18.11692,21.694746,20.630936,17.499523,22.306118,17.225256,20.295908,20.703657,22.190807
29,22.08303,21.485708,18.230442,17.8587,14.170144,15.356842,15.616305,15.715477,18.898216,17.866817,23.19874,23.174849,24.819216,23.282434,21.951185,18.383581,20.229538,15.413868,19.774809,15.375288,21.147623,17.708374,13.710117,15.9348135,11.217693,14.624208,9.209286,6.379905,5.0570993,0.0,5.7709203,5.8100595,11.2744055,14.918473,16.289345,20.35588,22.49797,23.985802,21.808054,17.948849,14.826728,16.712776,12.243097,16.313002,13.526435,17.093939,17.491571,20.719429,20.787092,20.18634,17.251816,17.934315,13.049216,13.917377,13.801161,13.291683,16.925907,13.933732,10.651954,12.0395975,15.64756,11.815779,7.6887636,6.9066663,5.045867,6.8003592,9.035123,10.929467,13.391521,15.859724,14.889188,17.230907,14.02447,18.395702,17.572412,13.655567,16.909485,15.580871,18.723854,19.967491,22.163313,23.227201,25.324337,28.23915,24.712736,20.758884,19.69932,15.823902,14.9853325,11.024027,8.242936,7.3091555,4.62922,9.058582,6.6329947,10.594087,12.938075,15.235915,12.262518,10.980963,10.302106,11.984632,11.216485,11.112249,12.463643,11.838121,17.35177,16.676365,20.631517,24.249128,23.628584,20.48632,24.963892,19.464476,23.015463,22.685991,24.684076
30,23.989586,22.475601,19.126291,17.880802,13.601333,13.36649,13.551676,11.589811,14.861339,12.955625,18.477097,18.271978,19.418722,17.700275,16.215265,12.650378,14.689242,10.027662,14.91777,11.342699,17.419771,15.576828,11.831347,15.76027,10.636886,16.254025,11.488206,9.423827,5.5527587,5.7709203,0.0,6.618417,8.681358,13.6702385,13.752658,18.007242,20.455832,21.509995,18.925264,15.329586,11.109375,12.902263,7.7272797,11.842279,9.311303,12.774473,14.119337,17.169718,18.370422,17.056166,14.617757,14.952783,10.467569,12.564851,12.306588,13.926187,16.565708,15.402902,12.378674,14.254391,15.679762,11.361377,9.120945,4.4005647,7.0493994,5.406982,10.545086,10.339752,14.423289,15.619177,13.283078,14.922066,10.699774,14.284811,12.711859,8.235018,11.389367,9.99184,13.512202,15.135126,17.800264,19.10142,20.45301,23.72291,20.795345,16.499783,15.706179,11.140228,11.750226,6.331609,6.103875,5.855082,6.8548613,11.72477,11.482518,15.33076,17.52325,20.238077,17.884932,16.457563,15.472898,16.431303,14.4618635,14.155143,13.377133,11.954469,16.828342,14.600437,19.092659,22.575445,21.006447,17.575169,21.130024,15.116197,18.199524,17.47983,19.17872
31,20.776525,19.63927,16.917097,14.661998,11.605205,13.3215685,11.725494,12.816095,14.913129,14.398817,19.142807,19.297104,21.76833,20.69381,20.284681,16.840553,20.190506,15.484381,20.602463,17.292648,22.980875,20.88887,17.220839,20.551834,15.830993,20.011099,14.767134,12.151524,9.769366,5.8100595,6.618417,0.0,7.031008,9.125657,11.3883,14.769056,17.255531,19.241837,17.898333,14.946453,11.9503,15.608572,11.399495,16.914087,15.351476,19.047058,20.577381,23.77373,24.646208,23.147095,20.543186,20.172422,15.281804,15.984701,13.431851,14.662073,16.052588,13.397424,9.804696,9.52375,11.611656,7.024571,4.7598233,6.341386,8.474667,10.397147,14.030377,15.5589075,18.87701,20.937122,19.269602,21.19243,17.201662,20.78702,19.128088,14.374245,16.92087,14.182205,17.131607,17.161242,19.420656,19.728125,21.899635,24.203218,20.14215,16.415771,14.948038,12.038954,10.149143,8.426302,5.078797,7.753004,7.270414,13.469483,11.606181,15.043014,17.951382,19.334534,15.991016,13.947654,11.783938,14.223714,11.03378,13.237679,12.727846,13.459207,17.701895,16.938814,21.618876,25.066263,24.367977,21.165728,24.570791,18.641338,22.401104,21.114256,23.634296
32,26.274754,24.471363,22.0333,18.40663,15.56957,16.175463,13.299942,12.475809,13.009838,11.020422,14.95296,13.6442,16.326258,16.034204,15.903053,13.596244,18.13109,14.669811,20.2715,18.427052,24.172298,23.694126,20.251572,24.438435,19.271925,24.688047,19.56604,16.66805,13.8334675,11.2744055,8.681358,7.031008,0.0,7.393975,5.2119346,10.33486,11.860761,12.999406,11.106968,8.5530815,5.431345,10.331626,7.546957,13.557381,13.948458,17.424068,20.242617,23.619217,24.867367,21.994432,19.982687,18.133028,13.94294,14.48536,10.027464,13.7814665,12.726919,12.491497,9.926242,10.341039,8.454526,4.4581,6.7240586,6.041216,11.129417,12.108806,16.676678,17.471779,22.06824,23.283754,20.805016,22.802683,18.284515,20.958212,18.275488,13.233171,13.937725,10.136251,11.793416,10.762917,12.666704,12.73568,15.35188,17.554108,13.625625,10.198569,10.01679,7.279557,8.132849,7.848521,8.309135,12.151552,13.283773,19.358149,17.835436,21.611935,24.187088,26.05979,22.468422,20.750538,18.656485,21.23955,17.723152,19.877756,18.36048,18.598242,22.235113,20.22892,25.291265,28.513021,26.895563,23.503983,25.45819,19.008707,21.857758,19.391378,21.300285
33,22.425241,20.484337,19.036592,14.04235,13.050443,14.7826605,10.210478,12.546698,11.532236,12.175678,14.490319,14.936996,18.783892,18.775238,20.054138,17.500616,22.541742,18.852108,24.15735,22.619173,27.652409,27.338196,24.25866,28.489717,23.896631,28.722794,23.673996,21.191135,18.299196,14.918473,13.6702385,9.125657,7.393975,0.0,6.5507736,6.262178,9.918526,13.05474,13.938491,13.689894,11.841711,17.298208,14.670859,20.613768,20.738144,24.062239,26.730114,29.678738,31.421001,28.975595,26.933943,25.444063,21.160711,21.681248,16.906284,20.046167,18.36819,17.049562,14.299462,12.127974,9.859542,6.4592395,10.097191,12.452783,16.61092,18.159037,22.485222,23.579185,27.562065,29.164986,26.861197,28.291445,23.782967,26.189428,23.69694,18.725475,19.828941,15.707211,17.606537,15.473121,17.45495,16.192873,18.142178,18.917192,14.050064,11.4588175,9.219275,9.895935,6.309289,10.748304,9.570667,14.225786,15.462095,21.818607,20.483534,23.519646,26.70137,27.417826,23.988474,21.556398,18.55378,21.160698,16.302883,20.07708,17.72472,19.529335,21.66773,20.716246,25.726063,28.625498,27.751627,24.757042,26.2043,20.346836,23.785994,21.09675,24.06334
