,0,1,2,3,4,5,6,7,8,9,10,11,12,13,14,15,16,17,18,19,20,21,22,23,24,25,26,27,28,29,30,31,32,33,34,35,36,37,38,39,40,41,42,43,44,45,46,47,48,49,50,51,52,53,54,55,56,57,58,59,60,61,62,63,64,65,66,67,68,69,70,71,72,73,74,75,76,77,78,79,80,81,82,83,84,85,86,87,88,89,90,91,92,93,94,95,96,97,98,99,100,101,102,103,104,105,106,107,108,109,110,111
0,0.0,4.270537,5.7530684,8.343751,11.764406,13.169172,16.942951,19.825665,22.894363,26.265299,31.010345,32.965538,35.275017,36.281933,32.714203,28.998392,25.980944,23.05634,21.289017,16.58825,16.036226,11.981994,14.222761,11.057594,14.155451,15.705078,16.75814,20.335295,19.89909,23.401178,23.909346,27.252079,32.919712,33.8719,37.434605,38.61758,42.860394,44.58809,43.442013,40.196724,35.595856,36.618793,31.52883,32.375263,28.233137,28.359522,25.993107,24.89405,26.107622,30.00614,28.385374,32.717587,30.573912,33.10924,36.3744,35.206726,40.24102,37.96614,34.94551,36.213192,40.039017,35.308327,32.099503,29.510086,28.015657,25.636562,25.854155,24.482239,21.65341,22.499092,22.477663,19.79305,20.847208,21.200787,23.702572,25.043436,28.837872,30.093231,34.289986,36.42093,40.209682,41.034225,38.309837,41.32397,40.168613,35.595608,33.120316,28.93737,28.860422,23.538542,22.86329,18.532228,19.646307,14.781781,20.08988,22.661856,21.467049,25.63355,22.08809,27.03481,22.963947,29.706432,26.305752,30.666685,33.144077,29.880978,27.133276,23.600264,20.263657,17.663296,14.342761,12.090828
1,4.270537,0.0,5.0912514,4.588722,8.73629,11.050673,14.084855,17.76576,20.23968,24.030464,28.441828,30.788078,32.789467,33.582424,30.192936,26.240988,23.886513,20.413006,19.524958,14.667498,15.026343,10.673801,13.862717,10.666297,11.7199135,14.015868,13.853688,17.096636,16.517754,19.598953,20.408674,23.25311,29.18765,29.840897,33.640385,34.759045,38.984325,40.874832,39.88194,36.695797,32.186493,33.585167,28.361021,29.813799,25.702017,26.325771,24.296724,23.865887,24.995472,28.40142,26.443844,30.463057,27.814354,30.189348,33.0118,31.845266,36.727276,34.23186,31.116476,32.1638,36.08029,31.334543,28.131775,25.903608,24.479017,22.41783,22.813332,21.893919,19.412611,20.737509,20.50764,18.502886,18.746292,19.78692,21.86227,22.418055,26.399904,27.173645,31.477222,33.329727,37.109356,37.75453,35.25554,38.179375,36.686996,32.17223,29.499485,25.52301,24.9966,19.900673,18.854042,14.532326,15.662252,10.879945,16.4268,18.79687,17.318546,21.390692,17.877666,22.822285,18.997135,25.829407,22.669914,27.221992,29.896069,26.957043,24.053432,21.278248,17.126661,14.988458,11.194478,9.097415
2,5.7530684,5.0912514,0.0,5.958394,7.1858134,9.073516,12.194415,15.670232,18.811739,22.001831,26.944828,28.587906,30.93613,31.602343,27.965626,24.281853,21.129812,18.069283,16.442524,11.246794,11.897729,6.5156856,8.933959,5.9547663,8.808139,11.232319,11.90409,15.683972,14.928749,19.019098,19.011246,23.150803,28.457575,30.214033,33.080822,34.873196,38.790886,40.232162,38.68134,35.22948,30.633541,31.247631,26.266825,26.789703,22.592697,22.668388,20.254677,19.34376,20.545113,24.289755,22.656052,26.98827,24.988863,27.647312,31.160385,30.159636,35.198803,33.337063,30.449587,32.18397,35.69068,31.081268,27.841606,24.636442,23.184343,20.398026,20.845873,19.067698,16.641417,17.15947,16.81608,14.126517,15.127609,15.696605,18.266516,19.679617,23.525824,25.029474,29.163801,31.59095,35.331177,36.40879,33.950085,37.280144,36.102383,31.426176,29.296076,24.850916,25.176525,19.316372,19.045345,14.693479,15.916136,12.059382,17.470423,20.918325,20.023344,23.171133,20.306528,24.557117,20.503962,26.982712,23.095903,27.643517,30.057512,27.122488,24.544552,21.380745,17.589317,16.11994,12.193683,11.6780615
3,8.343751,4.588722,5.958394,0.0,4.733606,7.4518943,9.812683,13.870018,15.911781,19.903128,24.110617,26.639091,28.464535,29.166029,25.876787,21.835644,19.894854,16.174313,15.878052,11.287046,12.219075,8.466128,12.567982,10.495525,9.508253,13.366334,11.526553,14.419718,12.922115,15.9879,16.208668,19.186806,24.735565,25.537552,29.188204,30.305105,34.538246,36.35682,35.404495,32.33146,27.773579,29.390526,24.144096,25.907284,21.987787,22.86273,21.368727,21.360815,22.87611,25.63672,23.548132,27.191986,24.249083,26.736107,29.099155,28.394474,32.919327,30.621622,27.412807,28.424294,31.976067,27.14037,24.202759,21.76247,20.950428,18.767233,19.968977,19.087381,17.560938,18.867308,17.934237,16.333097,15.532336,16.784676,18.332096,18.349659,22.320366,22.79672,27.126387,28.822157,32.603424,33.18713,30.711294,33.635696,32.109352,27.58529,24.951118,20.936882,20.537914,15.356072,14.606105,10.481885,12.36561,8.917831,14.830992,17.249828,15.131857,18.382944,14.6591835,19.112057,14.937927,21.638517,18.231016,22.856289,25.537668,22.786451,19.90232,17.583761,12.923497,11.521945,7.245109,6.5574064
4,11.764406,8.73629,7.1858134,4.733606,0.0,4.4743104,5.4612274,10.2842245,12.413878,16.142447,20.603895,22.754137,24.67666,25.130285,21.72226,17.740221,15.579073,11.749992,11.622996,6.7759166,9.108158,5.3402715,9.669873,9.10154,6.7172318,11.859044,9.106494,11.932096,9.476322,13.374359,12.431442,16.634138,21.42327,23.239323,26.017836,27.724316,31.669,33.110455,31.741652,28.506899,23.850704,25.042936,19.902601,21.27759,17.383156,18.158262,16.859339,17.031828,18.835371,21.21336,19.182337,22.721273,19.940802,22.704147,25.23499,24.95138,29.354115,27.639423,24.555332,26.07584,29.087692,24.331459,21.524082,18.166872,17.759266,14.926518,16.817654,15.386614,14.764174,15.546587,13.918962,12.397167,10.968521,12.2969675,13.664532,13.719381,17.71124,18.482803,22.765888,24.799809,28.566746,29.438839,27.086597,30.34845,28.963245,24.304197,22.131136,17.722105,18.075176,12.149378,12.315817,8.464372,10.880837,9.514874,14.960591,18.097527,16.275232,18.134357,15.151765,18.474813,14.1857815,20.257967,16.161167,20.82386,23.306686,20.8157,18.250114,16.167582,11.448249,11.491983,7.2518215,9.081088
5,13.169172,11.050673,9.073516,7.4518943,4.4743104,0.0,5.0101237,6.7756324,9.917729,13.150909,17.991617,19.868237,22.133654,23.171482,19.591259,15.986878,13.055256,10.376921,8.774588,5.69277,5.193126,5.5541673,9.760956,11.061889,10.176541,15.407435,12.931482,15.592533,12.369443,16.330254,13.885789,18.636917,21.910818,24.062992,26.39638,27.727287,31.87849,32.985153,31.697622,28.81305,23.939898,25.03222,20.220764,21.03019,17.654594,17.776821,17.012678,16.42313,19.4401,21.55217,20.012817,23.375002,21.048223,24.268185,26.524231,27.110199,30.961838,29.859715,26.786747,28.287533,30.49909,25.65785,23.547497,19.557577,20.280743,16.937075,19.764223,17.770864,17.919384,17.918528,15.562911,13.26276,11.52749,11.113291,12.223952,13.144973,16.45107,17.579092,21.638065,23.731125,27.520733,28.466816,25.442396,28.66293,28.022894,23.364729,21.571617,16.88103,18.430883,12.599993,14.181866,11.388253,14.528112,13.862946,19.268316,22.138557,19.67892,21.205908,17.43878,20.240648,15.000411,20.369305,15.678789,19.66606,21.665966,18.587238,16.382195,13.101467,9.899543,9.584936,6.6127577,9.227658
6,16.942951,14.084855,12.194415,9.812683,5.4612274,5.0101237,0.0,6.176591,7.4877477,11.081682,15.438693,17.511534,19.333252,19.676832,16.275167,12.286069,10.450812,6.3635764,7.353671,4.630123,7.8389654,7.5805664,11.080429,12.583651,9.160605,14.690988,10.8097925,12.439556,8.432985,12.151833,8.95537,14.137144,17.170311,19.848797,21.74279,23.63059,27.444212,28.49742,26.99356,23.935133,19.111755,20.313744,15.345293,16.732094,13.394327,14.25629,14.11882,14.74909,17.395948,18.550222,16.63333,19.413355,16.561985,19.686056,21.566849,22.355629,25.992744,25.01981,21.991314,23.6619,25.658442,20.918562,18.83945,14.574718,15.680743,12.317521,15.841252,14.129491,15.393727,15.584339,12.734084,11.801242,8.49369,9.497717,9.530752,8.839382,12.584576,13.19702,17.446287,19.4968,23.27614,24.2543,21.80169,25.235521,24.11077,19.39153,17.70616,12.963833,14.439564,8.172402,10.180637,8.178624,11.449346,12.796858,17.247128,20.194094,17.996235,18.260832,15.548741,17.261742,12.726924,17.446539,12.676832,16.995424,19.139688,16.976002,14.8847,13.434722,9.091714,11.0005245,8.110657,11.742413
7,19.825665,17.76576,15.670232,13.870018,10.2842245,6.7756324,6.176591,0.0,4.4477134,6.4586625,11.596166,13.144846,15.565338,16.963821,13.339573,10.270442,7.093578,6.2844815,4.320752,7.076137,5.796923,10.570761,13.344277,16.341885,14.608325,20.00948,16.729818,18.36849,14.1721115,17.54312,13.093824,18.216385,18.809788,21.81207,22.931776,24.14122,28.145346,28.644089,27.325022,24.946474,20.005926,21.034367,16.933397,17.363401,15.218128,15.012152,15.836182,15.388571,19.549063,20.184391,19.08312,21.37722,19.343624,22.896784,24.23554,26.211578,28.91951,28.813929,25.912119,27.44797,28.25398,23.592205,22.619823,17.85146,20.363388,16.702452,20.982943,18.747242,20.632727,19.993473,16.574404,14.790593,11.602125,9.935046,9.115195,9.842418,11.70686,12.81548,16.363495,18.382168,22.074413,23.136812,19.59243,22.900503,23.056385,18.505903,17.587286,12.71176,16.094013,10.950389,14.482138,13.741033,17.341188,18.722094,23.343315,25.96164,23.1017,23.168392,19.58555,20.652843,15.248724,18.5104,13.220242,16.012608,17.188595,14.20565,12.986436,9.9030075,8.856934,10.496489,9.978908,13.782082
8,22.894363,20.23968,18.811739,15.911781,12.413878,9.917729,7.4877477,4.4477134,0.0,4.6307464,8.23695,11.016184,12.589223,13.798286,10.652643,7.1030707,6.739288,5.385611,7.0235934,10.029532,10.204264,13.985266,16.942112,19.548134,16.53648,21.991531,17.818165,18.557728,14.067402,16.273016,11.4032755,15.579373,15.060639,17.859766,18.931036,19.786911,23.8919,24.465754,23.507534,21.51387,16.63546,18.525415,14.5059395,16.078093,14.643618,15.261748,17.02278,17.570276,21.392103,21.07049,19.693323,21.072401,18.416178,21.689798,21.862585,24.38156,26.339973,26.260376,23.302967,24.417582,24.71648,20.050474,19.741783,15.319647,18.84039,15.7319565,20.627436,19.053158,21.681784,21.4388,17.861704,17.168005,13.06568,12.445068,10.484021,9.08389,10.455484,10.053982,13.61694,14.828602,18.557878,19.235064,15.684307,18.828314,18.722584,14.184208,13.187231,8.390784,12.206681,8.10216,12.28022,12.989852,16.70825,19.265556,23.229136,25.270796,22.060282,21.249264,17.864601,17.839766,12.749954,14.733468,9.414391,11.851763,13.018859,10.637784,9.610136,8.626015,7.236122,10.564149,10.80042,14.959923
9,26.265299,24.030464,22.001831,19.903128,16.142447,13.150909,11.081682,6.4586625,4.6307464,0.0,5.5899343,6.77369,9.137875,10.890408,7.4337482,5.61984,4.2486157,6.7948527,7.0388336,12.132969,11.606703,16.51066,18.580961,22.047827,19.586508,24.832085,21.026346,21.722118,17.261362,19.615164,14.159838,18.70325,16.416359,20.105494,19.774147,20.839615,24.44332,24.26311,22.966835,21.28513,16.587639,17.654451,14.745141,15.025037,14.652003,14.440296,16.895666,17.018656,21.459503,20.5186,19.777174,20.641817,18.85845,22.340025,22.444613,25.71542,27.072273,27.908993,25.31317,26.75021,26.09937,21.899693,22.171553,17.170141,21.20042,17.778301,22.916641,20.85148,24.002012,23.099953,19.203106,18.31604,14.372738,12.601663,9.991224,9.552782,8.931007,9.329825,11.712092,13.313226,16.733723,17.852383,13.836895,17.23052,18.237724,14.050453,14.370346,9.987502,14.990187,11.697533,16.195951,17.189674,20.68571,23.455437,27.255833,29.544128,26.541525,25.35673,22.32248,21.764957,17.000854,17.782478,12.714081,13.72003,13.7782135,11.669164,11.925274,10.636074,11.448547,14.377553,15.078282,19.123304
10,31.010345,28.441828,26.944828,24.110617,20.603895,17.991617,15.438693,11.596166,8.23695,5.5899343,0.0,4.794425,4.7922482,7.2494054,5.686618,5.775672,8.657024,10.739442,12.500885,17.275583,17.060999,21.71893,23.9718,27.205976,24.066843,29.289366,24.941177,24.938885,20.466398,21.636236,16.223204,19.212658,14.834825,18.074684,17.077133,17.235355,20.72423,20.251673,19.628435,19.032288,14.906155,16.91119,15.02748,16.252283,17.137115,17.523014,20.758392,21.53119,25.661772,23.824862,23.02803,22.791895,20.715683,23.714941,22.278078,26.364443,26.43424,27.588884,25.139652,25.969439,24.221941,20.422852,21.913322,17.663666,22.715244,20.062601,25.530521,24.092602,27.798588,27.171816,23.247713,23.105122,18.761278,17.616932,14.534084,12.74489,11.046431,9.535629,10.471312,10.269535,13.22058,13.684138,8.936797,11.84497,13.539865,10.031705,11.2335415,8.43874,13.87097,13.100194,17.574266,19.832018,23.230381,26.786009,29.989235,31.617031,28.2635,26.267544,23.445507,21.652435,17.623583,16.162798,12.067284,11.02612,9.935498,9.175762,10.761986,11.81141,13.425691,16.918978,18.44361,22.45644
11,32.965538,30.788078,28.587906,26.639091,22.754137,19.868237,17.511534,13.144846,11.016184,6.77369,4.794425,0.0,3.6391568,6.332947,4.375377,7.2055225,8.158474,12.057653,12.657781,18.172014,17.763092,22.795456,24.223492,28.093098,25.521206,30.475676,26.635946,26.799412,22.447992,24.171366,18.448711,22.331114,17.579262,21.805735,19.661703,20.65687,23.338196,22.119751,20.707167,19.979002,16.14309,16.634161,15.792602,15.260648,16.828054,16.292667,19.777657,20.07956,24.534548,22.350765,22.199776,21.728245,20.707834,23.90589,23.035583,27.404787,27.376026,29.330256,27.26934,28.71316,26.562649,23.240595,24.632898,19.682604,24.536602,21.420012,26.79199,24.764238,28.68032,27.419542,23.363579,22.959438,19.032675,17.065117,13.865843,13.235453,10.271452,10.260718,9.864079,10.84816,13.172349,14.563734,10.201429,13.49529,16.050741,13.061593,15.174257,12.382924,17.924402,16.43596,21.018967,22.888857,26.098684,29.573437,32.795532,34.956905,32.039246,30.022778,27.574366,25.917686,21.953442,20.795868,16.592442,15.76975,14.452918,13.724441,15.399392,15.351782,17.306438,20.452442,21.649527,25.687862
12,35.275017,32.789467,30.93613,28.464535,24.67666,22.133654,19.333252,15.565338,12.589223,9.137875,4.7922482,3.6391568,0.0,3.9693518,4.6306357,7.8185616,10.814594,13.795639,15.463922,20.602678,20.64868,25.308294,26.993599,30.580503,27.42558,32.375813,28.136858,27.845156,23.52484,24.50813,18.946783,21.852112,16.06842,19.983019,17.401888,17.976696,20.41922,19.022673,18.015186,17.970482,14.61473,15.8182,15.519341,15.889082,17.977837,18.060734,21.845514,22.72566,26.791113,24.168268,23.796545,22.717604,21.306398,24.105473,22.243422,26.983648,26.196142,28.241049,26.280642,27.339903,24.594385,21.588383,23.64246,19.273756,24.603785,22.038958,27.528193,25.988083,30.180021,29.213825,25.203064,25.347471,21.095903,19.774776,16.381529,14.737616,11.7203245,10.383935,9.212574,8.712865,10.576784,11.480135,6.797265,9.901231,12.793143,10.43614,13.137456,11.486241,16.838575,16.677177,21.098959,23.6378,26.728191,30.687294,33.481586,35.244392,32.20875,29.69157,27.526447,25.174118,21.813887,19.529882,16.03311,14.370809,12.612043,12.998934,15.077014,16.404392,18.172253,21.705502,23.110317,27.171722
13,36.281933,33.582424,31.602343,29.166029,25.130285,23.171482,19.676832,16.963821,13.798286,10.890408,7.2494054,6.332947,3.9693518,0.0,3.9639306,7.3960943,11.398478,13.689155,16.286074,20.925014,22.012705,25.824821,27.277931,30.715706,27.02876,31.650621,27.293505,26.528112,22.454596,23.006046,17.556383,20.19569,13.714742,18.38436,14.747176,16.35862,18.002987,16.263506,14.561947,14.300909,11.259584,12.160427,12.647547,13.153695,15.882118,16.381395,20.467539,22.01558,25.490858,22.287521,21.822891,20.076843,18.637733,21.09839,18.816511,23.831549,22.618467,25.060457,23.409626,24.717533,21.580004,19.049995,21.249071,16.874218,22.30639,20.04544,25.458162,24.15346,28.714182,27.795086,23.87005,24.686075,20.303421,19.649086,16.04963,13.662088,10.296106,8.346937,5.9369893,5.1496696,6.86289,8.433069,5.201778,9.316516,11.223568,8.95647,12.287189,11.054366,16.020096,16.14397,20.319212,23.162561,25.816301,30.287762,32.460796,34.303513,31.736565,28.678432,27.418951,24.619997,22.08877,19.575693,16.408655,15.207847,13.870541,15.172699,16.877436,18.963997,19.552061,23.50357,24.324575,28.494335
14,32.714203,30.192936,27.965626,25.876787,21.72226,19.591259,16.275167,13.339573,10.652643,7.4337482,5.686618,4.375377,4.6306357,3.9639306,0.0,4.368608,7.444436,10.185528,12.36284,17.164515,18.166405,22.063326,23.425018,26.998892,23.655912,28.36029,24.248522,23.898623,19.709854,20.988054,15.281237,19.010984,13.887138,18.829712,16.088419,18.053015,20.297705,19.079191,17.115501,15.871784,11.918222,12.32929,11.551218,11.444214,13.36758,13.488088,17.326584,18.530579,22.326372,19.633923,19.174067,18.199339,16.833385,19.818516,18.673927,23.149088,23.009039,25.078524,23.16075,24.83359,22.617949,19.483223,20.823093,15.756055,20.740913,17.864061,23.276318,21.53752,25.831303,24.744627,20.736788,21.127645,16.847761,15.844898,12.296293,10.418535,7.123644,6.2478557,5.562195,7.081632,9.895342,11.6881895,8.432691,12.590332,13.947747,10.557813,12.894466,10.091348,15.413435,14.024488,18.447699,20.665926,23.479992,27.532652,30.13547,32.352898,29.870152,27.332075,25.755707,23.689602,20.502619,19.239138,15.215588,15.038783,14.285879,14.5026045,15.698436,16.768768,17.124563,20.874905,21.378227,25.571672
15,28.998392,26.240988,24.281853,21.835644,17.740221,15.986878,12.286069,10.270442,7.1030707,5.61984,5.775672,7.2055225,7.8185616,7.3960943,4.368608,0.0,5.724052,6.424924,9.847306,13.830032,15.42641,18.659721,20.51662,23.615784,19.871073,24.746763,20.361933,20.041508,15.719055,17.023132,11.324557,15.2804,11.519987,16.215858,14.731449,16.777391,19.703466,19.327707,17.586077,15.67851,10.995937,12.324539,9.664826,10.923064,11.447614,12.300478,15.612465,17.129137,20.650196,18.592333,17.517326,17.257315,14.966853,18.05183,17.248077,21.037783,21.744965,22.940805,20.592216,22.173216,20.938244,17.12068,17.806261,12.704412,17.47869,14.564975,20.04015,18.532335,22.53804,21.879013,17.965439,18.461224,13.8653345,13.591156,10.220031,7.334522,5.838979,4.055848,6.615622,8.147292,11.806918,13.100851,10.193166,14.213132,14.26954,9.922244,10.903713,6.875616,12.027169,9.741619,14.226028,16.318712,19.235182,23.234106,25.933743,28.108946,25.584152,23.272064,21.584183,19.876621,16.517765,16.139235,11.688399,12.720407,12.938993,12.776506,13.107065,14.325882,13.42153,17.380198,17.453234,21.669218
16,25.980944,23.886513,21.129812,19.894854,15.579073,13.055256,10.450812,7.093578,6.739288,4.2486157,8.657024,8.158474,10.814594,11.398478,7.444436,5.724052,0.0,5.0650992,4.974748,10.226389,10.97526,15.014204,16.231184,20.06267,17.646946,22.496056,19.069275,19.772182,15.551872,18.437397,12.846546,18.401373,16.486204,21.158995,20.13695,22.364817,25.361933,24.938353,22.813408,20.427473,15.727074,15.57659,12.739525,11.753902,11.135213,10.367533,12.838618,12.991659,17.433895,16.356144,15.825511,16.852806,15.641035,19.343145,20.370495,23.423391,25.227295,26.412786,24.090988,26.232096,25.740814,21.812685,21.54514,15.851192,19.321564,15.42518,20.357822,17.791252,21.137829,19.778622,15.773523,14.954215,11.13094,9.11477,6.07555,6.5403376,5.6458054,7.8825645,10.342071,13.241519,16.606823,18.400534,15.281915,19.252756,19.897886,15.602891,16.240002,11.639464,16.340313,12.086139,16.38898,16.927908,19.951975,22.806658,26.320665,29.228174,26.979761,25.66792,23.48679,23.063248,18.80214,20.138676,15.046697,16.819769,17.171412,15.589115,15.554209,14.332028,13.921007,16.826397,16.45176,20.499323
17,23.05634,20.413006,18.069283,16.174313,11.749992,10.376921,6.3635764,6.2844815,5.385611,6.7948527,10.739442,12.057653,13.795639,13.689155,10.185528,6.424924,5.0650992,0.0,5.328979,7.533301,10.33602,12.355888,14.345566,17.203785,13.631727,18.656996,14.599589,15.073809,10.697663,13.527159,8.134309,13.944725,13.84846,18.100246,18.134554,20.606524,23.84716,24.13401,22.156685,19.25013,14.334261,15.009387,10.722004,11.494218,9.405913,10.122271,11.82902,13.032553,16.389818,15.809151,14.31998,15.823127,13.35498,16.843605,18.013102,20.233479,22.77055,23.045942,20.400263,22.449675,22.942972,18.62847,17.6023,12.160047,15.079533,11.318006,16.228037,14.179952,17.309948,16.696037,12.910028,12.801567,8.273315,8.438701,6.0297494,3.8297267,6.4687877,7.2880235,11.295622,13.775063,17.481874,18.878372,16.477676,20.353855,19.71912,15.04567,14.589123,9.662629,13.076772,7.704107,11.630616,11.938134,14.890016,17.98035,21.30736,24.175646,22.098848,20.827618,18.982569,18.846222,14.912374,17.231686,12.204574,15.340722,16.67823,15.340483,14.34961,13.949907,11.287968,14.567962,13.2276325,17.311129
18,21.289017,19.524958,16.442524,15.878052,11.622996,8.774588,7.353671,4.320752,7.0235934,7.0388336,12.500885,12.657781,15.463922,16.286074,12.36284,9.847306,4.974748,5.328979,0.0,5.8814106,6.2116694,10.29811,11.66248,15.53434,14.018624,18.96364,16.170168,17.772806,13.794244,17.668993,12.859961,18.92703,19.106766,23.195192,23.269085,25.425905,28.805197,28.859827,26.818398,24.030178,19.182747,19.06862,15.380669,14.470317,12.291419,11.306813,12.065621,11.311033,15.815357,16.298681,15.588352,18.000694,16.751211,20.535152,22.631557,24.64687,27.517593,28.000072,25.452774,27.667574,28.240088,23.957127,22.791527,17.280727,19.502808,15.324405,19.49674,16.603031,18.850977,17.506504,13.825214,11.877223,8.853792,6.147257,5.1257854,7.5755577,9.085992,11.566991,14.772848,17.702291,21.22996,22.885252,19.815062,23.624949,23.883675,19.338123,19.107264,14.13845,17.879261,12.372801,15.981086,15.143643,18.19182,19.873182,24.062794,27.313929,25.22097,24.896086,22.286201,23.064737,18.303484,21.28681,15.999367,18.778048,19.741379,17.355057,16.516253,13.95737,12.806266,14.697731,13.525575,17.21471
19,16.58825,14.667498,11.246794,11.287046,6.7759166,5.69277,4.630123,7.076137,10.029532,12.132969,17.275583,18.172014,20.602678,20.925014,17.164515,13.830032,10.226389,7.533301,5.8814106,0.0,5.7813683,4.9810834,7.0778427,9.988503,8.302064,13.32442,10.934125,13.319581,10.017429,14.707628,11.476508,17.56963,20.196169,23.726675,24.771223,27.250267,30.675629,31.295958,29.207134,25.844124,21.069662,21.076641,16.566309,16.306181,12.6784725,12.3920965,11.33577,10.91243,13.946478,15.875937,14.481826,18.009027,16.267275,19.71566,22.757013,23.400629,27.421024,26.995659,24.321333,26.656727,28.50451,24.087477,21.80556,16.841503,17.335606,13.280393,16.20484,13.38494,14.289608,13.44478,10.5104685,8.186048,6.1013594,5.677887,7.2153497,8.975841,12.408106,14.483364,18.327398,21.21756,24.859005,26.373343,23.949907,27.73589,27.066626,22.34548,21.287428,16.361628,18.508444,12.14568,14.237362,11.830961,14.303926,14.907496,19.329311,23.039337,21.609657,22.069324,19.849049,21.706095,17.353748,21.905981,16.983862,20.959597,22.731863,20.402403,18.692465,16.31211,13.143609,14.362502,11.493081,14.536733
20,16.036226,15.026343,11.897729,12.219075,9.108158,5.193126,7.8389654,5.796923,10.204264,11.606703,17.060999,17.763092,20.64868,22.012705,18.166405,15.42641,10.97526,10.33602,6.2116694,5.7813683,0.0,6.880644,9.043429,12.390011,12.942994,17.769278,16.047876,18.749231,15.378266,19.744019,16.226793,21.862597,23.69902,26.781263,28.055365,29.64075,33.542408,34.057045,32.392185,29.584284,24.669872,24.926592,20.775244,20.226252,17.329115,16.3543,15.728424,14.007063,18.094063,20.15046,19.36432,22.732817,21.409437,25.03721,27.637201,28.825527,32.394943,32.137005,29.331682,31.269913,32.728695,28.106905,26.393526,21.530392,22.75792,18.783241,21.964859,19.133936,19.785534,18.742691,15.925797,12.72949,11.486913,8.89784,10.209741,12.906858,15.204682,17.373156,20.860561,23.492947,27.127247,28.49865,25.121422,28.568497,28.759987,24.1635,23.18651,18.25729,21.097345,15.29394,17.905298,15.708841,18.78359,18.565933,23.723993,26.960886,24.706274,25.779612,22.226992,24.4179,19.034607,23.44687,18.317278,21.5229,22.84207,19.549751,18.091597,13.9137945,12.816592,12.686667,11.095621,13.71528
21,11.981994,10.673801,6.5156856,8.466128,5.3402715,5.5541673,7.5805664,10.570761,13.985266,16.51066,21.71893,22.795456,25.308294,25.824821,22.063326,18.659721,15.014204,12.355888,10.29811,4.9810834,6.880644,0.0,4.539791,5.8336344,6.8021765,11.143283,10.388759,13.834881,11.759594,16.574217,14.866725,20.30028,24.223867,27.08561,28.872429,31.138306,34.76367,35.6937,33.74813,30.277206,25.574392,25.66971,20.991676,20.833849,16.851479,16.523521,14.461898,13.436324,15.585896,18.765648,17.367958,21.527132,19.888803,23.023186,26.560661,26.376776,31.000002,29.998724,27.260813,29.469252,32.082664,27.58243,24.776855,20.468134,19.887306,16.252674,17.861109,15.237381,14.364684,13.882933,12.230323,9.10775,9.370273,9.256759,11.802636,13.769015,17.343405,19.346869,23.269373,26.07034,29.742851,31.142717,28.680853,32.31697,31.497972,26.764006,25.271421,20.472744,21.870464,15.538815,16.547434,12.975118,14.909951,13.487425,18.512384,22.386538,21.281693,22.932981,20.431137,23.429955,19.071033,24.635122,20.041183,24.329165,26.370653,23.657991,21.555712,18.524694,15.132586,15.000062,11.444882,13.134933
22,14.222761,13.862717,8.933959,12.567982,9.669873,9.760956,11.080429,13.344277,16.942112,18.580961,23.9718,24.223492,26.993599,27.277931,23.425018,20.51662,16.231184,14.345566,11.66248,7.0778427,9.043429,4.539791,0.0,5.0407224,8.205958,10.76699,11.699863,15.1670475,13.77985,18.850697,17.073399,23.016907,26.570654,30.144016,31.186907,34.046207,37.25251,37.837246,35.374157,31.632187,27.098307,26.258738,22.065054,20.75484,16.7505,15.650963,12.734926,10.819258,12.593812,16.578934,15.727754,20.335619,19.7091,22.869255,27.275509,26.911865,31.774313,31.246368,28.87913,31.645515,34.100674,29.944641,26.997492,22.237406,21.204645,17.270638,18.25435,14.905117,13.719081,12.186704,10.932951,6.7142134,9.171801,8.340168,11.758505,14.8336735,17.982721,20.778284,24.288969,27.636562,31.11648,32.92224,30.705475,34.621334,33.995552,29.28926,28.26531,23.38335,25.161324,18.720327,19.894796,16.448792,17.794401,16.48501,20.844944,25.251858,24.893286,26.291348,24.490194,27.24162,23.20768,28.470165,23.754461,27.909252,29.739859,27.169031,25.347897,22.214365,19.26867,19.331202,15.952744,17.585869
23,11.057594,10.666297,5.9547663,10.495525,9.10154,11.061889,12.583651,16.341885,19.548134,22.047827,27.205976,28.093098,30.580503,30.715706,26.998892,23.615784,20.06267,17.203785,15.53434,9.988503,12.390011,5.8336344,5.0407224,0.0,6.3927493,7.433629,9.733171,13.644866,13.478147,18.169714,17.95089,22.985035,27.930555,30.763273,32.59925,35.356018,38.653152,39.691807,37.442123,33.5621,29.164135,28.785828,24.191566,23.748075,19.376461,19.056664,15.889466,14.880447,15.214141,19.469015,18.061056,22.751812,21.506596,24.127602,28.582785,27.322,32.68859,31.357897,28.900667,31.424215,34.731564,30.546356,27.053661,23.185251,21.141394,17.939016,17.750086,15.211759,12.478387,12.141598,12.268168,9.250344,11.761563,12.605141,15.727257,17.72007,21.452148,23.631159,27.4627,30.493458,34.046417,35.59139,33.64617,37.41206,36.219524,31.505024,29.928751,25.29908,26.040882,19.755056,19.778412,15.613027,16.175343,13.452976,17.739552,22.18617,22.393948,24.550596,23.043797,26.51388,23.023834,28.990444,24.8057,29.419601,31.682487,29.199732,26.933056,24.161268,20.296913,19.937323,15.92299,16.59551
24,14.155451,11.7199135,8.808139,9.508253,6.7172318,10.176541,9.160605,14.608325,16.53648,19.586508,24.066843,25.521206,27.42558,27.02876,23.655912,19.871073,17.646946,13.631727,14.018624,8.302064,12.942994,6.8021765,8.205958,6.3927493,0.0,5.5521035,3.7254524,7.529314,7.213339,11.787218,12.144463,16.775377,22.22124,24.909935,26.847164,29.809486,32.897568,34.14461,31.990107,28.05373,23.827587,23.959854,19.051746,19.731491,15.24266,16.108053,13.6205225,14.429357,14.339304,17.320566,15.049944,19.12191,16.758274,19.070992,22.960041,21.559834,26.86954,25.192383,22.615004,25.042583,28.5177,24.383192,20.726263,17.218412,14.95539,12.114252,12.116471,10.336981,8.380076,9.364869,8.970361,8.31856,8.519295,11.552691,13.585247,13.755623,17.978737,19.29402,23.320005,25.961367,29.47546,30.791168,29.405766,33.098366,31.27527,26.656698,24.883554,20.596115,20.63624,14.572307,14.013185,9.988473,10.141197,8.976574,12.712225,17.264288,17.569477,18.812738,18.19018,21.030556,18.355677,24.018389,20.218391,25.094543,27.610413,25.859865,23.496386,22.159634,17.201168,18.038141,13.774773,15.328996
25,15.705078,14.015868,11.232319,13.366334,11.859044,15.407435,14.690988,20.00948,21.991531,24.832085,29.289366,30.475676,32.375813,31.650621,28.36029,24.746763,22.496056,18.656996,18.96364,13.32442,17.769278,11.143283,10.76699,7.433629,5.5521035,0.0,5.5800915,8.587836,10.811782,14.441924,16.160141,20.098667,26.094852,28.78656,30.565517,33.997204,36.639538,37.91045,35.444668,31.184204,27.408068,26.992435,22.43398,22.71269,18.140877,18.920185,15.617243,16.481867,14.621277,18.301512,16.111809,20.422874,18.614277,20.206432,24.93946,22.419025,28.353962,26.437351,24.318981,27.076324,31.098278,27.478172,23.29153,20.357395,16.682703,14.587926,12.364564,10.946272,6.5353575,8.076678,10.0921955,10.056541,12.087495,15.285977,17.688131,18.074848,22.125288,23.635872,27.395699,30.22499,33.530087,34.99541,34.120502,37.908447,35.812157,31.30901,29.590042,25.542992,25.14824,19.41973,18.192038,14.189003,12.897323,10.816662,12.760787,17.82051,19.695065,21.173317,21.73276,24.73307,22.969992,28.670965,25.272495,30.2413,32.84627,31.30585,28.901577,27.675735,22.602898,23.24601,18.840658,19.72023
26,16.75814,13.853688,11.90409,11.526553,9.106494,12.931482,10.8097925,16.729818,17.818165,21.026346,24.941177,26.635946,28.136858,27.293505,24.248522,20.361933,19.069275,14.599589,16.170168,10.934125,16.047876,10.388759,11.699863,9.733171,3.7254524,5.5800915,0.0,3.9626935,5.4093947,9.071813,10.891877,14.5931225,20.746344,23.21994,25.22725,28.476446,31.23522,32.66578,30.493536,26.416279,22.549444,22.866491,17.939047,19.308657,14.852629,16.491177,14.252537,16.071962,15.11102,17.448479,14.727818,18.304737,15.36366,17.04633,20.782156,18.750746,24.290571,22.174643,19.669044,22.126047,26.03161,22.151062,18.102518,15.273523,12.091476,10.087323,9.102505,8.455001,6.329517,8.7130165,8.9277315,10.11424,9.638491,13.693576,15.119502,14.167766,18.458769,19.189165,23.150442,25.52891,28.888853,30.073235,29.2797,32.898067,30.544823,26.098177,24.19575,20.362709,19.629198,14.106915,12.663997,8.913517,7.7320485,7.6309214,9.819084,14.629602,15.712685,16.38283,17.002363,19.452084,17.880138,23.267262,20.0391,25.038338,27.735306,26.55964,24.145794,23.758633,18.25006,19.635214,15.376899,16.98057
27,20.335295,17.096636,15.683972,14.419718,11.932096,15.592533,12.439556,18.36849,18.557728,21.722118,24.938885,26.799412,27.845156,26.528112,23.898623,20.041508,19.772182,15.073809,17.772806,13.319581,18.749231,13.834881,15.1670475,13.644866,7.529314,8.587836,3.9626935,0.0,4.524446,6.116505,9.340598,11.919884,18.412903,20.817444,22.656418,26.252285,28.581165,30.112799,27.902634,23.73461,20.292418,20.815844,15.996853,18.131334,13.971616,16.400541,14.75951,17.523464,16.101776,17.404705,14.333775,17.043207,13.439738,14.424624,17.721529,15.231356,20.835398,18.38367,15.947507,18.507385,22.648306,19.085663,14.749183,12.567932,8.54057,7.6638403,5.9156165,7.0389867,6.2780414,9.402147,9.591422,12.278843,10.866449,15.505412,16.171516,14.076275,18.195423,18.261364,22.020397,24.072708,27.206366,28.257183,28.102728,31.623756,28.789093,24.592566,22.696335,19.414501,18.049606,13.32757,11.271173,8.598519,6.2485423,8.599483,8.553943,13.150517,14.769977,14.232732,16.254486,17.800371,17.402884,22.069805,19.416393,24.335672,27.094028,26.590624,24.271587,24.89168,19.105167,21.183203,17.199125,19.107412
28,19.89909,16.517754,14.928749,12.922115,9.476322,12.369443,8.432985,14.1721115,14.067402,17.261362,20.466398,22.447992,23.52484,22.454596,19.709854,15.719055,15.551872,10.697663,13.794244,10.017429,15.378266,11.759594,13.77985,13.478147,7.213339,10.811782,5.4093947,4.524446,0.0,5.092198,5.498434,9.817725,15.376266,18.184107,19.907766,23.20123,25.952644,27.321598,25.267027,21.358492,17.347082,18.239233,13.060881,15.426658,11.392206,13.838766,13.017805,15.646248,15.609204,16.387209,13.461881,15.95354,12.095948,14.014953,16.56704,15.56367,20.348373,18.515282,15.70802,18.052235,21.31367,17.195457,13.582524,10.183871,8.381938,5.9698367,7.852663,7.6910686,9.023504,10.768361,9.136599,11.215597,8.254952,12.5949,12.681607,10.152092,14.411015,14.3328905,18.361351,20.373371,23.737549,24.76238,24.098534,27.651566,25.16497,20.76394,18.947123,15.254478,14.585438,9.182811,8.196374,5.9269004,5.8944993,9.435321,11.223745,15.001405,14.938162,14.049742,14.70046,15.828145,14.348622,18.79326,15.516066,20.349138,22.962439,22.303091,20.11901,20.700766,15.149814,17.65276,14.044332,16.70774
29,23.401178,19.598953,19.019098,15.9879,13.374359,16.330254,12.151833,17.54312,16.273016,19.615164,21.636236,24.171366,24.50813,23.006046,20.988054,17.023132,18.437397,13.527159,17.668993,14.707628,19.744019,16.574217,18.850697,18.169714,11.787218,14.441924,9.071813,6.116505,5.092198,0.0,5.7909937,5.821429,12.960603,14.744974,17.05662,20.343557,22.780582,24.633524,22.971157,19.210083,15.860363,17.760353,12.75251,16.715902,13.504085,16.781279,16.71772,19.972828,19.538538,19.424595,16.290916,17.563875,12.874956,13.614868,14.556546,13.098872,17.490765,14.66068,11.5446615,13.321445,17.30471,13.313719,9.177359,7.9348845,5.5676355,6.364944,7.826069,10.022404,11.792721,14.281016,13.116539,16.003853,12.796629,17.16275,16.564852,12.835876,16.558046,15.173602,18.887909,19.977095,23.029026,23.54365,23.653885,26.777718,23.463184,19.524176,17.313498,14.8003435,12.494282,9.160286,6.3478394,6.32065,4.6480455,10.360195,9.90433,12.475832,12.62873,10.140176,12.652865,12.611258,13.166017,16.6983,14.749152,19.44054,22.282324,22.522364,20.319798,22.339207,16.4228,19.426588,16.259098,18.755413
30,23.909346,20.408674,19.011246,16.208668,12.431442,13.885789,8.95537,13.093824,11.4032755,14.159838,16.223204,18.448711,18.946783,17.556383,15.281237,11.324557,12.846546,8.134309,12.859961,11.476508,16.226793,14.866725,17.073399,17.95089,12.144463,16.160141,10.891877,9.340598,5.498434,5.7909937,0.0,6.7019057,10.102537,13.733052,14.725638,18.140985,20.841606,22.010923,20.051575,16.41422,12.140739,13.836169,8.471332,12.203507,9.341084,12.4546,13.432385,16.507751,17.386366,16.582367,13.846064,14.816814,10.370748,12.470944,13.156851,13.881486,17.244358,16.09632,13.126015,15.2362175,17.225512,12.875566,10.360143,5.7655854,7.479545,5.1621046,10.007005,10.089514,13.416234,14.441781,11.744896,14.04789,9.651571,13.220661,11.749634,7.406121,10.96757,9.597587,13.592586,15.084832,18.445349,19.30477,18.795187,22.305693,19.731243,15.37522,13.849882,10.35375,10.151647,5.3742685,6.177747,7.3926296,8.720685,13.693916,15.075689,17.697823,16.599491,14.1902275,14.691928,13.9617815,12.609128,15.224577,11.892659,16.1729,18.519941,18.588255,16.883883,18.628628,13.602131,17.24366,14.7804,18.255014
31,27.252079,23.25311,23.150803,19.186806,16.634138,18.636917,14.137144,18.216385,15.579373,18.70325,19.212658,22.331114,21.852112,20.19569,19.010984,15.2804,18.401373,13.944725,18.92703,17.56963,21.862597,20.30028,23.016907,22.985035,16.775377,20.098667,14.5931225,11.919884,9.817725,5.821429,6.7019057,0.0,8.177891,8.935643,11.880376,14.66482,17.267994,19.478392,18.561214,15.520309,12.457923,15.9721155,11.386749,16.795046,14.93816,18.504602,19.715147,23.095642,23.430504,22.291384,19.367659,19.41782,14.4239855,14.931699,13.235473,13.413983,15.743996,12.97033,9.414549,9.718575,12.838045,8.189491,5.2432003,5.974032,7.6483383,9.265864,12.373099,14.524048,17.303495,19.355808,17.48928,20.279408,16.204163,19.901377,18.323341,13.644145,16.387455,13.554202,16.817415,16.64815,19.457111,19.29146,19.710098,22.274487,18.445454,14.949526,12.423824,11.243531,7.6966934,7.5470867,5.072485,8.733772,8.784503,14.612732,14.181364,14.94555,13.609987,9.366069,11.725071,9.161115,10.926568,12.17236,11.33654,15.296609,18.079754,19.294289,17.424578,20.953653,15.489449,19.265314,17.268349,20.152617
32,32.919712,29.18765,28.457575,24.735565,21.42327,21.910818,17.170311,18.809788,15.060639,16.416359,14.834825,17.579262,16.06842,13.714742,13.887138,11.519987,16.486204,13.84846,19.106766,20.196169,23.69902,24.223867,26.570654,27.930555,22.22124,26.094852,20.746344,18.412903,15.376266,12.960603,10.102537,8.177891,0.0,6.4928017,4.676456,8.807329,10.790638,12.028543,10.97938,8.772144,5.625342,10.822158,8.11975,13.931307,14.422074,17.690407,20.5289,23.8966,25.156439,22.538527,20.30178,18.746761,14.434287,15.163556,11.033812,14.481681,13.757935,13.561096,11.033359,11.303793,9.771471,5.6789136,7.9608293,6.612505,12.171923,12.645711,17.246872,18.346321,22.533535,23.462257,20.62888,23.267319,18.55062,21.061628,18.273508,13.226135,13.690356,9.519052,11.082708,9.399973,11.680676,11.1735115,12.372102,14.8575325,10.913671,7.8624706,7.08544,7.7423086,6.7987456,9.613364,10.944605,15.170245,16.403576,22.066994,22.259666,23.0549,21.146547,16.719547,17.824356,13.786671,14.540108,12.055826,11.189865,12.615695,14.1046915,16.703312,16.236956,20.68572,17.20221,21.713243,21.07953,24.71758
33,33.8719,29.840897,30.214033,25.537552,23.239323,24.062992,19.848797,21.81207,17.859766,20.105494,18.074684,21.805735,19.983019,18.38436,18.829712,16.215858,21.158995,18.100246,23.195192,23.726675,26.781263,27.08561,30.144016,30.763273,24.909935,28.78656,23.21994,20.817444,18.184107,14.744974,13.733052,8.935643,6.4928017,0.0,6.6953073,6.2862554,9.758669,12.871757,14.1412945,13.471688,11.781574,17.17237,14.448075,20.330076,20.300726,23.631163,26.058508,29.271852,30.486158,28.414595,25.925997,24.796026,20.156021,20.48732,16.122326,18.39051,17.515568,15.669771,12.832497,10.587015,10.126918,5.9867826,8.895845,11.253902,15.4177065,16.936682,20.748335,22.635592,26.016893,27.668467,25.24068,27.725573,23.115658,25.800241,23.34204,18.410002,19.464577,15.291111,17.086672,14.61691,16.480965,14.795781,15.64125,16.586445,11.8997755,10.180239,7.308691,10.164798,5.888049,11.688849,11.334859,15.971998,17.04776,22.38106,22.18685,21.49214,18.792906,14.06092,15.038011,9.786773,12.455937,8.25903,10.432558,11.300241,13.37826,16.495602,15.627759,21.170052,17.415943,21.582012,21.411926,24.4132
34,37.434605,33.640385,33.080822,29.188204,26.017836,26.39638,21.74279,22.931776,18.931036,19.774147,17.077133,19.661703,17.401888,14.747176,16.088419,14.731449,20.13695,18.134554,23.269085,24.771223,28.055365,28.872429,31.186907,32.59925,26.847164,30.565517,25.22725,22.656418,19.907766,17.05662,14.725638,11.880376,4.676456,6.6953073,0.0,6.058882,6.252393,7.6199203,7.545345,7.1229095,6.7487073,12.1265135,11.364277,16.776459,18.145039,21.310799,24.462845,27.918823,29.102703,26.000305,23.941069,21.66592,17.684927,17.78023,12.316466,16.254904,13.662523,13.966473,12.209817,11.487569,7.62983,5.6648297,10.043709,10.536248,15.677262,16.77904,20.993946,22.384737,26.70477,27.64718,24.892736,27.70203,23.009558,25.37197,22.388418,17.437748,17.159725,12.862998,13.033715,10.062699,10.883306,9.373996,12.078811,13.477017,8.713546,7.8813033,8.074976,10.912564,9.793011,14.042919,15.099506,19.5251,20.535803,26.273512,25.984972,26.241016,24.324461,19.43635,20.927769,16.113817,17.764164,13.681603,14.179896,14.163953,14.995007,18.568659,18.642702,23.752028,20.878006,25.393404,25.198414,28.751396
35,38.61758,34.759045,34.873196,30.305105,27.724316,27.727287,23.63059,24.14122,19.786911,20.839615,17.235355,20.65687,17.976696,16.35862,18.053015,16.777391,22.364817,20.606524,25.425905,27.250267,29.64075,31.138306,34.046207,35.356018,29.809486,33.997204,28.476446,26.252285,23.20123,20.343557,18.140985,14.66482,8.807329,6.2862554,6.058882,0.0,5.409209,8.201146,11.157923,12.63836,12.05466,17.521736,16.414244,21.696373,22.867779,25.785023,28.938503,31.960415,33.73237,31.006397,28.961695,27.122458,23.083717,23.5348,18.328112,21.926395,19.466158,19.07966,17.010927,14.957171,11.74661,9.6436615,13.982235,15.24277,20.306784,21.302855,25.651194,27.04923,30.976763,32.11587,29.250845,31.534954,26.71485,28.652851,25.680609,20.94916,20.720057,16.293715,16.66235,12.930261,13.676842,10.999568,12.246752,11.823384,6.794791,7.629132,6.667283,11.450422,9.774606,15.698992,16.710913,21.339369,22.88715,28.176579,28.356281,27.755226,24.79972,20.26026,20.504375,15.287473,16.86832,10.926508,13.079795,11.328399,11.780651,16.07378,16.449657,22.389698,20.302235,24.556929,25.287949,28.55174
