,0,1,2,3,4,5,6,7,8,9,10,11,12,13,14,15,16,17,18,19,20,21,22,23,24,25,26,27,28,29,30,31,32,33,34,35,36,37,38,39,40,41,42,43,44,45,46,47,48,49,50,51,52,53,54,55,56,57,58,59,60,61,62,63,64,65,66,67,68,69,70,71,72,73,74,75,76,77,78,79,80,81,82,83,84,85,86,87,88,89,90,91,92,93,94,95,96,97,98,99,100,101,102,103,104,105,106,107,108,109,110,111,112,113,114
0,0.0,4.2872324,5.6336236,8.641481,11.929896,13.064117,17.12051,19.404884,22.798105,25.595882,30.574562,32.163067,34.66833,35.93901,32.296555,28.86193,25.361376,23.046267,20.662226,16.3778,15.63039,11.215614,13.45843,11.261716,15.462332,15.152045,17.335485,21.103304,20.737587,24.169542,25.25245,28.168139,33.97055,35.43112,38.45987,41.249016,44.435505,45.9093,42.48615,40.03738,35.436848,36.25014,31.081625,32.999454,28.367998,28.937725,27.138424,26.576292,27.870802,31.59377,29.99234,34.60164,32.591667,35.327484,38.011242,37.929337,42.639793,40.368176,37.09805,37.688595,40.661884,35.85848,32.68821,32.24577,28.676085,26.339859,26.315174,24.884216,21.47716,21.963911,21.952972,19.904524,20.87023,21.478354,23.867138,25.317032,28.876587,30.311024,34.38276,36.555485,40.468777,41.45614,38.8017,41.365574,40.033203,35.300167,33.62089,29.41402,29.314674,24.031803,23.189913,18.840443,19.55111,14.123464,18.383537,23.022171,19.662468,17.994883,20.379738,17.17413,21.719074,21.90788,25.998661,26.209269,30.781221,31.866613,37.070335,40.22974,40.170307,36.842224,39.946945,33.73782,34.447132,31.11013,31.26075
1,4.2872324,0.0,5.0433726,4.796485,8.855435,10.793618,14.232546,17.378414,20.189802,23.526243,28.17345,30.24868,32.4363,33.515976,30.05075,26.322927,23.488747,20.565075,19.048597,14.49638,14.677846,9.863517,12.812074,10.430161,13.422004,13.737648,14.7198715,18.212988,17.651798,20.618505,21.98454,24.34501,30.38924,31.46699,34.84705,37.35991,40.7257,42.361675,39.186317,36.780247,32.2754,33.53867,28.260218,30.76901,26.29997,27.383013,25.902664,25.996012,27.146687,30.32212,28.3614,32.6836,30.153294,32.75235,34.900227,34.89767,39.417564,36.891747,33.541145,33.841705,36.8971,32.032585,28.948896,28.887121,25.48871,23.461918,23.72528,22.83417,19.768087,20.65272,20.190067,18.859486,18.999273,20.345047,22.299753,22.943033,26.750101,27.658876,31.894001,33.73673,37.653137,38.422626,35.92641,38.28513,36.659576,32.00325,30.029068,26.037,25.47516,20.533266,19.317928,15.055251,15.798505,10.336063,15.117892,19.713594,15.81996,13.880574,16.119835,12.901441,17.505322,17.941906,22.007732,22.650753,27.048388,28.5177,33.584377,36.7064,36.90843,33.66115,37.100136,30.84854,32.05633,28.821747,29.482203
2,5.6336236,5.0433726,0.0,5.995387,7.1999745,8.619915,12.184113,14.917065,18.370548,21.038649,26.17952,27.569448,30.074005,31.028522,27.331257,23.874147,20.3055,17.830956,15.593815,10.888794,11.100489,5.6552253,8.1264925,6.8859105,10.356503,11.882702,13.170927,16.857733,15.894832,19.838715,20.209612,23.841002,29.117617,31.208817,33.630005,36.866795,39.721863,40.95913,37.305534,34.849136,30.17619,30.786982,25.679396,27.44215,22.861639,23.420437,21.878313,21.492237,23.095934,26.498245,24.85736,29.378544,27.415625,30.368546,33.091072,33.39243,37.902603,36.039387,32.7892,33.669136,36.174057,31.43443,28.372833,27.31861,24.079672,21.307146,21.799595,20.02178,17.129524,17.189445,16.659836,14.546091,15.251078,15.9795475,18.341837,19.803003,23.40201,24.991598,29.037798,31.421995,35.295013,36.45784,34.046333,36.8579,35.409435,30.603777,29.114761,24.62423,24.9848,19.239695,18.94516,14.613605,15.777196,11.382913,15.90711,21.028465,18.33897,16.306889,18.55152,14.876815,18.935764,18.440168,22.692308,22.131088,26.949162,27.360464,32.539726,35.62756,35.19957,31.80592,34.573963,28.378466,28.912674,25.50811,25.663168
3,8.641481,4.796485,5.995387,0.0,4.7175684,7.1516213,9.81687,13.569568,15.852135,19.526878,23.908873,26.280006,28.223877,29.14644,25.819931,21.928972,19.634201,16.319353,15.553846,11.129509,12.105757,7.779654,11.471391,10.209243,11.181899,13.486665,12.64083,15.623431,14.172065,16.970041,17.85235,20.143671,25.824732,26.932268,30.222168,32.718025,36.06541,37.763973,34.661667,32.468605,27.928877,29.58264,24.270987,27.207163,23.05064,24.47095,23.605434,24.189245,25.619226,28.109245,25.914236,29.866718,26.968729,29.653172,31.243837,31.724566,35.818436,33.3705,29.926588,30.042938,32.729546,27.766653,25.01137,24.843569,22.107382,20.00752,21.128794,20.446991,18.205393,18.989351,17.663084,16.786203,15.8309555,17.57385,18.93979,18.903658,22.763187,23.263409,27.557598,29.168442,33.081394,33.74029,31.30802,33.602386,31.87796,27.239563,25.23573,21.286047,20.785189,15.884986,14.88887,10.850896,12.360813,7.949129,13.541303,18.246172,14.104754,11.460216,13.031693,9.135372,13.323006,13.305561,17.45614,17.886255,22.330076,23.74984,28.790577,31.911991,32.17814,28.966246,32.620926,26.398119,27.909727,24.906214,25.884026
4,11.929896,8.855435,7.1999745,4.7175684,0.0,4.4360437,5.5639415,10.203587,12.479547,15.940807,20.516296,22.590534,24.566032,25.164904,21.749073,17.847736,15.460852,11.914284,11.477057,6.684508,9.184255,4.9966745,8.578012,8.971361,8.02694,12.555178,10.566189,13.159898,10.738381,14.221458,13.959918,17.305534,22.20406,24.175884,26.648815,29.736376,32.66541,34.074112,30.64661,28.467426,23.78113,25.189962,19.93268,22.676952,18.628496,20.016829,19.54997,20.300966,22.094727,24.173729,21.9951,25.797583,23.00745,25.969564,27.629122,28.58916,32.438896,30.51727,27.11555,27.603119,29.680338,24.789577,22.20469,21.194845,18.961905,16.26455,18.130802,17.023415,15.567362,15.783473,13.741957,12.90761,11.299754,13.211291,14.350422,14.229367,18.139849,18.836096,23.114775,25.012053,28.903727,29.800531,27.5872,30.210188,28.430141,23.669382,21.966742,17.586548,17.823118,12.170878,12.129358,8.225292,10.5967245,8.356818,13.496536,18.412554,15.396926,12.655923,13.884159,9.784044,12.781265,11.637472,15.902611,15.131314,19.930119,20.400795,25.471365,28.534697,28.32258,24.99909,28.254988,22.014282,23.284283,20.223047,21.176798
5,13.064117,10.793618,8.619915,7.1516213,4.4360437,0.0,5.1011457,6.622483,9.81558,12.769919,17.661781,19.476091,21.748667,22.918427,19.369358,15.872317,12.849528,10.45836,8.690979,5.929356,5.569953,5.5301514,9.58867,11.803925,11.158441,16.35236,14.577907,16.95736,13.883253,17.4236,15.912123,19.628191,23.148525,25.433289,27.31986,30.476276,33.209473,34.636948,31.080267,29.49006,24.598112,26.098614,21.076382,23.487051,19.829687,20.70548,20.85314,21.03603,23.773909,25.768745,23.890694,27.56409,25.090687,28.380993,29.846846,31.440258,34.80835,33.27191,29.869677,30.231934,31.61875,26.685226,24.73589,23.177029,21.936472,18.795387,21.420141,19.823635,18.861948,18.32286,15.785677,14.009319,12.0545435,12.432188,13.182767,13.73966,16.901155,17.851065,21.828194,23.744085,27.676498,28.645601,25.789263,28.505112,27.507135,22.726772,21.699423,17.280043,18.696665,13.082054,14.338298,11.358803,14.411349,12.669087,17.897375,22.728664,19.322859,16.314083,16.816193,12.36689,14.5448,12.422936,16.327885,14.47354,19.467226,19.402426,24.787754,28.013472,27.710089,24.37959,27.72683,21.749443,22.616604,20.083069,20.40035
6,17.12051,14.232546,12.184113,9.81687,5.5639415,5.1011457,0.0,6.2493,7.4597425,10.965648,15.28215,17.441746,19.205423,19.632086,16.29577,12.304317,10.512063,6.5535626,7.5315814,4.881491,8.141687,7.89039,10.594363,12.909934,9.984788,16.144226,12.816623,14.122585,10.252839,13.406458,11.098784,15.0115385,18.089195,20.716152,22.310305,25.70095,28.28295,29.617865,26.061573,24.418598,19.553722,21.347605,16.286198,19.258741,16.006517,17.507246,18.26968,19.352293,21.84616,22.897802,20.711933,23.816046,20.908684,24.132776,25.079151,27.026745,30.019999,28.624613,25.245052,25.640911,26.67301,21.801708,20.071508,18.254942,17.679647,14.561764,17.994503,16.801165,16.894432,16.442387,13.159478,12.623783,9.196369,10.879732,10.631117,9.560909,13.196816,13.501563,17.750784,19.526777,23.44092,24.368404,22.078629,24.849102,23.251875,18.430477,17.199598,12.572743,14.044128,8.095076,10.032334,7.972623,11.545217,12.0669565,16.488922,20.90631,18.246553,15.299965,15.3663645,11.375846,12.21242,9.459372,13.1994705,10.750632,15.790611,15.283415,20.463833,23.556345,23.110867,19.75261,23.106823,16.992893,18.352444,15.843555,16.927654
7,19.404884,17.378414,14.917065,13.569568,10.203587,6.622483,6.2493,0.0,4.50973,6.1991854,11.376098,12.874257,15.269294,16.748337,13.1672125,10.204252,7.0443873,6.4607835,4.4708977,7.240406,5.7871394,10.572424,13.280592,16.989227,14.989402,21.313774,18.661722,20.078066,16.056812,19.209833,15.828738,19.900473,20.911884,23.910913,24.495966,27.919083,30.075296,31.354738,27.654648,26.937359,21.98517,23.707138,19.322748,21.472956,18.935827,19.508457,20.998762,21.166033,24.812006,25.833632,24.186127,27.0857,24.822126,28.37518,29.177216,31.835787,34.196846,33.37472,30.101515,30.38651,30.496859,25.772734,24.892212,22.424017,22.972828,19.466536,23.39016,21.562899,21.960213,20.676615,17.189426,15.396464,12.192036,11.297495,10.334053,10.6938095,12.427609,13.273396,16.66367,18.484844,22.342106,23.430334,20.083967,23.041636,22.851004,18.172956,18.242794,13.895564,17.168869,12.096013,15.258245,14.067671,17.753267,17.903835,22.64252,27.116745,24.015142,20.864183,20.433807,16.20628,16.485256,13.0163765,15.800212,11.880075,16.732048,15.170391,20.607151,23.835596,23.16636,19.913498,23.182953,17.81819,18.304012,16.824358,16.69241
8,22.798105,20.189802,18.370548,15.852135,12.479547,9.81558,7.4597425,4.50973,0.0,4.657182,8.0860405,10.945034,12.424452,13.681083,10.644232,7.185899,6.94546,5.6882277,7.2641654,10.160454,10.25823,14.088163,16.697502,19.997255,17.081692,23.522379,19.958208,20.594847,16.26227,18.36852,14.6092415,17.753317,17.707745,20.371706,20.912237,23.964365,26.194221,27.72198,24.387018,24.17848,19.409414,22.005392,17.86923,20.788296,19.065842,20.21868,22.342531,23.21346,26.606106,26.795467,24.88943,27.076366,24.31047,27.629185,27.433146,30.531054,32.213478,31.33029,28.071323,27.891987,27.535736,22.851307,22.685867,20.436665,22.055225,19.010412,23.552275,22.371986,23.45273,22.46329,18.60162,17.797642,13.721577,13.69581,11.68657,10.137539,11.467453,10.790799,14.157366,15.077264,18.952864,19.625473,16.196415,18.85867,18.556377,13.944302,14.055775,10.153916,13.788971,9.936598,13.584091,13.776592,17.628132,18.932358,23.325855,27.233374,24.047804,20.857655,19.667978,15.912066,14.83528,10.881841,12.682581,7.9667573,12.525941,10.801805,16.266386,19.553946,19.26491,16.169302,20.200413,15.102754,16.46256,15.778991,16.421373
9,25.595882,23.526243,21.038649,19.526878,15.940807,12.769919,10.965648,6.1991854,4.657182,0.0,5.662445,6.756964,9.102153,10.893493,7.4602675,5.7497487,4.318914,6.864843,6.933949,11.983292,11.072078,16.3295,18.274857,22.396856,19.58627,26.288448,23.033005,23.64108,19.249092,21.714958,17.192728,21.022444,19.507488,22.993938,22.202293,25.72144,27.189215,28.287487,24.60944,24.879803,20.183674,22.164225,18.775967,20.660378,19.527538,19.937086,22.569136,22.917425,26.956326,26.9514,25.506645,27.454214,25.371931,28.922167,28.937216,32.48403,33.785393,33.61137,30.573574,30.736023,29.635603,25.342804,25.538723,22.45306,24.624638,21.160513,25.909233,24.14738,25.602438,23.963495,19.999128,18.624651,14.800844,13.40393,10.8792,10.436217,9.939426,10.139865,12.32813,13.747424,17.35538,18.508585,14.687985,17.888859,18.607239,14.32708,15.737597,12.07049,16.89035,13.260717,17.465609,17.762838,21.52808,22.948675,27.18604,31.229319,28.45722,25.327843,24.2791,20.50234,19.429384,15.422722,16.81627,11.542897,15.351256,12.086394,17.052694,20.09067,19.028164,16.054176,19.154701,14.902244,15.069451,15.113842,14.715636
10,30.574562,28.17345,26.17952,23.908873,20.516296,17.661781,15.28215,11.376098,8.0860405,5.662445,0.0,4.8407807,4.7295275,7.168526,5.696894,5.856707,8.732666,10.75304,12.439785,17.15213,16.646658,21.616224,23.6306,27.502861,24.222567,30.916834,27.083553,27.091898,22.60406,24.05845,19.366829,22.00083,18.72605,21.692432,20.343195,23.183517,24.382113,25.698229,22.62946,23.982393,19.87136,22.694208,20.130646,22.437555,22.417015,23.168873,26.379446,27.186977,31.05609,30.2676,28.731798,29.840317,27.482641,30.711668,29.595749,33.69436,34.005196,33.954674,31.08119,30.698618,28.778137,24.85037,26.102314,23.253796,26.66409,23.75292,28.932869,27.719385,29.733438,28.290646,24.13358,23.42784,19.196898,18.291626,15.2298975,13.5314,12.033547,10.466003,11.273229,10.908811,14.035837,14.550838,9.930294,12.694662,14.410489,10.953222,13.377813,11.417637,16.549152,15.061179,19.30794,20.784372,24.507715,26.68208,30.64704,34.13476,31.230093,28.110653,26.36346,23.125307,20.925396,16.864468,16.812325,11.372348,13.389183,9.461098,13.482973,16.32328,15.665981,13.369578,17.140423,14.330034,15.1732235,16.700584,16.832287
11,32.163067,30.24868,27.569448,26.280006,22.590534,19.476091,17.441746,12.874257,10.945034,6.756964,4.8407807,0.0,3.6402247,6.4148717,4.435444,7.3037486,8.205182,12.082067,12.527429,18.033867,17.081503,22.661476,24.034159,28.49958,25.39779,32.217743,28.801773,28.9353,24.495493,26.5555,21.404951,25.002565,21.2535,25.1396,22.742947,26.284824,26.723627,27.406189,23.812788,25.195599,21.135485,22.90615,20.949753,22.025484,22.296902,22.259176,25.68814,25.928442,30.276218,29.47382,28.433046,29.48405,27.92209,31.382746,30.873392,35.136875,35.417095,36.036842,33.36762,33.555283,31.271269,27.682552,28.802504,25.154325,28.535957,25.14769,30.260952,28.412447,30.586685,28.570343,24.48766,23.240623,19.485586,17.5374,14.420765,13.975064,11.228248,11.127608,10.677358,11.529904,14.102056,15.490568,11.249221,14.703696,16.98747,13.926268,16.943577,14.601038,20.194963,17.966671,22.515467,23.609861,27.260302,29.342999,33.207306,36.981472,34.567585,31.509748,30.174221,26.712317,24.963146,20.869213,21.263708,15.660384,17.927021,13.300995,16.701965,19.086065,17.349623,15.126137,17.184097,15.115307,14.36113,16.200203,15.15791
12,34.66833,32.4363,30.074005,28.223877,24.566032,21.748667,19.205423,15.269294,12.424452,9.102153,4.7295275,3.6402247,0.0,4.014164,4.6444163,7.849963,10.808039,13.757581,15.303256,20.428013,20.017115,25.195547,26.673607,30.878572,27.396185,34.198513,30.356611,30.095709,25.627413,27.040741,21.895252,24.725264,20.071688,23.597906,20.900412,24.008907,24.26429,25.071178,21.917236,23.910326,20.283062,22.637571,21.119959,22.633558,23.491432,23.848871,27.5237,28.216436,32.27705,30.98613,29.783129,30.323378,28.463964,31.65569,30.405092,34.93051,34.628136,35.259953,32.70324,32.560837,29.840466,26.514238,28.219017,24.801334,28.849579,25.872845,31.196152,29.784086,32.27346,30.488878,26.295462,25.600128,21.507998,20.16528,16.811201,15.384983,12.571487,11.234198,10.099919,9.542014,11.668627,12.573549,7.944937,11.19059,13.990355,11.623057,15.131335,13.840246,19.357176,18.320175,22.792067,24.544964,28.129463,30.716133,34.352146,37.74845,35.33366,32.323223,30.623976,27.529102,25.16522,21.117416,20.78639,15.290925,16.533081,11.673659,14.164345,16.28249,14.763268,13.052728,15.529315,14.384122,14.314284,16.894485,16.517105
13,35.93901,33.515976,31.028522,29.14644,25.164904,22.918427,19.632086,16.748337,13.681083,10.893493,7.168526,6.4148717,4.014164,0.0,3.978267,7.353422,11.3890085,13.62734,16.14851,20.782028,21.436783,25.880316,26.92002,30.987997,26.993515,33.73793,29.60663,28.874979,24.506039,25.570904,20.204742,22.960377,17.388794,21.446087,17.848635,21.416992,21.115732,21.544313,18.187634,20.332388,17.008814,19.278206,18.393953,19.8051,21.337881,21.881922,25.838718,26.958921,30.695042,28.820652,27.605238,27.590601,25.753895,28.75699,27.224606,31.973295,31.278286,32.26967,29.93904,30.004946,26.837381,23.925976,25.873394,22.133465,26.681627,23.892323,29.308012,28.075975,31.039627,29.282146,25.061735,24.9398,20.709642,19.868074,16.269709,14.144397,10.949133,8.991917,6.775442,5.8337474,7.787487,9.178616,5.6329346,9.749599,11.659535,9.510913,13.370712,12.323495,17.934805,17.353397,21.86946,24.056456,27.378304,30.647844,33.707684,36.809437,35.04042,32.24642,30.618868,27.864622,25.246023,21.300068,20.815075,15.333977,16.204239,10.605858,12.160179,13.82199,11.443644,9.793442,11.567561,11.162499,11.10231,14.317488,14.407066
14,32.296555,30.05075,27.331257,25.819931,21.749073,19.369358,16.29577,13.1672125,10.644232,7.4602675,5.696894,4.435444,4.6444163,3.978267,0.0,4.3819547,7.429633,10.164608,12.22602,17.038187,17.57579,22.118755,23.108221,27.329306,23.565327,30.372833,26.535755,26.163202,21.756973,23.44837,18.0477,21.62226,17.263695,21.659718,18.7271,22.74178,22.92839,23.384092,19.553658,20.78976,16.765133,18.58829,16.872013,18.133934,18.875452,19.218185,22.924217,23.769579,27.708668,26.347609,25.146782,25.763853,24.023144,27.341928,26.58366,30.986353,31.060675,31.855494,29.310251,29.674316,27.16183,23.786844,25.009996,21.102608,24.883131,21.66082,26.935019,25.341753,27.98526,26.092445,21.899242,21.38038,17.268616,16.116781,12.597061,11.005749,7.9397583,7.0188785,6.3302784,7.5376296,10.5363655,12.257821,8.999069,13.04807,14.152679,10.79003,13.838796,11.336657,17.135916,15.183781,19.854376,21.426582,24.850365,27.700714,30.981133,34.45026,32.653736,29.806227,28.524023,25.42223,23.367983,19.34085,19.623016,13.928944,16.035654,10.680901,13.764475,15.985182,13.684711,11.172543,12.983762,10.7105,10.183473,12.341191,12.010564
15,28.86193,26.322927,23.874147,21.928972,17.847736,15.872317,12.304317,10.204252,7.185899,5.7497487,5.856707,7.3037486,7.849963,7.353422,4.3819547,0.0,5.715019,6.3802357,9.751012,13.700254,15.027389,18.769728,20.045439,23.84425,19.91208,26.658459,22.60461,22.247574,17.784107,19.400736,14.225931,17.754122,14.560515,18.726698,16.885939,20.87081,21.836445,22.674572,18.886452,19.368258,14.859746,17.207872,14.404607,16.673834,16.62496,17.600494,20.905138,22.149847,25.688803,24.60468,22.980665,24.00615,21.654095,24.95375,24.241655,28.267612,28.88532,29.08289,26.271416,26.515926,24.701647,20.817549,21.587336,18.07969,21.379286,18.24854,23.497963,22.207859,24.607445,23.105251,18.871235,18.704634,14.233313,13.993323,10.621179,7.9701457,6.6662893,4.8615355,7.115245,8.328162,12.143395,13.418012,10.586124,14.209248,13.966105,9.578037,11.400212,7.8192115,13.454813,10.910056,15.565876,17.0879,20.55674,23.435665,26.736052,30.185686,28.273098,25.432156,24.193804,21.122093,19.137104,15.142759,15.7759285,10.116832,13.031585,8.230486,12.538049,15.276093,13.61501,10.489599,13.522448,9.336874,10.1626625,11.016414,11.711929
16,25.361376,23.488747,20.3055,19.634201,15.460852,12.849528,10.512063,7.0443873,6.94546,4.318914,8.732666,8.205182,10.808039,11.3890085,7.429633,5.715019,0.0,5.051171,4.849948,10.083693,10.381996,15.0081215,15.975302,20.458023,17.344143,24.157248,21.062737,21.570784,17.285192,20.276392,15.352657,20.231539,18.726383,23.155828,21.699509,26.032393,27.050442,27.618536,23.38695,23.11084,18.29702,19.307661,16.024958,17.08484,15.835433,15.843811,18.570787,18.808329,22.984623,22.914011,21.689434,23.70804,22.105038,25.83981,26.539415,30.02138,31.570112,31.844183,28.963953,29.783598,28.639118,24.582802,24.37461,20.571812,22.462797,18.575695,23.219122,20.97662,22.693878,20.646936,16.671694,15.183021,11.496826,9.664737,6.785256,7.216087,6.417308,8.278367,10.604531,13.340248,16.90083,18.69351,15.815632,19.575338,19.674952,15.259809,16.630821,12.2796,17.240637,12.718453,17.110905,17.119413,20.601843,22.342508,26.065722,30.23046,28.356407,25.474373,24.973478,21.260199,20.569519,16.718065,18.599201,13.346077,17.40886,13.524555,18.185364,20.951603,19.046167,15.819126,17.689028,13.112136,12.307323,11.681444,10.760749
17,23.046267,20.565075,17.830956,16.319353,11.914284,10.45836,6.5535626,6.4607835,5.6882277,6.864843,10.75304,12.082067,13.757581,13.62734,10.164608,6.3802357,5.051171,0.0,5.347351,7.465158,10.158157,12.601879,13.83472,17.466566,13.66616,20.44694,16.735533,16.99176,12.585853,15.342007,10.709595,15.501499,15.365781,19.44857,19.018492,23.221848,24.838154,25.684656,21.654432,20.674026,15.686317,17.262241,13.011003,15.366102,13.440198,14.549262,16.813244,17.965042,21.251709,21.156918,19.31665,21.501245,19.053629,22.588036,23.117567,26.19141,28.160128,27.829271,24.75229,25.457035,24.98919,20.60429,19.917904,16.62715,18.014023,14.382618,19.045399,17.403662,19.04329,17.657135,13.57242,13.125684,8.6648655,9.13504,6.7209926,4.5517354,6.9577894,7.4415746,11.406695,13.672794,17.530727,18.912394,16.730272,20.106113,18.918066,14.119894,14.1950445,9.252082,13.211601,7.9002967,12.136037,12.170242,15.637417,17.840195,21.323914,25.306446,23.550982,20.77132,20.334665,16.865555,16.153242,12.518685,14.819806,10.163194,14.703029,11.789628,16.718542,19.610043,18.218061,14.767596,17.415453,11.678775,12.359402,10.654953,11.434733
18,20.662226,19.048597,15.593815,15.553846,11.477057,8.690979,7.5315814,4.4708977,7.2641654,6.933949,12.439785,12.527429,15.303256,16.14851,12.22602,9.751012,4.849948,5.347351,0.0,5.8617654,5.757874,10.336633,11.56759,16.117064,13.761098,20.38384,17.966269,19.246986,15.281817,19.042847,15.008735,20.218262,20.681635,24.7162,24.304096,28.52088,30.059748,30.780495,26.55686,25.551388,20.562567,21.287333,17.216394,18.33361,15.761113,15.714662,17.34541,17.18006,21.21933,22.194422,20.895433,23.843946,22.233192,26.022167,27.497972,30.24111,32.682957,32.485134,29.428638,30.387962,30.180275,25.795843,24.727684,21.36854,21.859665,17.821482,21.720057,19.215206,19.98731,18.04239,14.473518,12.22896,9.240639,7.2272816,6.180716,8.114996,9.500199,11.730799,14.845613,17.64739,21.34956,23.021755,20.237432,23.767624,23.439016,18.750896,19.228338,14.448666,18.299376,12.653712,16.250689,14.987304,18.355686,19.011711,23.100065,27.695341,25.65114,22.787443,22.854204,18.804716,19.207373,15.784429,18.633493,14.275832,19.058638,16.377838,21.47376,24.430359,22.89527,19.511688,21.587383,16.284695,15.731903,13.8300705,12.989056
19,16.3778,14.49638,10.888794,11.129509,6.684508,5.929356,4.881491,7.240406,10.160454,11.983292,17.15213,18.033867,20.428013,20.782028,17.038187,13.700254,10.083693,7.465158,5.8617654,0.0,5.8757515,5.3305464,6.622536,10.482165,8.108333,14.604941,12.455961,14.334301,10.932043,15.325215,12.667798,17.941097,20.65291,24.236143,24.902214,29.013494,31.026636,31.829353,27.718637,25.76248,20.82887,21.351141,16.545856,18.101845,14.29331,14.836015,15.118538,15.363103,18.362206,20.090263,18.400055,22.082457,20.124977,23.696766,25.811953,27.604761,30.986065,30.203777,27.045607,28.221807,29.103537,24.56432,22.4745,19.758318,18.600298,14.720774,17.612257,15.230431,15.045612,13.673184,10.630687,8.640898,6.3191667,6.765962,7.8605514,9.1350975,12.515641,14.395284,18.262259,21.00886,24.79046,26.297085,24.169922,27.4699,26.13587,21.29199,20.640888,15.660103,17.848816,11.4519615,13.622314,10.99624,13.814476,13.783322,17.728628,22.57714,20.901442,18.322678,19.201576,15.267823,16.785677,14.28058,17.997942,15.079718,20.10572,18.606972,23.663368,26.59408,25.366396,21.88521,24.07,18.068542,18.168936,15.073737,15.148161
20,15.63039,14.677846,11.100489,12.105757,9.184255,5.569953,8.141687,5.7871394,10.25823,11.072078,16.646658,17.081503,20.017115,21.436783,17.57579,15.027389,10.381996,10.158157,5.757874,5.8757515,0.0,6.926579,9.314307,13.481413,13.094265,18.753124,17.58595,19.917105,16.6474,20.805792,18.097515,22.928743,25.019081,28.327793,28.951365,32.756485,34.819386,35.807163,31.75764,30.428232,25.419691,26.130552,21.635271,22.838047,19.417477,19.269983,19.727737,18.943874,22.682915,24.823715,23.559748,27.273853,25.693983,29.379885,31.366241,33.40345,36.550716,35.810658,32.59826,33.447342,34.09588,29.429575,27.759722,25.126122,24.395887,20.545597,23.446987,20.88407,20.321932,18.706041,16.04318,12.987102,11.602726,9.72026,10.675557,13.084646,15.146286,17.259802,20.573076,23.167341,26.943195,28.414946,25.332605,28.553242,28.278479,23.530815,23.473074,18.786737,21.612103,15.718721,18.150892,15.615575,18.695341,17.478348,22.235413,27.231932,24.535376,21.6556,22.227299,17.825552,19.53054,16.79578,20.294811,17.098423,22.117794,20.662462,26.035318,29.178028,28.13415,24.752893,27.213234,21.672583,21.351383,19.017073,18.15022
21,11.215614,9.863517,5.6552253,7.779654,4.9966745,5.5301514,7.89039,10.572424,14.088163,16.3295,21.616224,22.661476,25.195547,25.880316,22.118755,18.769728,15.0081215,12.601879,10.336633,5.3305464,6.926579,0.0,4.360297,6.759061,7.4040523,12.052827,11.676054,14.754998,12.631819,17.117357,16.101488,20.70122,24.85868,27.762987,29.291975,33.038746,35.44909,36.423748,32.485157,30.202335,25.390802,25.81087,20.841984,22.353586,17.98808,18.418499,17.521889,17.266886,19.602388,22.419266,20.804247,25.090242,23.240469,26.546518,29.169395,30.148022,34.21197,32.93012,29.72282,30.856638,32.591713,27.94494,25.254805,23.314102,20.895351,17.466627,18.991085,16.706642,14.941274,14.1557455,12.534832,10.111024,10.019882,10.517526,12.695994,14.33394,17.805845,19.660955,23.58805,26.229189,30.047663,31.429523,29.165506,32.265163,30.883947,26.032806,24.95895,20.165424,21.401043,15.177384,15.992123,12.174596,14.183623,11.899023,16.26678,21.472773,19.432346,17.065828,18.729074,14.743418,17.69057,16.161663,20.31949,18.582016,23.604755,23.056528,28.210472,31.22557,30.34614,26.890583,29.273302,23.171173,23.388659,20.043766,20.051373
22,13.45843,12.812074,8.1264925,11.471391,8.578012,9.58867,10.594363,13.280592,16.697502,18.274857,23.6306,24.034159,26.673607,26.92002,23.108221,20.045439,15.975302,13.83472,11.56759,6.622536,9.314307,4.360297,0.0,5.2994,6.0572867,10.414688,10.923917,13.9556875,12.42846,17.398617,16.222328,21.558895,25.494366,29.070358,29.942713,34.22645,36.187286,36.713646,32.447906,29.780867,25.111393,24.583975,19.940693,20.490883,15.828873,15.716293,14.128461,13.444784,15.642684,18.954796,17.690998,22.30545,21.1615,24.530579,28.010538,28.75504,33.096725,32.29618,29.344013,31.137747,32.768276,28.491112,25.511627,22.977531,20.11132,16.362114,17.26703,14.197913,12.277754,10.777453,9.818725,6.621283,8.430991,8.774618,11.837357,14.240452,17.577864,20.09526,23.758583,26.931551,30.555124,32.28752,30.517752,33.93179,32.358696,27.545998,26.647768,21.663855,23.1066,16.680286,17.627127,13.912838,15.286678,13.669018,16.790188,21.946667,21.261646,19.376068,21.465658,17.898333,20.704847,19.19439,23.2735,21.20935,26.175035,24.97439,29.849207,32.639946,31.20348,27.7183,29.194317,23.237041,22.813833,19.023453,18.693546
23,11.261716,10.430161,6.8859105,10.209243,8.971361,11.803925,12.909934,16.989227,19.997255,22.396856,27.502861,28.49958,30.878572,30.987997,27.329306,23.84425,20.458023,17.466566,16.117064,10.482165,13.481413,6.759061,5.2994,0.0,5.433326,5.94734,8.291243,12.0721445,12.129613,16.573772,17.19709,21.524012,26.956575,29.759792,31.571215,35.425003,37.79553,38.503147,34.58037,31.459694,27.083607,26.752941,21.910072,23.02755,18.12257,18.675749,16.296007,16.277412,16.864426,20.470625,18.867647,23.601233,22.040815,24.827879,28.423416,28.233564,33.18224,31.71789,28.773127,30.491503,33.05726,28.804333,25.20707,23.672132,19.586426,16.726234,16.198984,13.986283,10.60325,10.707266,11.203051,9.76289,11.763466,13.571451,16.411497,17.813807,21.681314,23.60888,27.570295,30.415546,34.061165,35.53377,34.036816,37.164307,35.05257,30.290874,28.710472,23.997702,24.198574,18.196604,17.74106,13.42509,13.577084,10.666094,13.079081,18.213339,17.902067,16.624203,19.489006,16.570501,20.171999,19.716202,23.938843,23.096006,27.826946,27.548655,32.26065,35.0013,33.975067,30.562412,32.358116,26.21084,26.427662,22.41239,22.786186
24,15.462332,13.422004,10.356503,11.181899,8.02694,11.158441,9.984788,14.989402,17.081692,19.58627,24.222567,25.39779,27.396185,26.993515,23.565327,19.91208,17.344143,13.66616,13.761098,8.108333,13.094265,7.4040523,6.0572867,5.433326,0.0,6.836222,5.049538,7.916384,6.9766808,11.807257,11.860851,16.61146,21.693632,24.826876,26.295263,30.345894,32.525475,33.127213,29.202902,26.030525,21.688745,21.500202,16.56043,18.131828,13.351132,14.621796,12.886024,14.076291,14.658179,17.089567,14.96284,19.28555,17.15235,20.053093,23.240135,23.481848,28.109274,26.815302,23.83459,25.646912,27.838558,23.655535,20.194916,18.297577,14.593422,11.438387,11.812352,9.748724,7.7567854,7.8675,6.849152,7.133351,7.5132685,10.907982,13.013864,13.324377,17.48306,19.009842,23.032541,25.761875,29.30582,30.741224,29.698914,32.817013,30.332693,25.669043,24.016777,19.326012,19.510891,13.520747,13.311781,9.530463,9.930776,9.574793,11.500073,16.4174,16.664507,15.203328,17.52377,14.802311,17.35819,16.512344,20.473358,19.293938,23.825535,23.193848,27.57846,30.141489,28.981443,25.618061,27.303679,21.151506,21.679752,17.621788,18.639717
25,15.152045,13.737648,11.882702,13.486665,12.555178,16.35236,16.144226,21.313774,23.522379,26.288448,30.916834,32.217743,34.198513,33.73793,30.372833,26.658459,24.157248,20.44694,20.38384,14.604941,18.753124,12.052827,10.414688,5.94734,6.836222,0.0,5.551716,8.8978195,11.14342,14.576554,16.783697,20.202475,26.570604,28.982769,31.162704,34.84256,37.23118,37.815556,34.17983,30.464605,26.672073,26.14616,21.515793,22.86746,18.026018,19.258682,16.29219,17.356794,16.107708,19.348341,17.39259,21.875444,20.028673,22.038439,25.876297,24.672827,30.163076,28.34673,25.654747,27.67522,30.943125,27.130142,22.924541,22.083366,16.810244,15.029073,12.717679,11.572233,7.195371,9.311577,11.19154,11.97831,13.909295,17.058416,19.562864,19.943495,24.095016,25.531511,29.525448,32.173912,35.610313,36.95214,36.20455,39.156456,36.29168,31.765575,29.648561,25.300407,24.423319,19.154757,17.591475,13.566101,12.054272,9.977281,9.493796,13.959191,15.661682,15.474239,18.90323,17.253807,20.69608,21.057737,25.007864,24.971725,29.189434,29.27202,33.399467,35.82069,34.872448,31.635715,33.195,27.15163,27.810612,23.55962,24.700422
26,17.335485,14.7198715,13.170927,12.64083,10.566189,14.577907,12.816623,18.661722,19.958208,23.033005,27.083553,28.801773,30.356611,29.60663,26.535755,22.60461,21.062737,16.735533,17.966269,12.455961,17.58595,11.676054,10.923917,8.291243,5.049538,5.551716,0.0,3.9371607,5.812706,9.085853,11.501783,14.661034,21.141958,23.435072,25.735666,29.298634,31.769712,32.494183,29.053297,25.439604,21.649029,21.784138,16.901543,19.246502,14.75295,16.903975,14.940624,17.101494,16.234932,18.08629,15.471317,19.308699,16.430832,18.481955,21.374395,20.701195,25.77366,23.767307,20.821466,22.571861,25.656538,21.669899,17.595535,16.886126,11.942971,10.283147,9.074207,8.963956,6.451797,8.917843,8.930096,11.215888,11.185999,15.392289,16.994408,16.100264,20.471355,21.18682,25.2999,27.546024,30.938059,32.054737,31.550201,34.303802,31.138145,26.738605,24.397295,20.265642,19.02718,14.086186,12.276424,8.67352,7.037648,7.4954896,7.0453463,11.600769,13.1222315,12.505074,15.302881,13.824571,16.365143,16.575369,20.252174,20.265812,24.188744,24.344337,28.198479,30.52407,29.75189,26.611061,28.49977,22.428194,23.723797,19.686304,21.568468
27,21.103304,18.212988,16.857733,15.623431,13.159898,16.95736,14.122585,20.078066,20.594847,23.64108,27.091898,28.9353,30.095709,28.874979,26.163202,22.247574,21.570784,16.99176,19.246986,14.334301,19.917105,14.754998,13.9556875,12.0721445,7.916384,8.8978195,3.9371607,0.0,4.4911327,6.1355815,9.336055,11.884185,18.450949,20.72856,22.91766,26.483223,28.79867,29.393587,26.132881,22.262177,18.878498,19.090143,14.435281,17.234907,13.271175,16.096571,14.5609045,17.592703,16.23137,16.960747,13.974461,17.046974,13.539609,15.159323,17.666351,16.862795,21.920647,19.838404,16.939804,18.922375,22.049778,18.350708,14.065895,13.526183,8.124397,7.316182,5.803378,7.362067,6.6931195,9.492836,9.06613,12.673018,11.827178,16.559988,17.527184,15.689448,19.96197,20.151388,24.10617,26.097696,29.238417,30.245775,30.333084,32.94672,29.32097,25.208807,22.662819,18.915438,17.173676,13.061613,10.93073,8.649965,6.367218,9.57559,7.6245146,10.745958,13.458368,13.169847,15.457229,14.737075,16.24042,16.502382,19.621964,19.7452,23.119892,23.185766,26.439322,28.453173,27.646788,24.703764,26.38139,20.564997,22.243217,18.32102,20.840113
28,20.737587,17.651798,15.894832,14.172065,10.738381,13.883253,10.252839,16.056812,16.26227,19.249092,22.60406,24.495493,25.627413,24.506039,21.756973,17.784107,17.285192,12.585853,15.281817,10.932043,16.6474,12.631819,12.42846,12.129613,6.9766808,11.14342,5.812706,4.4911327,0.0,5.0828443,5.7008777,9.8142185,15.450623,18.282661,20.065805,23.89351,26.184137,26.911434,23.420351,20.069923,16.056553,16.828842,11.679657,15.011611,11.20223,14.139416,13.688428,16.6117,16.569593,16.900991,13.937029,16.831219,13.13518,15.556225,17.310467,17.88199,22.042765,20.35558,17.185204,18.75327,20.938034,16.73474,13.233377,11.760358,8.347703,5.906971,7.9749804,8.308632,9.024712,10.236587,7.8808103,11.061986,8.678697,13.476853,13.849022,11.52358,15.896006,15.920334,20.033512,21.99353,25.311605,26.335655,26.086388,28.796293,25.463623,21.15079,18.870571,14.768409,13.78999,8.871502,7.8064365,5.8363132,5.7768035,9.795158,10.241033,13.790789,14.666889,13.34275,14.732784,13.121286,13.942705,13.245225,16.404676,15.703856,19.3778,19.017166,22.599838,24.824778,23.956253,20.850775,22.878016,16.804813,18.590229,14.878658,17.439772
29,24.169542,20.618505,19.838715,16.970041,14.221458,17.4236,13.406458,19.209833,18.36852,21.714958,24.05845,26.5555,27.040741,25.570904,23.44837,19.400736,20.276392,15.342007,19.042847,15.325215,20.805792,17.117357,17.398617,16.573772,11.807257,14.576554,9.085853,6.1355815,5.0828443,0.0,5.7450533,5.7763333,13.0778475,14.646249,17.484694,20.544004,23.22503,24.24881,21.527328,18.048687,14.806225,16.634163,11.922102,16.43409,13.786765,17.356346,17.342617,20.831465,20.203278,19.607565,16.381557,18.088032,13.460216,14.799301,14.909319,15.209247,19.034676,16.425623,13.033089,14.0051365,16.894121,12.669145,8.7431965,9.206953,5.809938,6.4991364,8.392403,11.009163,12.313626,14.28528,12.287036,15.978262,13.249181,18.03381,17.761734,14.316354,18.364227,17.20205,21.136791,22.210983,25.226046,25.724276,26.065414,28.190289,24.15721,20.370205,17.3402,14.348106,11.546115,9.07719,6.1632442,6.68577,5.241189,11.150568,10.172712,11.856658,13.215401,12.407491,13.1042385,12.97987,12.598728,12.750848,14.928627,15.452031,17.97623,18.486324,21.170973,23.03695,22.77381,20.09941,22.593922,16.966568,19.824766,16.733612,20.12424
30,25.25245,21.98454,20.209612,17.85235,13.959918,15.912123,11.098784,15.828738,14.6092415,17.192728,19.366829,21.404951,21.895252,20.204742,18.0477,14.225931,15.352657,10.709595,15.008735,12.667798,18.097515,16.101488,16.222328,17.19709,11.860851,16.783697,11.501783,9.336055,5.7008777,5.7450533,0.0,6.566267,9.915005,13.670633,14.51415,18.748951,20.709682,21.391327,17.858513,14.865737,10.626279,12.460768,7.256867,12.035656,9.923639,13.433078,14.684071,18.052813,18.615444,17.422258,14.446996,15.842721,11.549102,14.029042,14.059341,16.18163,18.930841,17.752527,14.548733,15.823459,16.64208,12.361956,10.052277,7.3201423,7.4892917,5.172498,10.153474,10.87724,13.496145,13.890453,10.504472,13.731681,9.836571,14.188334,13.066312,8.973666,12.747705,11.575947,15.475859,16.927622,20.041676,20.9196,21.173458,23.781147,20.139545,16.060219,13.878224,10.0468645,9.497787,5.631491,6.4090586,7.945304,9.150402,14.303587,14.930097,17.44956,17.98455,16.381058,16.451653,15.070297,13.972331,12.351327,14.322686,12.708482,15.647181,14.48249,17.42972,19.41163,18.37031,15.371827,17.51279,11.569869,14.184373,11.217912,14.701279
31,28.168139,24.34501,23.841002,20.143671,17.305534,19.628191,15.0115385,19.900473,17.753317,21.022444,22.00083,25.002565,24.725264,22.960377,21.62226,17.754122,20.231539,15.501499,20.218262,17.941097,22.928743,20.70122,21.558895,21.524012,16.61146,20.202475,14.661034,11.884185,9.8142185,5.7763333,6.566267,0.0,8.353851,8.872817,12.447104,14.867968,17.920637,19.433165,17.409765,14.648549,11.847567,15.440745,11.421237,16.959352,15.8422785,19.59652,20.741032,24.373896,24.292128,22.762442,19.59776,20.123371,15.1368885,16.130497,13.840522,15.485023,17.481962,14.71465,11.164404,10.659794,12.592972,7.702266,5.3991437,7.1291523,8.164199,9.524717,12.928497,15.54214,17.72262,19.177553,16.460245,19.940603,16.22548,20.554195,19.26319,14.74094,18.017298,15.509102,19.041172,19.005995,21.707413,21.615467,22.334578,23.865858,19.388718,16.166609,12.653304,11.015309,6.8796577,7.9274855,5.584833,9.359976,9.445712,15.28697,15.034297,15.7705145,16.025358,14.871069,13.945095,14.282749,11.808687,11.534731,12.029543,12.743857,13.839386,14.6825695,16.384918,17.961369,18.314608,16.095076,19.39925,14.420604,18.381372,16.475159,20.41131
32,33.97055,30.38924,29.117617,25.824732,22.20406,23.148525,18.089195,20.911884,17.707745,19.507488,18.72605,21.2535,20.071688,17.388794,17.263695,14.560515,18.726383,15.365781,20.681635,20.65291,25.019081,24.85868,25.494366,26.956575,21.693632,26.570604,21.141958,18.450949,15.450623,13.0778475,9.915005,8.353851,0.0,6.4120064,4.6464477,9.294873,10.839368,11.9867115,9.5409975,8.321422,5.7795687,11.25999,9.435655,14.7002125,15.980417,19.30355,22.018574,25.55861,26.360773,23.584003,20.930378,19.978645,15.632669,16.822512,12.873701,16.986189,16.291027,15.617697,13.034863,12.618075,10.173576,6.5890293,9.048291,7.1126156,12.906031,13.069984,17.849106,19.40295,22.854107,23.115303,19.625345,22.66472,18.293358,21.50606,18.992193,13.909151,15.168695,11.464609,13.435989,12.320604,14.179663,13.891217,15.816913,17.272497,12.388513,10.098316,7.672226,7.865177,6.8766537,10.172396,11.595427,15.704439,17.030777,22.596413,23.022152,24.040564,24.166422,22.609474,21.090609,20.698948,17.305487,15.429363,14.475367,12.752202,12.320443,10.579113,10.1584635,10.860961,10.351216,8.661371,11.78912,8.456225,13.1995535,13.291721,17.44113
33,35.43112,31.46699,31.208817,26.932268,24.175884,25.433289,20.716152,23.910913,20.371706,22.993938,21.692432,25.1396,23.597906,21.446087,21.659718,18.726698,23.155828,19.44857,24.7162,24.236143,28.327793,27.762987,29.070358,29.759792,24.826876,28.982769,23.435072,20.72856,18.282661,14.646249,13.670633,8.872817,6.4120064,0.0,6.996511,6.3419666,10.510461,13.277023,13.342636,12.83461,11.930313,17.307272,15.357639,20.849771,21.609848,25.148533,27.397259,31.011412,31.465435,29.01432,26.113016,25.336412,20.570463,21.039743,16.265116,19.315693,18.35939,16.023666,13.391486,10.656469,9.383905,5.5607667,9.157654,11.115177,15.589999,17.056753,20.998978,23.47189,26.272436,27.287079,24.106651,27.258799,22.926285,26.442179,24.154264,19.066647,20.75862,16.796429,18.915787,16.852106,18.474892,17.132341,18.693777,18.7896,13.617506,12.439456,8.643932,11.031153,6.850274,12.810669,12.385739,16.943012,17.810863,23.190489,23.41749,23.428946,22.831434,21.514608,19.202406,19.937155,15.746631,14.981458,12.717449,13.404749,11.145321,12.377098,11.051796,11.456799,13.396138,12.750388,17.085125,14.480624,19.378777,19.523,23.595339
34,38.45987,34.84705,33.630005,30.222168,26.648815,27.31986,22.310305,24.495966,20.912237,22.202293,20.343195,22.742947,20.900412,17.848635,18.7271,16.885939,21.699509,19.018492,24.304096,24.902214,28.951365,29.291975,29.942713,31.571215,26.295263,31.162704,25.735666,22.91766,20.065805,17.484694,14.51415,12.447104,4.6464477,6.996511,0.0,6.0381618,6.2596865,7.6067467,6.468588,7.3418455,7.39479,12.789731,12.747676,17.246794,19.49888,22.583218,25.645344,29.180202,30.014088,26.737347,24.29948,22.579018,18.579998,19.258303,14.25973,18.797356,16.51725,16.414425,14.589122,13.635292,9.355564,7.8522477,11.889906,10.53033,16.73963,17.274405,21.854618,23.497375,27.191286,27.358044,23.885593,26.884117,22.507364,25.364414,22.558174,17.566792,17.91036,13.906037,14.567477,12.341615,12.955339,11.966435,15.071257,15.731293,10.418336,10.087928,8.488336,10.782594,10.211984,14.502033,15.960537,20.223785,21.502754,27.090034,27.389257,28.000393,28.15973,26.687183,24.837694,24.718185,20.902687,19.063686,17.306482,15.642994,13.88481,11.934475,9.190796,8.371779,8.085467,8.094098,10.784591,10.1229515,14.68489,15.948428,19.907831
