,0,1,2,3,4,5,6,7,8,9,10,11,12,13,14,15,16,17,18,19,20,21,22,23,24,25,26,27,28,29,30,31,32,33,34,35,36,37,38,39,40,41,42,43,44,45,46,47,48,49,50,51,52,53,54,55,56,57,58,59,60,61,62,63,64,65,66,67,68,69,70,71,72,73,74,75,76,77,78,79,80,81,82,83,84,85,86,87,88,89,90,91,92,93,94,95,96,97,98,99,100,101,102,103,104,105,106,107,108,109,110,111,112
0,0.0,3.7402906,7.181536,10.708708,13.000384,16.013647,18.842106,22.193644,25.424932,27.890804,32.729294,35.23869,36.264004,33.878162,33.203278,28.988289,27.394379,24.08261,22.68108,20.008512,18.392385,15.485391,16.473608,16.167154,19.988388,18.815845,19.403744,22.579893,21.413725,24.35182,25.143482,26.46984,32.60933,33.389168,37.705074,38.92216,42.809658,45.07463,42.238125,40.259045,35.491898,37.196365,31.96558,33.788948,29.999233,30.713928,29.44317,28.601881,31.051247,34.020885,32.50648,36.100697,33.63419,37.009666,38.026577,39.755585,42.774742,40.559948,37.15443,37.332977,38.931812,33.765793,32.406067,31.127857,31.322256,28.249403,30.928028,29.560616,27.27301,27.32573,26.138815,23.587654,23.411076,23.934914,25.85232,26.117943,30.152016,30.774462,35.00686,37.260017,40.8186,41.93685,41.307026,44.138794,40.34639,37.397778,35.622463,32.043762,30.27369,25.81228,24.088211,20.010103,19.466063,15.999846,18.379261,18.883327,18.364002,22.27386,22.626738,25.37955,23.39114,23.18042,20.882446,23.844553,22.100994,25.438951,25.04879,26.630026,27.581451,27.45213,28.974844,28.52709,32.758175
1,3.7402906,0.0,3.4415205,7.301508,10.369133,12.902891,15.815595,19.212627,22.228418,24.924313,29.50557,32.218582,33.237606,30.842197,30.414534,26.251734,24.820257,21.69318,20.245518,18.157318,16.302757,14.545677,15.747355,16.609379,19.833559,19.870083,19.540325,22.370092,20.471785,23.40767,23.46663,24.89761,30.755426,31.237867,35.666172,36.56384,40.7144,42.92961,40.09894,38.43638,33.58192,35.459568,30.29745,32.15437,28.659252,29.3102,28.494724,27.630577,30.596361,33.132713,31.727522,35.026707,32.597626,36.03536,36.793133,38.990326,41.607693,39.72741,36.31336,36.463364,37.50957,32.37354,31.468828,29.823616,30.717539,27.501295,30.753923,29.31454,27.606369,27.40802,25.68196,23.072447,22.316967,22.45184,24.0351,24.228735,28.064901,28.543497,32.75986,34.876472,38.548954,39.538307,38.598415,41.337376,37.72642,34.53846,32.980244,29.504055,27.738016,23.544628,22.026329,18.241142,18.374819,15.391915,18.607803,19.684414,19.805946,23.66442,23.543407,26.259064,23.931067,23.01471,20.957516,22.964495,20.822397,24.300154,24.441738,25.987154,27.750809,27.297796,29.371668,28.95617,33.329205
2,7.181536,3.4415205,0.0,4.5989747,8.650815,10.377953,13.309627,16.705965,19.42528,22.366217,26.628893,29.553375,30.566586,28.17587,28.023367,23.949406,22.725695,19.840979,18.38651,16.991314,14.961358,14.494044,15.8246975,17.701782,20.281755,21.350492,20.245693,22.68297,20.143993,22.99639,22.32489,23.82678,29.31941,29.487865,33.997158,34.56126,38.95438,41.110214,38.303123,36.969414,32.066105,34.10759,29.0638,30.942673,27.784163,28.370123,28.01551,27.151453,30.561016,32.652287,31.362831,34.33999,31.965395,35.42555,35.91984,38.548187,40.75988,39.209873,35.815414,35.933544,36.437424,31.378075,30.92805,28.951244,30.509258,27.20881,30.9534,29.473866,28.316751,27.903297,25.711288,23.109837,21.807867,21.560448,22.761593,22.864826,26.440323,26.755072,30.916069,32.871067,36.637547,37.487488,36.236378,38.86529,35.453735,32.030357,30.708344,27.3704,25.619638,21.773294,20.498926,17.12584,17.95478,15.564517,19.410261,20.94037,21.578442,25.320547,24.811445,27.445606,24.86417,23.339565,21.54838,22.616259,20.133965,23.669733,24.321669,25.80346,28.286648,27.549606,30.089563,29.711731,34.157833
3,10.708708,7.301508,4.5989747,0.0,4.860718,6.179142,8.738498,12.369437,14.997424,18.004564,22.308826,25.203627,26.478668,24.27521,24.368845,20.204754,19.804947,16.527082,16.075558,14.704601,13.954525,14.08044,14.624396,17.725012,19.065886,20.980309,18.70102,20.452549,17.348942,19.728836,18.601093,19.808748,25.08669,25.012735,29.588648,29.998398,34.46268,36.629223,33.922607,32.81277,27.942183,30.328754,25.336864,27.640713,24.822023,25.721367,25.941057,25.588537,29.084854,30.50322,29.082747,31.571053,28.926466,32.246372,32.231087,35.216637,36.974133,35.595818,32.21561,32.22724,32.316086,27.334633,27.283062,25.200119,27.383406,24.272099,28.529016,27.339363,26.833536,26.51362,23.855223,21.799118,19.626036,19.655008,20.21208,19.593487,23.072779,22.892288,27.072922,28.727154,32.521862,33.19885,32.020916,34.49859,30.979773,27.527063,26.151728,22.957985,21.048286,17.457888,16.185572,13.172765,14.669201,13.042042,17.505219,19.520456,20.864807,24.331028,23.360472,25.750593,22.877531,20.662584,19.277544,19.249447,16.690226,20.19873,21.352846,22.607489,25.801466,24.6921,27.723917,27.454317,31.924578
4,13.000384,10.369133,8.650815,4.860718,0.0,3.9050105,7.159551,9.336658,12.896695,14.965032,20.078634,22.321646,23.587048,21.47636,21.175148,16.808521,16.802084,12.728699,13.436642,11.071697,12.274681,11.748389,11.183753,15.103499,15.2916355,17.837088,14.692577,15.9796295,12.6064415,14.999232,13.81009,15.488342,20.711658,21.473934,25.516693,26.561256,30.693932,32.71422,29.788803,28.333727,23.45167,25.713268,20.628187,23.105574,20.221964,21.435537,21.793922,21.979385,25.192759,26.285086,24.666054,26.996292,24.14977,27.416248,27.436365,30.369816,32.234875,30.920162,27.584898,27.885885,28.079302,23.092134,22.795202,20.45439,22.60741,19.453922,23.858072,22.80368,22.658123,22.445713,19.589153,18.083055,15.407147,16.10689,16.382088,15.179193,18.914547,18.630173,22.904663,24.679197,28.37209,29.224146,28.481699,31.165087,27.408075,24.423615,22.759413,19.149206,17.668087,13.228681,12.29743,9.078753,10.368803,10.059777,13.89144,16.471743,18.394043,21.374006,19.80871,22.224932,19.490717,16.784956,16.371407,15.699365,14.250394,17.591465,18.873646,19.488585,22.746407,20.752947,24.01111,23.408037,27.84161
5,16.013647,12.902891,10.377953,6.179142,3.9050105,0.0,5.4519434,6.351179,9.703259,12.047685,16.792395,19.32492,20.437769,18.244087,18.30677,14.100609,14.373511,10.90617,11.577416,10.731214,11.578249,13.034825,12.936274,17.486523,17.137629,20.734732,17.217152,18.011654,14.016495,16.281427,13.747634,15.845627,20.046967,20.518578,24.42545,25.04109,29.497171,31.31371,28.322548,27.336338,22.412477,24.728907,19.985071,22.22258,19.94779,20.881168,21.869888,21.913853,25.690575,26.214258,24.89329,26.761993,24.222914,27.499474,27.31469,30.793673,32.13143,31.411798,28.215961,28.598251,27.98412,23.25821,23.596115,20.645382,23.668184,20.382584,25.219725,23.990343,24.523584,23.91332,20.603973,19.02634,15.862533,15.74527,15.415381,14.27532,17.373167,16.955986,21.05488,22.667004,26.4946,27.204113,25.89213,28.510532,25.161463,21.828386,20.642939,17.123707,15.993556,12.105749,12.096588,10.134964,12.392749,13.130292,16.990606,19.825891,22.004313,24.760073,22.87856,25.189466,22.416855,19.204597,19.23551,17.442558,15.780719,18.936949,20.83078,21.269106,25.204416,22.8496,26.496061,25.84291,30.185234
6,18.842106,15.815595,13.309627,8.738498,7.159551,5.4519434,0.0,6.34744,7.402435,10.890043,14.766195,17.692863,19.884838,18.416868,19.425146,15.408634,17.485071,13.78252,15.939134,15.084168,16.880949,18.038704,17.183067,21.726688,20.802893,23.86717,19.7405,19.775738,15.863371,16.44475,14.21512,13.929793,18.258957,16.95362,21.949594,21.601118,26.358631,28.64237,26.398275,26.091478,21.488693,24.918747,20.337261,23.75086,22.05469,23.663336,25.203499,25.95482,29.378128,29.275248,27.647745,28.835402,25.641827,28.404156,26.943056,30.772215,31.222216,30.25539,26.998106,26.557999,25.456226,20.853924,22.084429,20.007551,23.799051,21.52152,26.681185,26.301136,27.183403,27.130133,23.76325,23.04825,19.341148,19.94489,18.950418,16.539345,19.312134,17.615343,21.579317,22.159452,25.950796,26.012346,25.007423,26.872698,23.07933,19.422388,17.914167,15.540176,12.750494,10.843197,9.387208,8.582693,12.067786,12.625321,17.697638,20.267876,22.731861,25.387869,23.73154,25.296738,21.970604,18.482542,17.986984,15.168618,12.35421,15.287697,17.737354,18.446865,23.22448,21.600424,25.551785,25.720507,29.965082
7,22.193644,19.212627,16.705965,12.369437,9.336658,6.351179,6.34744,0.0,4.603798,5.714624,10.929805,13.04683,14.411599,12.588323,13.149449,9.06451,11.579926,8.194339,11.261123,11.367928,14.072475,16.385721,15.499193,20.73223,18.731895,23.349958,18.800608,18.279686,13.783769,14.929968,10.8029785,12.979392,15.302855,15.789437,19.062931,19.51649,24.05162,25.56714,22.516495,22.04155,17.235376,19.931204,15.754548,18.357393,17.23192,18.448586,20.607147,21.391397,25.154139,24.36603,23.101725,23.841896,21.25203,24.153946,23.203587,27.397194,27.805918,27.82881,24.914112,25.403078,23.711731,19.529984,20.732573,17.133364,21.439756,18.536379,23.935108,23.057085,24.818487,24.151157,20.32217,19.722855,15.542798,15.540807,13.784956,11.371384,13.415819,11.930503,15.756455,16.77841,20.662277,21.111753,19.677233,22.16821,18.895956,15.550649,14.584208,11.060041,10.644065,7.471105,9.235735,9.737178,12.792182,15.5049515,18.815704,22.019726,24.830753,26.84536,24.349459,26.201002,23.472273,19.445358,20.605726,16.936378,15.997744,18.368553,21.01635,20.715837,25.435436,22.242912,26.43148,25.731726,29.733051
8,25.424932,22.228418,19.42528,14.997424,12.896695,9.703259,7.402435,4.603798,0.0,4.631431,7.434284,10.619243,12.822516,11.685568,13.633926,10.51064,14.185938,11.866895,14.882191,15.798134,18.06479,20.890842,20.099316,25.314062,23.25073,27.75951,23.050133,22.205242,17.786085,18.03564,13.88049,14.542404,15.860724,14.588405,18.386965,17.50871,22.55086,24.180462,21.732672,22.290028,17.935488,21.327095,17.833618,20.798952,20.491434,21.787264,24.427774,25.34704,29.153444,27.848488,26.661095,26.76713,24.129114,26.620079,24.767082,29.41336,28.863409,29.148556,26.37706,26.350119,23.76772,20.083578,22.277887,19.067356,24.115253,21.835815,27.378325,26.85796,28.942675,28.380644,24.482157,24.129177,19.80854,19.669106,17.528635,14.867316,15.982945,13.674163,16.81256,16.753134,20.576935,20.321901,18.458065,20.155743,17.110075,12.99336,12.522718,10.4964485,9.142272,9.147851,10.449434,12.263934,15.897306,18.374254,22.32337,25.354488,28.25171,30.255917,27.890903,29.33481,26.325539,22.159924,23.011848,18.646784,16.941565,18.91463,22.0383,21.889952,27.228676,24.488775,28.87211,28.651186,32.50437
9,27.890804,24.924313,22.366217,18.004564,14.965032,12.047685,10.890043,5.714624,4.631431,0.0,6.070036,7.361063,9.169815,8.140341,9.7173195,6.8179936,11.699077,9.637189,13.73585,14.707471,18.002745,20.801962,19.631802,24.988512,22.077242,27.19256,22.2098,20.807377,16.397148,16.509693,11.553541,13.34935,12.930141,13.228127,15.394369,15.42896,20.003893,21.061651,18.013306,18.371622,14.004122,17.0205,14.015126,16.700407,17.037552,18.332031,21.459484,22.755932,26.370392,24.419477,23.344471,22.899485,20.500237,22.836552,21.085733,25.926105,25.241405,26.14924,23.679348,24.243479,21.34775,18.098991,20.228456,16.217133,21.54876,19.226057,24.755358,24.19689,26.909554,26.177723,22.141853,22.284859,17.721907,17.66532,14.925987,11.84302,12.111559,9.407904,12.236912,12.213263,16.076408,16.082375,14.276159,16.51208,13.530386,10.036075,9.720648,6.5815277,7.737135,7.158539,10.438816,12.927612,16.008806,19.617046,22.411867,25.685703,28.800598,30.262896,27.427279,28.863285,26.274904,21.872892,23.74968,18.933954,18.5513,20.077724,23.169802,22.325964,27.4637,23.788666,28.219843,27.526573,31.076153
10,32.729294,29.50557,26.628893,22.308826,20.078634,16.792395,14.766195,10.929805,7.434284,6.070036,0.0,4.438446,7.1955266,7.700502,11.265129,10.61349,15.538713,15.016774,18.361956,20.32523,22.85026,26.406237,25.556421,30.924597,28.077354,33.262012,28.257568,26.716898,22.38152,22.042679,17.199898,17.94125,16.18569,14.703573,16.628874,14.846316,19.74087,20.524567,18.280552,20.147602,16.798351,20.038736,18.319862,20.73296,22.015795,23.05452,26.57507,27.758192,31.527733,29.062088,28.279146,27.159647,25.105328,26.964981,24.501474,29.71586,27.91805,29.411167,27.305716,27.469263,23.498577,21.213236,24.27325,20.635954,26.436169,24.613365,30.091871,29.692204,32.71071,31.903585,27.823997,27.981297,23.46114,22.94372,19.999409,17.281324,16.454672,13.569529,14.870786,13.460082,16.79843,15.82244,12.885123,13.788437,12.089307,7.4860735,9.142635,9.052801,9.804765,12.457664,15.0409155,18.132597,21.531315,24.841005,28.110626,31.260881,34.404892,35.882816,33.136974,34.292572,31.535702,27.082388,28.695807,23.450264,22.434267,23.559221,26.987926,26.28455,31.859064,28.57632,33.100113,32.753998,36.093872
11,35.23869,32.218582,29.553375,25.203627,22.321646,19.32492,17.692863,13.04683,10.619243,7.361063,4.438446,0.0,4.310927,6.3066363,9.494804,9.948313,15.385916,15.102139,19.076324,20.803202,24.103342,27.365246,26.144703,31.476467,27.988855,33.417004,28.251049,26.232096,22.143126,21.472189,16.476988,17.602425,14.199446,13.904369,13.965884,12.930529,17.112514,17.216274,14.538799,16.558395,13.707322,16.619751,15.868694,18.03445,20.088865,21.19175,25.065882,26.671576,30.042429,26.952993,26.243122,24.46094,22.616552,24.06963,21.456423,26.786669,24.609524,26.724066,25.018415,25.594852,21.269657,19.675686,22.743458,18.754938,24.656614,23.104193,28.363163,28.106037,31.623919,30.798254,26.75059,27.456697,22.879229,22.609636,19.306341,16.299032,14.620496,11.387896,11.611515,9.508654,12.559673,11.493445,8.495486,9.700772,8.192497,4.405201,6.9231663,6.9600134,9.831812,12.417944,15.795679,19.254942,22.19064,26.184929,28.605913,31.838446,35.12772,36.126064,33.077538,34.103233,31.695871,27.149027,29.48333,23.938475,23.894321,24.60607,27.95906,26.721407,32.067486,28.167648,32.640984,32.009617,34.976025
12,36.264004,33.237606,30.566586,26.478668,23.587048,20.437769,19.884838,14.411599,12.822516,9.169815,7.1955266,4.310927,0.0,3.2328262,6.390061,8.613536,13.30047,14.415523,17.706017,20.204628,23.100723,26.91257,26.057966,31.319216,27.80468,33.748623,28.847227,26.984226,22.885607,22.95608,17.562326,20.128752,16.493097,17.597101,16.640432,16.531252,20.070292,19.48191,16.118122,17.628088,14.819944,16.289854,16.141144,16.815125,19.245293,19.600216,23.599333,24.81253,28.440588,25.159912,24.953705,23.077084,22.140604,23.788422,22.157936,27.3468,25.578257,28.26073,26.782988,28.020103,23.915785,22.418064,24.93848,20.238483,25.754398,23.622763,28.630104,27.805052,31.496313,30.181454,26.104963,26.518152,22.218058,21.226326,17.831387,15.731545,13.13384,10.962609,10.295053,9.146281,11.952402,11.678774,7.358407,9.848436,10.173028,7.9713683,10.602272,9.331326,13.465964,14.498605,18.561827,21.548273,24.148184,28.340874,30.24438,33.63778,36.856857,37.798283,34.537563,35.89878,33.8045,29.30162,31.970882,26.732954,27.042355,27.98723,31.186504,29.8352,34.882473,30.508198,34.873493,33.74296,36.66148
13,33.878162,30.842197,28.17587,24.27521,21.47636,18.244087,18.416868,12.588323,11.685568,8.140341,7.700502,6.3066363,3.2328262,0.0,4.0682344,6.1133504,10.293368,11.893439,14.666919,17.56873,20.065516,24.17509,23.62998,28.868736,25.629274,31.729078,27.062363,25.550858,21.317919,22.058413,16.497248,19.89263,17.130722,18.737818,18.272219,18.611546,22.318811,21.939835,18.260906,19.060148,15.625751,16.663658,15.828807,16.002863,17.904884,17.89182,21.681986,22.480791,26.467743,23.585567,23.506487,22.176146,21.45236,23.58474,22.688467,27.672808,26.622177,29.05284,27.354637,28.800516,25.220982,23.160595,25.21095,20.220284,25.40377,22.700546,27.72083,26.477436,29.921467,28.371151,24.255568,24.210732,20.059843,18.618135,15.360311,13.849533,11.434407,10.076843,10.178974,10.364505,13.544382,13.916162,9.92948,12.950341,12.838926,10.435214,12.444219,9.966574,14.059871,13.809392,18.044277,20.481342,22.978779,27.035173,28.890156,32.35102,35.4481,36.572754,33.32462,34.993366,32.94851,28.535719,31.12179,26.2947,26.542427,27.857986,30.92074,29.704897,34.58536,30.154383,34.46247,33.123577,36.256584
14,33.203278,30.414534,28.023367,24.368845,21.175148,18.30677,19.425146,13.149449,13.633926,9.7173195,11.265129,9.494804,6.390061,4.0682344,0.0,4.4400153,7.5151186,9.785661,12.461165,15.255011,18.08524,21.956352,21.378233,26.417717,22.94915,29.326305,24.888288,23.41339,19.39541,20.677315,15.085165,19.698086,16.965815,20.047625,18.862495,20.376537,23.521423,22.893757,18.601051,18.394688,14.768506,14.580232,13.801129,12.781269,14.681725,14.182822,17.99466,18.721035,22.677326,19.720493,19.87546,18.659822,18.494263,20.877628,20.982815,25.61273,25.290123,27.85194,26.252169,28.300758,25.28592,23.11776,24.436525,18.957842,23.526712,20.367569,25.049202,23.400951,26.937723,25.102064,21.043863,20.98697,17.074785,15.412616,12.049711,11.147985,8.062333,8.011199,7.89292,9.709993,12.738992,14.089367,10.766345,14.699966,14.423364,13.058941,14.413448,10.801026,15.627204,13.791392,18.45949,20.399742,22.282972,26.611597,27.63739,31.170074,34.191475,35.099827,31.660147,33.564472,31.919113,27.644505,30.665237,26.220732,27.143288,28.542265,31.312443,29.869398,34.25295,29.340015,33.43471,31.612028,34.63951
15,28.988289,26.251734,23.949406,20.204754,16.808521,14.100609,15.408634,9.06451,10.51064,6.8179936,10.61349,9.948313,8.613536,6.1133504,4.4400153,0.0,5.7294593,5.8540807,9.572707,11.613576,14.959837,18.370325,17.589119,22.80596,19.524712,25.662048,21.126816,19.867764,15.602979,17.11204,11.525398,16.309776,14.959455,17.980091,17.935349,19.590818,23.133839,23.19925,19.028027,18.331108,13.911898,14.544721,12.155217,12.294475,12.925996,13.023582,16.410027,17.24478,21.253729,19.03321,18.643732,18.249878,17.203014,20.007648,20.054417,24.541365,24.760601,26.481495,24.408514,26.211535,23.778807,20.834272,21.87258,16.578423,21.040075,17.651358,22.672688,21.106817,24.19198,22.619661,18.481379,18.276114,14.051227,12.862858,9.657613,8.032915,6.679716,6.296852,8.580655,10.722229,14.3487425,15.6468725,13.337586,17.019327,15.305308,13.343804,13.696396,9.230985,13.217446,10.181149,14.713053,16.215746,18.119713,22.279217,23.53028,27.056295,30.035492,31.163641,27.86898,29.864117,28.042692,23.818495,26.57814,22.415598,23.198454,24.854496,27.496756,26.23483,30.557932,25.869518,29.975857,28.277554,31.613937
16,27.394379,24.820257,22.725695,19.804947,16.802084,14.373511,17.485071,11.579926,14.185938,11.699077,15.538713,15.385916,13.30047,10.293368,7.5151186,5.7294593,0.0,5.283084,5.179347,8.9356165,10.790425,15.0726,15.30706,20.091028,17.484165,24.01945,20.410862,20.018396,16.027214,19.036434,13.952413,19.910616,19.541647,23.17307,23.125443,25.207457,28.566502,28.50438,24.05855,22.696661,18.268232,17.603325,15.087601,13.406789,12.999472,11.63373,14.11128,13.544778,18.38033,17.076523,17.33612,18.049751,18.11322,21.508087,23.138357,26.903173,28.211325,29.842258,27.764387,30.042503,28.37046,25.130161,25.300512,19.82077,23.072645,18.76998,23.121653,20.527164,23.059809,20.749317,16.798822,15.336337,12.108234,9.095477,6.6334896,8.404591,7.568015,10.080251,12.100854,15.36456,18.541647,20.421291,17.987032,21.98855,20.792906,19.010637,19.404024,14.7595,18.419743,14.20834,18.35756,18.629286,19.861568,23.554628,24.205582,27.71997,30.30621,31.606207,28.337074,30.927885,29.496038,25.71108,28.398487,25.276638,26.145561,28.2515,30.486933,29.391459,33.094765,28.29865,32.02196,29.797672,33.237083
17,24.08261,21.69318,19.840979,16.527082,12.728699,10.90617,13.78252,8.194339,11.866895,9.637189,15.016774,15.102139,14.415523,11.893439,9.785661,5.8540807,5.283084,0.0,5.635574,5.8161564,10.175107,12.626738,11.754481,16.97662,14.001545,20.137913,15.963623,15.404716,11.1265335,14.027899,9.136708,15.089535,15.904006,19.592003,20.279474,22.638811,26.03044,26.546146,22.325693,20.561941,15.707176,15.993099,12.143524,12.250798,10.731655,10.841983,13.002685,13.497656,17.59079,16.68914,15.951517,17.062525,15.721369,19.209745,20.31579,23.96131,25.526192,26.327911,23.86991,25.845255,24.720415,20.946783,20.846895,15.749682,18.921093,14.723083,19.51885,17.467339,19.725145,18.09894,14.0388565,13.179459,9.046544,8.047469,5.6756563,4.8129787,6.7853856,8.110299,11.700975,14.707355,18.18059,19.89591,18.567245,22.325354,19.826418,18.006561,17.384329,12.392066,15.136201,9.842584,13.636759,13.5288,14.583175,18.417086,19.089586,22.619587,25.329378,26.642056,23.435404,25.90566,24.297411,20.480455,23.123425,20.092735,21.170835,23.287582,25.355219,24.256552,27.852303,23.188398,26.938238,24.91602,28.54839
18,22.68108,20.245518,18.38651,16.075558,13.436642,11.577416,15.939134,11.261123,14.882191,13.73585,18.361956,19.076324,17.706017,14.666919,12.461165,9.572707,5.179347,5.635574,0.0,5.4143887,5.6412024,10.374977,11.441434,16.026337,14.536306,20.715008,17.786787,18.358828,14.517856,18.45029,14.26725,20.186375,21.531761,24.924759,25.862299,27.9583,31.537395,31.962343,27.671333,25.939043,21.186102,20.84249,17.33539,16.187052,14.3040695,13.073402,14.125816,12.780972,17.786726,17.99729,17.97904,19.953125,19.643047,23.401304,25.407799,28.655422,30.7109,31.54134,29.099365,31.197792,30.32364,26.436367,26.059528,21.062262,23.50786,18.845816,22.94743,20.070158,21.542643,19.239763,15.592972,13.021556,10.51714,7.075504,6.683409,9.402324,10.781557,13.290058,16.218159,19.525917,22.854864,24.71034,22.684437,26.543074,24.723164,22.573736,22.431194,17.647974,20.160378,15.09137,18.297045,17.362411,18.20674,21.05434,21.75927,25.116817,27.322958,29.045963,26.105614,29.066505,27.62682,24.291147,26.414667,24.318317,24.879568,27.437275,29.278074,28.56957,31.836739,27.482761,30.915579,28.687937,32.44286
19,20.008512,18.157318,16.991314,14.704601,11.071697,10.731214,15.084168,11.367928,15.798134,14.707471,20.32523,20.803202,20.204628,17.56873,15.255011,11.613576,8.9356165,5.8161564,5.4143887,0.0,6.2957,6.881552,6.4093814,11.434508,9.414888,15.492397,12.37522,13.168836,9.610479,14.107877,11.0642605,17.086668,19.531946,23.461966,24.574753,27.30953,30.511406,31.263739,27.05937,24.63253,19.800465,19.614573,15.283442,14.962375,11.814172,11.53649,11.658773,11.195037,15.212332,16.13697,15.297727,17.993103,16.820162,20.679482,22.866364,25.50355,28.251425,28.317984,25.673145,27.786762,27.830835,23.596098,22.453503,17.920938,19.417013,14.656717,18.536528,15.826018,16.744635,14.904237,11.369577,9.060098,6.2260885,5.0808153,5.882457,7.4497185,10.781042,12.971645,16.551243,19.917034,23.14149,25.114502,24.193903,28.025915,25.283304,23.553288,22.538279,17.53071,19.437557,13.377645,15.903939,14.128526,13.994996,16.872988,16.690035,20.018578,22.183426,23.741554,20.773977,23.84612,22.629078,19.58731,21.889698,20.449358,21.689161,24.200832,25.558573,24.726484,27.343212,22.926464,26.04856,23.665934,27.476109
20,18.392385,16.302757,14.961358,13.954525,12.274681,11.578249,16.880949,14.072475,18.06479,18.002745,22.85026,24.103342,23.100723,20.065516,18.08524,14.959837,10.790425,10.175107,5.6412024,6.2957,0.0,6.414562,9.2824955,12.749906,13.232736,18.431995,16.804811,18.569643,15.397796,19.998661,17.085083,22.580486,25.290266,28.451443,30.089361,32.200565,35.86391,36.629913,32.468945,30.435007,25.576872,25.328499,21.31198,20.393934,17.561928,16.383507,16.016003,13.885659,18.556349,20.291267,20.145166,23.150124,22.722914,26.6421,29.062103,31.709702,34.450874,34.609325,31.93267,33.886185,33.786247,29.4551,28.528471,24.131538,25.623476,20.826134,24.308071,21.193056,21.388538,19.128948,16.233282,12.541886,11.645397,8.536409,10.283999,13.257017,15.647609,18.150639,21.405293,24.752415,28.090755,29.966341,28.19633,31.978163,29.81522,27.476168,26.990053,22.243227,23.866385,18.414701,20.558937,18.459679,18.724962,20.343908,20.938663,23.917595,25.510046,27.675848,25.227825,28.56529,27.249485,24.617472,26.041027,25.253815,25.504295,28.443811,29.765234,29.483131,32.106987,28.329649,31.282923,29.046616,32.991962
21,15.485391,14.545677,14.494044,14.08044,11.748389,13.034825,18.038704,16.385721,20.890842,20.801962,26.406237,27.365246,26.91257,24.17509,21.956352,18.370325,15.0726,12.626738,10.374977,6.881552,6.414562,0.0,4.1446033,6.396799,8.123877,12.250608,11.626752,14.306345,12.370314,17.342478,16.21943,21.345053,25.111052,28.763464,30.477396,33.233215,36.41732,37.45687,33.396637,30.655094,25.89816,25.622347,21.1002,20.721355,16.857557,16.387377,14.757257,13.236614,16.429401,19.292374,18.465576,22.298893,21.278742,25.140808,27.924616,29.665842,33.253735,32.578156,29.782309,31.763195,32.784412,28.206738,26.350546,22.709188,22.794931,18.119371,20.719528,17.72931,16.702002,14.962271,12.941183,9.19497,9.61426,8.926948,11.698436,13.852211,17.3588,19.675055,23.253107,26.672186,29.803171,31.832445,31.071552,34.871067,31.942703,30.073618,28.825674,23.955475,25.045992,18.912077,20.17938,17.133068,16.0829,17.132214,16.366367,18.985746,20.145128,22.188564,19.950506,23.549465,22.712776,20.858427,22.246628,22.728025,23.699968,26.563309,27.146282,26.815298,28.357702,24.733578,27.01249,24.55256,28.44788
22,16.473608,15.747355,15.8246975,14.624396,11.183753,12.936274,17.183067,15.499193,20.099316,19.631802,25.556421,26.144703,26.057966,23.62998,21.378233,17.589119,15.30706,11.754481,11.441434,6.4093814,9.2824955,4.1446033,0.0,5.3748755,4.816131,9.475315,7.664876,10.169549,8.467682,13.462356,13.053293,18.021496,21.976593,25.965183,27.5058,30.616737,33.462044,34.590805,30.633026,27.6217,22.979404,22.870157,18.119747,18.382305,14.226665,14.571522,12.984113,12.713249,15.039431,17.561071,16.116093,19.855688,18.150564,21.87411,24.447504,25.978786,29.686686,28.704435,25.869873,27.858332,29.21361,24.63698,22.470871,19.09313,18.808601,14.285475,16.924322,14.350718,13.380414,12.240504,10.066337,7.512784,7.115124,8.622008,10.8732815,11.771472,15.782328,17.648104,21.356531,24.62161,27.613863,29.6294,29.496832,33.21316,29.85641,28.35744,26.70137,21.84809,22.807596,16.449516,17.51378,14.416114,12.754066,14.374085,12.7722845,15.601574,17.117977,18.777859,16.206463,19.729586,18.991693,17.044233,18.934563,19.333838,21.002182,23.589693,24.03317,23.394089,24.720388,20.785524,23.042515,20.482054,24.365911
23,16.167154,16.609379,17.701782,17.725012,15.103499,17.486523,21.726688,20.73223,25.314062,24.988512,30.924597,31.476467,31.319216,28.868736,26.417717,22.80596,20.091028,16.97662,16.026337,11.434508,12.749906,6.396799,5.3748755,0.0,5.444526,6.396353,8.247142,11.846853,12.1195,16.772812,17.604753,22.088715,26.359335,30.538984,31.985527,35.382153,37.919506,39.069996,35.12871,31.737217,27.352365,26.832802,22.269213,22.157635,17.723051,17.833076,15.111183,14.393841,15.45572,19.253693,17.876131,22.278622,20.917799,24.45276,27.68583,28.301445,32.742893,31.336422,28.61184,30.7167,32.871857,28.335312,25.508764,22.7548,21.156399,16.945652,18.022982,15.293622,12.6669655,11.734646,11.400772,8.596091,10.713848,12.246396,15.160679,16.554066,20.388382,22.533035,26.019493,29.431435,32.179356,34.362534,34.492077,38.286022,34.87674,33.5888,31.792995,26.964535,27.795425,21.43295,22.031235,18.533468,16.149216,16.70626,13.858056,15.7598715,16.251888,17.754951,15.755616,19.593042,19.655792,18.909933,20.448496,22.263384,24.183594,26.705105,26.482595,25.963875,26.124771,22.611483,23.907879,21.068762,24.631842
24,19.988388,19.833559,20.281755,19.065886,15.2916355,17.137629,20.802893,18.731895,23.25073,22.077242,28.077354,27.988855,27.80468,25.629274,22.94915,19.524712,17.484165,14.001545,14.536306,9.414888,13.232736,8.123877,4.816131,5.444526,0.0,6.777874,5.348703,7.6470265,7.9507756,12.664055,13.338544,18.423761,21.866467,26.792915,27.439058,31.299482,33.41879,34.32147,30.257418,26.629126,22.430096,21.606617,17.191515,17.069653,12.551012,13.136933,10.63018,11.2265005,11.833111,14.77868,12.95687,17.125916,15.48536,19.016493,22.362997,23.014694,27.451853,26.337574,23.778082,26.28335,28.286299,24.049175,21.106716,17.89875,16.236504,11.736632,13.056137,10.208225,8.647572,7.624926,6.3084435,5.029092,6.1928935,9.441641,11.673505,12.303988,16.086458,18.135988,21.398554,24.817516,27.306244,29.604597,30.14978,33.980034,30.534868,29.780157,27.889868,22.991951,24.389404,17.917837,19.134245,16.31695,13.77681,15.967414,12.407976,14.998249,16.447807,17.08407,14.07145,17.651457,17.852371,16.335983,19.136818,19.785528,22.596642,24.679136,24.764442,23.60454,24.08119,19.53263,21.219187,17.968079,21.37055
25,18.815845,19.870083,21.350492,20.980309,17.837088,20.734732,23.86717,23.349958,27.75951,27.19256,33.262012,33.417004,33.748623,31.729078,29.326305,25.662048,24.01945,20.137913,20.715008,15.492397,18.431995,12.250608,9.475315,6.396353,6.777874,0.0,5.569166,9.045172,11.63443,14.946413,17.705961,20.95929,25.535694,29.9285,31.160213,35.004944,36.86019,38.188858,34.590008,30.77957,26.905571,26.56332,22.042313,22.775936,18.251385,19.3717,16.557343,17.303696,16.54462,20.057573,17.908096,22.099356,19.896938,22.78307,25.767122,25.423183,30.313274,28.073343,25.415112,27.40952,30.57726,26.220442,22.629253,21.077316,18.048473,14.931488,14.676441,13.143285,9.297932,10.391915,11.406444,11.119953,12.821652,16.153936,18.413574,18.446608,22.430977,23.903584,27.282455,30.332636,32.70175,34.81581,35.890594,39.460754,35.50804,34.7794,32.423973,27.90357,28.314737,22.15042,22.037283,18.527092,15.130545,15.548254,10.655523,11.711954,11.870685,12.307129,10.322165,14.156976,15.140613,15.439203,17.323643,20.036259,22.970661,24.898022,23.991272,23.150072,22.044224,18.62741,18.973408,15.898306,19.100323
26,19.403744,19.540325,20.245693,18.70102,14.692577,17.217152,19.7405,18.800608,23.050133,22.2098,28.257568,28.251049,28.847227,27.062363,24.888288,21.126816,20.410862,15.963623,17.786787,12.37522,16.804811,11.626752,7.664876,8.247142,5.348703,5.569166,0.0,3.9704838,6.193265,9.469614,12.245034,15.499913,20.002493,24.419403,25.643545,29.439583,31.364449,32.74179,29.209803,25.581154,21.576721,21.747171,16.946053,18.508608,14.157455,16.024044,14.241256,15.921225,15.817585,17.99534,15.458768,18.930386,15.916069,18.858946,21.047775,21.44202,25.744814,23.660189,20.793505,22.696783,25.381077,20.92348,17.639524,15.762044,13.537684,10.219655,11.601141,10.644957,8.671679,9.941412,9.145074,10.019972,9.541084,13.717966,15.061316,13.910364,18.065042,18.91997,22.450262,25.19704,27.657558,29.585318,30.787056,34.19197,30.072853,29.38129,26.923275,22.496847,22.871567,16.754414,16.769451,13.622666,10.229271,12.057124,7.352648,9.852789,11.630383,12.059565,8.918533,12.44486,12.513748,11.345115,14.152344,15.452815,18.72644,20.52007,20.140388,18.946695,18.875679,14.631846,16.083693,13.129375,16.88598
27,22.579893,22.370092,22.68297,20.452549,15.9796295,18.011654,19.775738,18.279686,22.205242,20.807377,26.716898,26.232096,26.984226,25.550858,23.41339,19.867764,20.018396,15.404716,18.358828,13.168836,18.569643,14.306345,10.169549,11.846853,7.6470265,9.045172,3.9704838,0.0,4.5733504,6.331709,9.790384,12.817845,16.702414,21.614527,22.255833,26.403658,27.919998,29.20098,25.72347,21.930939,18.185427,18.447567,13.752679,15.937091,11.908391,14.535539,13.455955,16.124178,15.664346,16.731295,13.825273,16.528225,12.819055,15.433405,17.191366,17.624495,21.80327,19.717672,16.878904,19.001225,21.684273,17.450018,13.964202,12.0425415,9.587684,6.524523,8.514583,8.601207,8.173596,9.9619665,8.631479,11.102098,9.452217,14.208885,14.678575,12.4516,16.329403,16.635067,19.924726,22.385258,24.586504,26.467064,28.150505,31.423674,27.159065,26.92347,24.29039,20.032564,20.617386,14.737763,14.999278,12.665704,9.260654,12.475863,7.733655,10.509878,13.022845,12.632046,8.842419,11.5521755,11.6262665,9.60984,13.639511,13.6987505,17.78813,19.04553,18.910357,17.122368,17.338179,12.148527,14.048557,10.857455,14.486848
28,21.413725,20.471785,20.143993,17.348942,12.6064415,14.016495,15.863371,13.783769,17.786085,16.397148,22.38152,22.143126,22.885607,21.317919,19.39541,15.602979,16.027214,11.1265335,14.517856,9.610479,15.397796,12.370314,8.467682,12.1195,7.9507756,11.63443,6.193265,4.5733504,0.0,5.120298,6.0785007,10.485141,14.343217,18.939205,20.005323,23.672411,25.879835,27.166296,23.529114,20.27761,15.90139,16.662634,11.502602,13.9608,10.187147,12.736045,12.666504,15.018272,16.040936,16.478947,13.938054,16.20373,12.612961,15.712562,16.876057,18.661163,21.884014,20.517563,17.531399,19.41626,20.878946,16.375343,14.023681,10.873709,10.924523,7.0707307,11.288644,10.689804,11.527656,12.032823,9.180424,10.68511,7.3793883,11.616859,11.491724,8.730411,12.949554,13.0450535,16.797173,19.26189,21.950819,23.691221,24.769506,28.075432,23.944717,23.20225,20.812637,16.309156,17.026361,10.777372,11.6754055,9.566941,7.214333,11.395821,9.039747,12.496683,15.345881,15.882149,12.422818,14.914546,13.874333,10.677489,14.236496,12.882698,16.111933,17.780285,18.459171,16.898123,18.639435,13.61241,16.60005,14.170819,18.020025
29,24.35182,23.40767,22.99639,19.728836,14.999232,16.281427,16.44475,14.929968,18.03564,16.509693,22.042679,21.472189,22.95608,22.058413,20.677315,17.11204,19.036434,14.027899,18.45029,14.107877,19.998661,17.342478,13.462356,16.772812,12.664055,14.946413,9.469614,6.331709,5.120298,0.0,5.6176977,6.555266,10.870125,15.310323,16.428373,20.25061,21.986732,23.61892,20.552448,17.349691,13.459506,15.3944,10.385692,14.686058,11.941142,15.375078,16.054026,19.147066,19.560724,19.07441,16.198309,17.279701,12.626489,14.66432,14.020797,15.947321,18.4664,16.412546,13.138406,14.469027,16.207415,11.58491,9.065337,7.151039,7.7342534,6.3815947,10.958147,12.3038025,13.742902,15.218245,12.782103,15.337472,11.881391,16.134048,15.245676,11.222719,14.727154,13.349825,16.78877,18.236074,20.611185,21.89323,23.840778,26.583033,21.860209,21.55361,18.581709,14.876273,14.775098,9.623532,9.49735,8.501056,6.099517,11.000381,8.921552,11.973329,15.319942,15.2207365,11.802682,13.005003,11.540766,7.520068,11.954368,9.218384,13.5426,14.322078,15.060872,12.86756,14.921314,9.395888,13.033762,11.271306,14.991343
30,25.143482,23.46663,22.32489,18.601093,13.81009,13.747634,14.21512,10.8029785,13.88049,11.553541,17.199898,16.476988,17.562326,16.497248,15.085165,11.525398,13.952413,9.136708,14.26725,11.0642605,17.085083,16.21943,13.053293,17.604753,13.338544,17.705961,12.245034,9.790384,6.0785007,5.6176977,0.0,6.9754295,8.940133,13.780743,14.460355,17.973444,20.434858,21.605095,17.925976,15.271275,10.521019,12.421652,7.1267047,11.203853,9.228763,12.276103,14.158714,16.922752,18.604048,17.30576,15.031838,15.525418,11.612659,14.244286,13.695281,17.073557,18.677055,18.20586,15.322017,16.988708,16.805502,12.56929,11.808435,7.3162313,10.750484,7.9655547,13.52365,13.57576,16.092201,16.2703,12.733323,14.558997,10.05505,13.143073,11.285504,6.561151,9.754613,8.059168,11.943364,13.678002,16.601658,17.98197,19.074827,22.143663,17.889614,17.21207,14.815173,10.302347,11.588894,5.5273905,8.17021,8.580605,8.489354,13.675408,13.309953,16.712439,19.97288,20.418247,17.007187,18.561909,16.910965,12.688839,16.35189,12.54126,15.407805,16.586105,18.33423,16.44739,19.75653,14.559672,18.50492,16.792898,20.260176
31,26.46984,24.89761,23.82678,19.808748,15.488342,15.845627,13.929793,12.979392,14.542404,13.34935,17.94125,17.602425,20.128752,19.89263,19.698086,16.309776,19.910616,15.089535,20.186375,17.086668,22.580486,21.345053,18.021496,22.088715,18.423761,20.95929,15.499913,12.817845,10.485141,6.555266,6.9754295,0.0,7.013713,9.042257,11.91564,14.53277,17.004614,19.306839,17.09295,15.289466,11.5331545,15.630748,11.195283,16.786331,15.541824,18.96029,20.780796,23.760193,24.941185,23.60501,21.012966,20.972519,16.273697,17.640997,14.642761,17.992416,18.274153,16.480824,13.137439,12.8090105,12.653994,7.610605,8.188429,7.3750076,11.461197,11.667655,16.57639,18.233593,20.223991,21.471537,18.5788,20.754883,16.593014,19.910587,18.171968,13.4084425,16.011518,12.970237,16.25556,16.20378,18.808847,19.09435,21.030396,22.892,17.679619,16.900177,13.514412,11.099356,9.151929,6.4391303,4.730354,6.791709,7.4515243,11.915397,12.96638,15.601518,19.066122,19.439575,16.738832,16.965124,14.373543,9.8438225,12.790307,7.1832814,10.281219,10.408347,12.52905,10.389471,14.805948,10.658771,15.177729,15.143573,18.518038
32,32.60933,30.755426,29.31941,25.08669,20.711658,20.046967,18.258957,15.302855,15.860724,12.930141,16.18569,14.199446,16.493097,17.130722,16.965815,14.959455,19.541647,15.904006,21.531761,19.531946,25.290266,25.111052,21.976593,26.359335,21.866467,25.535694,20.002493,16.702414,14.343217,10.870125,8.940133,7.013713,0.0,7.185058,5.671255,10.042373,11.573304,12.986136,10.159309,8.520206,5.177773,10.384893,7.904799,13.718812,14.4556265,17.804905,20.698551,24.105415,25.17817,22.410181,20.183374,18.525236,14.236828,14.63726,10.19151,14.910451,13.395789,13.487471,11.132492,11.719255,8.949584,6.1914077,8.637973,5.813566,11.882959,12.662689,17.392857,19.08945,22.454832,23.216892,20.055038,22.787907,18.353668,21.148016,18.500757,13.5016775,14.134933,10.1775055,11.813805,10.539445,12.436589,12.470842,15.3108225,16.968166,11.759888,12.557193,9.25525,7.5133023,8.270237,8.006583,9.699002,13.068157,14.013093,18.834377,19.155489,21.888664,25.364683,25.131798,21.98283,22.045536,20.195656,15.841113,19.471231,13.752225,16.667334,16.129896,18.5498,16.003677,20.196674,15.419375,19.611761,19.057287,21.394356
33,33.389168,31.237867,29.487865,25.012735,21.473934,20.518578,16.95362,15.789437,14.588405,13.228127,14.703573,13.904369,17.597101,18.737818,20.047625,17.980091,23.17307,19.592003,24.924759,23.461966,28.451443,28.763464,25.965183,30.538984,26.792915,29.9285,24.419403,21.614527,18.939205,15.310323,13.780743,9.042257,7.185058,0.0,6.856138,6.0603123,9.789796,12.845406,12.429144,13.438329,11.407804,16.98694,14.786971,20.368717,21.036568,24.15343,27.069786,30.057268,31.685902,29.208405,27.045914,25.594536,21.36976,21.773241,16.786417,21.274925,18.703108,18.170053,15.810979,14.190672,10.336416,8.104134,12.526431,12.326345,17.893084,18.982681,23.800152,25.631613,28.45099,29.395275,26.165169,28.333706,23.761309,26.148748,23.550684,18.681454,19.486685,15.210186,16.976954,14.618247,16.702385,15.347996,17.392883,17.497887,12.030559,11.265282,7.5615735,9.270521,5.595095,10.109239,9.420654,13.652093,15.916615,19.477392,21.758915,24.07924,27.468859,27.825624,25.400084,24.989084,22.237047,18.009203,20.008677,13.721001,14.526047,13.455838,16.652079,14.89423,20.333876,17.547646,21.87571,22.682941,25.202108
34,37.705074,35.666172,33.997158,29.588648,25.516693,24.42545,21.949594,19.062931,18.386965,15.394369,16.628874,13.965884,16.640432,18.272219,18.862495,17.935349,23.125443,20.279474,25.862299,24.574753,30.089361,30.477396,27.5058,31.985527,27.439058,31.160213,25.643545,22.255833,20.005323,16.428373,14.460355,11.91564,5.671255,6.856138,0.0,5.8196445,6.0668964,7.454681,5.9037113,6.951674,6.8766465,12.131344,11.991246,17.036428,18.89252,21.95422,25.26799,28.705612,29.762632,26.36914,24.412508,21.874346,18.087574,17.574783,11.948157,16.839762,13.130635,14.232366,12.9426,12.718956,7.523147,8.068226,11.997264,10.669533,16.249691,17.77157,21.987942,23.928038,27.604574,28.341366,25.216145,28.042427,23.587332,25.99587,23.026918,18.213593,17.81311,13.573938,13.707779,10.684455,11.403351,10.047156,13.722531,13.959479,8.642677,10.794315,7.734796,9.157182,9.754674,12.512838,13.931023,17.877047,19.26846,23.758856,24.48062,26.994715,30.460075,30.077848,27.086826,26.696468,24.821995,20.63929,23.934378,17.888655,20.203485,19.036377,21.713964,19.21097,23.630735,19.50306,23.482409,23.411821,25.132517
35,38.92216,36.56384,34.56126,29.998398,26.561256,25.04109,21.601118,19.51649,17.50871,15.42896,14.846316,12.930529,16.531252,18.611546,20.376537,19.590818,25.207457,22.638811,27.9583,27.30953,32.200565,33.233215,30.616737,35.382153,31.299482,35.004944,29.439583,26.403658,23.672411,20.25061,17.973444,14.53277,10.042373,6.0603123,5.8196445,0.0,5.4614897,8.106633,9.069714,12.215993,11.980323,17.228525,16.843302,21.708204,23.53857,26.3395,29.80087,32.84787,34.515938,31.262775,29.455647,27.094065,23.472584,23.269943,17.767218,22.612812,18.594616,19.439785,18.060762,16.738718,11.269472,11.706109,16.374813,15.679288,21.43665,22.70344,27.284164,29.059011,32.49356,33.152412,29.803417,32.12179,27.471725,29.398457,26.361294,21.684292,21.271626,16.841656,17.150415,13.570734,14.666358,12.281836,14.578466,13.346852,8.312408,8.911585,6.2427635,10.468515,9.052046,14.373737,14.998586,19.347544,21.63902,25.452684,27.46753,29.877064,33.30276,33.417423,30.79133,30.306864,27.849552,23.646217,25.959044,19.671719,20.485775,19.244305,22.405886,20.553223,25.746195,22.75827,26.895796,27.508976,29.50242
