,0,1,2,3,4,5,6,7,8,9,10,11,12,13,14,15,16,17,18,19,20,21,22,23,24,25,26,27,28,29,30,31,32,33,34,35,36,37,38,39,40,41,42,43,44,45,46,47,48,49,50,51,52,53,54,55,56,57,58,59,60,61,62,63,64,65,66,67,68,69,70,71,72,73,74,75,76,77,78,79,80,81,82,83,84,85,86,87,88,89,90,91,92,93,94,95,96,97,98,99,100,101,102,103,104,105,106,107,108,109,110,111,112,113,114
0,0.0,4.327994,6.3579125,8.533599,12.2529,13.694042,17.379166,20.162241,22.888807,26.609745,31.04523,33.434315,35.44649,36.496742,33.128036,29.292244,26.65685,23.604225,22.106365,17.733671,17.373127,13.189605,14.268302,14.995206,16.091223,18.935127,19.069193,22.348362,21.706966,24.423058,25.436829,27.376131,33.19782,33.882698,37.746956,38.57459,42.86806,44.52456,43.501015,40.550602,35.74076,36.948223,31.882233,33.17346,28.984531,29.165615,27.345078,25.996603,28.395895,31.78316,30.389002,34.366264,32.016968,34.629967,37.135994,36.51721,40.335518,38.228462,35.86212,36.52917,40.427475,35.698124,32.709404,32.50352,29.393095,27.348745,27.868052,27.018303,24.264357,24.428003,23.993685,21.300604,21.928118,22.29786,24.663004,25.597092,29.462023,30.404112,34.69275,36.478237,40.295395,40.89431,37.283634,40.001328,39.521584,35.12387,32.328167,30.105158,28.09595,23.231703,22.204313,17.911625,17.61455,20.705574,14.801633,17.494005,16.14818,18.1699,21.5548,15.641163,19.543705,19.553928,23.15421,23.312136,26.943504,28.544903,32.592907,35.64274,32.78815,29.75571,27.275455,23.288292,20.180744,16.762003,14.19392
1,4.327994,0.0,5.107726,5.0053883,8.961959,11.468552,14.174085,17.971802,20.228254,24.208162,28.432312,30.996468,32.77709,33.490456,30.239983,26.222239,24.077131,20.502605,19.799839,15.012827,15.899557,11.034649,11.395672,12.86169,12.721923,16.030022,15.33462,18.366941,17.683966,20.156532,21.409435,23.123259,29.198952,29.854395,33.732166,34.731068,38.921364,40.641098,39.610817,36.60365,31.86418,33.263454,28.095373,29.773401,25.5772,26.170069,24.528625,23.776247,25.96024,29.009275,27.33511,31.085844,28.378786,30.843456,33.12155,32.436386,36.177273,33.96577,31.557796,32.207302,36.167206,31.485294,28.414171,28.362015,25.22117,23.384365,23.96628,23.409485,20.914093,21.421766,20.848177,18.730257,18.81742,19.874529,21.95557,22.273657,26.332966,26.97214,31.327253,32.989582,36.799572,37.334457,33.997707,36.786682,35.97456,31.52891,28.632227,26.415545,24.163465,19.321732,17.99466,13.686012,13.356868,16.628233,10.793212,13.931759,12.523441,14.125211,17.276058,11.4121475,15.483303,15.658258,19.434595,19.764767,23.54918,25.226624,29.459848,32.62906,30.124828,26.951838,25.270567,20.671825,18.173155,14.310878,12.387571
2,6.3579125,5.107726,0.0,6.0116453,7.2537184,8.844828,12.32841,15.197662,18.312595,21.688795,26.531164,28.424314,30.654379,31.4803,27.92205,24.208958,21.122576,18.190775,16.420109,11.716503,11.92398,6.89892,8.192392,9.604384,10.695592,14.658541,14.49127,17.969717,16.825777,20.37967,20.572237,23.745087,28.937698,30.658709,33.637363,35.136,39.067783,40.299046,38.77194,35.595924,30.766626,31.403854,26.515537,27.274288,23.026218,22.94609,21.077444,19.660551,22.26026,25.526205,24.27007,28.288073,26.268087,29.117828,31.957445,31.625952,35.532948,33.96515,31.933609,33.080753,36.599724,31.881948,28.905016,27.840897,24.839813,22.180944,23.041384,21.603365,19.28801,18.906258,18.070328,15.099287,15.801918,16.007307,18.544823,19.881647,23.68514,25.085047,29.265291,31.484888,35.28021,36.234207,32.79607,35.901527,35.5735,31.01555,28.64848,25.814398,24.687386,19.025772,18.658789,14.214373,13.902048,18.07573,12.882463,16.162798,15.7297735,16.845434,19.215961,13.857765,17.733023,16.949818,21.03537,19.966362,24.416016,24.866693,29.437887,32.56294,30.149734,27.066181,24.978859,21.018272,18.401247,14.292526,13.559054
3,8.533599,5.0053883,6.0116453,0.0,4.8019943,7.36791,9.50962,13.55558,15.378322,19.523752,23.531385,26.268288,27.894882,28.60254,25.445282,21.383343,19.604929,15.8948345,15.68624,11.306713,12.587485,8.668899,9.305303,12.732724,10.9850445,16.031977,13.799854,16.341543,14.575425,17.02404,17.411152,19.318884,24.711763,25.585297,29.257862,30.1604,34.386604,35.992413,35.030525,32.22011,27.397755,28.995596,23.863457,25.715643,21.886292,22.662243,21.686634,21.291615,23.987522,26.28394,24.6058,27.892109,25.024336,27.689175,29.391874,29.348518,32.542458,30.761265,28.37571,28.883032,32.321926,27.471212,24.831264,24.437654,22.121042,20.047901,21.634193,21.001022,19.587097,19.941256,18.491516,16.635057,15.608098,16.61908,18.116718,17.982433,21.947958,22.314672,26.676933,28.17677,31.988312,32.470024,29.025137,31.796026,31.093884,26.6549,23.863766,21.597073,19.674572,14.732586,14.066338,9.9674,10.754291,15.526729,10.535319,14.548265,13.096712,13.308247,15.033477,8.950094,12.20084,11.394174,15.285243,14.935462,18.952806,20.275785,24.588089,27.76767,25.37744,22.181286,20.77002,16.046638,13.893163,9.695444,8.877904
4,12.2529,8.961959,7.2537184,4.8019943,0.0,4.4463377,5.3533206,9.949143,12.031201,15.835328,20.223421,22.482748,24.307423,24.79955,21.446907,17.471455,15.295813,11.567987,11.324564,6.571936,9.096129,5.2080154,5.772081,10.526667,7.998888,14.223762,11.420126,13.879215,11.307888,14.64505,13.893711,17.223349,21.776985,23.752344,26.473612,28.02259,31.884026,33.05767,31.614105,28.60333,23.72461,24.784248,19.796217,21.157804,17.314627,17.905045,17.085684,16.795094,19.749533,21.706942,20.151598,23.362465,20.76544,23.71035,25.64636,25.986845,29.187777,27.992064,25.951714,26.908808,29.894108,25.059357,22.511734,21.176882,19.129951,16.371277,18.522728,17.3081,16.620321,16.446138,14.379206,12.476933,10.983434,11.923306,13.342418,13.435424,17.398516,18.19025,22.48968,24.420155,28.230146,29.06111,25.754202,28.905336,28.389347,23.801056,21.491476,18.565702,17.699116,11.862495,12.187165,8.179829,9.211802,15.00891,11.325025,15.398647,14.863702,14.247304,14.716448,9.924327,12.578527,10.780341,14.944689,13.076387,17.913807,17.89436,22.707367,25.915071,23.983923,20.812664,19.80715,15.353906,13.870751,9.346428,10.7789135
5,13.694042,11.468552,8.844828,7.36791,4.4463377,0.0,5.224515,6.5456853,9.572221,12.986929,17.73768,19.794722,21.9417,23.054379,19.553804,15.94946,13.06342,10.51125,8.815941,6.1500688,5.6283283,5.769033,8.32351,13.08224,11.442988,17.845064,15.248431,17.556513,14.362684,17.791943,15.766837,19.54448,22.622196,24.927505,27.223413,28.406685,32.361122,33.23013,31.842005,29.19283,24.215485,25.063633,20.49359,21.20856,17.97767,17.926716,17.656488,16.691385,20.650673,22.23102,21.220886,24.19526,22.156858,25.500547,27.153116,28.298832,30.967949,30.448532,28.568438,29.406599,31.669157,26.720217,24.84512,22.896942,21.859627,18.636097,21.570845,19.848804,19.801847,18.957209,16.300737,13.715026,12.017166,11.193645,12.350707,13.305768,16.540985,17.670948,21.72941,23.726324,27.492142,28.41559,24.531954,27.565987,27.81728,23.388153,21.53022,18.540949,18.714521,13.0805435,14.742856,11.530065,13.247457,19.28026,15.743711,19.838198,19.157516,18.46072,18.499298,13.641309,15.386317,12.654436,16.247921,13.238655,17.909088,17.073666,21.613626,24.581629,22.25465,19.344456,17.237278,13.922507,11.815373,7.786519,9.860222
6,17.379166,14.174085,12.32841,9.50962,5.3533206,5.224515,0.0,6.2263865,7.1879025,10.9648695,15.12424,17.40225,19.070366,19.449017,16.141504,12.121186,10.4383745,6.3852606,7.4699416,4.761219,8.161045,7.8318777,8.360958,13.626064,10.104404,16.734,12.836337,14.152599,10.256093,13.350928,10.665159,14.749816,17.55541,20.281908,22.219976,23.865595,27.562113,28.402987,26.879679,24.097471,19.132818,20.237713,15.46952,16.838493,13.753963,14.528617,14.929291,15.248157,18.731747,19.404406,17.988523,20.331732,17.725899,20.939045,22.085619,23.435709,25.811016,25.416117,23.6056,24.493755,26.553354,21.653288,19.854145,17.698412,17.10476,13.94133,17.541656,16.140877,17.137177,16.64897,13.495961,12.289695,9.011335,9.627972,9.618113,8.861372,12.542575,13.069021,17.341194,19.220947,23.02837,23.93204,20.531542,23.812933,23.546253,18.95789,17.112316,13.82207,14.178185,8.142965,10.382462,8.068134,10.35828,16.628107,14.612577,18.5967,18.197287,16.5495,15.290723,11.899448,12.694335,9.577732,13.125668,9.491179,14.702202,13.329122,18.367447,21.5107,20.005653,16.957468,16.605963,12.564624,12.208462,8.25043,11.788467
7,20.162241,17.971802,15.197662,13.55558,9.949143,6.5456853,6.2263865,0.0,4.471287,6.5736427,11.752551,13.33201,15.726062,17.167795,13.564606,10.545729,7.179553,6.5383554,4.1697226,6.95019,5.555462,10.248887,12.370557,17.245113,15.064201,21.623629,18.380571,19.798643,15.719142,18.90683,15.009098,19.484041,20.006762,23.271154,24.299036,25.50349,29.111532,29.359745,27.814188,25.597582,20.712313,21.203167,17.460217,17.459295,15.542043,15.104687,16.26039,15.520545,20.22276,20.365273,19.874979,21.831886,20.331755,23.983803,24.882202,27.263216,28.94344,29.550213,28.084263,28.911213,29.928108,25.093836,24.222937,21.219856,21.850853,18.200096,22.378891,20.275354,21.796717,20.429123,16.830723,14.712335,11.801049,9.63969,9.035585,10.129331,11.927301,13.257314,16.75565,18.849937,22.435871,23.595678,19.389053,22.512915,23.578146,19.405302,18.541555,15.237995,17.373661,12.317045,15.777716,14.188946,16.566122,22.820919,20.612272,24.636328,24.1741,22.692392,21.357145,17.75378,18.04496,14.35201,16.937256,12.128017,16.564838,13.687419,18.041956,20.648685,18.707232,16.271742,14.284514,12.609575,11.657586,9.259938,13.169874
8,22.888807,20.228254,18.312595,15.378322,12.031201,9.572221,7.1879025,4.471287,0.0,4.6213584,8.26009,11.037715,12.58455,13.853725,10.724819,7.273236,6.59893,5.3985915,6.7537913,9.673346,9.984904,13.665986,15.030562,20.165464,16.960413,23.510908,19.414858,19.996336,15.594943,17.735912,13.392069,17.010939,16.424927,19.476374,20.468578,21.255531,24.966583,25.301418,24.155003,22.37974,17.550947,18.86292,15.239174,16.165033,15.142704,15.538446,17.587759,17.85613,22.15317,21.404253,20.640024,21.69411,19.642189,23.04199,22.776716,25.684168,26.491642,27.287563,25.752708,26.129469,26.601404,21.763039,21.57582,18.720425,20.483524,17.314648,22.127731,20.596275,22.88448,21.977198,18.166704,17.112179,13.238269,12.129022,10.281524,9.285584,10.5848055,10.486412,13.977589,15.281135,18.882174,19.668348,15.303068,18.271395,19.221636,15.122151,14.310441,11.280022,13.834032,9.891045,14.016297,13.729675,16.71142,22.82465,21.396538,25.381483,24.683113,22.611897,20.413475,17.554537,16.648241,12.611666,14.255881,8.859409,12.830411,9.310804,13.64204,16.279495,14.674695,12.236571,11.463946,9.7189455,10.296102,8.8824835,13.486452
9,26.609745,24.208162,21.688795,19.523752,15.835328,12.986929,10.9648695,6.5736427,4.6213584,0.0,5.6640587,6.827594,9.202991,11.001123,7.552539,5.818869,4.147854,6.817272,6.916532,11.935059,11.408972,16.322428,17.82569,22.6102,19.842505,26.172691,22.356922,22.81941,18.38013,20.728294,15.665125,19.916548,17.631088,21.559017,21.205263,22.267193,25.365515,24.976168,23.443085,21.939468,17.456738,17.854443,15.386606,15.012055,15.095026,14.742649,17.447157,17.480099,22.092985,20.626646,20.479221,20.966272,19.815735,23.376804,23.040161,26.636572,26.999496,28.675404,27.612377,28.238358,27.892672,23.40927,23.736258,20.039194,22.495554,18.991936,24.05388,22.042593,24.890953,23.451567,19.400162,18.2824,14.571582,12.423518,9.901901,9.842424,9.164612,9.864338,12.161155,13.909451,17.11435,18.385662,13.906792,17.014896,18.942402,15.336906,15.749745,12.558889,16.61723,13.235073,17.695358,17.72727,20.454313,26.460249,25.403221,29.269093,28.877123,26.756197,24.312502,21.938168,20.992573,16.971031,18.283068,12.651978,15.978502,11.159446,14.713827,16.700169,15.604569,13.972052,13.055734,13.168642,13.893678,13.204467,17.671026
10,31.04523,28.432312,26.531164,23.531385,20.223421,17.73768,15.12424,11.752551,8.26009,5.6640587,0.0,4.7947507,4.7074075,7.16335,5.6193767,5.746039,8.555244,10.595295,12.417474,16.984465,16.94813,21.51045,22.690619,27.615957,24.2508,30.478064,26.105524,25.866121,21.37155,22.59054,17.407269,20.312494,16.028017,19.517591,18.601416,18.770493,21.703924,21.111906,20.269701,19.861649,15.98621,17.266504,15.77786,16.187153,17.66933,17.991644,21.389235,22.138649,26.321218,24.01758,23.759478,23.164942,21.730005,24.82891,22.992657,27.323765,26.34451,28.494446,27.50177,27.518223,26.104816,21.957178,23.461004,20.001516,23.894648,21.091127,26.548674,25.109112,28.584793,27.517359,23.41682,23.074411,18.907547,17.476973,14.434639,12.902779,11.202892,9.982907,10.920101,10.974887,13.614666,14.290297,9.235104,11.72882,14.420799,11.710919,13.047018,10.966028,15.754027,14.627307,19.22432,20.462015,23.54283,29.203026,28.782707,32.55626,31.913025,29.352476,26.213297,24.550182,22.52716,18.50306,18.50342,13.0808,14.644076,9.064118,10.8997755,12.105524,11.821903,11.138668,11.725996,13.112649,15.176303,15.813673,20.27257
11,33.434315,30.996468,28.424314,26.268288,22.482748,19.794722,17.40225,13.33201,11.037715,6.827594,4.7947507,0.0,3.7086859,6.373914,4.3942623,7.2280927,8.172101,12.015485,12.706794,18.043703,17.662094,22.731644,23.964434,28.472353,25.620708,31.566853,27.644678,27.511612,23.111572,24.892422,19.336718,23.255005,18.50335,22.949427,20.86736,21.883448,23.97858,22.628668,20.97581,20.412954,16.970438,16.761656,16.359503,15.144854,17.289686,16.771856,20.401842,20.84517,25.108849,22.366032,22.718397,21.824097,21.432796,24.675121,23.354544,27.962505,27.06863,29.891947,29.39124,29.950882,28.212997,24.456657,25.866627,21.608448,25.431278,22.181969,27.537685,25.534191,29.251379,27.651958,23.498064,23.003815,19.25271,17.089085,13.916957,13.505645,10.541501,10.740594,10.350941,11.559224,13.5557995,15.147002,10.918203,13.688458,16.90338,14.61003,16.692022,14.10226,19.478912,17.718851,22.367434,23.333843,26.030327,31.662155,31.405443,35.07182,34.84174,32.381065,29.289814,27.839022,26.273645,22.301373,22.752754,17.171925,19.230232,13.4447975,15.308114,16.120226,16.2732,15.887643,15.989487,17.65805,19.232624,19.442411,23.917847
12,35.44649,32.77709,30.654379,27.894882,24.307423,21.9417,19.070366,15.726062,12.58455,9.202991,4.7074075,3.7086859,0.0,3.9486332,4.627311,7.7720304,10.82393,13.679278,15.484366,20.369741,20.53293,25.178978,26.148195,30.817451,27.479359,33.379467,29.054523,28.483198,24.089603,25.140867,19.675539,22.676207,16.943186,21.014137,18.627993,19.14125,21.058546,19.626795,18.466568,18.617496,15.624515,16.19825,16.228683,15.882579,18.581718,18.718485,22.590948,23.58742,27.48352,24.402908,24.479765,23.036085,22.202682,25.066801,22.769499,27.685452,25.988209,28.95986,28.45522,28.611683,26.299606,22.795609,24.85989,20.904074,25.48225,22.763527,28.279537,26.746946,30.757837,29.515303,25.380476,25.411194,21.30378,19.80226,16.426723,14.959473,11.992051,10.833457,9.774491,9.544675,11.059013,12.149102,7.723242,10.093718,13.674302,12.064713,14.676149,12.844433,18.359001,17.864313,22.4503,24.089985,26.97114,32.343746,32.495605,36.0813,35.69642,32.96457,29.472437,28.496634,26.335545,22.453732,22.220388,16.939896,18.077555,12.21882,13.073661,13.388622,14.31725,14.4145975,15.689321,17.51061,19.814846,20.485832,24.972195
13,36.496742,33.490456,31.4803,28.60254,24.79955,23.054379,19.449017,17.167795,13.853725,11.001123,7.16335,6.373914,3.9486332,0.0,3.9791722,7.343991,11.458565,13.591472,16.358736,20.67532,21.893957,25.75494,26.175947,30.662838,26.981726,32.46922,27.989534,26.95155,22.741287,23.393091,17.906391,20.796978,14.303306,18.99197,15.642525,16.998804,18.243233,16.475643,14.779356,14.819546,12.183788,12.648853,13.375122,13.253477,16.6033,17.22369,21.338608,23.019258,26.28821,22.73079,22.6186,20.557684,19.587759,22.103806,19.32438,24.471504,22.386345,25.685524,25.452951,25.764793,23.104748,19.971571,22.213915,18.005527,23.008507,20.586367,26.079588,24.781586,29.193085,28.141142,24.097551,24.823359,20.545652,19.758432,16.14546,13.891953,10.585933,8.738864,6.536243,5.923368,7.265286,8.873958,5.5777855,8.954302,11.653255,10.032252,13.194666,11.193615,17.05312,16.972248,21.370089,23.487501,26.148705,31.067343,31.929514,35.233944,35.09503,32.139805,28.274397,28.167582,25.86954,22.264427,21.959965,16.90684,18.110481,12.166447,13.360352,13.855593,15.76541,15.612876,18.14237,18.922821,21.685982,21.87055,26.487068
14,33.128036,30.239983,27.92205,25.445282,21.446907,19.553804,16.141504,13.564606,10.724819,7.552539,5.6193767,4.3942623,4.627311,3.9791722,0.0,4.3359604,7.4991403,10.118016,12.443676,16.957022,18.049086,22.02289,22.58882,27.034657,23.637276,29.263994,25.038212,24.413895,20.108265,21.477774,15.835021,19.715925,14.567188,19.582047,17.001299,18.801714,20.596039,19.24519,17.174448,16.186567,12.621562,12.512546,12.133282,11.415087,13.965471,14.174314,18.104631,19.430033,23.053938,19.924898,19.88066,18.528625,17.679337,20.696457,19.00769,23.704874,22.67518,25.556356,25.168955,25.863129,24.083261,20.447994,21.839706,17.387682,21.507097,18.49785,23.942003,22.236095,26.340103,25.043139,20.924004,21.22869,17.081215,15.920633,12.364551,10.670299,7.402239,6.692979,6.0419726,7.587854,10.109876,11.990756,8.45551,12.169365,14.328092,11.542388,13.769765,10.745738,16.465845,14.933415,19.48271,20.958284,23.504066,28.741695,29.187368,32.601616,32.571712,29.853683,26.370638,25.76695,24.022774,20.294744,20.706951,15.265523,17.53939,11.567889,14.116003,15.35525,16.339216,15.519176,17.133926,17.440426,19.64169,19.275906,23.94342
15,29.292244,26.222239,24.208958,21.383343,17.471455,15.94946,12.121186,10.545729,7.273236,5.818869,5.746039,7.2280927,7.7720304,7.343991,4.3359604,0.0,5.7318335,6.3424635,9.886868,13.5475645,15.333479,18.585466,18.981503,23.66323,19.933025,25.760723,21.302046,20.759867,16.33887,17.715729,12.210949,16.126,12.359425,17.08939,15.741698,17.560942,20.122183,19.57096,17.7503,16.130804,11.68656,12.531995,10.309524,10.908829,12.063192,12.899026,16.377657,17.861593,21.455505,19.009422,18.404686,17.793581,16.033371,19.167425,17.8011,21.868351,21.522833,23.55469,22.716667,23.34105,22.450556,18.244518,19.022451,14.987322,18.504915,15.491839,20.963192,19.500404,23.252655,22.285046,18.202585,18.528206,14.073505,13.557854,10.175534,7.532699,5.9779797,4.484413,6.8684244,8.384993,11.893781,13.244659,9.558574,13.386387,14.414412,10.544816,11.517622,7.8575397,13.025991,10.734562,15.337142,16.676836,19.342558,24.714725,24.973953,28.45761,28.302528,25.606209,22.244476,21.43509,19.774944,16.043121,16.770039,11.259751,14.26254,8.639945,12.521212,14.621658,15.0796995,13.434741,15.209713,14.223639,16.42328,15.530017,20.222412
16,26.65685,24.077131,21.122576,19.604929,15.295813,13.06342,10.4383745,7.179553,6.59893,4.147854,8.555244,8.172101,10.82393,11.458565,7.4991403,5.7318335,0.0,5.037661,5.0092535,10.07044,10.755668,14.947267,15.951076,20.320011,17.670094,23.601011,20.054934,20.488478,16.203983,19.08341,13.811462,19.155802,17.175293,21.97935,20.982618,23.131746,25.708942,25.070139,22.767607,20.561848,16.078484,15.446082,13.005067,11.673457,11.447039,10.672056,13.450736,13.654572,18.132025,16.493793,16.470407,17.070978,16.338926,20.066319,20.523031,23.920116,24.849886,26.67489,25.92539,27.16121,27.03254,22.749071,22.559343,18.272848,20.204746,16.283756,21.165972,18.738033,21.781849,20.041174,15.930034,14.997183,11.352753,9.102072,6.102957,6.8161783,5.8470206,8.171108,10.560069,13.47674,16.727077,18.587202,14.989089,18.701107,20.125607,16.246386,16.796635,12.890459,17.128613,12.882074,17.155607,16.98346,19.155014,24.930817,24.323835,27.930075,28.065247,25.965374,23.502817,21.727434,21.29119,17.570944,19.46102,13.924784,17.979015,13.1091175,17.305164,19.481493,18.983633,17.13904,16.924147,16.094465,16.821302,15.149248,19.60201
17,23.604225,20.502605,18.190775,15.8948345,11.567987,10.51125,6.3852606,6.5383554,5.3985915,6.817272,10.595295,12.015485,13.679278,13.591472,10.118016,6.3424635,5.037661,0.0,5.407791,7.298182,10.29441,12.375257,12.643468,17.39026,13.81598,19.91514,15.778389,16.033539,11.609663,14.326601,9.400629,14.671412,14.400138,18.72563,18.787151,21.0703,24.054216,24.109026,22.047306,19.383791,14.487857,14.893258,10.926488,11.460385,9.793818,10.445164,12.559045,13.601204,17.34517,16.32068,15.34178,16.424444,14.358225,17.877432,18.361797,21.013708,22.464128,23.380356,22.20542,23.349928,24.077272,19.480076,18.633371,14.987818,16.197147,12.516279,17.368013,15.513887,18.289598,17.243788,13.265325,12.945436,8.564461,8.396248,5.949515,3.9478192,6.39773,7.269514,11.247568,13.653032,17.360237,18.752642,15.526087,19.269659,19.49431,15.032658,14.472381,10.404353,13.356477,8.186308,12.220605,11.995799,14.26165,20.05269,19.597477,23.187288,23.241533,20.996082,18.470016,16.876354,16.479116,12.9698105,15.277308,10.14162,14.915428,11.093209,16.134628,18.925138,18.409548,15.892426,16.531527,13.894392,14.88009,12.345403,16.767063
18,22.106365,19.799839,16.420109,15.68624,11.324564,8.815941,7.4699416,4.1697226,6.7537913,6.916532,12.417474,12.706794,15.484366,16.358736,12.443676,9.886868,5.0092535,5.407791,0.0,5.846476,5.9096384,10.198111,11.751067,16.109161,14.159487,20.304707,17.376228,18.704155,14.713638,18.4444,14.085481,19.671877,19.774874,24.01914,24.07474,26.178633,29.18856,29.005823,26.78012,24.148777,19.409658,18.884216,15.514296,14.440569,12.421038,11.330789,12.528424,11.694147,16.54792,16.436071,16.251461,18.255817,17.396753,21.225973,22.77339,25.185957,27.176716,28.19145,27.143946,28.541157,29.418913,24.867083,23.79454,20.045393,20.481457,16.357632,20.46324,17.79902,19.691502,17.81656,14.018201,11.911046,9.083978,6.055421,5.1592712,7.7781625,9.201146,11.754005,14.933456,17.862701,21.328371,23.0265,19.383984,22.982864,24.018234,19.795547,19.459303,15.567529,18.445034,12.981258,16.509645,15.016845,16.811407,22.80711,21.261164,24.978315,25.134798,23.58552,22.035006,19.305967,19.88212,16.419178,19.214468,14.220358,18.966036,15.326234,19.96064,22.509615,21.265917,18.95167,17.741117,16.094276,15.672547,13.037856,16.946747
19,17.733671,15.012827,11.716503,11.306713,6.571936,6.1500688,4.761219,6.95019,9.673346,11.935059,16.984465,18.043703,20.369741,20.67532,16.957022,13.5475645,10.07044,7.298182,5.846476,0.0,5.9581604,5.2294927,5.9719887,10.698886,8.472525,14.826042,12.110368,14.124815,10.713638,15.062024,12.221039,17.682915,20.211039,23.863733,24.887453,27.291286,30.4833,30.859524,28.649075,25.44067,20.611315,20.445744,16.086193,15.982255,12.3086815,11.991852,11.514159,10.949034,14.777161,16.095676,15.101022,18.196318,16.556448,20.071793,22.478075,23.600012,26.68168,26.624674,25.267685,26.87214,28.940868,24.32537,22.17309,19.232735,17.915665,14.007076,17.011019,14.586218,15.2343,13.80714,10.627516,8.247505,6.0270667,5.4761868,6.970508,8.600035,12.061996,14.099814,17.979755,20.781492,24.454792,25.937845,22.802406,26.45271,26.503357,21.919643,20.657824,16.844765,18.03139,11.686951,13.735831,10.982606,11.966575,17.822039,15.836996,19.454025,19.83541,18.665545,17.888733,14.92055,16.62898,13.994566,17.712763,13.9669895,19.235243,17.086332,22.19771,25.194132,23.876276,21.02926,20.249613,16.952946,16.191591,12.29023,15.368544
20,17.373127,15.899557,11.92398,12.587485,9.096129,5.6283283,8.161045,5.555462,9.984904,11.408972,16.94813,17.662094,20.53293,21.893957,18.049086,15.333479,10.755668,10.29441,5.9096384,5.9581604,0.0,6.772201,9.874093,13.810986,13.379401,19.429176,17.560698,19.938358,16.603321,20.726585,17.620268,22.689182,24.372147,27.79504,28.87438,30.555464,34.033398,34.242947,32.290245,29.58565,24.729034,24.46294,20.651161,19.860193,16.99484,15.754847,15.529629,13.503801,18.313261,19.76193,19.551813,22.57188,21.686008,25.411533,27.596897,29.239025,31.905792,32.21691,30.844894,32.164734,33.814453,29.056871,27.438683,24.412228,23.737415,19.785784,22.933838,20.290054,20.68864,18.825745,15.832082,12.406192,11.362899,8.317276,9.834863,12.779425,14.983506,17.335674,20.773848,23.494253,27.048702,28.525972,24.599628,27.903591,28.894682,24.601404,23.626013,20.099222,21.76993,15.955844,18.501076,15.7068,17.087446,23.056763,20.071835,23.899702,23.82908,23.124552,22.8401,18.730335,20.363338,17.325884,20.684946,16.608215,21.361555,19.025658,23.523323,26.183079,24.090755,21.592386,19.03224,17.18328,15.250735,12.1297865,14.702462
21,13.189605,11.034649,6.89892,8.668899,5.2080154,5.769033,7.8318777,10.248887,13.665986,16.322428,21.51045,22.731644,25.178978,25.75494,22.02289,18.585466,14.947267,12.375257,10.198111,5.2294927,6.772201,0.0,3.7007115,7.5793066,7.5201793,13.227489,12.046671,15.170567,12.952382,17.37189,16.017586,20.732603,24.581438,27.546616,29.323244,31.484228,34.942554,35.617245,33.56265,30.25797,25.445677,25.386677,20.852636,20.85401,16.739275,16.254885,14.654952,13.216552,16.493559,19.180384,18.181665,22.02709,20.46917,23.716537,26.702805,27.028925,30.733402,30.023308,28.445425,30.034777,32.819454,28.176113,25.507113,23.277205,20.894922,17.391933,19.134937,16.878498,15.818011,14.557294,12.640503,9.295192,9.50337,9.113802,11.74072,13.703801,17.254438,19.253918,23.197033,25.9065,29.61552,30.976313,27.726004,31.21034,31.1627,26.550735,24.849089,21.355759,21.571552,15.276477,16.148132,12.257692,12.376889,17.675396,14.238052,17.758703,18.08868,17.933239,18.617947,14.557,17.51555,15.660194,19.787233,17.120312,22.219116,21.122131,26.090078,29.161852,27.32873,24.355814,22.809135,19.261324,17.496147,13.248737,14.806355
22,14.268302,11.395672,8.192392,9.305303,5.772081,8.32351,8.360958,12.370557,15.030562,17.82569,22.690619,23.964434,26.148195,26.175947,22.58882,18.981503,15.951076,12.643468,11.751067,5.9719887,9.874093,3.7007115,0.0,5.275041,3.831906,9.759179,8.405965,11.694289,10.052853,14.631284,14.026223,18.728497,23.293219,26.29524,28.033695,30.648817,33.856487,34.625362,32.402557,28.788147,24.14153,24.059618,19.352818,19.704742,15.153961,15.198894,13.169053,12.586067,14.785171,17.638739,16.155785,20.13976,18.212618,21.139223,24.457891,24.192379,28.332157,27.266348,25.724064,27.56858,30.742447,26.307339,23.17657,21.158316,18.013168,14.734806,15.805888,13.757229,12.279274,11.434483,9.958925,7.4389095,7.8518515,9.318772,11.86255,13.050253,17.004068,18.796604,22.788511,25.512686,29.18702,30.555128,27.846289,31.471493,30.890982,26.204987,24.364498,20.823622,20.62329,14.283615,14.412715,10.433253,9.675364,14.503768,11.687104,14.881899,15.746259,15.462112,16.116148,12.98605,16.248154,14.98218,19.252327,17.070408,22.261557,21.37143,26.53906,29.736738,28.344465,25.245203,24.598354,20.432634,19.28132,14.832742,16.500397
23,14.995206,12.86169,9.604384,12.732724,10.526667,13.08224,13.626064,17.245113,20.165464,22.6102,27.615957,28.472353,30.817451,30.662838,27.034657,23.66323,20.320011,17.39026,16.109161,10.698886,13.810986,7.5793066,5.275041,0.0,5.4420705,6.875752,8.897526,12.735176,12.826027,17.369564,17.697977,22.34959,27.41423,30.52085,32.07582,35.12928,38.043625,38.74753,36.19342,32.237064,27.879326,27.224329,22.784342,22.635893,17.768198,17.448763,14.286177,13.257631,14.016678,18.116432,16.744402,21.36242,20.003054,22.52219,26.870987,25.733393,30.676977,29.31542,28.012997,30.321495,33.944393,29.869846,26.22341,24.32168,20.124464,17.114996,16.55436,14.3304205,11.146119,10.092135,10.516444,7.847663,10.7407055,12.263354,15.389744,17.110933,20.850767,23.0377,26.769417,29.795776,33.340458,34.911846,32.56238,36.325058,35.601917,30.915646,29.124182,25.516743,25.168318,18.93959,18.416147,14.391534,12.4524145,15.409483,12.702572,14.679574,16.434406,17.018433,18.588678,16.114765,20.04304,19.510956,23.831993,22.113796,27.257662,26.477093,31.690922,34.90328,33.605698,30.493391,29.811165,25.620909,24.296017,19.817265,20.898985
24,16.091223,12.721923,10.695592,10.9850445,7.998888,11.442988,10.104404,15.064201,16.960413,19.842505,24.2508,25.620708,27.479359,26.981726,23.637276,19.933025,17.670094,13.81598,14.159487,8.472525,13.379401,7.5201793,3.831906,5.4420705,0.0,6.666206,4.613585,8.137744,7.5473404,12.030343,12.536497,16.908503,22.246614,25.15232,26.890903,29.911894,32.84115,33.741756,31.413834,27.533974,23.147038,23.139807,18.32315,19.180902,14.361179,15.105892,12.8245125,13.318362,14.182877,16.991402,14.947773,18.877337,16.45254,18.874765,22.435528,21.450325,26.028053,24.498453,22.971117,25.054054,28.670189,24.515865,20.894617,19.252535,15.222775,12.424281,12.536492,10.981836,8.923917,8.981338,8.281827,7.5159316,7.8532677,11.039576,13.1526785,13.340055,17.507034,18.9179,22.865507,25.479069,29.05975,30.372425,28.250511,31.935537,30.791296,26.110054,24.120985,20.666111,19.94837,13.880528,13.080922,9.309224,7.3875985,11.277465,9.5319605,12.150965,13.655817,13.153368,13.708754,11.929535,15.326428,14.79813,19.014647,17.473013,22.552902,21.960794,27.192053,30.467602,29.51396,26.337437,26.557348,21.881271,21.316757,16.842787,18.53532
25,18.935127,16.030022,14.658541,16.031977,14.223762,17.845064,16.734,21.623629,23.510908,26.172691,30.478064,31.566853,33.379467,32.46922,29.263994,25.760723,23.601011,19.91514,20.304707,14.826042,19.429176,13.227489,9.759179,6.875752,6.666206,0.0,5.5905647,8.688171,11.150148,14.604176,16.720636,20.383238,26.437609,29.217321,30.785164,34.362675,36.79862,37.733585,35.09719,30.821383,27.019407,26.553469,22.123835,22.803291,17.832071,18.601242,15.369124,16.10173,14.726706,18.418861,16.195494,20.421942,18.325924,19.74935,24.355612,21.901289,27.49208,25.293781,24.073042,26.714195,31.030367,27.573797,23.247614,22.142076,16.655033,14.868213,12.258138,11.268932,6.4686985,7.7034855,10.081653,10.489084,12.603386,16.059181,18.39249,18.6308,22.531467,24.031528,27.616703,30.352444,33.690674,35.111748,33.67642,37.45108,35.85624,31.270239,29.263523,25.925554,24.777239,19.287415,17.494366,14.190709,10.990497,11.125762,10.681508,10.878648,13.863405,14.249096,15.764189,15.607226,19.44647,20.014082,24.050497,23.327253,28.151733,27.873884,33.075764,36.36937,35.715378,32.509865,33.093304,28.169909,27.68236,23.181902,24.352818
26,19.069193,15.33462,14.49127,13.799854,11.420126,15.248431,12.836337,18.380571,19.414858,22.356922,26.105524,27.644678,29.054523,27.989534,25.038212,21.302046,20.054934,15.778389,17.376228,12.110368,17.560698,12.046671,8.405965,8.897526,4.613585,5.5905647,0.0,3.9522188,5.7678304,9.196453,11.422742,14.851185,21.030907,23.644947,25.414915,28.815203,31.385445,32.48172,30.137554,26.050827,22.091825,22.341114,17.520947,19.160246,14.401515,16.06192,13.918036,15.622234,15.142048,17.451883,14.804064,18.239698,15.097824,16.668694,20.20756,18.291912,23.2698,21.074602,19.522535,21.82317,25.977411,22.246658,18.077534,17.115215,12.0287485,10.312041,8.960724,8.7160225,6.2029524,8.191127,8.525592,10.059103,9.825744,14.1253605,15.550812,14.518503,18.668549,19.435781,23.215158,25.52246,28.918064,30.075705,28.670929,32.31652,30.496756,25.93365,23.780827,20.602709,19.216404,13.922535,11.988912,9.106009,6.005897,7.6559925,8.308984,9.776776,12.013665,10.984899,11.094514,11.539676,14.635162,15.015911,18.869772,18.166555,22.869411,22.682463,27.815565,31.114065,30.680786,27.481953,28.693361,23.560932,23.67913,19.348389,21.072626
27,22.348362,18.366941,17.969717,16.341543,13.879215,17.556513,14.152599,19.798643,19.996336,22.81941,25.866121,27.511612,28.483198,26.95155,24.413895,20.759867,20.488478,16.033539,18.704155,14.124815,19.938358,15.170567,11.694289,12.735176,8.137744,8.688171,3.9522188,0.0,4.5063376,6.1793494,9.433938,12.12044,18.451761,21.010145,22.555363,26.273743,28.484875,29.651575,27.312527,23.159542,19.564384,20.122269,15.391547,17.786129,13.448967,15.92811,14.450533,17.12193,16.183817,17.465714,14.459676,16.988663,13.128123,14.0377035,17.058937,14.757439,19.713747,17.20542,15.645838,18.105015,22.392153,18.971426,14.562532,13.947914,8.351561,7.6802044,5.807718,7.2037826,6.4344554,9.281988,9.345864,12.278389,10.977148,15.752859,16.362938,14.223942,18.142271,18.251347,21.78504,23.74715,26.93607,27.948692,27.14056,30.716293,28.422224,24.03425,21.904575,18.95601,17.332472,12.89718,10.530217,9.162487,6.3827257,6.6014047,9.845073,10.730958,12.89408,10.894037,9.488689,12.057527,14.074586,14.715559,17.990032,17.58578,21.890488,21.725874,26.684814,29.916826,30.014622,26.900608,28.998283,23.73982,24.573174,20.544199,22.643581
28,21.706966,17.683966,16.825777,14.575425,11.307888,14.362684,10.256093,15.719142,15.594943,18.38013,21.37155,23.111572,24.089603,22.741287,20.108265,16.33887,16.203983,11.609663,14.713638,10.713638,16.603321,12.952382,10.052853,12.826027,7.5473404,11.150148,5.7678304,4.5063376,0.0,5.0635223,5.656357,9.982803,15.33977,18.432583,19.803028,23.285585,25.805769,26.807922,24.550158,20.631916,16.483303,17.2629,12.167979,14.694824,10.520267,13.114327,12.527897,15.172166,15.532769,16.10172,13.338131,15.537447,11.563756,13.454487,15.655862,14.909179,18.88196,17.29817,15.673557,17.727367,21.13586,17.09685,13.44452,11.842951,8.079488,5.756809,7.5880866,7.6697884,8.967547,10.323069,8.450401,10.89153,8.026559,12.633153,12.666326,10.037356,14.136191,14.126509,17.94146,19.91892,23.314022,24.348675,23.072504,26.698847,24.778639,20.24285,18.256338,14.983591,14.038956,8.853867,7.707606,6.59449,5.601278,9.308626,11.094164,13.374816,14.591358,12.1720495,9.83279,11.147687,12.362324,11.807443,15.129059,13.69853,18.335785,17.5674,22.671099,25.896654,25.915438,22.845665,24.854713,19.875914,20.880613,17.0145,19.748926
29,24.423058,20.156532,20.37967,17.02404,14.64505,17.791943,13.350928,18.90683,17.735912,20.728294,22.59054,24.892422,25.140867,23.393091,21.477774,17.715729,19.08341,14.326601,18.4444,15.062024,20.726585,17.37189,14.631284,17.369564,12.030343,14.604176,9.196453,6.1793494,5.0635223,0.0,5.7230496,5.949522,12.93773,14.86145,16.94507,20.290785,22.716757,24.25855,22.542513,18.856043,15.218811,17.266834,12.28758,16.363804,13.245592,16.595102,16.71329,19.848228,19.849058,19.70843,16.74632,17.816885,13.063074,13.814533,14.286972,13.118217,16.379354,13.824104,11.561162,13.076128,17.118332,13.224758,9.079971,9.37783,5.6377435,6.552761,8.102446,10.359351,12.08201,14.345968,12.946023,15.895176,12.773579,17.242977,16.622082,12.84972,16.45561,15.098951,18.629148,19.59766,22.727613,23.182905,22.549377,25.765182,22.989908,18.774504,16.325665,13.989449,11.590433,8.650265,5.775687,7.3274784,6.8808227,8.312897,11.923032,13.547039,14.297736,10.998528,6.942927,10.879662,10.605695,11.033284,13.260325,13.258281,16.812153,17.011904,21.569242,24.726313,25.241714,22.243996,25.37967,20.025755,21.817451,18.484943,21.055386
30,25.436829,21.409435,20.572237,17.411152,13.893711,15.766837,10.665159,15.009098,13.392069,15.665125,17.407269,19.336718,19.675539,17.906391,15.835021,12.210949,13.811462,9.400629,14.085481,12.221039,17.620268,16.017586,14.026223,17.697977,12.536497,16.720636,11.422742,9.433938,5.656357,5.7230496,0.0,6.843588,9.859757,13.830398,14.418071,18.0594,20.443815,21.27641,19.120424,15.479558,11.07435,12.739606,7.421274,11.37478,8.834549,12.228731,13.51283,16.694368,17.711409,16.580172,14.070683,14.549408,10.116638,12.096449,12.08365,13.143678,15.359716,14.790052,13.252067,14.811656,16.926159,12.575405,10.090334,7.3352375,7.10089,4.9364715,9.875583,10.194011,13.561454,14.396497,11.518529,14.10743,9.837495,13.58371,12.024565,7.5550623,10.842911,9.43354,13.124989,14.525639,17.882074,18.742455,17.712168,21.30633,19.237112,14.767235,13.130289,9.715762,9.763969,5.628649,6.590022,8.47364,9.648929,13.413804,15.599219,18.092146,18.659817,15.579854,11.734554,13.5636,12.7035,11.116318,13.165384,10.778691,14.907622,13.206936,18.108181,21.16151,21.843582,19.048433,22.06743,17.55925,19.611538,16.617231,20.205296
31,27.376131,23.123259,23.745087,19.318884,17.223349,19.54448,14.749816,19.484041,17.010939,19.916548,20.312494,23.255005,22.676207,20.796978,19.715925,16.126,19.155802,14.671412,19.671877,17.682915,22.689182,20.732603,18.728497,22.34959,16.908503,20.383238,14.851185,12.12044,9.982803,5.949522,6.843588,0.0,8.368685,8.947145,12.03077,14.598474,17.418835,19.46299,18.684675,15.877947,12.424707,16.1986,11.638829,16.891283,15.337191,18.935701,20.25396,23.4676,24.181019,23.076458,20.374302,20.302462,15.43052,16.03907,13.917437,14.316878,15.14305,13.02768,10.283705,9.973111,13.053126,8.443349,5.770322,7.5825577,8.326393,9.8913555,13.042948,15.207082,17.828169,19.732313,17.635815,20.331394,16.346922,20.084122,18.533361,13.836232,16.587393,13.754514,16.919807,16.550432,19.45925,19.158278,18.69593,21.326796,18.006235,14.1479,11.268091,10.143312,6.508423,7.2384424,5.261791,9.586926,11.084381,12.965544,16.007364,17.976479,17.72212,14.013998,9.025139,12.688118,9.956695,9.821678,10.013413,10.516813,12.544457,13.235526,16.981838,19.95244,20.992022,18.254152,22.550226,17.406775,20.225964,17.95448,20.84068
32,33.19782,29.198952,28.937698,24.711763,21.776985,22.622196,17.55541,20.006762,16.424927,17.631088,16.028017,18.50335,16.943186,14.303306,14.567188,12.359425,17.175293,14.400138,19.774874,20.211039,24.372147,24.581438,23.293219,27.41423,22.246614,26.437609,21.030907,18.451761,15.33977,12.93773,9.859757,8.368685,0.0,6.5063267,4.7546473,8.649654,10.635209,11.737888,10.853603,8.990144,5.695123,10.991283,8.492782,13.778904,14.882452,18.247263,21.130516,24.50101,25.800632,23.09288,21.079708,19.307905,15.259531,16.025269,11.455009,14.931938,12.692206,13.621906,12.312667,11.715598,10.338158,5.977606,8.377662,6.606808,12.407776,12.815162,17.522696,18.638786,22.79256,23.69499,20.686167,23.312143,18.692238,21.23738,18.435646,13.395876,13.839601,9.703118,11.078246,9.185833,11.494226,10.8729,11.386806,13.963931,10.458447,7.012625,6.2190423,5.536,6.852962,10.018952,11.854132,15.933809,18.102537,20.952322,23.665749,25.997871,25.816034,22.196642,17.329733,19.90652,16.693933,14.880526,13.818191,11.846929,12.528551,10.323603,12.867249,15.042835,17.564081,15.796524,21.09704,17.803213,21.52106,20.465166,24.345022
33,33.882698,29.854395,30.658709,25.585297,23.752344,24.927505,20.281908,23.271154,19.476374,21.559017,19.517591,22.949427,21.014137,18.99197,19.582047,17.08939,21.97935,18.72563,24.01914,23.863733,27.79504,27.546616,26.29524,30.52085,25.15232,29.217321,23.644947,21.010145,18.432583,14.86145,13.830398,8.947145,6.5063267,0.0,6.7415333,6.1881857,9.856912,12.932767,14.358215,13.9194565,11.961588,17.39275,14.776062,20.189838,20.718538,24.155169,26.642637,29.83843,31.167236,29.00137,26.742075,25.387278,20.970495,21.334805,16.650036,18.929651,16.448076,15.774349,13.535327,10.854029,10.103092,6.106555,9.1983185,11.231258,15.67334,17.229792,21.103054,23.039185,26.409119,27.945084,25.312937,27.78692,23.268333,26.024656,23.569784,18.574675,19.661303,15.486827,17.151995,14.517786,16.33738,14.53931,14.783974,15.8258705,11.445518,9.406881,6.6195745,9.237744,6.228476,12.296764,12.59698,17.096912,19.473198,21.532652,24.133547,26.261995,25.342804,21.626076,16.76279,19.525652,15.297722,14.401876,11.725351,12.331988,10.642341,11.558843,12.421791,14.39128,16.804789,15.147499,21.166117,17.411777,21.465242,21.053493,24.124418
34,37.746956,33.732166,33.637363,29.257862,26.473612,27.223413,22.219976,24.299036,20.468578,21.205263,18.601416,20.86736,18.627993,15.642525,17.001299,15.741698,20.982618,18.787151,24.07474,24.887453,28.87438,29.323244,28.033695,32.07582,26.890903,30.785164,25.414915,22.555363,19.803028,16.94507,14.418071,12.03077,4.7546473,6.7415333,0.0,5.985443,6.0928764,7.433765,7.670119,7.5662737,7.1459265,12.482074,11.839726,16.676283,18.656136,21.959234,25.081419,28.612753,29.67922,26.507532,24.611439,22.12403,18.368603,18.448126,12.669321,16.450792,12.3898,13.95201,13.129756,11.72216,8.006122,5.7048182,10.181383,9.471218,15.654053,16.749199,21.030214,22.443777,26.797762,27.80585,24.92653,27.777025,23.203817,25.646015,22.659996,17.724476,17.455313,13.240164,13.236258,10.186961,10.945715,9.370512,11.702027,13.192808,8.725172,7.557166,7.985171,9.221814,10.318714,14.650341,16.147142,20.433056,22.518024,24.774437,27.890812,29.956831,29.721958,26.000248,20.976425,24.042082,20.454836,18.943539,17.143406,15.780856,15.160618,13.260337,14.115367,15.400338,18.83673,17.77749,23.685734,21.012197,25.061155,24.544817,28.33381
