,0,1,2,3,4,5,6,7,8,9,10,11,12,13,14,15,16,17,18,19,20,21,22,23,24,25,26,27,28,29,30,31,32,33,34,35,36,37,38,39,40,41,42,43,44,45,46,47,48,49,50,51,52,53,54,55,56,57,58,59,60,61,62,63,64,65,66,67,68,69,70,71,72,73,74,75,76,77,78,79,80,81,82,83,84,85,86,87,88,89,90,91,92,93,94,95,96,97,98,99,100,101,102,103,104,105,106,107,108,109,110,111,112,113,114,115
0,0.0,4.3043714,5.7551966,8.440037,11.874038,13.273067,17.23137,19.698719,22.918755,26.166582,30.9102,32.842564,35.22487,36.340023,32.76195,29.14051,25.874605,23.222078,21.146032,16.599497,15.81358,11.810693,14.0594015,11.456794,14.982059,16.771048,18.379866,22.091572,21.59093,25.137922,25.712673,29.231632,34.206257,36.067062,39.364807,40.64421,44.772438,46.092365,44.02655,40.87705,36.048084,36.792213,31.894194,32.573055,28.280737,27.899908,25.870344,24.067905,26.231657,30.033464,28.707947,33.071945,31.064863,33.442204,36.819496,35.863483,40.44432,38.764046,36.25913,37.809776,41.639942,36.987682,33.779945,30.915579,29.706161,26.996391,27.383888,25.325499,23.17279,23.147415,23.077417,19.730772,21.172361,21.067902,23.751425,25.389563,29.093405,30.595058,34.70463,37.075,40.837822,42.051422,40.238613,43.409378,41.441864,36.675804,35.37623,31.463257,31.060741,26.081146,25.41275,20.946318,21.509281,16.16257,19.493778,24.494469,18.785261,17.355343,17.08645,17.231005,17.540104,20.22128,20.214256,24.424482,23.674189,27.67953,28.723736,33.140537,36.419785,33.34456,30.048893,27.757406,23.730091,21.809189,17.80375,15.759652
1,4.3043714,0.0,5.083692,4.671123,8.782713,11.025769,14.285135,17.597477,20.237238,23.926107,28.331165,30.672283,32.740967,33.639347,30.240911,26.364542,23.750216,20.52308,19.323261,14.550454,14.693453,10.266599,13.375595,10.500043,12.404006,14.966878,15.496621,18.94329,18.23934,21.402212,22.207262,25.275036,30.467005,32.010727,35.558002,36.75804,40.924316,42.42497,40.55912,37.48442,32.683083,33.8608,28.798647,30.059631,25.84181,25.968418,24.27836,23.148218,25.259106,28.587517,26.920038,30.971394,28.446934,30.673157,33.594837,32.64899,37.02974,35.147648,32.492348,33.823513,37.722164,33.05562,29.884033,27.361874,26.28375,23.852203,24.477177,22.790634,21.001352,21.469542,21.204979,18.391148,19.019495,19.573431,21.8549,22.719488,26.63573,27.660444,31.91434,34.006477,37.791283,38.810017,37.19758,40.21843,37.954006,33.275482,31.704708,27.956919,27.147696,22.421816,21.417336,17.004446,17.580317,12.18873,15.988302,20.826792,15.556476,14.004813,13.3330345,13.251189,13.258814,15.9241705,16.025759,20.258644,19.8617,23.768467,25.17537,29.570747,32.907204,30.010715,26.727024,24.425241,20.165571,18.124527,14.245757,11.895403
2,5.7551966,5.083692,0.0,5.959234,7.172786,8.967816,12.3323,15.306279,18.62231,21.70315,26.660902,28.301432,30.734674,31.53366,27.877289,24.274185,20.860044,18.101463,16.119308,11.130416,11.4273205,6.199955,8.56961,6.4451857,9.722457,12.51201,13.597841,17.394703,16.576302,20.63774,20.698503,24.89767,29.448568,32.093742,34.75238,36.505592,40.349422,41.396175,39.012115,35.688057,30.899506,31.29551,26.492634,26.92652,22.579542,22.166605,20.152111,18.536345,20.797607,24.376657,23.034243,27.354572,25.44859,27.973988,31.483776,30.75643,35.300213,34.016834,31.710554,33.590145,37.1077,32.509914,29.313246,25.898932,24.781725,21.712944,22.370739,19.936361,18.274384,17.965149,17.501797,14.098296,15.434595,15.464755,18.202324,19.930067,23.665852,25.395247,29.436218,32.054916,35.730404,37.15104,35.590477,38.98076,36.96708,32.2746,31.221155,26.93787,27.049732,21.523262,21.281887,16.750683,17.469917,12.88414,16.012983,21.874498,16.668177,16.337584,16.400133,16.735538,15.826266,18.016104,17.398361,21.670431,20.021515,24.572626,24.786238,29.546785,32.855602,30.111801,26.689262,25.350447,20.49888,19.576296,15.231359,14.149562
3,8.440037,4.671123,5.959234,0.0,4.766397,7.2424226,9.936921,13.599295,15.8084755,19.716227,23.904749,26.448626,28.334108,29.149218,25.856548,21.887161,19.68861,16.215322,15.594383,11.078772,11.75102,7.9385877,11.971735,10.189834,10.056274,14.324919,13.238105,16.340317,14.752616,17.910374,18.093998,21.30486,26.147226,27.678743,31.136234,32.230244,36.422226,37.87274,36.06722,33.146847,28.294443,29.703089,24.63942,26.165562,22.235104,22.61497,21.521833,20.856771,23.363316,25.998102,24.223728,27.8698,25.062244,27.427803,29.810137,29.360737,33.29567,31.668524,28.951519,30.156485,33.697422,28.908434,26.043036,23.320955,22.893646,20.335781,21.777891,20.040392,19.252832,19.774979,18.81239,16.272663,15.841919,16.530827,18.286589,18.623657,22.5234,23.246174,27.538292,29.46047,33.26961,34.20589,32.57813,35.562782,33.292118,28.605293,27.06748,23.313303,22.636896,17.882872,17.167112,12.896712,14.155693,9.544807,14.0682125,19.177076,14.968411,13.895497,12.728883,12.066252,10.579545,12.6105585,11.993482,16.220257,15.285208,19.382122,20.523588,24.988142,28.336832,25.53964,22.213757,20.26825,15.646507,14.035892,9.943055,8.246697
4,11.874038,8.782713,7.172786,4.766397,0.0,4.445369,5.6133857,10.159968,12.420105,16.095095,20.540445,22.716898,24.690533,25.209309,21.798683,17.855465,15.465798,11.832587,11.437568,6.5449643,8.822348,4.7829623,8.922408,8.592491,6.807499,12.450725,10.378148,13.344848,11.048949,14.913475,14.174257,18.386475,22.59059,25.075788,27.747957,29.343828,33.235466,34.342003,32.159313,29.06293,24.197302,25.200087,20.231665,21.456966,17.527231,17.873068,16.990545,16.609806,19.311695,21.51874,19.773396,23.27968,20.58969,23.19839,25.670023,25.600607,29.430552,28.3306,25.84845,27.424366,30.529444,25.768612,22.98765,19.493963,19.35197,16.276367,18.259956,16.046501,16.102306,16.270182,14.682441,12.241647,11.209059,12.028219,13.624301,13.973132,17.9189,18.913248,23.15223,25.380589,29.122833,30.313105,28.880152,32.135532,29.899141,25.250488,24.0704,19.836512,19.915285,14.403575,14.429175,10.148842,11.86029,8.84149,12.823028,18.651768,15.254464,15.378272,14.70548,14.333717,11.681045,12.799226,11.26363,15.312542,13.012982,17.78473,17.740587,22.601494,25.947716,23.497774,20.054363,19.308582,13.844212,13.702547,9.444934,9.555772
5,13.273067,11.025769,8.967816,7.2424226,4.445369,0.0,5.187067,6.596224,9.768262,12.992521,17.772577,19.71242,21.99389,23.0878,19.52783,15.973995,12.91476,10.422722,8.64005,5.692846,5.0231214,5.476757,9.615692,11.266142,10.266267,16.10771,14.042164,16.758293,13.716874,17.69141,15.562614,20.318289,23.39178,25.844463,28.18819,29.311495,33.31583,34.11801,31.920067,29.201303,24.223886,25.019539,20.467043,21.082945,17.77893,17.493208,17.2643,16.273386,20.0503,21.858427,20.627216,23.910181,21.684505,24.770374,26.878914,27.679857,30.917051,30.481787,28.09169,29.549269,31.932251,27.039288,24.92379,20.835104,21.722298,18.190563,21.034569,18.286777,19.159933,18.67039,16.358644,13.293582,11.928817,11.0166445,12.29429,13.411273,16.640615,17.933811,21.91839,24.188297,27.978918,29.244423,27.128614,30.456709,28.925825,24.063759,23.443188,19.206686,20.206924,14.769197,16.003025,12.491896,15.092643,12.965772,17.013538,22.740864,19.671541,19.651012,18.616692,17.710457,14.754344,15.340431,13.025819,16.506895,13.070352,17.73581,16.791456,21.453655,24.604723,21.752975,18.325596,17.757677,12.896338,13.325725,8.965509,10.492785
6,17.23137,14.285135,12.3323,9.936921,5.6133857,5.187067,0.0,6.2036214,7.4442277,11.042042,15.310146,17.449532,19.272911,19.617342,16.241365,12.252925,10.306782,6.297621,7.2401824,4.4731708,7.8491473,7.508799,10.615266,12.302681,8.812807,15.057556,11.454253,13.214594,9.41635,13.20705,10.433291,15.5018215,18.303078,21.294044,23.249931,24.857216,28.605034,29.380445,27.066679,24.176378,19.220697,20.23186,15.470775,16.711922,13.499727,14.037616,14.428914,14.750542,18.066828,18.937609,17.29863,19.965252,17.179369,20.153963,21.804647,22.811605,25.786535,25.468328,23.136797,24.67263,26.861185,22.02724,19.955683,15.667539,16.92644,13.419837,16.92855,14.444131,16.374933,16.248608,13.490564,11.718119,8.696448,9.257275,9.445893,8.932801,12.659422,13.434277,17.652056,19.856422,23.615816,24.869886,23.358519,26.742079,24.70061,20.027748,19.286469,14.755264,15.849461,9.926724,11.481384,8.386516,11.343673,11.202602,14.582856,20.075077,18.295353,19.008226,18.150354,17.418728,13.722525,13.454925,10.730065,13.73374,9.622415,14.700253,13.146591,18.187012,21.418547,19.27656,15.833414,16.439135,10.571743,12.291867,8.726653,10.996882
7,19.698719,17.597477,15.306279,13.599295,10.159968,6.596224,6.2036214,0.0,4.4705133,6.4765043,11.602247,13.155927,15.614734,17.023209,13.394114,10.396494,7.038064,6.3988886,4.161712,6.94055,5.55539,10.4020605,13.056419,16.300432,14.226666,20.321108,17.287119,19.017193,15.0157385,18.63509,14.585075,19.836956,20.873693,23.682894,25.026121,25.867706,29.65773,29.910118,27.596378,25.381489,20.473518,21.025948,17.271902,17.33146,15.397937,14.810844,16.151396,15.508595,20.10517,20.432457,19.66615,21.917501,20.05184,23.537806,24.689838,26.827085,28.92853,29.54264,27.432074,28.778875,29.917416,25.091259,24.017448,19.18187,21.628763,17.787962,21.944843,18.912485,21.426785,20.500053,17.166302,14.641944,11.857059,9.702632,9.124403,10.126467,11.949445,13.281509,16.739363,18.97675,22.6948,24.080776,21.424675,24.915865,24.137354,19.252615,19.55646,15.265558,17.854801,12.713174,15.732454,13.840869,17.233072,17.22899,20.785173,26.194557,24.39039,24.822353,23.638525,22.430454,18.71918,18.180864,14.975336,17.11491,12.00947,16.301847,13.323736,17.689013,20.440115,17.735495,14.484976,15.575992,11.245045,13.698135,10.60321,13.994112
8,22.918755,20.237238,18.62231,15.8084755,12.420105,9.768262,7.4442277,4.4705133,0.0,4.5963917,8.151628,10.931669,12.535268,13.749687,10.601918,7.1338115,6.561808,5.343118,6.829776,9.863859,9.988792,13.8183975,16.56365,19.3441,16.117207,22.288567,18.315214,19.20659,14.793918,17.390287,12.819085,17.31097,17.570068,19.808035,21.22317,21.598497,25.519432,25.884865,23.94113,22.166346,17.28929,18.694492,15.062345,16.09218,15.056447,15.3209715,17.534575,17.907291,22.115301,21.542624,20.503626,21.857971,19.413177,22.657522,22.630865,25.29815,26.569178,27.277407,25.06816,25.944574,26.601732,21.747578,21.337318,16.830673,20.258274,16.91089,21.724504,19.286894,22.521294,22.069803,18.583057,17.070223,13.282193,12.184804,10.393327,9.266059,10.613062,10.492141,14.009374,15.47353,19.300762,20.293224,17.576954,20.841785,19.894659,14.950465,15.186133,11.16163,13.952441,9.642115,13.239129,12.652851,16.423552,17.635908,21.086767,25.737158,25.017513,25.46948,23.976479,22.467094,18.35419,17.03939,13.515927,14.593459,8.992546,12.715445,9.018478,13.279386,16.013084,13.532408,10.297483,12.326751,8.085895,11.6762495,9.92362,13.918207
9,26.166582,23.926107,21.70315,19.716227,16.095095,12.992521,11.042042,6.4765043,4.5963917,0.0,5.6250186,6.7517343,9.180734,10.927592,7.43987,5.7403884,4.178354,6.840045,6.9470034,12.049512,11.436853,16.425203,18.347029,21.982143,19.131767,25.079351,21.357327,22.11989,17.743008,20.47792,15.246145,20.120804,18.927258,21.816122,22.012285,22.455082,25.860826,25.529276,23.233059,21.76685,17.231253,17.715103,15.227486,14.976344,15.038532,14.558463,17.445473,17.5649,22.171732,20.938894,20.520647,21.36623,19.77464,23.280598,23.114944,26.521986,27.247463,28.83358,27.051231,28.130434,27.936987,23.416222,23.54288,18.477129,22.34921,18.731487,23.761387,20.921598,24.64538,23.6342,19.805155,18.253351,14.599379,12.429765,9.972423,9.774546,9.155357,9.794311,12.115957,13.936271,17.44265,18.836296,15.590838,19.190369,19.269094,14.595139,16.042284,12.166758,16.335123,12.478303,16.710186,16.574059,20.175468,21.756042,24.802467,29.611067,28.969707,29.704185,28.409893,27.018526,22.904207,21.54253,18.006052,18.74501,13.009541,16.110626,11.251744,14.625252,16.653784,14.530052,11.927816,15.066071,12.007441,15.880194,14.401161,18.428421
10,30.9102,28.331165,26.660902,23.904749,20.540445,17.772577,15.310146,11.602247,8.151628,5.6250186,0.0,4.810281,4.7900743,7.2032194,5.620491,5.7593846,8.637299,10.671629,12.4314785,17.153137,16.87745,21.582539,23.68965,27.015919,23.545734,29.474394,25.160538,25.242931,20.744835,22.350838,16.96461,20.48736,17.84219,19.649303,19.525343,18.884918,22.239895,21.772156,20.148216,19.811567,15.839387,17.246702,15.738432,16.307117,17.744167,17.947744,21.482534,22.288881,26.519665,24.473764,23.960947,23.768303,21.876532,24.976303,23.304306,27.448074,26.880861,28.792555,27.050554,27.452888,26.281487,22.04206,23.33479,18.964827,23.852093,20.955667,26.388647,24.175184,28.412909,27.767517,23.91175,23.084417,18.951254,17.479904,14.513291,12.852545,11.212961,9.885685,10.954515,11.033202,14.2732115,14.969057,10.882382,14.034889,14.824721,10.380859,12.575829,10.158915,14.762945,13.154015,17.540419,18.8093,22.49208,24.939478,27.887321,31.849054,32.17756,32.824184,31.204718,29.487072,25.201345,23.212223,19.632715,19.096111,13.69873,15.080954,9.581436,11.090565,12.227616,10.665019,9.131394,13.647883,12.385882,16.689394,16.712366,20.900219
11,32.842564,30.672283,28.301432,26.448626,22.716898,19.71242,17.449532,13.155927,10.931669,6.7517343,4.810281,0.0,3.7089152,6.3750505,4.3439927,7.2408285,8.234632,12.087213,12.678446,18.162394,17.659271,22.793617,24.119354,28.096329,25.058193,30.700005,26.802591,26.96725,22.640089,24.743542,19.051966,23.341251,20.077791,23.046011,21.719246,21.821358,24.378826,23.146515,20.81443,20.355568,16.83516,16.73181,16.2947,15.250077,17.353176,16.738722,20.522036,21.011255,25.393833,22.941904,23.04827,22.588993,21.704426,25.033802,23.799479,28.278172,27.65735,30.304869,29.036158,29.949509,28.364628,24.51629,25.75837,20.733124,25.430328,22.14204,27.451664,24.759922,29.184656,27.973099,23.95226,23.028084,19.279871,17.050663,13.937893,13.40779,10.483097,10.563811,10.227203,11.336149,13.864485,15.388296,11.393071,15.042091,16.716953,13.055982,16.030138,13.324814,18.54854,16.27618,20.883404,21.843643,25.298029,27.76153,30.33086,34.73293,34.807858,35.804085,34.538334,33.113934,28.858265,27.089949,23.52501,23.376438,17.768488,19.647224,13.928315,15.505493,16.246675,15.198721,13.924074,18.381144,16.782179,21.06452,20.48484,24.633759
12,35.22487,32.740967,30.734674,28.334108,24.690533,21.99389,19.272911,15.614734,12.535268,9.180734,4.7900743,3.7089152,0.0,3.9584994,4.6218505,7.8399224,10.917312,13.819262,15.511386,20.604769,20.563236,25.312191,26.863394,30.517708,26.976484,32.617844,28.300201,28.031443,23.666605,25.048122,19.41308,22.794708,18.782341,21.077307,19.530046,19.044508,21.470232,20.178583,18.320911,18.598574,15.521437,16.192602,16.227148,16.033007,18.706778,18.73922,22.747696,23.78312,27.805103,24.983776,24.844114,23.82037,22.532658,25.502941,23.303812,28.102884,26.71317,29.440725,28.18053,28.659386,26.533426,22.92059,24.822271,20.361944,25.560852,22.802563,28.28468,26.079353,30.750547,29.883316,25.912315,25.485998,21.372898,19.798422,16.479477,14.901474,11.941453,10.657666,9.675047,9.308695,11.553833,12.498497,7.98494,11.395667,13.470721,10.222062,13.622838,11.938717,17.146296,16.170097,20.692194,22.416885,25.853495,28.845085,31.312346,35.1449,35.85348,36.820168,35.391804,33.823753,29.483902,27.36463,23.842175,23.014906,17.743246,18.725414,12.945293,13.434041,13.563024,13.233637,12.680557,17.70599,16.807798,21.23198,21.405457,25.567038
13,36.340023,33.639347,31.53366,29.149218,25.209309,23.0878,19.617342,17.023209,13.749687,10.927592,7.2032194,6.3750505,3.9584994,0.0,3.9895856,7.3742075,11.494411,13.702761,16.350382,20.955135,21.967058,25.883404,27.12422,30.594261,26.586006,31.870815,27.338453,26.573032,22.400948,23.331427,17.699844,20.773453,15.961503,18.975004,16.453056,16.7533,18.558775,16.945444,14.61592,14.786967,12.070213,12.630124,13.360769,13.401009,16.72974,17.267351,21.493374,23.208027,26.629236,23.289772,23.002396,21.33725,19.956213,22.619324,19.91164,24.982403,23.148375,26.205956,25.22741,25.824646,23.303547,20.0525,22.166712,17.748833,23.103708,20.679798,26.139597,24.254997,29.232567,28.51981,24.619928,24.8976,20.571394,19.70665,16.140001,13.776598,10.468954,8.47993,6.3933854,5.5506897,7.6785364,9.026787,5.542274,9.715368,10.997956,8.355764,12.045622,10.287582,15.76123,15.033852,19.489788,21.663393,24.753654,28.408491,30.289051,33.803215,35.040894,36.35886,35.17389,33.85772,29.476557,27.212915,23.842323,22.833479,17.742952,18.721725,12.802382,13.432608,13.565097,14.301205,13.773883,19.20104,17.58042,22.2051,22.453564,26.45876
14,32.76195,30.240911,27.877289,25.856548,21.798683,19.52783,16.241365,13.394114,10.601918,7.43987,5.620491,4.3439927,4.6218505,3.9895856,0.0,4.380419,7.524343,10.228544,12.419591,17.20546,18.125565,22.138319,23.285915,26.931738,23.228367,28.603395,24.349054,23.998167,19.765572,21.42743,15.658631,19.772757,16.04953,19.719385,17.858002,18.74138,21.012941,19.774027,17.058817,16.16794,12.540166,12.525976,12.126371,11.574465,14.094014,14.203284,18.263027,19.621239,23.377247,20.484797,20.242964,19.292011,18.01276,21.122717,19.511497,24.110565,23.316582,26.046587,24.90513,25.941053,24.268318,20.54636,21.796446,16.719702,21.58869,18.561811,23.962019,21.61214,26.364553,25.423822,21.448915,21.302565,17.12546,15.8777895,12.376682,10.580876,7.3419175,6.521158,6.001279,7.4699326,10.413133,12.224045,9.323474,13.468099,14.001491,10.394242,13.294381,10.087277,15.613116,13.3147,17.953047,19.35569,22.529955,25.701914,27.731853,31.813477,32.436184,33.761097,32.708195,31.521463,27.191727,25.24612,21.809422,21.487797,15.978308,17.967043,12.006344,14.039918,15.045399,14.841124,13.4063015,18.368195,15.841754,20.413778,19.955282,23.953602
15,29.14051,26.364542,24.274185,21.887161,17.855465,15.973995,12.252925,10.396494,7.1338115,5.7403884,5.7593846,7.2408285,7.8399224,7.3742075,4.380419,0.0,5.754921,6.4297743,9.8908615,13.835048,15.414477,18.701948,20.264988,23.43348,19.4143,24.963533,20.491966,20.217272,15.839164,17.549566,11.8742485,16.2025,13.700346,17.298075,16.568275,17.672113,20.617561,20.153088,17.627615,16.041374,11.534115,12.490114,10.241812,11.004463,12.135409,12.863106,16.469332,18.015394,21.652431,19.392513,18.571808,18.297665,16.141113,19.256334,18.027052,21.954514,21.9316,23.84383,22.273855,23.307444,22.548449,18.282942,18.885332,13.821628,18.464746,15.386098,20.832357,18.635923,23.137121,22.56041,18.71489,18.5634,14.09916,13.534923,10.224215,7.450298,6.0018725,4.4380927,7.0103254,8.6051035,12.326625,13.748968,11.536946,15.386435,14.547266,10.133195,11.750216,7.446873,12.497544,9.225495,13.870774,15.027175,18.311739,21.382687,23.57641,27.67214,28.203669,29.426289,28.330988,27.161375,22.835754,20.93783,17.523909,17.466476,11.868671,14.4883795,8.784028,12.148766,14.081883,13.427292,11.191054,15.68333,12.108475,16.647375,15.995128,19.865091
16,25.874605,23.750216,20.860044,19.68861,15.465798,12.91476,10.306782,7.038064,6.561808,4.178354,8.637299,8.234632,10.917312,11.494411,7.524343,5.754921,0.0,5.039167,4.9548087,10.16546,10.898942,14.998955,16.027843,19.988478,17.096329,22.630587,19.132679,19.826502,15.69905,18.897295,13.550925,19.260172,18.084238,22.286493,21.742027,23.305834,26.19196,25.599838,22.619091,20.425573,15.917094,15.339908,12.840446,11.620579,11.348796,10.4517975,13.416247,13.704922,18.199646,16.785574,16.50786,17.457232,16.303476,20.000425,20.60255,23.846628,25.042566,26.874666,25.41757,27.107615,27.050152,22.74529,22.375256,16.707708,20.056263,16.056683,20.879786,17.676489,21.564623,20.21842,16.265507,14.927938,11.306692,9.010009,6.0864406,6.696565,5.8748326,8.182569,10.582954,13.564134,16.901659,18.895496,16.565294,20.583992,20.22074,15.861608,17.340467,12.7606535,17.132727,12.266243,16.470451,15.965766,19.103775,20.934137,23.294174,28.436443,27.704712,28.962067,28.192982,27.306295,23.25887,22.112085,18.772402,19.957973,14.239333,18.020657,13.103646,17.05795,19.220533,17.710123,15.021203,18.337833,14.219883,18.085207,16.042492,19.716627
17,23.222078,20.52308,18.101463,16.215322,11.832587,10.422722,6.297621,6.3988886,5.343118,6.840045,10.671629,12.087213,13.819262,13.702761,10.228544,6.4297743,5.039167,0.0,5.390503,7.54458,10.39012,12.417624,14.049542,17.008657,13.158044,18.88772,14.790685,15.323767,10.996827,14.12335,9.1016445,14.890927,15.131902,19.199411,19.588335,21.475143,24.69562,24.77954,22.04042,19.347557,14.440578,14.907337,10.888417,11.510448,9.783013,10.301478,12.52847,13.646164,17.327488,16.46028,15.239412,16.612698,14.203711,17.58561,18.315804,20.760023,22.589096,23.523163,21.679623,23.328697,24.15184,19.553198,18.499334,13.153242,16.053938,12.220452,17.040016,14.304411,17.993093,17.364017,13.686341,12.874152,8.548356,8.3575115,6.0499816,4.0443354,6.643727,7.569697,11.532929,14.085633,17.754982,19.350586,17.829805,21.573391,19.966393,15.450304,15.742785,10.772844,13.9161625,8.107486,11.822626,10.948723,14.078416,16.116417,18.455957,23.443182,22.914211,24.195845,23.446651,22.676977,18.597126,17.436075,14.254613,15.742871,10.318969,14.753974,10.791854,15.613855,18.393593,16.970364,13.866823,16.573433,11.236481,14.843805,12.655584,15.962351
18,21.146032,19.323261,16.119308,15.594383,11.437568,8.64005,7.2401824,4.161712,6.829776,6.9470034,12.4314785,12.678446,15.511386,16.350382,12.419591,9.8908615,4.9548087,5.390503,0.0,5.8573923,6.169967,10.304033,11.530769,15.593937,13.556703,19.197033,16.431211,18.032597,14.2453985,18.314615,13.910015,19.95991,20.469486,24.492327,24.840576,26.529924,29.758495,29.581308,26.66337,24.02885,19.291197,18.799294,15.3955345,14.366505,12.307689,11.059761,12.439543,11.684876,16.47677,16.561657,16.121918,18.428585,17.22327,20.937855,22.704266,24.920225,27.222984,28.323956,26.628344,28.528599,29.454453,24.918041,23.664831,18.177414,20.33684,16.076498,20.116776,16.585323,19.424345,17.949675,14.328599,11.83839,9.129295,6.071192,5.2663746,7.83198,9.322743,11.890895,15.004594,18.04319,21.509405,23.414423,21.23107,25.118301,24.355227,19.758755,20.505013,15.745091,19.02142,13.305236,16.620556,14.73141,17.662815,18.184343,20.882608,26.615608,24.852179,25.914066,25.295006,24.59435,20.908934,20.430511,17.362705,19.559244,14.28033,18.8132,15.109597,19.641357,22.261827,20.159714,17.031858,19.015589,14.286344,17.179474,14.075022,17.203684
19,16.599497,14.550454,11.130416,11.078772,6.5449643,5.692846,4.4731708,6.94055,9.863859,12.049512,17.153137,18.162394,20.604769,20.955135,17.20546,13.835048,10.16546,7.54458,5.8573923,0.0,5.8570604,5.0517426,6.7990656,9.963882,7.905503,13.650405,11.345224,13.741805,10.672026,15.365704,12.59539,18.483452,20.896881,24.87107,26.00968,28.188305,31.535177,31.88288,29.022158,25.789112,20.984022,20.81662,16.457857,16.287352,12.578248,12.025722,11.573345,10.908379,14.622925,16.16867,14.993719,18.380268,16.584658,19.877617,22.648157,23.503328,26.984226,27.087822,25.177109,27.318523,29.414177,24.841726,22.516232,17.591534,18.172495,14.066928,16.93549,13.545611,15.081149,14.00205,11.1395645,8.200851,6.4326253,5.635857,7.3154817,9.161737,12.576605,14.728907,18.515207,21.493689,25.037685,26.796076,25.337376,29.080788,27.392466,22.830791,22.637215,17.777174,19.617308,13.343732,15.145846,11.843464,13.986216,13.34985,15.932388,22.091734,19.535452,20.674854,20.473759,20.290495,17.077097,17.31733,14.93836,18.130362,13.984336,19.06138,16.876846,21.906704,24.977829,22.896254,19.500896,20.44596,14.823054,16.58017,12.721322,14.612987
20,15.81358,14.693453,11.4273205,11.75102,8.822348,5.0231214,7.8491473,5.55539,9.988792,11.436853,16.87745,17.659271,20.563236,21.967058,18.125565,15.414477,10.898942,10.39012,6.169967,5.8570604,0.0,6.927843,9.222749,12.845184,12.79705,18.259018,16.739773,19.422207,16.284626,20.703098,17.592419,23.196571,25.12079,28.35033,29.741838,31.040056,34.730743,34.966766,32.3513,29.684334,24.812613,24.680733,20.815218,20.138489,17.258244,15.923588,15.872984,13.930935,18.580173,20.244535,19.74712,23.034369,21.784405,25.302128,27.703886,29.081984,32.10892,32.474854,30.463865,32.255196,33.991146,29.236416,27.449581,22.54564,23.79291,19.700163,22.790854,19.312979,20.633047,19.228878,16.447704,12.72098,11.845778,8.909916,10.37025,13.16787,15.410733,17.69171,21.076347,23.858704,27.456259,29.132954,26.67003,30.308186,29.506868,24.678526,24.886442,20.404636,22.62775,16.96662,19.219585,16.182095,18.852604,17.375404,20.820356,26.874794,23.792015,24.170752,23.447264,22.703745,19.70668,20.09331,17.490778,20.555588,16.215635,20.831184,18.5735,23.085226,25.924454,23.086779,19.797554,20.099909,15.712216,17.050764,13.04544,15.232751
21,11.810693,10.266599,6.199955,7.9385877,4.7829623,5.476757,7.508799,10.4020605,13.8183975,16.425203,21.582539,22.793617,25.312191,25.883404,22.138319,18.701948,14.998955,12.417624,10.304033,5.0517426,6.927843,0.0,4.4777994,6.1061406,6.805549,11.696265,11.149267,14.5651455,12.695205,17.375528,16.090363,21.3073,24.83696,28.324009,30.123892,32.204597,35.753204,36.3936,33.681965,30.330873,25.546835,25.515123,20.95519,20.940016,16.77792,16.164219,14.600473,13.179442,16.18187,19.041426,17.824625,21.888056,20.169775,23.107685,26.474918,26.470453,30.614723,30.073177,28.012894,30.148636,32.966297,28.387974,25.540646,21.255089,20.818878,17.113447,18.729568,15.622146,15.398679,14.502017,12.86885,9.237386,9.747669,9.369803,12.002484,14.024732,17.591187,19.659782,23.533459,26.423433,30.005327,31.662096,30.179497,33.80204,31.971457,27.342318,26.762545,22.107906,23.140636,17.080263,17.838264,13.691101,15.0855,12.423056,15.262178,21.64324,17.730177,18.418184,18.455214,18.588215,16.276888,17.469,15.854698,19.744608,16.708185,21.695251,20.628342,25.611153,28.823465,26.407366,22.948214,22.817642,17.41143,17.904993,13.553221,14.11695
22,14.0594015,13.375595,8.56961,11.971735,8.922408,9.615692,10.615266,13.056419,16.56365,18.347029,23.68965,24.119354,26.863394,27.12422,23.285915,20.264988,16.027843,14.049542,11.530769,6.7990656,9.222749,4.4777994,0.0,5.198627,7.434586,10.50315,11.318641,14.734428,13.636833,18.626753,17.36432,23.044344,26.205027,30.608282,31.6281,34.36862,37.45794,37.758453,34.574383,30.87173,26.353539,25.418283,21.25689,20.324427,15.890953,14.66695,12.133772,10.033326,12.561103,16.176264,15.322296,19.869444,19.011126,21.952038,26.219793,25.965595,30.511341,30.30557,28.687147,31.368883,34.08735,29.839544,26.768269,22.085928,21.033121,17.089867,17.969017,14.336137,13.663134,11.852689,10.541177,6.200493,8.806105,8.1999655,11.625133,14.586892,17.832996,20.622534,24.098186,27.494478,30.800486,32.833855,31.700636,35.57658,33.80171,29.398088,29.144773,24.216875,25.726833,19.36737,20.312006,16.29941,17.099741,14.953427,16.50812,23.09367,19.069473,20.464792,21.226927,21.928192,19.820742,21.027725,19.538343,23.32691,20.070593,25.176634,23.525713,28.606102,31.728292,29.627256,26.205553,26.68664,21.087595,22.042763,17.800781,18.449215
23,11.456794,10.500043,6.4451857,10.189834,8.592491,11.266142,12.302681,16.300432,19.3441,21.982143,27.015919,28.096329,30.517708,30.594261,26.931738,23.43348,19.988478,17.008657,15.593937,9.963882,12.845184,6.1061406,5.198627,0.0,5.8208942,6.956136,9.2789345,13.183166,13.325553,17.785242,18.157738,22.825396,27.210648,31.070318,32.80991,35.586006,38.80088,39.562794,36.65886,32.806263,28.345758,28.003855,23.385416,23.395956,18.602318,18.235147,15.387063,14.192624,15.22068,19.193283,17.711107,22.30992,20.76129,23.037947,27.421291,26.180529,31.267368,30.15134,28.31094,30.874842,34.4183,30.24635,26.615269,22.8859,20.838327,17.67687,17.396015,14.720737,12.425462,11.782717,11.960415,8.984212,11.488918,12.634414,15.712424,17.515377,21.354885,23.492472,27.310133,30.373575,33.75267,35.51361,34.72323,38.378696,36.027367,31.687449,30.79389,26.109377,26.550314,20.509449,20.26493,15.769312,15.616418,12.190683,13.360743,19.76354,14.875334,16.147379,17.382996,18.644135,17.387506,19.22642,18.617643,22.745853,20.720366,25.646826,25.136013,30.226543,33.53698,31.47301,28.022085,27.810228,22.100138,22.180557,18.011528,17.486782
24,14.982059,12.404006,9.722457,10.056274,6.807499,10.266267,8.812807,14.226666,16.117207,19.131767,23.545734,25.058193,26.976484,26.586006,23.228367,19.4143,17.096329,13.158044,13.556703,7.905503,12.79705,6.805549,7.434586,5.8208942,0.0,6.255196,4.3701477,8.034931,7.5395107,12.030608,12.513476,17.02044,21.532375,25.420315,27.158628,30.080574,33.200382,34.103016,31.346035,27.496994,23.06781,23.256952,18.339073,19.278225,14.530393,15.214245,13.148188,13.593996,14.509179,17.182163,15.004862,18.923773,16.370136,18.48741,22.217583,21.09328,25.917173,24.665522,22.668509,25.123262,28.631718,24.443686,20.814108,17.226032,15.338077,12.315776,12.679597,10.420363,9.401578,9.814907,9.178383,7.9436884,8.035062,10.992352,13.047702,13.281688,17.525242,18.945854,22.948542,25.682512,29.044758,30.598799,30.227695,33.727585,30.941639,26.807344,25.651201,21.052923,21.179676,15.224007,14.7120495,10.365658,10.119583,8.154129,9.152999,15.724617,12.347806,14.218534,15.154886,16.216024,14.022683,15.14715,14.323428,18.116964,16.089659,20.97916,20.468699,25.573729,28.895226,27.296202,23.928955,24.217165,18.10889,18.708752,15.064166,14.990059
25,16.771048,14.966878,12.51201,14.324919,12.450725,16.10771,15.057556,20.321108,22.288567,25.079351,29.474394,30.700005,32.617844,31.870815,28.603395,24.963533,22.630587,18.88772,19.197033,13.650405,18.259018,11.696265,10.50315,6.956136,6.255196,0.0,5.5931034,8.670189,11.094042,14.514057,16.618116,20.234692,25.191896,29.410553,30.88558,34.454628,37.115845,38.04163,35.08727,30.82731,26.918045,26.631054,22.014301,22.70792,17.706535,18.400063,15.236956,15.76864,14.598043,18.190706,15.935917,20.160952,18.101076,19.311428,24.103106,21.61096,27.354204,25.583035,24.0073,26.93088,31.042072,27.48648,23.205374,20.351408,16.753479,14.659348,12.444541,11.050031,6.948295,8.031647,10.072677,10.024503,12.047585,15.344193,17.753538,18.1842,22.234488,23.830053,27.531862,30.426275,33.47858,35.159546,35.39646,38.912903,35.791004,32.018665,30.721327,26.215498,25.96951,20.33995,19.108828,15.01215,13.221843,10.993444,9.254436,15.140873,10.952051,13.762661,16.13118,18.34125,17.373661,18.997997,19.103773,22.833801,21.658333,26.285282,26.118105,31.158356,34.46381,33.16206,29.861616,30.108664,23.98688,24.270668,20.798769,19.988527
26,18.379866,15.496621,13.597841,13.238105,10.378148,14.042164,11.454253,17.287119,18.315214,21.357327,25.160538,26.802591,28.300201,27.338453,24.349054,20.491966,19.132679,14.790685,16.431211,11.345224,16.739773,11.149267,11.318641,9.2789345,4.3701477,5.5931034,0.0,3.9438033,5.6074224,9.113381,11.206348,14.723199,19.753725,23.827398,25.433243,28.88198,31.625414,32.685326,29.958218,25.864494,21.836061,22.215748,17.277212,18.90945,14.167606,15.751296,13.713875,15.34512,14.967293,17.099895,14.373998,17.781929,14.636096,15.934932,19.720636,17.743792,22.96891,21.180794,19.265144,21.935144,25.879345,22.084341,17.960712,15.099545,12.043793,9.935157,9.045135,8.051295,6.5308647,8.531841,8.799104,9.7912245,9.315284,13.52289,14.94951,14.026765,18.294682,19.162254,23.040688,25.542019,28.655415,30.089794,30.451775,33.788383,30.44462,26.759295,25.275484,20.909763,20.44042,14.96979,13.595562,9.748316,7.993441,7.595799,6.111268,12.419875,10.145369,13.012933,14.520804,16.10779,14.067604,14.898018,14.6256075,17.956587,16.669428,21.170584,20.972597,25.927855,29.203505,28.180077,24.989763,25.583416,19.352634,20.07084,17.105188,16.820965
27,22.091572,18.94329,17.394703,16.340317,13.344848,16.758293,13.214594,19.017193,19.20659,22.11989,25.242931,26.96725,28.031443,26.573032,23.998167,20.217272,19.826502,15.323767,18.032597,13.741805,19.422207,14.5651455,14.734428,13.183166,8.034931,8.670189,3.9438033,0.0,4.5297704,6.1752906,9.407618,11.949324,17.045782,21.359709,22.657867,26.537575,28.898544,30.02695,27.346027,23.136831,19.498154,20.134016,15.293766,17.6456,13.289897,15.710011,14.225905,16.855097,15.91771,17.025759,13.950335,16.42735,12.617732,13.1820135,16.557375,14.126892,19.419872,17.324608,15.466383,18.321074,22.395247,18.933386,14.549816,12.240274,8.386478,7.3144774,5.81964,6.5774374,6.3752704,9.285865,9.488858,11.981451,10.506059,15.262271,15.9067135,13.879798,17.930168,18.180058,21.836319,24.03106,26.880598,28.175806,29.154573,32.309483,28.557983,25.33039,23.66523,19.574875,18.769735,13.900432,12.086343,9.3326025,6.750513,8.975578,6.063199,10.8975935,10.81729,14.124732,15.604329,17.17421,14.907525,15.068076,14.897188,17.472519,16.500423,20.535135,20.324398,25.026209,28.16582,27.717001,24.760473,25.835121,19.64096,20.742071,18.47695,18.432299
28,21.59093,18.23934,16.576302,14.752616,11.048949,13.716874,9.41635,15.0157385,14.793918,17.743008,20.744835,22.640089,23.666605,22.400948,19.765572,15.839164,15.69905,10.996827,14.2453985,10.672026,16.284626,12.695205,13.636833,13.325553,7.5395107,11.094042,5.6074224,4.5297704,0.0,5.0619307,5.606581,9.832219,14.288279,18.61228,19.969164,23.390453,26.133892,27.155983,24.535122,20.631836,16.436338,17.432589,12.247262,14.862514,10.803358,13.308998,12.861536,15.443464,15.88785,16.313324,13.461263,15.615395,11.545601,13.112308,15.452624,14.630199,18.856476,17.530083,15.385341,17.803375,21.096004,16.989717,13.349018,9.857185,8.341009,5.774063,7.992294,7.2586975,9.422627,11.044272,9.467378,11.180861,8.108523,12.552381,12.559983,9.930262,14.147886,14.161531,18.109423,20.230806,23.36235,24.616407,25.119217,28.336561,24.862724,21.29496,19.814327,15.469961,15.179784,9.69602,8.7649765,6.0085187,5.4239545,8.705805,8.383176,13.313063,13.374182,15.821915,16.300457,16.963015,13.745605,13.2833,12.115694,14.523017,12.506326,16.84358,16.04835,20.901278,24.064833,23.45582,20.441149,21.812267,15.558007,17.227169,15.026859,15.808361
29,25.137922,21.402212,20.63774,17.910374,14.913475,17.69141,13.20705,18.63509,17.390287,20.47792,22.350838,24.743542,25.048122,23.331427,21.42743,17.549566,18.897295,14.12335,18.314615,15.365704,20.703098,17.375528,18.626753,17.785242,12.030608,14.514057,9.113381,6.1752906,5.0619307,0.0,5.7966294,5.817126,11.699601,15.258774,17.127506,20.686945,23.22704,24.763273,22.687332,18.93682,15.315478,17.467089,12.478999,16.544533,13.479457,16.754984,16.874634,20.018126,19.950737,19.667873,16.611666,17.609451,12.821282,13.129001,13.853082,12.452995,16.19515,13.798993,11.13601,13.124667,17.114168,13.22202,9.041515,7.787357,5.798401,6.455954,8.203819,9.915196,12.096207,14.604295,13.583772,16.045956,12.833033,17.257738,16.661371,12.927699,16.607021,15.34866,19.008015,20.214539,23.047861,23.757538,24.980076,27.653788,23.458342,20.530306,18.344244,14.919058,13.178585,9.593767,6.867993,6.40012,4.3167434,9.939612,8.610574,10.888549,13.390698,15.840757,16.120525,16.722332,13.612784,12.424709,11.924888,13.139251,12.6229,15.743202,15.891192,20.07625,23.078009,23.152338,20.559944,21.963064,16.162642,17.66028,16.641897,17.122723
30,25.712673,22.207262,20.698503,18.093998,14.174257,15.562614,10.433291,14.585075,12.819085,15.246145,16.96461,19.051966,19.41308,17.699844,15.658631,11.8742485,13.550925,9.1016445,13.910015,12.59539,17.592419,16.090363,17.36432,18.157738,12.513476,16.618116,11.206348,9.407618,5.606581,5.7966294,0.0,6.5939217,9.054431,13.947823,14.676738,18.107485,20.779455,21.665348,19.13197,15.524846,11.095671,13.014909,7.7141666,11.741506,9.364009,12.60215,13.969678,17.109787,18.198067,17.006243,14.409305,14.913654,10.365313,12.065139,12.10314,13.130923,15.583264,15.132747,12.93663,14.861054,16.92091,12.485415,9.999046,5.3400764,7.5009685,5.3001723,10.292447,9.916483,13.914014,15.070744,12.547693,14.4787,10.09189,13.689722,12.135791,7.641498,11.010837,9.602435,13.453585,14.977391,18.085983,19.116253,19.845663,22.91973,19.301878,15.943448,14.579259,10.255863,10.5373535,5.353951,6.0288014,6.6372933,7.892888,12.743962,13.063031,16.481972,18.023798,20.100126,19.872118,19.785076,15.9113035,14.286482,12.279541,13.113005,10.15321,13.794999,11.900655,16.419771,19.328064,19.358406,16.698174,19.1898,13.345929,16.197584,15.109103,16.9821
31,29.231632,25.275036,24.89767,21.30486,18.386475,20.318289,15.5018215,19.836956,17.31097,20.120804,20.48736,23.341251,22.794708,20.773453,19.772757,16.2025,19.260172,14.890927,19.95991,18.483452,23.196571,21.3073,23.044344,22.825396,17.02044,20.234692,14.723199,11.949324,9.832219,5.817126,6.5939217,0.0,7.0473003,9.48832,11.880622,15.0777645,17.724434,19.665497,18.317446,15.294088,12.007821,15.76642,11.374953,16.637045,15.218445,18.809137,20.150976,23.533346,24.017231,22.68534,19.86061,19.606833,14.637255,14.7259655,12.665036,12.852793,14.191332,12.026687,8.854333,9.267631,12.453921,7.9694357,4.940152,5.842006,7.744302,9.379661,12.602978,14.3537855,17.539627,19.725998,18.070957,20.472845,16.44413,20.230366,18.667671,13.936888,16.623339,13.907349,17.088505,17.0631,19.667051,19.684515,21.25515,23.314821,18.668873,16.311409,13.6116495,11.338859,8.521644,7.7926564,5.0495467,8.429077,8.319528,14.086757,13.781321,14.377842,18.091343,19.878098,19.318602,19.07712,15.548983,13.21195,12.24252,11.425444,11.203389,12.658613,12.876748,16.05079,18.692501,19.565609,17.591629,19.601496,14.729008,16.801224,17.191265,18.327642
32,34.206257,30.467005,29.448568,26.147226,22.59059,23.39178,18.303078,20.873693,17.570068,18.927258,17.84219,20.077791,18.782341,15.961503,16.04953,13.700346,18.084238,15.131902,20.469486,20.896881,25.12079,24.83696,26.205027,27.210648,21.532375,25.191896,19.753725,17.045782,14.288279,11.699601,9.054431,7.0473003,0.0,7.3986845,5.704976,10.302548,11.962876,13.086013,11.29991,8.567839,5.6985908,10.634371,8.079925,13.58169,14.439467,17.974737,20.608902,24.27757,25.123272,22.381264,20.116186,18.31858,13.957462,14.190002,9.600989,12.748633,11.089854,11.587109,9.745329,9.928325,9.107237,4.723252,6.385913,5.2832584,10.629293,11.526614,15.916543,16.919184,21.422535,22.767761,20.317497,22.86242,18.314419,21.247675,18.65863,13.558321,14.321933,10.62169,12.267368,11.259403,13.170948,13.014615,15.5034075,17.429808,12.658381,11.368326,9.644555,8.097599,7.7783465,8.930561,9.715507,13.663417,14.676553,20.306505,20.230497,21.27385,24.847761,26.750725,26.101088,25.56711,21.6906,19.071045,17.224672,15.588976,13.639618,14.215006,12.015101,13.986257,15.705257,17.75957,16.550714,20.307398,16.417978,19.813986,20.633125,22.88269
33,36.067062,32.010727,32.093742,27.678743,25.075788,25.844463,21.294044,23.682894,19.808035,21.816122,19.649303,23.046011,21.077307,18.975004,19.719385,17.298075,22.286493,19.199411,24.492327,24.87107,28.35033,28.324009,30.608282,31.070318,25.420315,29.410553,23.827398,21.359709,18.61228,15.258774,13.947823,9.48832,7.3986845,0.0,6.670407,6.385126,9.989738,13.069854,14.043541,13.67641,11.899482,17.412409,15.087292,20.473106,21.179903,24.524506,27.093365,30.374542,31.656279,29.370201,27.025726,25.627808,21.133198,21.260452,16.560244,18.853184,16.718853,15.803345,13.255738,10.76109,10.110761,6.291672,9.480077,11.79829,16.121027,17.589512,21.546043,22.969795,26.785051,28.591177,26.335466,28.362717,23.784742,26.487894,24.02099,18.97004,19.944086,15.773549,17.502453,15.101652,16.917253,15.301583,17.029325,17.40112,12.252328,11.570583,7.950415,9.921576,5.9771113,11.559557,10.963887,15.647368,16.901909,22.000837,22.729485,22.378141,26.565613,27.547722,26.066662,24.81596,21.170464,18.008713,16.58757,13.326427,13.472902,11.344786,11.644858,11.398286,12.630481,15.195022,14.941265,17.711966,15.666731,18.160854,20.498419,22.379295
34,39.364807,35.558002,34.75238,31.136234,27.747957,28.18819,23.249931,25.026121,21.22317,22.012285,19.525343,21.719246,19.530046,16.453056,17.858002,16.568275,21.742027,19.588335,24.840576,26.00968,29.741838,30.123892,31.6281,32.80991,27.158628,30.88558,25.433243,22.657867,19.969164,17.127506,14.676738,11.880622,5.704976,6.670407,0.0,6.121544,6.302132,7.8213706,7.648221,7.40632,7.493667,12.704734,12.307265,17.15944,19.181284,22.483252,25.559502,29.218094,30.181013,26.93212,24.945017,22.433115,18.584429,18.463415,12.610714,16.36333,12.5006895,13.690442,12.507861,11.20196,7.4147058,5.408001,9.994604,10.809285,15.779922,17.072092,21.22247,22.392864,26.98124,28.286247,25.77279,28.305021,23.681984,26.197124,23.2772,18.274805,18.046005,13.918618,14.103088,11.431539,12.023793,10.585385,14.055277,14.676955,9.393835,10.422109,8.917651,10.255751,9.878448,13.503547,14.41196,18.788021,19.933699,25.513245,25.560991,25.865612,29.968596,31.654118,30.727024,29.896814,26.066235,23.139242,21.330526,18.787683,17.30115,16.346725,14.230222,14.137774,14.633316,17.868584,17.760277,21.907703,19.473766,22.90965,24.541779,26.967865
