,0,1,2,3,4,5,6,7,8,9,10,11,12,13,14,15,16,17,18,19,20,21,22,23,24,25,26,27,28,29,30,31,32,33,34,35,36,37,38,39,40,41,42,43,44,45,46,47,48,49,50,51,52,53,54,55,56,57,58,59,60,61,62,63,64,65,66,67,68,69,70,71,72,73,74,75,76,77,78,79,80,81,82,83,84,85,86,87,88,89,90,91,92,93,94,95,96,97,98,99,100,101,102,103,104,105,106,107,108,109,110,111,112
0,0.0,4.427896,7.125176,9.471522,10.626327,12.205931,10.894503,12.233461,10.525544,14.730297,14.564112,19.590763,21.086206,18.637405,20.719664,18.337662,20.992336,19.43347,21.217636,22.479132,23.929817,25.762852,25.355278,29.98653,28.253336,33.35177,30.508556,30.191805,26.147768,25.5163,22.828547,21.399523,22.294725,18.311577,22.800085,19.385298,24.743628,27.485119,28.032236,28.802952,24.915071,28.946259,25.225756,28.776293,27.903357,29.396961,31.328783,31.80201,35.875988,35.06803,34.007168,34.341022,31.346645,33.890587,30.116123,34.93331,33.428062,32.83416,31.461926,28.796732,28.076159,23.862005,25.81328,24.638206,29.111326,27.731014,32.69044,32.425404,34.39749,34.687088,31.768858,30.41887,26.82765,26.774422,25.241224,22.66788,24.208364,21.799078,24.821308,23.783335,27.1467,26.07193,23.254757,23.025366,20.982092,19.24435,15.852391,16.891003,14.761983,17.444174,18.462082,21.14371,24.396563,27.587788,30.605783,27.608486,23.67007,23.632183,19.537045,19.556684,16.547287,16.287607,18.616627,16.690273,19.983524,20.866493,19.577404,17.877459,16.328022,13.950657,16.483595,14.444768,18.389986
1,4.427896,0.0,4.888309,5.931362,9.009742,10.699343,8.917282,12.505778,11.12943,15.594592,16.174759,20.725508,22.713491,20.32285,22.462667,19.60165,22.741043,20.248014,22.762888,23.017918,25.18161,25.903555,25.009323,29.313631,27.49209,32.13164,28.981894,28.499926,24.79822,23.465462,21.653673,19.079628,20.734066,15.910234,21.283804,17.805927,23.244461,26.421724,27.334356,27.97842,24.27214,28.757505,24.819386,29.058344,27.958138,29.955013,31.743856,32.653973,36.248417,35.52025,34.08926,34.414764,30.894848,33.127064,29.379984,33.436707,31.863876,30.770205,29.007935,26.036999,25.770885,21.572704,23.437319,23.24716,27.406075,26.658524,31.327255,31.624226,33.3901,34.156204,31.533794,30.646948,26.994617,27.734184,26.254423,23.09009,25.052494,22.262457,25.46733,24.207376,27.515816,26.251955,24.222382,23.808075,20.89697,19.148888,15.32223,16.693995,13.225687,16.574192,16.543447,19.333893,22.142632,25.312296,27.853373,24.521816,20.594265,20.262634,16.03424,16.881521,14.3512745,15.1216345,17.374,16.724869,20.239906,21.448095,20.953321,19.09791,18.923311,15.754116,19.01906,16.948858,21.035759
2,7.125176,4.888309,0.0,5.679504,7.405802,10.68918,10.750327,14.63355,14.592847,18.98559,20.142471,24.730679,26.312307,23.607288,25.125633,21.842583,24.048834,21.236956,23.010551,22.871569,24.259974,24.570223,24.161146,27.90662,26.96468,30.878431,28.359901,28.473042,24.979252,24.02321,22.83923,20.488111,23.489292,19.156599,24.82608,21.95707,27.390285,30.63517,31.291533,31.408382,27.399786,31.609007,27.184795,31.177433,29.42384,31.27294,32.46661,32.998028,36.569984,36.5454,35.02623,36.000053,32.43348,34.865578,31.604347,35.306557,34.4832,32.79505,30.84511,28.06255,28.75348,24.232412,25.275301,25.094402,28.497364,27.63591,31.872429,32.09965,33.11639,33.932484,31.674643,30.388084,27.274532,28.075237,27.208847,24.501497,27.080982,24.816929,28.445518,27.745092,31.245796,30.274773,28.368889,28.32748,25.364315,23.160498,19.20699,19.65636,16.02869,18.00566,17.310812,19.020514,21.855938,23.928965,27.352581,23.37063,19.668943,20.396584,15.059594,15.498132,12.646418,14.3779335,15.058189,15.478382,17.973455,18.545301,19.054546,17.842922,18.352495,16.30551,19.974752,18.960903,23.196388
3,9.471522,5.931362,5.679504,0.0,5.1967483,6.822391,6.1729045,11.663736,12.15253,16.265196,18.364346,22.202965,24.040602,21.42648,22.892939,19.26799,22.170858,18.542948,21.463505,20.373173,23.12969,22.43338,21.12573,24.893044,23.234701,27.214302,24.036228,23.691586,20.386286,18.806984,18.068138,14.990523,18.42642,14.222019,20.104357,17.94072,23.227406,26.546507,27.062853,26.792538,22.88608,27.280296,22.761667,27.27863,25.484325,27.830238,29.08684,30.260786,33.274784,33.006947,31.185501,31.927034,27.968279,30.08136,26.835169,30.025633,29.207731,27.273085,25.217667,22.43498,23.471521,18.856148,19.698986,20.009695,23.284101,22.90291,27.02764,27.709764,28.9319,30.114706,27.955805,27.389212,23.97368,25.580933,24.499863,21.08627,23.863531,21.250025,24.946707,24.191795,27.620764,26.690617,25.630156,25.812979,22.202194,19.62855,15.519448,15.795148,11.366036,13.6426935,12.235357,14.433834,16.912212,19.701475,22.301744,18.678171,14.798257,14.951552,10.211681,11.12205,8.973391,10.878926,12.795165,13.670965,17.223803,18.969532,19.341013,17.355778,19.148685,15.38233,19.471615,18.063978,22.215572
4,10.626327,9.009742,7.405802,5.1967483,0.0,4.0518794,6.758245,10.092117,12.264486,15.880764,18.598999,22.443941,23.456089,20.456333,21.03602,17.100163,18.830317,15.133484,17.23802,16.06549,18.215311,17.635105,16.85086,20.667706,19.560303,23.628664,21.12331,21.41827,17.836582,17.517092,16.293598,15.036784,18.980423,16.673948,21.68143,20.607603,25.789005,28.67712,28.3328,27.36969,22.904692,26.499826,21.587038,25.277596,22.926601,24.816916,25.602716,26.259474,29.506725,29.78002,28.104548,29.475998,25.872446,28.47384,25.756222,29.334057,29.487617,27.493439,25.810122,23.776892,25.30048,20.274334,20.232677,19.216314,22.039675,20.810678,24.86439,24.910126,25.751368,26.548594,24.406155,23.233728,20.22564,21.522562,20.947945,18.26135,21.489275,19.733965,23.816322,23.975925,27.67266,27.345438,26.09089,27.07553,23.918463,20.576126,16.695787,15.374982,12.1494255,11.857937,10.9966955,11.972701,15.197459,17.33554,21.263971,17.92729,14.227632,15.763925,10.937119,9.493009,6.069612,6.9901953,8.367411,8.710991,12.050193,13.915866,14.262464,12.366748,14.912025,11.65523,16.021662,15.69893,19.817686
5,12.205931,10.699343,10.68918,6.822391,4.0518794,0.0,4.305716,7.14278,10.0941925,13.061446,16.46067,19.667673,20.644588,17.71775,18.15422,14.050833,16.317604,12.145739,15.28213,13.653056,17.057981,16.172209,14.609844,18.862831,16.834757,21.528946,18.421993,18.254986,14.451532,14.049522,12.349209,11.442386,15.186885,13.8595495,18.282253,18.008928,22.926796,25.585007,24.864733,23.575413,19.038616,22.54661,17.584759,21.453085,19.180834,21.33716,22.350464,23.47352,26.477564,26.372608,24.599882,25.699884,21.97421,24.498447,21.707756,25.391146,25.569147,23.723066,22.261047,20.488096,21.934776,16.81625,16.645313,15.207665,18.280657,17.011374,21.330145,21.434916,22.778458,23.616217,21.278337,20.60853,17.16544,18.8701,17.952051,14.732527,17.99239,16.066576,20.190956,20.466167,24.141298,23.98432,23.157473,24.473629,21.189125,17.47091,13.745558,11.810863,8.791928,7.8384132,7.2540054,8.982416,12.379716,15.596003,18.876736,16.43496,12.64843,13.647307,10.268716,8.415826,5.7344613,4.5768385,8.525069,7.823425,12.382385,15.228704,14.779778,12.120826,15.099712,10.368196,14.720248,14.004513,17.86572
6,10.894503,8.917282,10.750327,6.1729045,6.758245,4.305716,0.0,6.288691,7.4192657,10.807592,13.809497,16.954332,18.639618,16.06553,17.40704,13.729972,17.339722,13.576907,17.521788,16.41496,20.338598,19.857983,17.901138,22.356623,19.593494,24.603292,20.842571,19.930674,16.186338,14.778595,12.78681,10.56256,12.8981,10.198602,15.029866,13.956312,19.068848,21.921425,21.714115,21.077942,16.909594,21.150795,16.68293,21.250303,19.787169,22.271574,23.968544,25.563818,28.486202,27.622143,25.866692,26.167192,22.300499,24.432247,20.95221,24.767258,23.876692,22.497368,20.97749,18.651964,19.14346,14.273982,15.26672,14.497426,18.523989,17.804197,22.48298,22.956274,25.013287,25.978035,23.39819,23.270237,19.319359,21.024237,19.415863,15.509613,18.013649,15.160402,18.840023,18.231562,21.729645,21.082703,20.310482,21.091919,17.502686,14.221598,10.226477,9.694733,5.5799136,7.9729915,7.810222,11.280977,14.071265,18.266155,20.2162,18.06626,14.119508,13.568829,11.108717,10.910306,9.170664,8.430591,12.735336,11.764539,16.539236,19.308197,18.416725,15.5728035,17.456781,12.085804,15.92599,13.953196,17.748331
7,12.233461,12.505778,14.63355,11.663736,10.092117,7.14278,6.288691,0.0,4.5675874,6.203499,9.932712,12.925641,13.549868,10.578463,11.339388,7.6156344,11.350124,8.426068,12.498597,12.663602,16.630615,17.641108,15.9819355,21.20452,18.010977,24.127127,20.677763,19.820284,15.467489,15.600335,11.423076,12.419047,12.606591,12.735615,15.028198,14.975085,19.565811,21.441612,20.112312,19.187704,14.4780655,17.667046,13.395609,16.783138,15.716405,17.536709,19.701254,20.983463,24.512293,23.2248,22.006174,22.1559,19.142357,21.838238,18.330778,23.633715,23.045393,22.68667,22.12561,20.712645,20.389269,15.69374,16.635971,13.458272,18.112324,16.056845,21.352982,20.764149,23.529432,23.642847,20.405123,19.867743,15.643365,16.309353,14.213358,10.708056,12.605927,10.236855,14.030208,14.2294035,18.026798,18.055037,16.551682,18.33805,15.895025,11.87916,8.905528,6.195552,6.6254764,6.105902,9.374416,12.448006,15.821562,20.233198,22.564054,21.604183,17.98188,17.794538,16.315252,14.673004,12.572166,9.262851,14.239944,10.57067,15.612298,18.636978,16.15773,12.862903,13.733527,7.467239,10.457149,8.143888,11.628433
8,10.525544,11.12943,14.592847,12.15253,12.264486,10.0941925,7.4192657,4.5675874,0.0,4.4705606,6.484473,10.366755,11.954885,9.493364,11.83332,9.425763,14.045981,12.288819,16.125046,17.016035,20.668455,22.155285,20.534966,25.750607,22.401009,28.51895,24.796362,23.572788,19.37523,18.773657,14.73741,14.529489,13.158564,11.671644,13.921985,12.334583,17.154514,19.121433,18.505486,18.730347,14.635593,18.476583,15.142326,18.851933,18.74404,20.591942,23.288887,24.704054,28.278454,26.42538,25.367771,24.820484,21.92319,24.2381,20.126135,25.568722,23.83931,24.08825,23.488375,21.531946,20.03281,15.918214,18.101929,15.696052,20.97466,19.417614,24.82219,24.489958,27.627546,27.799507,24.453201,24.11955,19.761969,20.137348,17.631903,14.059758,14.823938,11.67616,14.482244,13.409386,16.931726,16.248308,14.092968,15.020913,12.680234,9.543846,6.4559064,6.6317673,6.893404,9.714279,12.544508,16.308517,19.334496,24.064878,25.754097,24.637384,20.850977,19.833668,18.42047,17.798557,15.772671,13.298599,18.083359,14.7417555,19.62522,22.259604,19.702888,16.619701,16.171017,10.505577,12.542237,8.892553,12.150774
9,14.730297,15.594592,18.98559,16.265196,15.880764,13.061446,10.807592,6.203499,4.4705606,0.0,4.6468167,6.7257786,7.840559,5.4793067,8.068872,6.5391145,11.993193,11.062419,15.282513,16.470146,20.594713,22.35397,20.490257,25.822842,21.90773,28.430723,24.5907,23.048193,18.885445,18.668238,13.814487,14.917389,11.845376,12.55174,12.541885,12.31221,16.115593,17.200933,15.6691265,15.664055,11.546941,14.742813,12.101197,15.2621765,15.946545,17.625359,20.841171,22.523924,25.969543,23.470463,22.670538,21.547806,19.1341,21.397614,17.149094,23.26169,21.430422,22.474392,22.522959,21.169441,19.069077,15.421559,17.624218,14.19154,19.758574,17.868986,23.401205,22.7586,26.522055,26.39084,22.7806,22.786251,18.257843,18.389133,15.354453,11.748818,11.3900385,8.002317,10.209862,9.237222,12.854293,12.625044,10.425312,12.350688,10.71322,6.9021993,5.6786966,4.5091434,8.17351,9.771983,13.59042,17.294525,20.0945,25.176344,26.380512,26.20635,22.697247,21.454866,21.133747,20.141285,18.489563,15.231047,20.37606,16.415842,21.328058,24.292273,21.142277,17.850487,17.292023,11.385008,12.232203,8.225842,10.069256
10,14.564112,16.174759,20.142471,18.364346,18.598999,16.46067,13.809497,9.932712,6.484473,4.6468167,0.0,5.218247,6.9694343,5.785298,9.642687,9.866697,14.71137,14.962028,18.35872,20.408205,23.820938,26.31961,24.798983,30.19588,26.433598,32.995106,29.23025,27.680077,23.532206,23.177708,18.422737,19.051908,15.37908,14.907109,14.670098,12.980301,16.51906,17.342022,16.45055,17.680218,14.451172,17.536669,15.945677,18.616138,19.934383,21.229298,24.671745,26.078646,29.787424,27.023125,26.548279,25.08557,23.120646,25.222895,20.792305,27.02162,24.486326,26.076159,26.166037,24.517426,21.554485,18.561668,21.456661,18.467428,24.166767,22.38535,27.908823,27.200218,31.074875,30.792707,27.081419,26.875805,22.450602,21.982754,18.872461,15.860826,14.727002,11.637953,12.550521,10.671043,13.549309,12.712894,8.95967,9.8794565,9.6226425,7.7516375,7.6110964,8.863103,11.704517,14.332613,17.912111,21.731272,24.561447,29.613483,30.794163,30.377733,26.73759,25.265064,24.618404,24.025074,22.122011,19.188791,24.076845,19.986563,24.665894,27.197119,23.81825,20.790014,18.939053,13.95063,13.922283,9.410576,10.622989
11,19.590763,20.725508,24.730679,22.202965,22.443941,19.667673,16.954332,12.925641,10.366755,6.7257786,5.218247,0.0,3.9718006,5.3183136,9.065024,10.567697,15.67454,16.195776,20.075449,21.784222,25.87279,28.040825,26.054098,31.318153,26.955463,33.60054,29.538332,27.503557,23.702492,23.240791,18.32784,19.410494,14.161386,15.363674,12.823311,12.556544,14.457616,14.144121,12.398308,13.809791,11.430429,13.885169,13.783567,16.082764,18.454876,19.820364,23.710487,25.673101,28.807058,25.2809,24.929586,22.595242,21.007263,22.600843,18.01977,24.379314,21.337387,23.834503,24.509117,23.348875,19.621733,17.555138,20.61372,17.373268,23.09488,21.511456,26.843681,26.203987,30.652311,30.33168,26.580418,27.070097,22.564672,22.317484,18.825533,15.658211,13.419261,10.119572,9.261645,6.412946,8.5930805,7.8424673,3.9141164,6.3617725,7.156417,5.590023,8.182896,9.226572,13.281193,15.546363,19.282246,23.160315,25.47547,30.907824,31.202679,31.675623,28.34201,26.37776,26.934559,26.362755,25.023172,21.79788,27.029297,22.948944,27.75663,30.689774,27.155695,23.928608,22.57864,17.270294,16.809599,12.59017,12.395395
12,21.086206,22.713491,26.312307,24.040602,23.456089,20.644588,18.639618,13.549868,11.954885,7.840559,6.9694343,3.9718006,0.0,3.3069878,6.089468,8.989776,13.188342,14.806147,18.000834,20.308687,23.975014,26.731234,25.063393,30.344713,26.111704,32.92078,29.275917,27.5051,23.610521,23.974983,18.5914,20.949892,16.05663,18.371553,15.673539,16.233883,18.017586,17.345657,14.783626,15.323139,12.591109,13.551458,13.618819,14.416636,16.966228,17.60385,21.555813,23.135159,26.528471,22.937754,23.018547,20.797935,19.995129,21.977009,17.855291,24.750546,22.485258,25.103258,26.135197,25.515867,22.232857,19.941538,22.337217,18.120226,23.521833,21.251663,26.531944,25.271,29.759731,28.966127,25.06076,25.221945,20.959707,20.015875,16.48747,14.208911,11.271102,9.127018,7.8165903,6.80029,9.015399,9.631263,5.750917,9.346292,10.990034,8.879877,11.14595,10.449145,15.345838,16.087864,20.325455,23.677614,26.204056,31.367243,32.12988,32.87069,29.66122,28.208445,28.658243,27.446075,25.916656,22.159746,27.231394,22.562117,27.045681,29.925972,25.954111,22.822344,21.137154,16.30847,14.951362,11.189377,9.770737
13,18.637405,20.32285,23.607288,21.42648,20.456333,17.71775,16.06553,10.578463,9.493364,5.4793067,5.785298,5.3183136,3.3069878,0.0,4.1102867,6.086677,10.554249,11.915775,15.106546,17.4628,21.017738,23.817028,22.310837,27.680185,23.697868,30.516214,27.04871,25.563862,21.45066,22.063393,16.606865,19.161154,15.198852,17.32724,15.64044,16.117178,18.75984,18.719513,16.300049,16.295702,12.684085,14.029493,12.819762,13.909994,15.629264,16.302557,19.975641,21.315512,25.017132,21.941004,21.85899,20.285862,19.140911,21.539885,17.563591,24.462038,22.77501,24.745087,25.506952,24.806837,22.209322,19.215557,21.236412,16.818953,22.161482,19.628635,25.049599,23.681465,27.855865,27.068668,23.16575,22.97321,18.6913,17.71648,14.334088,11.998393,9.786144,7.6926565,8.06454,7.957017,11.082347,11.731642,8.396947,11.568176,12.120954,9.061814,10.111089,8.510435,13.369093,13.564351,17.926678,21.096066,23.899822,28.844126,30.12797,30.563211,27.27928,26.223814,26.211632,24.73773,22.999792,19.154854,24.113474,19.33581,23.790182,26.633644,22.705378,19.561705,18.005476,13.012721,11.895922,8.064296,7.284707
14,20.719664,22.462667,25.125633,22.892939,21.03602,18.15422,17.40704,11.339388,11.83332,8.068872,9.642687,9.065024,6.089468,4.1102867,0.0,4.33155,7.18011,9.566445,12.149513,14.776595,18.15103,21.213692,19.920311,25.18223,21.320732,28.190681,25.174604,23.98662,19.901594,21.404497,15.686431,19.576803,16.265043,19.588621,17.766443,19.223825,21.722267,21.510887,18.42991,17.407246,13.452139,13.436508,11.957004,11.504262,12.938046,12.884821,16.469576,17.488707,21.37858,18.419174,18.637993,17.453102,16.939491,19.779366,16.495317,23.616985,22.955208,24.767614,25.817886,25.719833,23.808931,20.58549,21.743093,16.468834,21.18554,17.985207,23.196861,21.225788,25.330637,24.116545,20.127329,19.661541,15.654627,14.118973,10.709976,9.386311,6.6934056,6.550486,7.295053,9.335154,12.397352,13.970813,11.457602,15.180878,15.691208,12.136222,12.983347,9.834161,15.008494,13.342692,17.95461,20.364576,23.226171,27.786009,29.465086,30.274755,27.260645,26.75943,26.837578,24.683264,22.959528,18.62397,23.316301,18.154373,22.204588,25.139078,20.932512,17.84672,16.620815,12.003312,10.232615,7.7521625,5.7320275
15,18.337662,19.60165,21.842583,19.26799,17.100163,14.050833,13.729972,7.6156344,9.425763,6.5391145,9.866697,10.567697,8.989776,6.086677,4.33155,0.0,5.739983,5.842479,9.674927,11.400252,15.430272,17.77317,16.26579,21.644388,17.863235,24.69318,21.59691,20.586126,16.295374,17.804924,12.192318,16.070253,14.012316,17.137934,16.429995,17.967785,21.152115,21.63984,18.859879,17.358578,12.695583,13.602777,10.462298,11.314788,11.343945,12.027034,15.075105,16.250292,20.110254,17.878765,17.481918,17.057575,15.537082,18.620255,15.408675,22.090935,21.91616,22.837221,23.456844,23.201632,22.136032,18.236814,18.918894,13.726535,18.32835,15.114105,20.48333,18.751207,22.457352,21.584919,17.726198,17.189253,12.905566,12.16805,9.023959,6.5410986,6.084389,5.306595,8.478392,10.462394,14.11174,15.367454,13.585247,16.880373,16.0954,11.845669,11.405068,7.227687,11.838695,9.29336,13.910273,16.176058,19.223206,23.672983,25.683428,26.179806,23.121313,22.931282,22.734884,20.401215,18.67434,14.303161,19.06333,14.097887,18.433483,21.602856,17.804234,14.488448,14.377612,8.808932,8.5380535,6.408149,6.7837977
16,20.992336,22.741043,24.048834,22.170858,18.830317,16.317604,17.339722,11.350124,14.045981,11.993193,14.71137,15.67454,13.188342,10.554249,7.18011,5.739983,0.0,5.1647396,5.1162763,8.71478,11.080519,14.823924,14.439542,19.570408,16.710142,23.360964,21.458223,21.323217,17.150026,20.048597,14.669544,19.727283,18.848637,22.340988,21.869375,23.63877,26.835165,27.196852,24.091808,22.096102,17.47653,17.076029,13.974378,12.687086,11.705574,10.691886,12.75156,12.411675,17.182882,15.880641,16.11507,16.910286,16.51525,20.175852,18.193937,24.71104,25.757782,26.384806,27.183584,27.448135,27.113108,23.048134,22.86855,17.180065,20.563429,16.508078,21.219158,18.47468,21.509481,19.809668,15.953321,14.107607,10.838138,8.115726,5.7749453,7.1226134,7.2741847,9.593239,12.261558,15.333934,18.621902,20.395405,18.451662,21.997993,21.716682,17.554571,17.045567,12.655297,16.638996,12.532814,16.797878,17.637997,20.90114,24.266432,27.349243,27.914833,25.19938,26.01829,25.326979,22.095325,20.068857,15.347708,18.989649,13.360399,16.411827,19.247238,14.831798,11.987219,11.699079,8.1990385,6.300232,7.540478,6.647592
17,19.43347,20.248014,21.236956,18.542948,15.133484,12.145739,13.576907,8.426068,12.288819,11.062419,14.962028,16.195776,14.806147,11.915775,9.566445,5.842479,5.1647396,0.0,5.5876503,5.6019506,10.376913,11.942445,10.569085,15.978744,12.719145,19.443752,17.01701,16.824036,12.457226,15.186012,10.103038,15.072443,15.472933,18.911594,19.244976,21.30512,24.78956,25.691624,22.872509,20.469593,15.522818,16.042315,11.675648,12.134467,9.90283,10.424992,11.960774,12.6324215,16.590693,15.797591,15.008548,16.200811,14.365631,17.961424,15.945007,21.72498,23.067743,22.834528,23.201572,23.346249,23.824945,19.344929,18.633028,13.276183,16.39755,12.574288,17.443275,15.302644,18.058552,17.089516,13.462009,12.20352,8.163147,7.900913,6.0361676,4.4594717,7.525623,8.565134,12.5048,15.18924,18.774368,20.228539,19.17798,22.40275,20.939898,16.37798,15.025952,10.171952,13.080403,7.913986,11.851015,12.476056,15.775503,19.271336,22.33128,22.75476,20.056711,21.008755,20.436455,17.120337,15.415335,10.633542,14.676699,9.6300955,13.506733,17.013615,13.562683,10.208304,12.27616,7.148349,8.314232,8.997574,10.224853
18,21.217636,22.762888,23.010551,21.463505,17.23802,15.28213,17.521788,12.498597,16.125046,15.282513,18.35872,20.075449,18.000834,15.106546,12.149513,9.674927,5.1162763,5.5876503,0.0,5.33635,6.009304,10.372916,11.048618,15.908657,14.261616,20.355148,19.385492,20.140009,16.095472,19.65645,15.116794,20.204443,21.06022,24.173738,24.739536,26.444834,30.09102,30.90674,28.005518,25.676989,20.825909,20.672049,16.76834,15.78187,13.391134,12.346279,12.7684555,11.412492,16.374891,16.688673,16.634619,18.765116,18.056112,21.914705,20.644938,26.356014,28.24944,27.989666,28.430809,28.73575,29.409626,24.892248,23.973639,18.598612,20.979345,16.793217,20.887186,17.972399,19.809868,18.031836,14.65557,11.640209,9.41559,6.5085077,6.657063,8.929536,11.049846,13.3544035,16.66888,19.724903,23.164362,24.827055,23.11466,26.433876,25.604156,21.249084,19.949663,15.397229,18.129332,13.090954,16.481668,16.089756,19.54257,21.78677,25.956587,26.083447,23.607363,25.382414,23.98693,20.130793,17.90327,13.303919,15.709638,10.070908,11.977121,14.687449,10.341227,7.8016815,9.14758,7.274785,6.7610865,10.02809,10.526321
19,22.479132,23.017918,22.871569,20.373173,16.06549,13.653056,16.41496,12.663602,17.016035,16.470146,20.408205,21.784222,20.308687,17.4628,14.776595,11.400252,8.71478,5.6019506,5.33635,0.0,6.326902,6.4661746,5.8460684,10.999592,9.008961,15.173884,14.088857,15.102818,11.263362,15.285574,11.609835,16.949461,19.095196,22.661293,23.520971,25.908422,29.429827,30.491276,27.596622,24.64029,19.783945,19.780064,15.198829,14.936107,11.349414,11.269826,10.690425,10.307,14.08884,15.133747,14.17344,16.967554,15.34264,19.091183,18.408026,23.075891,25.727346,24.65061,24.887114,25.480701,27.137955,22.499054,20.68674,15.613378,16.879965,12.791702,16.353159,13.69741,14.950118,13.659997,10.6477585,8.0513315,5.5974436,5.768721,6.89367,7.7922006,11.53392,13.470153,17.263271,20.323761,23.74601,25.387169,24.687576,27.954393,26.268166,21.630682,19.981676,15.112401,16.938595,10.883432,13.267203,11.799963,14.909305,16.768822,20.991367,21.42747,19.377802,21.523779,20.64217,16.448318,14.933711,10.408056,12.608454,8.172611,10.25725,13.893795,11.0734825,8.378508,12.60848,9.6460905,11.168052,13.498245,14.696884
20,23.929817,25.18161,24.259974,23.12969,18.215311,17.057981,20.338598,16.630615,20.668455,20.594713,23.820938,25.87279,23.975014,21.017738,18.15103,15.430272,11.080519,10.376913,6.009304,6.326902,0.0,6.538378,9.39778,12.826212,13.349855,17.947874,18.534208,20.395016,16.992142,21.131445,17.85899,22.760286,25.109386,27.9902,29.282862,31.046926,34.915443,36.025562,33.21672,30.546366,25.657812,25.469452,21.200748,20.197693,16.909393,15.753056,14.530856,12.144461,16.588152,18.679289,18.458128,21.772057,21.037424,24.87922,24.47459,29.215626,32.00266,30.953735,31.12715,31.602423,33.257557,28.505772,26.824827,21.913977,23.02046,18.932217,21.896399,18.86488,19.081316,17.181423,14.821026,10.648021,10.660443,8.391145,10.734435,13.396583,16.28217,18.691544,22.201128,25.341198,28.788927,30.456472,28.989122,32.20923,31.025448,26.573307,24.814459,20.261967,21.967266,16.449524,18.62249,16.771244,20.012394,20.572552,25.86628,25.633972,23.694921,26.526712,24.541882,20.103493,17.915382,14.0251,14.28157,9.7578945,8.846521,10.941505,7.3767576,6.5845823,10.125969,10.871215,11.355795,15.241024,16.18114
21,25.762852,25.903555,24.570223,22.43338,17.635105,16.172209,19.857983,17.641108,22.155285,22.35397,26.31961,28.040825,26.731234,23.817028,21.213692,17.77317,14.823924,11.942445,10.372916,6.4661746,6.538378,0.0,4.2059617,6.4367456,8.14253,11.650478,12.77474,15.312848,12.722884,17.087103,15.406366,19.98404,23.734926,26.867893,28.509567,30.881987,34.571915,35.947914,33.228832,30.003656,25.259453,25.284384,20.546005,20.33883,16.183895,16.022625,13.881139,12.670246,15.2969055,18.203354,17.02026,20.887959,19.233074,22.70226,22.970129,26.28144,29.835503,27.84121,27.71468,28.472446,31.237543,26.484097,23.864046,19.68889,19.345448,15.78912,17.616663,15.146898,14.051844,12.9323015,11.667815,8.232905,9.057166,9.942557,12.548768,13.8540945,17.740814,19.668518,23.49061,26.52032,29.90324,31.495972,31.015696,34.14168,32.105965,27.462816,25.385946,20.734543,21.42406,15.393632,16.116343,12.904932,15.390267,14.805984,20.388243,20.392689,19.170948,22.566607,21.108458,16.368576,15.173093,11.973511,11.288967,9.2302265,8.072244,11.197984,10.392616,9.419651,15.098441,14.124103,16.103342,19.078922,20.596159
22,25.355278,25.009323,24.161146,21.12573,16.85086,14.609844,17.901138,15.9819355,20.534966,20.490257,24.798983,26.054098,25.063393,22.310837,19.920311,16.26579,14.439542,10.569085,11.048618,5.8460684,9.39778,4.2059617,0.0,5.465649,4.412159,9.559064,9.177315,11.280855,8.524064,13.01601,11.586351,16.315125,20.177809,23.758001,25.137638,27.960976,31.353073,32.70561,29.96942,26.528236,21.92721,22.076666,17.21254,17.586937,13.255363,13.93201,12.063648,12.257796,14.112777,16.379303,14.610988,18.156221,15.806231,19.068396,19.31774,22.247997,25.849075,23.681019,23.554434,24.461508,27.401184,22.770067,19.885712,15.806883,15.154629,11.747897,13.658,11.5989685,10.972939,10.549671,9.078004,7.2592673,6.7339807,9.611719,11.452216,11.499628,15.693351,17.18349,21.030085,23.912148,27.18048,28.725231,28.817532,31.911095,29.534245,24.854149,22.860893,18.164145,18.72206,12.497887,12.904807,9.576154,11.727998,11.972606,16.797924,17.42222,16.24379,19.230465,18.696182,14.126465,13.636694,10.250254,10.852687,9.306614,10.148749,13.940867,13.175763,11.263118,16.930399,14.277541,16.658117,18.768616,20.369621
23,29.98653,29.313631,27.90662,24.893044,20.667706,18.862831,22.356623,21.20452,25.750607,25.822842,30.19588,31.318153,30.344713,27.680185,25.18223,21.644388,19.570408,15.978744,15.908657,10.999592,12.826212,6.4367456,5.465649,0.0,5.4434705,5.3091125,8.049476,11.49913,10.831177,15.176192,15.460166,19.611734,24.18959,27.854074,29.32951,32.457733,35.641003,37.029884,34.26748,30.48337,26.197008,26.027395,21.383574,21.4789,16.96255,17.478422,14.600661,14.531759,14.843992,18.335835,16.425623,20.599752,18.467218,21.245388,22.516565,24.061163,28.539516,25.748055,25.530458,26.863783,30.641993,26.249998,22.671846,19.338242,17.10969,14.421241,14.226682,12.479817,9.446664,9.420523,10.145183,8.759075,10.562855,13.503386,15.961506,16.440624,20.469418,22.142996,25.779922,28.759367,31.828611,33.460953,33.93763,37.05305,34.488564,29.824854,27.811874,23.216295,23.339077,17.29571,16.7336,12.554892,13.359965,11.253002,16.401623,17.364998,17.382582,21.02997,20.767332,16.194086,16.460562,14.295934,13.251203,13.583851,12.814907,15.861655,16.371025,15.372225,21.321009,19.465689,21.805044,24.171957,25.684093
24,28.253336,27.49209,26.96468,23.234701,19.560303,16.834757,19.593494,18.010977,22.401009,21.90773,26.433598,26.955463,26.111704,23.697868,21.320732,17.863235,16.710142,12.719145,14.261616,9.008961,13.349855,8.14253,4.412159,5.4434705,0.0,6.8702135,5.49231,7.5209556,5.9925995,10.888526,10.510692,15.421207,19.272078,23.696762,24.4458,28.045286,30.833181,31.985638,29.051085,25.132683,20.967314,20.699175,16.111568,16.488018,11.992621,13.227739,11.006887,12.408406,12.566478,14.749665,12.386435,15.958029,13.254154,16.04386,17.08358,18.923414,23.224798,20.74487,20.824726,22.35664,25.753212,21.546648,18.018295,14.16274,12.095009,9.016202,9.594962,7.795386,6.7268853,7.1393213,6.4837427,7.09735,6.816542,11.157979,12.6377945,12.087342,16.060232,17.454554,20.925203,23.841242,26.746592,28.417013,29.291328,32.464806,29.864561,25.211409,23.55384,18.865585,19.446892,13.295413,13.164982,9.695367,10.401003,10.7556925,14.231661,16.192791,15.733074,18.316359,19.183712,15.002882,15.557323,12.607219,13.695669,13.053579,14.338764,18.128397,17.5833,15.54153,21.021666,17.683424,19.95163,21.51432,22.823957
25,33.35177,32.13164,30.878431,27.214302,23.628664,21.528946,24.603292,24.127127,28.51895,28.430723,32.995106,33.60054,32.92078,30.516214,28.190681,24.69318,23.360964,19.443752,20.355148,15.173884,17.947874,11.650478,9.559064,5.3091125,6.8702135,0.0,5.4673624,9.161488,10.689781,14.291309,16.169353,19.659712,24.523146,28.54917,29.73921,33.424877,36.077133,37.416943,34.673477,30.544907,26.796703,26.51117,22.173426,22.595064,18.162628,19.260828,16.298597,17.244577,15.934776,19.261292,16.851076,20.78186,18.268566,20.211615,22.1986,22.109161,27.184952,23.814661,23.552448,25.380486,29.846447,25.950283,21.743706,19.309046,15.61233,14.05794,11.9442425,11.354924,6.833874,8.55166,10.873012,11.611381,13.256136,17.120922,19.16354,18.934488,22.807877,24.149181,27.494492,30.300772,33.03223,34.640945,35.874653,38.91855,35.995365,31.437101,29.574764,25.185246,24.957754,19.263268,17.900013,13.618698,12.818072,9.95357,13.5486555,15.719278,16.838396,20.224144,21.224672,17.222471,18.579899,17.116365,16.348051,17.693277,17.507154,20.596567,21.46308,20.249899,26.236849,23.680073,26.188747,28.04247,29.521923
26,30.508556,28.981894,28.359901,24.036228,21.12331,18.421993,20.842571,20.677763,24.796362,24.5907,29.23025,29.538332,29.275917,27.04871,25.174604,21.59691,21.458223,17.01701,19.385492,14.088857,18.534208,12.77474,9.177315,8.049476,5.49231,5.4673624,0.0,3.8478224,5.8816776,8.934812,11.445039,14.532741,19.363071,23.538979,24.551386,28.423023,30.850018,32.227016,29.642363,25.559351,21.970934,22.173737,17.750414,19.186806,15.008401,17.090975,15.123706,17.263662,16.204973,18.09506,15.233521,18.198729,14.664374,16.304089,17.704105,17.442776,22.099358,18.586079,18.191172,19.947369,24.390963,20.576101,16.293242,14.192105,10.347425,9.437616,7.7648315,8.525382,6.0649652,8.978361,10.002107,12.113351,11.778685,16.454226,17.491873,15.922168,19.766315,20.342833,23.642979,26.015228,28.650267,30.037766,31.644068,34.480614,31.279604,26.847198,25.046144,20.920677,20.47184,15.181881,13.494819,9.707141,8.21077,7.522579,9.481921,12.483067,13.18,15.697072,17.70746,14.203386,16.036821,14.459448,15.173245,16.357304,17.753843,21.428104,21.80912,19.827122,25.556076,21.77726,24.552296,25.573328,27.210884
27,30.191805,28.499926,28.473042,23.691586,21.41827,18.254986,19.930674,19.820284,23.572788,23.048193,27.680077,27.503557,27.5051,25.563862,23.98662,20.586126,21.323217,16.824036,20.140009,15.102818,20.395016,15.312848,11.280855,11.49913,7.5209556,9.161488,3.8478224,0.0,4.5076265,6.21477,9.298421,12.072429,16.383345,21.037739,21.495632,25.766497,27.750017,28.99279,26.405666,22.224741,18.989086,19.311316,15.140817,17.1881,13.471883,16.221657,15.017743,17.990046,16.764116,17.550547,14.47011,16.487648,12.328933,13.403907,14.586765,13.800567,18.338524,14.740838,14.457172,16.484535,20.881985,17.394615,12.946745,11.128914,6.6300874,6.795251,4.978837,7.359997,7.111439,10.2189665,10.541243,13.636525,12.235338,17.147627,17.417965,14.988361,18.456507,18.504793,21.492722,23.556469,25.93465,27.23071,29.30223,32.03636,28.695915,24.42135,22.897219,19.022223,18.63986,13.883116,12.182651,9.467588,7.2994146,8.986911,8.340237,12.354929,12.792258,14.083787,17.266214,14.480244,16.595211,14.904272,16.764458,17.569824,19.902157,23.798721,23.748053,21.334782,26.64694,22.098192,24.816416,25.187908,26.723442
28,26.147768,24.79822,24.979252,20.386286,17.836582,14.451532,16.186338,15.467489,19.37523,18.885445,23.532206,23.702492,23.610521,21.45066,19.901594,16.295374,17.150026,12.457226,16.095472,11.263362,16.992142,12.722884,8.524064,10.831177,5.9925995,10.689781,5.8816776,4.5076265,0.0,5.0554533,5.577353,9.780405,13.866663,18.391285,19.088503,22.932657,25.457106,26.78288,24.181957,20.334599,16.395897,17.1109,12.293898,14.628162,10.78223,13.6115,13.0344515,15.810699,15.918721,16.283503,13.476141,15.372487,11.144777,13.229974,13.206486,14.63256,18.163324,15.358614,15.108047,16.391935,19.87353,15.710579,12.03192,8.776935,6.819001,4.8950396,7.1315637,7.7269855,9.048335,10.855266,9.57878,11.79085,9.195057,13.921287,13.827487,11.00056,14.811662,14.746788,18.183235,20.29617,23.076332,24.334959,25.822144,28.60643,25.447433,20.98022,19.278658,15.091396,15.031622,9.665908,8.730064,6.376142,6.155149,9.558029,10.705318,13.14054,12.195422,13.466177,15.633903,12.43214,13.740732,11.157195,13.915814,13.712012,16.69266,20.755243,20.150827,17.445745,22.45217,17.659706,20.403828,20.69988,22.364899
29,25.5163,23.465462,24.02321,18.806984,17.517092,14.049522,14.778595,15.600335,18.773657,18.668238,23.177708,23.240791,23.974983,22.063393,21.404497,17.804924,20.048597,15.186012,19.65645,15.285574,21.131445,17.087103,13.01601,15.176192,10.888526,14.291309,8.934812,6.21477,5.0554533,0.0,5.754175,5.8915644,11.106175,14.921276,16.102425,19.90186,22.217073,23.930794,21.983927,18.43512,15.039382,17.019518,12.439933,16.469011,13.597197,17.080544,17.309067,20.463415,20.4754,20.114481,17.219444,18.006414,13.112158,14.097197,13.109341,13.3342705,15.746441,12.189435,11.036354,11.715635,15.827731,11.733364,7.6249533,7.0059915,5.26832,6.822084,8.891208,11.323329,12.907211,15.351689,14.294993,16.804981,13.810184,18.316082,17.56962,13.684653,17.01142,15.631565,18.830967,19.90894,22.470905,23.143242,25.166542,27.351387,23.54324,19.487417,17.563438,14.427177,13.045497,9.62537,7.057766,6.423294,4.3559504,9.700453,8.230048,10.67742,9.503374,9.211571,12.885958,11.14119,13.317286,11.958755,15.173752,15.912341,19.501423,23.465305,23.21467,20.364029,25.055101,19.650803,22.797586,22.21661,24.280441
30,22.828547,21.653673,22.83923,18.068138,16.293598,12.349209,12.78681,11.423076,14.73741,13.814487,18.422737,18.32784,18.5914,16.606865,15.686431,12.192318,14.669544,10.103038,15.116794,11.609835,17.85899,15.406366,11.586351,15.460166,10.510692,16.169353,11.445039,9.298421,5.577353,5.754175,0.0,6.6426377,8.790796,13.774612,13.940532,17.748306,20.322548,21.58929,19.039112,15.594562,11.262691,12.940461,7.745013,11.691837,9.069418,12.541293,13.725213,16.832153,17.90211,16.734549,14.312743,14.666724,10.158954,12.263574,10.185665,13.536782,15.2242565,13.516647,13.423924,13.95716,15.95648,11.532456,9.171479,4.386677,6.874259,5.0468044,10.141606,10.630283,13.80432,14.929285,12.447849,14.39898,10.317825,14.114111,12.613002,8.192338,11.384777,10.021719,13.524793,15.059405,17.986565,18.990322,20.412647,23.06099,19.879333,15.406954,13.875049,9.732979,10.265323,5.4413843,6.19882,7.3304605,8.370817,13.614813,13.868112,15.616084,13.499064,13.1640835,15.385789,13.111599,13.769785,10.619657,15.132027,13.660714,17.927273,22.005915,20.553497,17.317429,21.135933,15.343491,17.90565,17.105268,18.77617
31,21.399523,19.079628,20.488111,14.990523,15.036784,11.442386,10.56256,12.419047,14.529489,14.917389,19.051908,19.410494,20.949892,19.161154,19.576803,16.070253,19.727283,15.072443,20.204443,16.949461,22.760286,19.98404,16.315125,19.611734,15.421207,19.659712,14.532741,12.072429,9.780405,5.8915644,6.6426377,0.0,7.03123,9.087813,11.411489,14.326288,17.186785,19.452923,18.324524,15.825391,12.404794,16.136206,11.720102,17.127193,15.3879795,19.013403,20.35049,23.417383,24.37089,23.189415,20.644941,20.493065,15.633381,16.5486,13.761745,15.254456,15.195719,12.530167,10.819947,9.452369,12.170226,7.2311068,5.271679,6.438591,9.001754,10.410363,14.032922,16.057873,18.445364,20.429186,18.59605,20.554722,16.708288,20.397833,18.829882,14.110705,16.812366,14.058374,17.188103,17.062199,19.744146,19.666952,21.451975,22.955074,18.713543,15.027019,12.61589,10.748621,7.9762087,7.5044622,4.778451,7.9657474,7.7533164,13.582617,12.247203,12.780373,10.109032,7.7459865,11.005902,10.853086,12.408534,11.416127,15.7308445,16.00256,20.496931,24.26958,23.690825,20.579592,24.252989,18.267107,21.569841,19.960217,22.442272
32,22.294725,20.734066,23.489292,18.42642,18.980423,15.186885,12.8981,12.606591,13.158564,11.845376,15.37908,14.161386,16.05663,15.198852,16.265043,14.012316,18.848637,15.472933,21.06022,19.095196,25.109386,23.734926,20.177809,24.18959,19.272078,24.523146,19.363071,16.383345,13.866663,11.106175,8.790796,7.03123,0.0,7.302013,5.224209,9.951865,11.62298,13.061283,11.359945,9.101192,5.944593,10.8052025,7.9583344,13.974026,14.203692,17.805647,20.417126,23.869772,24.993414,22.366787,20.315666,18.58044,14.294249,14.695108,10.356148,13.576202,11.169267,11.095825,10.791222,9.610288,8.381516,4.427305,6.469318,5.714799,10.9885,11.900602,16.295105,17.768099,21.651766,22.969667,20.391804,22.650248,18.23374,21.105843,18.507751,13.465935,14.285084,10.516026,12.226748,11.013531,13.1530905,12.849097,15.360906,16.889908,12.821806,9.354927,8.608748,7.695752,7.642522,9.265577,10.004887,13.868149,14.245082,20.162663,18.328028,19.686405,17.119858,14.153165,17.320913,17.393597,18.111998,16.057762,21.18149,19.766996,24.729595,28.526823,26.816235,23.385773,25.68142,19.234797,21.430832,18.767475,20.357971
33,18.311577,15.910234,19.156599,14.222019,16.673948,13.8595495,10.198602,12.735615,11.671644,12.55174,14.907109,15.363674,18.371553,17.32724,19.588621,17.137934,22.340988,18.911594,24.173738,22.661293,27.9902,26.867893,23.758001,27.854074,23.696762,28.54917,23.538979,21.037739,18.391285,14.921276,13.774612,9.087813,7.302013,0.0,6.583783,5.832775,9.840676,13.168117,14.0475855,14.199673,12.020794,17.468807,14.740253,20.613495,20.629642,23.995184,26.501287,29.430576,31.184767,28.991434,26.978788,25.641075,21.35256,21.931038,17.656054,20.210955,17.080944,16.426203,14.810489,11.545446,9.884312,6.3784733,10.160496,12.153089,16.755514,17.964003,22.234726,23.933578,27.084505,28.642475,26.172983,27.737429,23.326075,25.861769,23.407717,18.443827,19.585785,15.455002,17.440062,15.11527,17.32435,15.756564,17.095446,16.947565,12.035991,10.13307,7.489608,9.974293,6.2177033,11.791437,11.285911,15.789254,16.489126,22.010523,20.575556,20.068258,16.849808,13.246431,14.940747,16.664618,17.066042,16.514488,21.235352,20.653194,25.663105,28.929941,27.782513,24.58445,26.340036,20.168285,22.97798,19.811613,22.388882
34,22.800085,21.283804,24.82608,20.104357,21.68143,18.282253,15.029866,15.028198,13.921985,12.541885,14.670098,12.823311,15.673539,15.64044,17.766443,16.429995,21.869375,19.244976,24.739536,23.520971,29.282862,28.509567,25.137638,29.32951,24.4458,29.73921,24.551386,21.495632,19.088503,16.102425,13.940532,11.411489,5.224209,6.583783,0.0,6.015384,6.4228067,8.08812,7.702174,7.7982855,6.9919367,12.399619,11.487795,17.073132,18.339802,21.671167,24.755304,28.157515,29.468197,26.33308,24.571955,22.159697,18.38135,18.316345,13.604103,16.63558,12.277115,13.518647,13.237829,11.203315,6.934335,5.7613792,10.129016,10.788574,15.803028,16.94452,21.174713,22.68243,26.762913,28.00337,25.297703,27.479933,22.95025,25.32294,22.377281,17.4552,17.31993,13.086895,13.544536,10.6521225,11.844981,10.30511,13.219284,13.592081,9.046652,7.361537,7.761098,9.730284,9.62428,13.462562,14.370404,18.623638,19.048576,24.945082,22.74628,23.760408,21.053038,17.427383,20.380075,21.293386,21.799566,20.105654,25.29135,23.731888,28.851645,32.44077,30.538929,27.102299,28.533014,22.10964,23.94422,20.528683,21.940926
35,19.385298,17.805927,21.95707,17.94072,20.607603,18.008928,13.956312,14.975085,12.334583,12.31221,12.980301,12.556544,16.233883,16.117178,19.223825,17.967785,23.63877,21.30512,26.444834,25.908422,31.046926,30.881987,27.960976,32.457733,28.045286,33.424877,28.423023,25.766497,22.932657,19.90186,17.748306,14.326288,9.951865,5.832775,6.015384,0.0,5.4606066,8.830209,10.870234,13.001534,12.060283,17.470755,16.25429,21.636322,22.785805,25.822166,28.971634,31.878918,33.899765,30.98855,29.392174,27.282822,23.634947,24.024649,19.247099,22.565462,18.182505,19.102953,18.199562,15.199105,11.096151,9.832464,14.482817,15.5856085,20.784357,21.64383,26.199581,27.538046,31.305056,32.480442,29.622896,31.139128,26.516653,28.373335,25.423018,20.648268,20.587355,16.169003,16.900482,13.403518,14.826337,12.388547,13.482186,12.211891,7.1816907,7.5349374,6.7121363,11.224781,9.729592,15.521052,16.30672,20.92978,21.916391,27.580116,26.08512,25.877882,22.660309,19.041378,20.548975,22.17096,22.098223,21.033548,26.012726,24.525473,29.6661,32.797096,30.997534,27.734915,28.340443,22.259163,24.212221,20.317762,22.280834
