,0,1,2,3,4,5,6,7,8,9,10,11,12,13,14,15,16,17,18,19,20,21,22,23,24,25,26,27,28,29,30,31,32,33,34,35,36,37,38,39,40,41,42,43,44,45,46,47,48,49,50,51,52,53,54,55,56,57,58,59,60,61,62,63,64,65,66,67,68,69,70,71,72,73,74,75,76,77,78,79,80,81,82,83,84,85,86,87,88,89,90,91,92,93,94,95,96,97,98,99,100,101,102,103,104,105,106,107,108,109,110,111,112,113,114
0,0.0,4.373797,6.342675,9.565289,11.990129,13.304855,13.345901,11.008925,10.255262,13.003686,14.538986,18.0956,19.155107,21.527721,19.34963,16.646412,16.424856,15.4798155,15.303413,16.86725,15.41282,18.450367,19.558935,23.930658,22.71713,27.205265,25.203888,25.999807,22.11181,25.490248,20.722603,26.081432,23.680655,27.753016,30.399603,28.263094,32.30605,34.65967,33.26453,33.58272,29.555283,33.237595,28.72449,32.25097,29.87894,31.504166,32.09598,32.42132,35.91242,36.96531,34.983994,37.578354,34.2416,37.329395,35.850716,39.684307,40.200687,38.90998,35.592575,35.129826,33.92566,29.007627,28.890512,27.236256,28.878923,26.739885,30.62603,30.228083,29.860205,29.269161,26.152992,25.249342,22.10598,21.962038,20.872238,19.957212,21.340542,20.402557,23.404547,23.154736,26.647112,26.15204,22.47496,23.545101,23.256678,18.881102,17.989273,14.793271,15.545565,14.418251,16.616034,16.672314,20.56008,21.000881,26.790554,29.622458,28.784554,25.440237,27.138178,22.114504,23.79359,21.79215,22.409431,20.89027,21.384907,22.42227,23.908115,26.495596,27.128508,24.610703,28.679838,25.010822,26.087694,26.27098,26.294437
1,4.373797,0.0,5.11691,5.6347556,9.365979,10.849811,11.257708,11.118336,10.520229,14.391601,16.468554,20.24855,21.264692,22.99861,20.663845,17.239365,17.105198,14.8979645,15.296046,15.286569,14.860339,16.274376,16.868279,20.920662,19.596912,23.591063,21.424063,22.292934,18.479156,21.861498,17.448402,22.97575,21.746864,25.796736,28.774496,27.378214,31.405529,33.83391,32.536995,32.36566,28.365993,31.990997,27.15938,30.94655,28.194225,30.089893,30.287533,30.924381,33.881256,35.077015,32.87426,35.644665,32.063362,35.02199,33.630398,37.075363,37.981453,36.24328,32.821217,32.296654,31.64507,26.707739,26.054716,24.95713,25.88747,24.067152,27.501812,27.44664,26.773132,26.622276,23.771433,23.308002,20.363165,21.033712,20.353699,19.095564,21.330782,20.267178,23.806915,23.633207,27.262234,26.716795,23.758505,24.847141,23.582445,19.352898,17.633202,14.382438,13.994862,12.183528,13.471825,12.900152,16.643904,16.74303,22.62771,25.351286,24.528234,21.218458,23.118357,18.29292,20.136633,18.58331,19.327389,18.730175,19.181883,21.202044,23.074974,25.868809,26.88577,24.1706,28.58559,24.231333,25.801634,25.407743,25.923506
2,6.342675,5.11691,0.0,5.9917755,7.0136905,9.808074,11.707985,10.622456,12.058126,15.214487,18.548538,21.44549,23.206903,25.241697,22.365004,19.161295,17.436207,15.875273,14.510103,14.421835,12.347368,14.180689,15.952656,19.41334,19.420584,23.008003,22.066244,23.791502,20.643002,24.72997,20.884396,26.922012,26.15486,30.495726,33.197266,31.892685,35.665203,37.828693,36.04696,35.540558,31.193106,34.200783,29.191254,32.287655,29.060276,30.408548,30.147083,30.09401,33.24018,35.13,33.217358,36.51075,33.4403,36.70412,36.178886,39.417515,40.906532,39.304108,35.890827,35.83376,35.501717,30.479364,29.289108,27.76025,27.994095,25.618452,28.663868,27.90451,26.6672,26.1769,23.769398,22.364178,20.213333,20.043715,20.044876,20.061325,22.333792,22.281145,25.889769,26.47363,30.247988,30.163857,26.99627,28.613272,27.599825,23.054342,21.773623,17.818882,18.226667,15.040426,16.721586,15.075457,18.76961,17.860142,24.017157,27.14894,25.31757,21.788864,23.681835,18.9079,21.779352,20.312517,21.960558,21.103636,22.551596,24.193058,26.720022,29.676405,30.157797,27.184958,30.88521,26.277739,27.0768,26.210836,26.033417
3,9.565289,5.6347556,5.9917755,0.0,5.1917725,7.086776,8.824737,11.177311,11.851109,16.08856,19.3429,22.676304,24.069283,25.218866,22.42617,18.497282,17.54963,14.371642,14.544789,12.446904,12.863204,12.076528,12.406543,15.772792,14.924021,18.226326,16.566132,18.09684,14.940424,18.966621,15.56838,21.701424,22.110245,26.417652,29.244997,28.773624,32.394352,34.583023,32.966217,31.960333,27.78895,30.802595,25.575705,29.1118,25.66742,27.520555,27.002981,27.649244,30.046148,31.746553,29.480654,32.72858,29.24463,32.23919,31.601772,34.449226,36.21205,34.16953,30.693817,30.577726,30.77313,25.82537,24.123755,23.229559,22.811974,20.940998,23.577173,23.434298,22.12237,22.26996,19.998816,19.599354,17.3877,18.64721,18.833202,17.922842,21.09745,20.582245,24.651777,25.12373,28.919792,28.712824,26.498655,28.061357,25.925875,21.72896,19.601643,15.866301,15.032444,11.254818,11.721864,9.370183,12.869379,11.997439,18.10147,21.244253,19.617086,16.150776,18.070953,13.374635,16.109344,15.104541,16.74264,16.990047,18.248734,20.952442,23.76188,26.845732,27.79275,24.721636,28.865553,23.654625,25.243244,23.883837,24.583776
4,11.990129,9.365979,7.0136905,5.1917725,0.0,3.908015,7.4777884,9.339924,11.8917885,15.322593,19.782743,22.152832,24.219372,25.377491,22.045038,18.324446,15.8441725,13.176826,11.75197,9.106552,8.513606,7.5408998,9.209827,12.409336,12.807122,16.351946,16.08506,18.40602,16.144794,20.973574,18.136871,24.762772,25.09027,29.918941,32.00557,31.539701,34.677826,36.41398,34.113903,32.71057,28.158781,30.357527,25.058332,27.695665,23.831459,25.048773,24.14378,24.104755,26.782864,29.067484,27.162113,30.870882,28.05319,31.409819,31.797375,34.528397,36.839954,35.234898,31.88539,32.513084,32.849285,27.862011,25.71953,23.942913,23.021454,20.314573,22.735407,21.589556,19.952353,19.464619,17.510208,16.052153,14.628206,15.0595455,15.983985,16.402601,19.6216,20.22558,24.320208,25.688435,29.595194,29.98108,27.751225,30.018908,28.012436,23.51027,21.965715,17.456734,17.817007,12.667475,14.123868,11.282643,14.603454,13.498491,19.158722,23.086626,20.306099,16.707918,17.925898,13.098603,16.612062,15.283133,17.923412,17.325548,19.871595,21.728281,25.29269,28.52296,28.727684,25.389452,28.58129,23.15463,23.862839,21.969852,21.995747
5,13.304855,10.849811,9.808074,7.086776,3.908015,0.0,3.9738903,7.5610313,9.929176,13.315388,17.914165,20.080761,22.102856,22.779928,19.386892,15.519516,13.1047735,9.861123,9.109152,5.5503263,7.1322646,5.6859374,6.3317137,10.833269,10.056747,14.880901,14.1440115,16.103384,13.87269,18.931095,16.07993,22.889107,22.85758,28.024504,29.507113,29.120783,31.894337,33.369305,30.790724,29.19443,24.555218,26.537306,21.245564,23.788296,19.963411,21.253395,20.557486,20.7752,23.551079,25.486588,23.549152,27.110893,24.313797,27.741896,28.234837,31.10471,33.38811,32.08985,28.834574,29.80679,30.008575,25.031893,22.867249,20.554064,19.832914,16.79341,19.613312,18.280886,17.181091,16.42184,14.0011,12.801465,10.8594475,11.740988,12.513428,12.667989,16.15174,16.861923,21.051983,22.68041,26.575172,27.175323,25.357218,27.92821,25.602226,21.167048,19.731882,15.022882,15.78472,9.964546,12.004346,9.608412,12.981274,13.122991,18.006952,22.373817,19.678526,16.216932,16.608423,11.37813,14.254493,12.293176,15.080887,13.848095,16.915562,18.37568,22.278603,25.555521,25.510633,22.083012,25.022354,19.446615,20.16141,18.126719,18.37908
6,13.345901,11.257708,11.707985,8.824737,7.4777884,3.9738903,0.0,6.303312,7.2316747,10.793547,14.962862,17.289948,18.99625,19.276596,16.035582,11.958843,10.412126,6.342755,7.546856,4.8629885,8.376557,8.154208,7.3673434,12.720126,10.2434225,16.148308,14.315358,15.307686,12.540847,17.354847,13.929829,20.682394,19.719627,25.135435,26.148724,25.559412,28.176178,29.552383,26.897036,25.454905,20.798845,23.04759,17.857506,20.741833,17.391787,19.023817,19.0409,19.776684,22.753347,23.883617,21.829878,24.857857,21.816984,25.206263,25.206093,28.516218,30.305077,29.3278,26.139809,27.154234,26.876167,21.86705,20.15517,17.33912,17.591835,14.457759,18.18072,17.065882,16.970581,16.065971,12.807099,12.378799,9.1132345,10.573269,10.302646,9.26199,12.79247,13.02768,17.284883,18.797245,22.676285,23.28645,21.712545,24.38075,21.870365,17.502544,16.17295,11.37842,12.597992,6.5930676,9.68867,8.7330265,12.288958,14.021599,18.21026,22.589422,20.573666,17.362688,17.248003,11.815174,13.284489,10.461595,12.657925,10.413691,13.540025,14.495726,18.40245,21.675169,21.538301,18.112991,21.19365,15.691192,16.734108,15.113724,15.822642
7,11.008925,11.118336,10.622456,11.177311,9.339924,7.5610313,6.303312,0.0,4.535817,6.180155,11.346215,12.941153,15.345498,16.732605,13.175077,10.123364,6.9615445,6.3539076,4.311537,7.3365374,6.4394975,10.936679,12.149564,17.24859,15.858904,21.725592,20.513721,21.573635,18.674665,23.219946,19.156239,25.606504,23.08447,28.509897,29.278616,27.57879,30.30754,31.592922,28.718128,28.056458,23.30167,25.572939,20.98284,23.196274,20.519629,21.40692,22.052637,21.885157,25.928493,27.02793,25.510288,28.31318,25.881168,29.4739,29.42754,33.27915,34.497856,34.169373,31.138851,32.13613,31.079773,26.080791,25.224026,21.740982,23.098059,19.623573,23.79723,22.084572,22.250044,20.591967,17.212803,15.493178,12.319442,11.164766,10.064439,10.538768,12.066917,13.017779,16.447113,18.17475,22.022419,22.879143,20.069397,23.022627,21.924948,17.070911,17.02407,11.94504,14.97993,10.604346,14.695966,14.531005,18.350338,19.800104,24.427399,28.676882,26.64771,23.30563,23.40352,17.990324,19.547974,16.508055,18.252691,14.812177,17.645132,16.984316,20.244629,23.254278,22.406137,19.20295,21.553493,17.228647,17.010986,16.47609,15.789933
8,10.255262,10.520229,12.058126,11.851109,11.8917885,9.929176,7.2316747,4.535817,0.0,4.656671,8.045277,11.002186,12.492213,13.652613,10.6472645,7.1088505,6.941467,5.5545163,7.273067,9.99457,10.845554,14.257965,14.365927,19.772459,17.235971,23.344763,21.049332,21.265175,17.73112,21.58482,16.897764,22.83801,19.349405,24.68291,25.42186,23.364285,26.297806,27.79041,25.276459,25.113338,20.623734,23.680538,19.349707,22.358824,20.39134,21.8843,23.156763,23.727665,27.558407,27.861223,26.073536,28.222624,25.26948,28.55784,27.532156,31.751276,32.245262,31.936436,28.923832,29.52081,27.944468,22.986433,22.85751,19.517324,21.926674,18.96324,23.678,22.676777,23.46558,22.158806,18.340153,17.700228,13.693822,13.591264,11.52207,9.991008,11.112109,10.499563,13.85194,14.680323,18.519417,18.954735,16.107714,18.759354,17.566326,12.702345,12.623106,7.674219,11.095357,8.16446,12.575648,13.75385,17.577688,19.954567,24.29157,28.174816,27.011118,23.867704,23.990644,18.577133,19.10615,15.857671,16.582281,12.910474,14.746236,13.916295,16.47045,19.360443,18.862923,15.872967,19.06124,15.173012,15.84939,16.191132,16.34177
9,13.003686,14.391601,15.214487,16.08856,15.322593,13.315388,10.793547,6.180155,4.656671,0.0,5.6388717,6.8392267,9.197371,10.912249,7.486607,5.6585355,4.2463317,6.7007313,6.981123,11.879733,11.719707,16.536844,17.108192,22.458544,20.18122,26.56368,24.6501,24.861116,21.617664,25.447464,20.844429,26.522703,22.17524,27.543882,27.52553,24.89142,27.368277,28.42849,25.45737,25.636465,21.124687,23.730122,20.053509,22.210827,20.84085,21.729103,23.528257,23.616865,28.06162,28.124792,26.779028,28.635662,26.302923,29.71716,28.946999,33.466274,33.667816,34.073803,31.327724,32.271168,30.228157,25.480085,25.7398,21.636272,24.604012,21.240982,26.1999,24.642996,25.833138,23.937271,20.01609,18.801828,14.898041,13.507296,10.815823,10.275305,9.514437,9.825523,12.048835,13.499297,17.098404,18.100708,14.710964,17.996437,17.811623,12.994712,14.308324,9.767815,14.377464,12.090981,16.736519,18.11185,21.798082,24.309679,28.390224,32.46315,31.11821,27.999205,27.78705,22.399527,22.805746,19.273163,20.012594,15.439029,17.578678,15.236459,17.53096,20.077507,18.628784,15.886284,17.80389,15.024146,14.466419,15.601955,14.81958
10,14.538986,16.468554,18.548538,19.3429,19.782743,17.914165,14.962862,11.346215,8.045277,5.6388717,0.0,4.84791,4.8062587,7.1447496,5.620306,5.705736,8.662505,10.540383,12.475247,16.89681,17.29688,21.72447,21.771442,27.24384,24.291075,30.723381,28.030416,27.526648,23.839407,26.772404,21.728926,26.36899,20.621113,25.494806,25.222431,21.712484,24.304924,25.50562,23.039415,24.254004,20.381666,23.77468,20.930847,23.612331,23.30172,24.585972,27.037577,27.653605,31.94317,31.219036,29.760273,30.81157,28.170607,31.16215,29.303738,34.240063,33.40665,34.055683,31.488026,31.951149,29.096174,24.68047,26.043797,22.149792,26.326088,23.576794,28.900585,27.960354,29.689688,28.050987,23.885603,23.424532,19.119505,18.353289,15.180979,13.312872,11.571605,10.049356,10.768746,10.538746,13.617257,14.059686,9.790075,12.7583885,13.628595,9.119151,11.55217,8.718193,13.570398,13.862371,18.155642,20.636866,24.142923,27.277231,31.083696,34.694042,34.176426,31.259468,31.127575,25.856934,25.429611,21.875612,21.578104,16.992085,17.755661,14.824641,15.468625,17.358667,16.050556,14.140983,16.549885,15.408845,15.534908,17.9463,17.786709
11,18.0956,20.24855,21.44549,22.676304,22.152832,20.080761,17.289948,12.941153,11.002186,6.8392267,4.84791,0.0,3.6384878,6.3861604,4.381904,7.237165,8.217385,11.981004,12.704798,17.95512,17.797804,22.897957,23.301355,28.622124,26.018486,32.616673,30.45607,30.154951,26.906881,30.133583,25.414658,30.204016,24.422026,29.433117,28.453032,24.895365,26.785992,27.378563,24.271038,25.408901,21.463968,23.96245,21.669947,23.235685,23.272688,23.849983,26.577896,26.65693,31.395952,30.60419,29.625587,30.550896,28.662584,31.818089,30.602049,35.5945,34.836777,36.120884,33.80225,34.80067,31.862127,27.636484,28.88517,24.298946,28.446552,25.213894,30.52837,28.948221,30.880486,28.707506,24.617554,23.58497,19.628405,17.866457,14.556318,13.849125,10.83564,10.800899,10.295824,11.383134,13.927278,15.32696,11.270995,14.974913,16.432373,12.496551,15.511787,12.639075,17.803177,17.277576,21.839209,24.028803,27.472046,30.561123,34.172077,38.12975,37.173782,34.23476,33.73725,28.476688,28.181084,24.430311,24.521563,19.345848,20.867685,17.005102,17.99651,19.650963,17.290676,15.536583,16.082756,15.847416,14.512178,17.300716,16.174139
12,19.155107,21.264692,23.206903,24.069283,24.219372,22.102856,18.99625,15.345498,12.492213,9.197371,4.8062587,3.6384878,0.0,4.008864,4.6249585,7.848746,10.869109,13.679731,15.494837,20.269995,20.72111,25.364082,25.338263,30.762651,27.668589,34.27686,31.590502,30.841135,27.365473,30.03178,25.160303,29.28082,22.833254,27.484045,26.30836,22.340057,24.219545,24.885178,22.148352,23.889618,20.421837,23.447561,21.622536,23.656128,24.25055,25.215147,28.232748,28.783875,33.261505,31.99586,30.849474,31.299686,29.108047,31.946707,30.015223,35.192062,33.82332,35.183834,32.979404,33.672646,30.307129,26.340036,28.197077,23.839184,28.613075,25.823338,31.292662,30.178614,32.403767,30.485083,26.259123,25.811836,21.567818,20.453087,16.968227,15.288526,12.2563925,10.95048,9.658942,9.381698,11.415993,12.399139,7.9165773,11.496367,13.527672,10.147464,13.692191,12.000648,16.960445,17.71104,21.974169,24.744097,28.020262,31.495876,34.86411,38.529423,38.09043,35.30558,34.83375,29.676655,28.859764,25.140093,24.631672,19.583742,20.29529,16.257116,16.24391,17.437374,15.240268,14.086681,15.086115,15.7590885,15.174003,18.501997,18.057838
13,21.527721,22.99861,25.241697,25.218866,25.377491,22.779928,19.276596,16.732605,13.652613,10.912249,7.1447496,6.3861604,4.008864,0.0,3.948358,7.333611,11.437963,13.496026,16.30083,20.42305,21.891226,25.78363,25.17888,30.533213,26.94156,33.590996,30.625679,29.475649,26.209747,28.513924,23.944649,27.624075,20.968327,25.643452,23.729345,19.914724,21.180592,21.463348,18.410044,20.164953,16.885689,19.852768,18.562763,20.581358,21.77655,22.923788,26.285799,27.273157,31.465754,29.647951,28.475155,28.42096,26.22501,28.83059,26.688519,31.958574,30.305977,32.003014,30.025993,30.921892,27.36804,23.689749,25.76005,21.150213,26.332298,23.7247,29.2508,28.311594,30.995724,29.140158,24.859407,24.973787,20.616833,20.07061,16.41022,14.002356,10.689707,8.720549,6.3041415,5.765882,7.6151447,9.168684,5.945548,10.316704,11.391207,8.7116995,12.456145,11.375232,16.229994,17.213097,21.262945,24.382435,27.261768,31.222593,33.915787,37.562843,37.326283,34.79349,33.948414,29.043842,27.634844,23.855536,23.027493,17.785452,18.358747,13.6369095,13.3821745,14.322463,11.58524,10.687041,11.250933,12.744355,12.457813,16.259954,16.425411
14,19.34963,20.663845,22.365004,22.42617,22.045038,19.386892,16.035582,13.175077,10.6472645,7.486607,5.620306,4.381904,4.6249585,3.948358,0.0,4.3810763,7.509482,10.08214,12.416616,16.773207,18.034016,22.101727,21.757072,27.09042,23.845541,30.533175,27.988796,27.268373,24.162905,27.08561,22.612473,27.111311,21.267586,26.424324,24.926342,21.679031,23.171673,23.545324,20.177954,21.082987,17.09644,19.648088,17.49182,19.28605,19.679466,20.603302,23.61795,24.270899,28.670813,27.380398,26.243706,26.803114,24.728708,27.72483,26.311579,31.366535,30.488762,31.914639,29.71186,30.880846,27.89573,23.80014,25.11417,20.304735,24.774017,21.694002,27.125473,25.783947,28.149115,26.11458,21.889465,21.554434,17.306192,16.381763,12.773127,10.915863,7.6512036,6.756436,5.985002,7.468044,10.423565,12.151116,9.239867,13.464605,13.705723,9.95514,12.921126,10.230951,15.454278,15.036951,19.463749,22.042234,25.113731,28.73653,31.689573,35.63342,34.9022,32.208702,31.358177,26.313765,25.401083,21.561146,21.344564,15.929933,17.409346,13.004046,14.138991,15.85324,13.235733,11.297438,11.875827,11.613259,10.737158,13.887492,13.584559
15,16.646412,17.239365,19.161295,18.497282,18.324446,15.519516,11.958843,10.123364,7.1088505,5.6585355,5.705736,7.237165,7.848746,7.333611,4.3810763,0.0,5.747559,6.263371,9.848861,13.308513,15.323414,18.627144,17.959108,23.37818,19.934538,26.559875,23.834347,23.1632,19.930359,23.040033,18.537804,23.475992,18.343035,23.792728,22.88483,20.25836,22.206356,22.982643,19.829172,20.102776,15.728027,18.661646,15.457892,18.065691,17.607025,19.036694,21.553972,22.526253,26.574238,25.628965,24.10255,25.130838,22.512423,25.599806,24.193565,29.024183,28.641396,29.42925,26.918266,27.967733,25.477253,20.99666,21.80373,17.298641,21.296928,18.269232,23.654104,22.571175,24.65162,22.940186,18.682407,18.664888,14.171859,14.058746,10.664401,7.878542,6.3704634,4.612535,6.862298,8.139816,11.926726,13.084617,10.785576,14.4849205,13.3573,8.915528,10.5975895,6.684595,11.852585,10.689092,15.192488,17.662003,20.773363,24.361748,27.398527,31.3383,30.593594,27.878916,27.144707,22.059147,21.224178,17.438091,17.334318,12.12607,13.809962,10.264765,12.32461,14.765182,13.022226,10.263229,12.456202,10.040387,10.360311,12.415232,12.856865
16,16.424856,17.105198,17.436207,17.54963,15.8441725,13.1047735,10.412126,6.9615445,6.941467,4.2463317,8.662505,8.217385,10.869109,11.437963,7.509482,5.747559,0.0,5.038098,4.975636,9.946683,10.643289,15.038382,15.387827,20.573614,18.271202,24.832457,23.291204,23.580257,20.944777,25.019485,21.009262,26.842001,22.90939,28.55111,27.907866,25.734497,27.577324,28.15626,24.593077,24.161844,19.400627,21.141972,17.477676,18.851728,17.347809,17.83024,19.69337,19.600761,24.222176,24.250372,23.137815,25.060495,23.201296,26.795301,26.7604,31.14299,31.743792,32.496593,29.917776,31.461494,29.65525,25.020508,24.843254,20.141245,22.772165,18.949448,23.822445,21.735611,23.178268,20.882584,16.974422,15.532704,11.752603,9.898363,6.8564386,7.2037363,6.1461186,8.179975,10.594271,13.31601,16.888987,18.536411,16.06744,19.896929,19.10376,14.582425,15.873408,11.178269,15.801447,12.450883,17.132408,18.23701,21.569529,24.24677,27.71377,32.143578,30.403748,27.417362,26.631992,21.421206,21.72404,18.019234,19.18479,14.117679,17.21773,14.307843,17.449228,20.095278,18.055386,15.042104,15.867783,12.662464,11.224557,11.893876,10.667766
17,15.4798155,14.8979645,15.875273,14.371642,13.176826,9.861123,6.342755,6.3539076,5.5545163,6.7007313,10.540383,11.981004,13.679731,13.496026,10.08214,6.263371,5.038098,0.0,5.435504,7.1131506,10.211379,12.460236,11.740221,17.158302,14.073005,20.68558,18.577866,18.66756,15.909365,20.034954,16.176163,22.240892,19.188587,24.921553,24.670845,23.250288,25.290886,26.15485,22.900824,21.917656,17.076252,19.224728,14.723782,17.149252,14.96425,16.330515,17.72442,18.472044,22.303625,22.36782,20.677431,22.825882,20.199137,23.690765,23.425854,27.544958,28.489504,28.613356,25.802134,27.2054,25.88696,21.065529,20.390295,16.128614,18.267694,14.670188,19.52432,17.993652,19.323206,17.605648,13.552049,13.123523,8.752211,9.086387,6.6388955,4.5291853,6.730743,7.275569,11.26097,13.378239,17.229362,18.39159,16.789316,20.157686,18.093771,13.662245,13.660472,8.65806,12.2378,7.8027596,12.340035,13.403166,16.58923,19.540361,22.775883,27.157688,25.60188,22.715658,21.91025,16.709528,16.755753,13.063991,14.266556,9.56219,12.909775,11.199902,15.02365,18.086733,16.899033,13.497938,15.682608,10.921656,11.212256,10.798321,11.218798
18,15.303413,15.296046,14.510103,14.544789,11.75197,9.109152,7.546856,4.311537,7.273067,6.981123,12.475247,12.704798,15.494837,16.30083,12.416616,9.848861,4.975636,5.435504,0.0,5.8851495,5.737105,10.364094,11.479979,16.43018,15.074374,21.260864,20.513922,21.60541,19.355001,24.059618,20.515131,26.960632,24.407593,30.081738,30.078314,28.540655,30.636011,31.415785,27.961555,26.917936,21.993673,23.418335,19.02637,20.31981,17.607155,17.930368,18.676004,18.13032,22.55928,23.635408,22.460238,25.294516,23.472395,27.25925,27.934803,31.742887,33.215244,33.395164,30.5943,32.203957,31.180523,26.346935,25.273598,21.057934,22.292738,18.281881,22.446396,20.045164,20.560987,18.294512,14.8827095,12.618316,9.618281,7.3408346,6.1260386,8.173667,9.42118,11.737662,14.962547,17.645073,21.37438,22.828508,20.514526,24.049332,22.79877,18.13275,18.516363,13.392848,16.965927,12.119219,16.369661,16.208075,19.598934,21.35815,25.231277,29.854498,27.451616,24.276814,23.679392,18.46412,19.802103,16.489767,18.581627,14.421881,18.113977,16.559933,20.359768,23.337166,21.797718,18.490747,19.697475,15.355926,14.190535,13.265008,11.926173
19,16.86725,15.286569,14.421835,12.446904,9.106552,5.5503263,4.8629885,7.3365374,9.99457,11.879733,16.89681,17.95512,20.269995,20.42305,16.773207,13.308513,9.946683,7.1131506,5.8851495,0.0,5.8318114,5.4729614,5.610392,10.702912,9.318214,15.3774185,14.963242,16.57183,14.999219,20.107994,17.536442,24.237673,23.418695,29.007761,29.356453,28.864693,30.905201,31.77291,28.485449,26.603252,21.721704,22.847305,17.784609,19.362291,15.537427,16.278748,15.859396,15.777204,19.205847,20.91883,19.334963,22.850779,20.706274,24.448175,25.657118,28.729498,31.08714,30.603687,27.656935,29.404318,29.321503,24.504227,22.390633,18.826075,18.458227,14.511623,17.807514,15.460452,15.221276,13.380803,10.398562,8.436753,6.049689,6.2301493,7.2528663,8.536512,11.969062,13.79821,17.774115,20.29817,24.079802,25.314848,23.892012,27.139845,24.805365,20.445879,19.727905,14.765054,16.786955,10.689686,13.752648,12.367427,15.218013,16.518763,20.032385,24.864061,21.987806,18.879177,18.066132,13.038365,14.952954,12.123909,15.11516,12.262779,16.456705,16.426947,20.883667,24.110758,23.197117,19.665403,21.411743,15.871486,15.68483,13.255669,13.058749
20,15.41282,14.860339,12.347368,12.863204,8.513606,7.1322646,8.376557,6.4394975,10.845554,11.719707,17.29688,17.797804,20.72111,21.891226,18.034016,15.323414,10.643289,10.211379,5.737105,5.8318114,0.0,6.7349677,9.734793,13.586907,14.1391735,19.175335,19.675385,21.794724,20.066051,25.206581,22.242712,29.026863,27.797438,33.3047,33.988083,32.905373,35.27779,36.26749,32.98387,31.570936,26.636555,27.823172,23.039707,24.180452,20.601307,20.671078,20.22432,19.055717,23.050985,25.319826,24.198624,27.850323,26.186102,30.023869,31.326147,34.511612,36.747158,36.3666,33.3954,34.95841,34.65868,29.73793,27.924507,24.397356,24.263048,20.339558,23.450508,20.828636,20.072773,17.996433,15.626677,12.4404,11.22765,8.890522,9.999441,12.759623,14.850056,17.163555,20.62658,23.199396,26.991222,28.275805,25.870255,29.129253,27.76972,23.029156,22.831947,17.678152,20.236416,14.710326,18.045786,16.424246,19.707716,19.99961,24.439396,29.087585,25.904263,22.528332,22.37,17.422611,20.140942,17.615618,20.505865,17.62686,21.428406,21.064095,25.087711,28.222038,27.08038,23.672163,25.116795,20.281315,19.262297,17.437603,15.976046
21,18.450367,16.274376,14.180689,12.076528,7.5408998,5.6859374,8.154208,10.936679,14.257965,16.536844,21.72447,22.897957,25.364082,25.78363,22.101727,18.627144,15.038382,12.460236,10.364094,5.4729614,6.7349677,0.0,4.1406593,6.9207473,8.458019,12.562172,13.849572,16.681986,15.970435,21.283579,19.603666,26.338402,26.928482,32.22071,33.163113,33.157085,35.370487,36.39124,33.29118,31.07769,26.32018,27.170391,21.957607,23.310802,18.873783,19.352055,17.732517,17.143023,19.758348,22.641844,21.130676,25.345877,23.419918,27.050625,28.877146,31.192104,34.306232,33.259068,30.224417,31.920025,32.611866,27.864977,25.036095,22.32297,20.495335,16.924503,18.741798,16.309662,14.492999,13.116045,11.768359,9.186612,9.429962,9.62867,12.005805,13.81339,17.346931,19.213484,23.233906,25.682287,29.479136,30.589024,29.122597,32.16491,29.7299,25.376282,24.23154,19.39909,20.536724,14.296403,16.123571,13.235105,15.558573,15.072338,18.906723,23.711695,19.910238,16.677755,16.265717,11.877312,15.396954,13.790526,17.443628,16.157469,20.147501,21.147898,25.638472,28.920338,28.339878,24.798191,26.662153,20.911238,20.782,17.810558,17.474993
22,19.558935,16.868279,15.952656,12.406543,9.209827,6.3317137,7.3673434,12.149564,14.365927,17.108192,21.771442,23.301355,25.338263,25.17888,21.757072,17.959108,15.387827,11.740221,11.479979,5.610392,9.734793,4.1406593,0.0,5.4937153,4.495581,9.82972,10.156885,12.698659,12.2400675,17.533289,16.326206,22.898954,23.972935,29.19803,29.98162,30.449451,32.449875,33.424404,30.438684,27.92132,23.333605,24.192953,18.852036,20.62177,16.072807,17.161148,15.507021,15.905004,17.836235,20.234867,18.293957,22.366121,19.973734,23.433609,25.114777,27.255188,30.47875,29.241257,26.202356,27.968134,28.900717,24.280088,21.161367,18.669744,16.419386,13.020855,14.729885,12.715505,11.112451,10.261443,8.6162195,7.672805,7.391213,9.719265,11.746035,12.282874,16.407667,17.730333,21.920282,24.166311,27.86263,28.855732,28.040918,30.961117,27.919632,23.935436,22.40189,17.934092,18.480158,12.177764,13.364072,10.5091095,12.254824,12.546799,15.546734,20.524855,16.987,13.97414,12.977431,8.44055,11.465402,9.870021,13.7106085,12.96038,16.983574,18.473276,23.088177,26.360699,26.052279,22.53439,24.677973,18.613214,19.195433,15.95991,16.596342
23,23.930658,20.920662,19.41334,15.772792,12.409336,10.833269,12.720126,17.24859,19.772459,22.458544,27.24384,28.622124,30.762651,30.533213,27.09042,23.37818,20.573614,17.158302,16.43018,10.702912,13.586907,6.9207473,5.4937153,0.0,5.504866,6.183965,9.518263,13.193906,14.384642,19.301283,19.493143,25.570005,27.966913,32.848156,33.7752,34.845894,36.65663,37.53616,34.582092,31.580414,27.234915,27.457619,22.267084,23.457668,18.517586,19.219585,16.40269,16.476343,17.092554,20.534142,18.776121,23.389849,21.49726,24.686401,27.278297,28.430943,32.53191,30.92758,28.028574,30.011257,31.780237,27.516518,23.682154,21.88355,18.133625,15.2730665,14.967753,12.78785,9.425232,9.311011,10.127509,9.144052,11.243414,13.358227,16.155567,17.19475,21.288261,22.846348,26.947657,29.328579,32.92483,33.967762,33.42041,36.31478,33.046265,29.23869,27.490095,23.237694,23.279964,17.14082,17.350433,13.758652,14.241553,13.00335,14.9532,19.822725,15.18326,12.599008,11.295745,8.854304,12.791343,12.700473,16.776728,17.236032,21.105604,23.08579,27.771412,30.990253,30.786062,27.314878,29.181646,23.04862,23.521221,19.750685,20.318327
24,22.71713,19.596912,19.420584,14.924021,12.807122,10.056747,10.2434225,15.858904,17.235971,20.18122,24.291075,26.018486,27.668589,26.94156,23.845541,19.934538,18.271202,14.073005,15.074374,9.318214,14.1391735,8.458019,4.495581,5.504866,0.0,6.71274,6.2938986,8.8179,9.632446,14.611012,14.692722,20.695864,22.844059,27.781502,28.40142,29.627693,31.276081,32.137592,29.310844,26.283428,22.06297,22.638905,17.331736,19.298212,14.598163,16.220282,14.15227,15.552321,16.171986,18.279257,15.918508,19.94284,17.194075,20.298248,22.16781,23.690016,27.392673,25.797958,22.819477,24.781063,26.33159,22.056112,18.300507,16.404001,12.90861,10.037115,10.613182,9.197644,7.2650275,7.6657205,6.7453246,8.190956,8.353086,12.196546,14.037238,13.567229,17.96136,18.793854,22.945799,24.989563,28.453669,29.338903,29.304682,32.052647,28.369781,24.928171,22.973724,19.133244,18.863806,12.967985,12.910961,10.056657,10.275141,11.054348,12.280583,17.409828,13.889378,11.455801,9.426865,5.7518454,8.102324,7.352372,11.451682,12.02761,15.834995,18.02799,22.673056,25.836185,25.85353,22.46761,24.71952,18.480932,19.743736,16.157675,17.727404
25,27.205265,23.591063,23.008003,18.226326,16.351946,14.880901,16.148308,21.725592,23.344763,26.56368,30.723381,32.616673,34.27686,33.590996,30.533175,26.559875,24.832457,20.68558,21.260864,15.3774185,19.175335,12.562172,9.82972,6.183965,6.71274,0.0,5.616805,9.547061,12.310492,16.176445,18.031933,23.052517,27.054228,31.277687,32.42199,34.40914,36.03841,36.993607,34.53163,31.135254,27.396736,27.64571,22.608133,24.332767,19.538586,20.961681,17.936403,19.193327,18.165201,21.07868,18.81648,23.080143,20.623983,23.045227,25.45416,25.641401,30.21264,27.8193,24.977724,26.790102,29.46517,25.725544,21.248236,20.822006,15.714123,14.322923,12.1502075,11.637611,7.5465403,9.916397,11.664126,12.999652,14.67612,18.091166,20.433302,20.249006,24.625738,25.401072,29.532146,31.427088,34.801945,35.52082,35.6906,38.184998,34.24174,31.032265,28.663172,25.193079,24.07617,18.64164,17.317595,13.642195,12.312487,10.758535,10.280284,14.885875,9.954172,8.401524,6.039585,6.797644,10.099579,11.80978,15.449097,17.78719,20.830523,23.90442,28.317133,31.3676,31.800344,28.551798,30.905592,24.68731,26.097776,22.262352,23.834225
26,25.203888,21.424063,22.066244,16.566132,16.08506,14.1440115,14.315358,20.513721,21.049332,24.6501,28.030416,30.45607,31.590502,30.625679,27.988796,23.834347,23.291204,18.577866,20.513922,14.963242,19.675385,13.849572,10.156885,9.518263,6.2938986,5.616805,0.0,4.158654,6.8853602,10.580255,12.656779,17.445498,21.69535,25.730091,27.005573,29.203854,30.931,32.102886,30.072742,26.853178,23.397148,24.40467,19.31941,22.1605,17.894812,20.253246,18.162186,20.417583,19.687185,21.274582,18.45955,21.903448,18.37214,20.487211,21.59418,22.17087,26.121508,23.367313,20.268064,21.62427,24.202194,20.408224,15.974285,16.22193,11.306616,10.836502,9.420479,10.734446,8.460095,11.21289,11.2860565,14.083137,14.004923,18.305906,19.719086,18.155333,22.608795,22.445297,26.583015,27.85906,31.095894,31.448359,31.962048,34.076206,29.79697,26.992086,24.248798,21.409187,19.570974,14.868043,12.673938,9.553055,7.2980075,7.6025996,6.2179666,11.3292,8.054525,6.4690094,3.5673823,3.1947007,4.5952616,7.2114725,10.274832,13.714164,15.942875,19.752111,23.77588,26.72335,27.677309,24.615217,27.703783,21.558445,23.889624,20.56892,22.949057
27,25.999807,22.292934,23.791502,18.09684,18.40602,16.103384,15.307686,21.573635,21.265175,24.861116,27.526648,30.154951,30.841135,29.475649,27.268373,23.1632,23.580257,18.66756,21.60541,16.57183,21.794724,16.681986,12.698659,13.193906,8.8179,9.547061,4.158654,0.0,4.611333,6.998893,9.98975,13.941558,18.509727,22.292402,23.324629,25.924429,27.426184,28.591726,26.859764,23.58907,20.5734,21.888123,17.06607,20.544014,16.90555,19.858824,18.413445,21.394545,20.525505,21.068714,17.968554,20.586475,16.406464,18.02637,18.22741,18.853104,22.449488,19.435818,16.249205,17.466173,20.147291,16.562435,11.957462,12.932827,7.870352,8.791337,7.640968,10.566364,9.940292,12.736985,12.080308,15.830216,14.871614,19.613224,20.373257,17.851412,22.133892,21.297276,25.217827,26.061733,29.016705,29.155985,30.220034,32.075977,27.428322,25.17825,22.22462,20.120493,17.789349,14.06455,11.252365,9.483397,6.3686748,9.0306635,6.041797,10.495051,9.306783,8.670146,6.0176888,5.9141536,2.2671802,5.729719,7.364666,11.842468,13.209664,17.44964,21.08689,23.818628,25.126467,22.33598,25.731787,19.845436,22.849854,19.9115,22.936426
28,22.11181,18.479156,20.643002,14.940424,16.144794,13.87269,12.540847,18.674665,17.73112,21.617664,23.839407,26.906881,27.365473,26.209747,24.162905,19.930359,20.944777,15.909365,19.355001,14.999219,20.066051,15.970435,12.2400675,14.384642,9.632446,12.310492,6.8853602,4.611333,0.0,5.3152533,5.8041515,11.197391,14.873174,18.99728,20.528824,22.56431,24.674557,26.255297,24.779224,22.18492,18.970434,21.338928,16.327906,20.61332,17.406578,20.582567,19.922747,22.759954,22.913403,23.13937,20.058,22.357208,17.845036,19.710678,18.715672,20.453568,22.914616,20.077694,16.614445,17.061577,18.768469,14.493566,10.802559,11.613467,8.884978,9.370296,10.750218,13.174781,13.17044,15.1006775,13.206482,16.516806,14.360862,18.877645,18.993523,15.864344,20.01303,18.569214,22.587126,22.947813,26.033527,25.867336,26.563097,28.164791,23.657364,21.265512,18.107393,16.12211,13.383267,10.072811,6.7087336,5.652594,3.0276935,7.949189,7.8105135,11.669245,11.540441,9.972798,9.014558,6.287389,2.627798,3.8550344,4.296354,9.2044525,9.793753,14.606155,17.905167,20.757582,22.378136,19.577126,23.736124,17.965126,21.322016,19.07672,22.08569
29,25.490248,21.861498,24.72997,18.966621,20.973574,18.931095,17.354847,23.219946,21.58482,25.447464,26.772404,30.133583,30.03178,28.513924,27.08561,23.040033,25.019485,20.034954,24.059618,20.107994,25.206581,21.283579,17.533289,19.301283,14.611012,16.176445,10.580255,6.998893,5.3152533,0.0,5.505459,7.0450816,12.983516,15.815994,17.673994,20.732334,22.665499,24.451515,23.872393,21.322937,19.193958,21.947369,17.708735,22.484453,20.096884,23.647774,23.29512,26.663006,26.229668,25.738564,22.501717,23.926422,18.99394,19.839817,17.561235,18.778795,20.686289,16.944975,13.452256,12.846475,15.2527685,11.744388,7.911073,11.438566,9.012659,11.741047,12.358864,16.091784,16.615314,19.032368,17.386553,21.243433,19.006554,23.674028,23.446985,19.718718,23.488787,21.318766,24.888027,24.518503,27.092093,26.451817,27.867134,28.825962,23.862177,22.477634,18.905252,18.348616,14.584953,13.467337,9.313176,9.828205,6.619261,10.917397,8.5778675,10.224986,12.483748,12.2629385,11.483944,10.859868,6.5983543,8.405431,6.1456785,11.909643,10.40472,15.897423,18.058691,20.352102,22.79245,20.609827,25.195042,20.082632,24.117405,22.320889,25.834984
30,20.722603,17.448402,20.884396,15.56838,18.136871,16.07993,13.929829,19.156239,16.897764,20.844429,21.728926,25.414658,25.160303,23.944649,22.612473,18.537804,21.009262,16.176163,20.515131,17.536442,22.242712,19.603666,16.326206,19.493143,14.692722,18.031933,12.656779,9.98975,5.8041515,5.505459,0.0,6.8304234,9.49472,13.529021,15.74481,17.519749,20.259266,22.422005,21.771856,20.095901,17.416267,21.10384,16.643078,21.838245,19.748148,23.242502,23.561153,26.567173,27.262573,26.699972,23.614826,25.021824,20.123585,21.602076,18.811888,21.394934,22.281555,19.441648,15.921094,15.0950365,15.644039,11.062115,9.169546,10.839877,11.155582,12.320965,15.014306,17.701502,18.550863,20.075829,17.424416,20.617386,17.434671,21.581612,20.746319,16.675854,20.113632,17.484095,21.10211,20.358934,23.167545,22.33025,23.114809,23.979517,19.331713,17.52578,13.845659,13.244056,9.1727,8.84757,4.5475936,7.172476,6.3963394,11.393439,12.054718,14.232429,15.884518,14.4951935,14.401819,11.613129,8.347725,7.902063,4.9329314,9.14007,6.7700777,12.485155,14.363746,16.933678,19.430079,17.121655,22.328234,17.394985,21.466055,20.388365,23.626501
31,26.081432,22.97575,26.922012,21.701424,24.762772,22.889107,20.682394,25.606504,22.83801,26.522703,26.36899,30.204016,29.28082,27.624075,27.111311,23.475992,26.842001,22.240892,26.960632,24.237673,29.026863,26.338402,22.898954,25.570005,20.695864,23.052517,17.445498,13.941558,11.197391,7.0450816,6.8304234,0.0,8.03201,9.082571,12.082658,15.445872,17.890602,20.385859,21.171999,19.775381,18.750551,22.745384,19.479687,24.93813,23.783718,27.569206,28.15581,31.688042,31.74001,30.444418,27.253115,27.702501,22.533443,22.846209,18.584946,20.57219,20.388618,16.660372,13.446723,10.735256,11.601092,8.596142,7.987741,12.5693035,13.419592,16.350374,18.163803,21.88371,23.153381,25.157665,22.828726,26.595503,23.500792,27.83832,26.769203,22.285435,25.227535,21.98125,24.851797,23.249582,25.213638,23.761108,25.528532,25.458736,20.38947,20.187572,16.30042,17.682665,13.013734,15.06894,11.130821,13.726942,11.923106,16.2266,15.014487,15.118692,18.698238,18.476254,18.365782,17.187572,13.190561,13.691007,10.01163,14.247061,10.315953,15.685826,15.786757,17.275602,20.801468,19.50941,24.931576,21.071867,25.697672,25.08747,28.794302
32,23.680655,21.746864,26.15486,22.110245,25.09027,22.85758,19.719627,23.08447,19.349405,22.17524,20.621113,24.422026,22.833254,20.968327,21.267586,18.343035,22.90939,19.188587,24.407593,23.418695,27.797438,26.928482,23.972935,27.966913,22.844059,27.054228,21.69535,18.509727,14.873174,12.983516,9.49472,8.03201,0.0,5.796107,7.178603,8.182169,11.572779,14.508497,15.377935,15.535795,14.511621,19.649305,17.108181,22.7489,22.741678,26.375914,28.113108,31.412928,32.603214,30.664633,27.786552,27.610743,22.701208,23.4248,18.389233,22.141521,20.292933,18.462017,15.705729,13.679804,11.06252,7.241839,10.352,11.645352,15.948997,17.446272,21.211576,23.895441,26.068813,26.999266,23.650131,26.883928,22.839298,26.393501,24.33843,19.393076,21.110035,17.061653,19.049017,16.504562,18.058754,16.155539,18.016966,17.596607,12.4763975,13.027725,9.393601,12.465704,8.532862,13.156181,11.449592,15.732397,15.877265,20.753185,21.105255,22.35538,24.99036,23.925594,23.624353,20.853415,17.147034,15.702529,11.860013,12.694448,7.758111,10.977068,9.066097,10.109652,14.087257,13.412728,19.366095,16.875927,21.557775,22.322475,25.824524
33,27.753016,25.796736,30.495726,26.417652,29.918941,28.024504,25.135435,28.509897,24.68291,27.543882,25.494806,29.433117,27.484045,25.643452,26.424324,23.792728,28.55111,24.921553,30.081738,29.007761,33.3047,32.22071,29.19803,32.848156,27.781502,31.277687,25.730091,22.292402,18.99728,15.815994,13.529021,9.082571,5.796107,0.0,6.0093455,8.414524,11.703488,15.152148,17.729734,18.419094,18.745602,23.779892,21.97458,27.558092,27.863348,31.593954,33.28212,36.78987,37.588367,35.4492,32.49984,31.953003,26.959396,27.00706,21.294651,24.39595,21.803616,19.396667,17.13717,13.7128525,11.044053,9.641115,13.230124,16.131866,19.896448,22.243805,25.295263,28.54992,30.625978,31.957954,28.889008,32.35741,28.46507,32.145428,30.1328,25.17809,26.777037,22.61786,24.181587,21.161444,22.022774,19.604456,21.80113,20.350256,15.617838,17.36709,13.981341,17.789097,13.622167,18.607912,16.274298,20.181692,19.729342,24.188541,23.950161,24.018147,27.658045,27.112217,27.104385,25.08978,21.230326,20.530233,16.54446,18.283897,13.331929,16.477922,13.757259,13.648067,18.084093,18.241096,23.981678,22.21304,26.959566,27.851908,31.468016
34,30.399603,28.774496,33.197266,29.244997,32.00557,29.507113,26.148724,29.278616,25.42186,27.52553,25.222431,28.453032,26.30836,23.729345,24.926342,22.88483,27.907866,24.670845,30.078314,29.356453,33.988083,33.163113,29.98162,33.7752,28.40142,32.42199,27.005573,23.324629,20.528824,17.673994,15.74481,12.082658,7.178603,6.0093455,0.0,5.38012,6.31456,9.356499,12.226513,13.171241,14.576986,19.447521,18.834585,24.07163,25.3464,28.992373,31.223204,34.917797,35.69841,32.823483,30.090353,28.723652,24.028395,23.708557,17.48339,21.08787,17.426785,16.248983,14.669814,12.129385,7.556978,7.4100766,12.346824,13.982815,18.919449,21.117542,24.482903,27.48539,30.345814,31.295563,28.08168,31.73193,27.782127,31.377073,29.083244,23.999931,24.991575,20.814959,21.573416,18.560839,18.65015,16.473946,19.936934,18.89376,13.791383,16.487555,14.023996,17.99365,15.160912,19.692759,18.272108,22.438055,22.021255,27.040792,26.239006,26.978521,30.12844,29.633497,28.83553,26.747974,22.42499,21.144981,17.135962,17.654215,13.062665,14.447576,11.041905,9.916344,14.198057,15.121396,20.104664,19.404888,24.135727,25.441992,29.248455
