,0,1,2,3,4,5,6,7,8,9,10,11,12,13,14,15,16,17,18,19,20,21,22,23,24,25,26,27,28,29,30,31,32,33,34,35,36,37,38,39,40,41,42,43,44,45,46,47,48,49,50,51,52,53,54,55,56,57,58,59,60,61,62,63,64,65,66,67,68,69,70,71,72,73,74,75,76,77,78,79,80,81,82,83,84,85,86,87,88,89,90,91,92,93,94,95,96,97,98,99,100,101,102,103,104,105,106,107,108,109,110,111
0,0.0,3.4167619,6.413802,9.9957905,11.814809,15.379861,16.386126,21.456018,22.681828,26.413198,29.59025,32.558758,35.484165,34.15297,35.1143,30.96372,33.083744,28.408903,30.743734,27.781137,29.763273,27.037258,26.324781,27.573822,26.885668,27.739712,25.578545,26.017725,24.481674,22.536022,24.516802,20.819166,26.469046,22.724255,28.839684,27.798328,32.199703,35.670822,36.45831,35.20385,31.75677,36.057384,31.196201,35.87281,33.10498,35.7477,35.97024,37.204723,39.131474,39.9778,37.54961,39.040398,34.484516,36.0449,34.31095,34.676003,36.419678,32.708656,29.244007,26.943642,29.351295,25.424778,24.5954,26.800972,27.574799,28.399555,30.637985,32.253292,31.69209,33.863243,33.04456,32.630302,30.428732,32.972576,32.899185,29.832335,33.556915,31.47565,35.432713,35.087975,38.225437,37.48058,36.8428,38.086155,34.38452,31.398685,27.421679,26.95034,21.88601,22.629948,19.20907,18.342022,19.609634,17.27492,17.505997,22.519032,17.638977,15.461914,12.909031,13.014514,13.5594425,16.179043,17.478806,19.632896,20.246666,22.702513,22.325459,25.136045,23.728632,28.215366,28.50015,32.765266
1,3.4167619,0.0,3.2435036,7.2651787,9.065799,12.275468,13.4639635,18.326363,19.518497,23.31419,26.456177,29.53175,32.344097,30.966331,32.02423,27.91012,30.070637,25.527899,27.832071,25.184105,27.113,24.908453,24.281916,26.08661,25.208237,26.799017,24.484701,24.888248,22.825106,21.12037,22.388002,19.050804,24.312737,20.582699,26.65272,25.468884,30.120775,33.511333,34.210308,33.06853,29.414886,33.722847,28.851076,33.44833,30.809856,33.337097,33.77139,34.913372,37.164795,37.826313,35.537983,36.939102,32.50461,34.271873,32.48866,33.302746,34.866764,31.551535,28.032911,25.965332,27.918325,23.710306,23.171562,24.839685,26.164469,26.61589,29.366495,30.688227,30.484333,32.395256,31.229343,30.627588,28.192484,30.453934,30.236473,27.194002,30.817097,28.720604,32.705044,32.367004,35.60713,34.87621,33.94329,35.212925,31.721981,28.642147,24.6486,24.138958,19.195623,19.984747,16.96658,16.350983,18.166288,16.818563,17.076324,22.39107,17.983894,15.847092,13.492371,12.342706,11.989657,14.623814,15.046217,17.553131,18.21862,20.224577,19.665009,22.087803,20.65477,25.037088,25.23384,29.52619
2,6.413802,3.2435036,0.0,6.0057793,6.3534365,9.284826,11.313415,15.56633,17.170107,20.775177,24.260042,27.298506,29.846394,28.284506,29.218494,25.062439,26.98975,22.514261,24.641548,22.112143,23.92756,21.978367,21.47994,23.600481,22.723179,24.780062,22.525452,23.06499,20.613573,19.391134,20.071625,17.457018,22.560946,19.407171,25.169184,24.244125,29.048294,32.244564,32.608734,31.333265,27.394308,31.491161,26.523413,30.863808,28.17808,30.533884,30.984476,31.973175,34.44448,35.111546,32.944206,34.43684,30.172432,32.188557,30.672915,31.721638,33.412003,30.434273,26.878132,25.250906,27.050856,22.530205,21.93838,22.856876,24.42259,24.41632,27.465319,28.452295,28.374468,30.031048,28.655193,27.831484,25.35286,27.40096,27.2077,24.340094,27.992163,26.092136,30.172836,30.073236,33.44923,32.90113,31.70991,33.21897,29.979343,26.625568,22.71599,21.791204,17.210808,17.439856,14.80943,14.032655,16.181265,15.874381,15.794656,21.257732,17.34241,15.508499,13.291506,11.098672,10.211962,12.292395,12.069104,14.69349,15.421341,17.135225,16.49114,18.87446,17.479563,21.855665,22.228472,26.474392
3,9.9957905,7.2651787,6.0057793,0.0,5.2890334,7.5900216,6.522026,12.226151,12.958268,16.677729,19.821966,22.605991,25.668007,24.54819,25.707184,21.744444,24.74396,20.188885,23.489977,21.109676,24.183,22.663385,21.280079,24.3292,22.115059,25.296526,21.875977,21.42982,18.698744,16.515013,16.815191,13.1100855,17.43269,13.510175,19.510843,18.37488,23.101637,26.381847,27.017212,26.072063,22.47189,27.054638,22.443352,27.407001,25.349789,28.108746,29.24207,30.875183,33.210632,33.0039,30.780201,31.470978,26.995567,28.647858,26.19657,27.73598,28.589094,25.840748,22.364035,20.435745,21.512608,17.10319,17.29477,18.76889,21.18369,21.62047,25.210012,26.479616,27.457003,29.207886,27.446737,27.325449,24.045315,26.337875,25.393208,21.684942,24.87473,22.24586,26.008017,25.326548,28.476496,27.64079,26.86179,28.120964,24.513676,21.4381,17.448738,17.187094,12.010601,13.757131,11.039295,12.033768,14.777897,14.64624,16.37236,21.562151,18.543314,15.874664,14.904297,11.879657,8.972878,13.523987,12.347192,16.448599,18.167187,18.776632,17.02992,19.351923,16.223293,20.61378,19.867899,24.192469
4,11.814809,9.065799,6.3534365,5.2890334,0.0,4.1887245,6.7695704,10.27486,12.8518505,15.618643,20.083683,22.506538,24.85093,23.156193,23.629677,19.367617,21.366838,16.614124,19.369968,16.523382,19.398342,17.453218,16.25773,19.221697,17.398314,20.624146,17.681288,17.85288,14.839687,13.8652725,13.8064165,11.975764,16.959827,15.240832,20.17343,20.28218,24.912348,27.707441,27.398224,25.697166,21.507887,25.312347,20.25822,24.518696,21.867,24.323425,24.984354,26.288023,28.699734,28.997705,26.834974,28.140842,23.909794,26.037252,24.71196,26.006538,27.81804,25.279566,21.734962,20.823448,22.52366,17.656908,16.816296,16.797134,18.716898,18.339104,21.87054,22.638527,23.197823,24.687428,22.958998,22.450949,19.510103,21.788122,21.30483,18.129362,21.81051,19.964207,24.096348,24.306534,27.72971,27.518282,26.477556,28.49778,25.330088,21.525232,17.910402,16.128803,12.103121,11.208636,8.714323,8.09591,10.948268,12.356452,12.803769,18.083332,15.611901,13.817966,12.785711,8.714708,5.729353,8.614258,7.111425,11.204582,13.188973,13.822914,12.113288,15.425912,12.4259815,17.18411,17.374445,21.48263
5,15.379861,12.275468,9.284826,7.5900216,4.1887245,0.0,5.4021072,6.6112723,9.593669,12.182639,16.750061,19.297638,21.27641,19.411684,20.026001,15.81874,17.828518,13.418178,16.05958,14.063799,16.750345,16.126787,15.224147,19.131523,17.116877,21.444334,18.566364,18.704142,14.94324,14.71853,12.934024,12.479184,15.964867,14.6979065,18.984758,18.913614,23.766361,26.270481,25.749996,24.281828,19.776539,23.41103,18.467607,22.358633,20.027498,22.131287,23.200603,24.24812,27.26245,27.229399,25.407793,26.541737,22.708437,25.195738,23.890905,25.947973,27.399437,25.667755,22.250608,21.824507,22.64885,17.632467,17.391878,16.137482,19.024094,17.854513,22.144436,22.279171,23.431427,24.346867,22.034718,21.127882,17.825764,19.358484,18.568798,15.561904,18.95676,17.176613,21.341461,21.64472,25.251266,25.120121,23.455444,25.576607,22.945213,18.96699,15.505302,13.457165,10.286533,9.10254,8.479471,8.668962,12.211367,15.17356,15.482482,20.436686,18.77749,17.320118,16.534163,12.093501,8.698575,10.265335,6.5266337,10.866736,12.752077,12.0836525,9.872268,12.069985,8.729455,13.276065,13.293415,17.476917
6,16.386126,13.4639635,11.313415,6.522026,6.7695704,5.4021072,0.0,6.2438493,6.91602,10.209017,13.885365,16.340914,19.260895,18.135685,19.28423,15.444651,19.00869,14.706531,18.660517,16.931175,20.672827,20.247,18.533226,22.738998,19.662273,24.372686,20.500582,19.601604,16.010126,14.308304,12.570839,10.134637,12.469832,9.577113,14.562362,13.837007,18.76283,21.569025,21.673628,20.79487,16.823042,21.351786,16.924788,21.803305,20.315014,22.966772,24.75623,26.539387,29.20613,28.282831,26.340984,26.513645,22.345613,24.218647,21.568993,24.094393,24.4398,22.770144,19.456799,18.388771,18.319353,13.523271,14.453602,14.380719,18.164677,17.884752,22.45553,23.166317,25.207169,26.427717,23.981447,23.950266,20.02046,21.896273,20.310684,16.290373,18.965376,16.053625,19.725203,19.017635,22.312788,21.620335,20.517555,22.091576,18.8109,15.315662,11.451046,10.7913475,6.008403,8.257297,7.3476305,10.026292,13.611168,15.6538105,17.664364,22.324596,20.8249,18.494347,18.370459,14.208175,10.006709,14.042956,11.030404,15.779819,18.025455,17.154894,14.506841,16.24586,11.746003,15.743902,14.185173,18.395433
7,21.456018,18.326363,15.56633,12.226151,10.27486,6.6112723,6.2438493,0.0,4.638795,5.645654,10.881244,12.949329,14.703024,12.891564,13.704433,9.700089,12.960248,9.162134,12.97503,12.38473,15.952051,17.044598,15.693984,20.760752,17.675173,23.474356,20.051207,19.438726,15.116496,15.114936,11.131879,12.078841,12.421538,12.329526,14.854452,14.981916,19.651129,21.541378,20.628504,19.536497,14.880052,18.415405,14.052377,17.783125,16.527542,18.466436,20.603912,21.93271,25.301973,24.140318,22.72631,22.94175,19.580101,22.139328,20.322592,23.57934,24.070862,23.616684,20.60822,20.828312,20.198471,15.387274,16.222752,13.578018,18.02128,16.2812,21.52304,21.144217,23.676935,24.02663,20.938349,20.329441,16.176764,17.000792,15.096214,11.576147,13.895021,11.540115,15.442975,15.532117,19.233425,19.157879,17.01341,19.349697,17.263165,13.055132,10.119107,7.6055984,6.624507,5.7963924,8.494874,10.707306,14.402871,18.473042,19.583559,23.710012,23.31825,21.800894,21.823145,17.131836,13.09871,14.880157,10.403995,14.556617,16.730988,14.434616,11.338828,11.946392,6.631115,9.875752,8.047322,12.186885
8,22.681828,19.518497,17.170107,12.958268,12.8518505,9.593669,6.91602,4.638795,0.0,4.6601224,7.249258,10.245654,12.903559,11.956761,14.001635,10.938591,15.378546,12.575682,16.455593,16.658777,20.014622,21.627066,20.264118,25.36253,22.062176,27.891142,24.151701,23.116272,18.961287,18.142109,14.340557,13.94112,12.713621,10.715944,13.467944,11.913915,16.947296,19.048195,19.015696,19.051273,15.011631,19.24643,15.751492,19.886143,19.540274,21.548367,24.217728,25.724041,29.103418,27.363962,26.071075,25.576832,22.268484,24.408628,21.493269,25.333021,24.662271,24.53131,21.72979,21.369736,19.555473,15.239836,17.387049,15.659198,20.732111,19.541697,24.887701,24.776445,27.73869,28.17061,24.992416,24.631693,20.300154,20.891357,18.549791,14.843547,16.13937,12.948063,16.021683,14.88543,18.295414,17.457613,15.062467,16.4631,14.2907505,10.833722,7.409482,7.4957104,5.9244857,8.993166,11.324185,14.471862,18.16872,21.485514,23.279305,27.509548,26.824913,24.83096,24.868637,20.406307,16.16324,18.945988,14.692529,18.94735,20.896538,18.650654,15.736546,15.215283,10.654788,12.656659,9.491646,13.438862
9,26.413198,23.31419,20.775177,16.677729,15.618643,12.182639,10.209017,5.645654,4.6601224,0.0,6.2290053,7.387916,9.245023,7.960556,9.502283,6.584028,11.681659,9.551525,13.8912525,14.61339,18.448565,20.548565,18.933607,24.346205,20.652424,27.037825,23.276133,22.050232,17.794504,17.609232,12.775821,14.075917,11.284659,11.908227,12.287445,12.284396,16.4233,17.62709,16.551683,16.233992,11.923927,15.409853,12.335802,15.823479,16.05401,17.792435,20.898876,22.528858,25.92068,23.666769,22.658575,21.786825,18.992489,21.267971,18.67653,22.983404,22.24519,22.990435,20.548721,21.093601,18.992891,14.928624,16.913301,13.777712,19.18242,17.411133,22.97746,22.391247,25.929379,25.950241,22.469877,22.295612,17.772425,18.019785,15.188312,11.48739,11.933201,8.674316,11.552731,10.822856,14.452505,14.1853285,11.473394,13.830762,12.349167,8.160857,6.269202,4.3422136,6.917743,7.9490614,11.768587,14.892037,18.268345,22.40951,24.140762,27.714132,27.950945,26.273626,26.741583,22.087704,17.861433,20.02168,15.6496725,19.56471,21.779564,18.924196,15.719287,15.272935,10.070163,11.034466,7.220381,10.264737
10,29.59025,26.456177,24.260042,19.821966,20.083683,16.750061,13.885365,10.881244,7.249258,6.2290053,0.0,4.386129,7.3183284,7.9740415,11.440036,10.744492,15.908713,15.202894,18.841318,20.481092,23.654066,26.465021,25.091772,30.531748,26.86958,33.256596,29.38946,27.948626,23.826212,23.120663,18.586428,18.825972,14.845524,13.563474,13.573266,11.221132,15.149997,16.193064,16.354776,17.837229,14.801452,18.488976,16.861998,20.140942,21.332792,22.829012,26.326078,27.865574,31.386936,28.638384,27.922808,26.39887,23.98145,25.82834,22.297718,27.146904,25.091032,26.384792,24.320164,24.310177,20.858541,17.75714,20.952398,18.753113,24.444317,23.09394,28.626928,28.168291,31.98324,31.963354,28.399406,28.22748,23.721243,23.481424,20.446026,17.139322,16.501915,13.076225,14.308294,12.026161,14.75773,13.380402,9.741795,10.143374,9.623923,7.615736,6.5861907,8.844576,10.547335,13.888519,17.138271,20.66276,24.116995,27.690907,29.813105,33.570618,33.47597,31.453701,31.810637,27.323473,22.98993,25.69457,21.27359,25.210655,27.085802,24.18667,21.230476,19.50244,15.381707,15.23801,10.847829,12.973324
11,32.558758,29.53175,27.298506,22.605991,22.506538,19.297638,16.340914,12.949329,10.245654,7.387916,4.386129,0.0,4.485334,6.3196282,9.26956,9.757075,15.155963,15.02081,19.005442,20.643938,24.361713,27.09757,25.33264,30.800728,26.71344,33.307934,29.254864,27.470802,23.552938,22.925703,18.125992,18.969547,13.703014,14.152414,12.050536,11.101762,13.680626,13.720091,13.052716,14.655743,12.116602,15.195387,14.645523,17.47386,19.469961,20.900152,24.754908,26.636166,29.802057,26.461674,25.913036,23.761877,21.752693,23.310764,19.643269,24.852901,22.328983,24.415016,22.824379,23.37038,19.495144,17.009174,20.24878,17.552921,23.315426,21.938715,27.375208,26.810226,31.12959,30.96608,27.3335,27.634506,23.054,22.85836,19.47605,16.122501,14.529694,10.972106,11.011934,8.191382,10.572566,9.313715,5.3649516,6.5961223,6.7957945,4.8021398,6.423909,8.196332,11.707988,14.324709,17.920235,21.566166,24.66133,28.444962,30.807314,33.992958,34.556984,32.60834,33.394253,28.88342,24.530193,27.223513,22.996916,26.867046,29.058153,25.970942,22.807594,21.608961,16.975029,16.519629,12.113513,13.1161175
12,35.484165,32.344097,29.846394,25.668007,24.85093,21.27641,19.260895,14.703024,12.903559,9.245023,7.3183284,4.485334,0.0,3.224235,6.336468,8.60114,12.997105,14.385752,17.427582,20.016306,23.10388,26.660002,25.262444,30.792938,26.986044,33.771988,30.17845,28.68257,24.65733,24.880013,19.553722,21.699593,16.569328,18.187784,15.631186,15.5000305,17.636583,17.031479,15.484522,16.606855,13.935033,15.48054,15.397498,16.651892,18.968775,19.563923,23.520164,24.920109,28.429874,24.972446,24.959223,22.863283,21.765795,23.693777,20.981329,26.261208,24.12896,26.769545,25.353888,26.5283,22.94274,20.415499,23.107119,19.376612,24.910456,22.816393,28.23208,27.025343,31.386183,30.680779,26.84488,26.762476,22.437992,21.37663,17.94743,15.620942,13.202195,10.784933,10.1682205,8.617694,10.869819,10.691001,5.535466,7.8484006,10.207568,8.354858,10.472705,10.504796,15.011783,16.082077,20.264244,23.38207,26.350515,30.78811,32.62084,35.56736,36.527863,34.98027,35.72317,31.053427,26.86698,28.656721,24.182112,27.48672,29.471987,25.938303,22.927656,21.085604,17.07427,15.3922825,11.216326,10.687665
13,34.15297,30.966331,28.284506,24.54819,23.156193,19.411684,18.135685,12.891564,11.956761,7.960556,7.9740415,6.3196282,3.224235,0.0,4.0279,5.919363,9.949611,11.593162,14.267138,17.118591,19.933382,23.712364,22.55452,28.096909,24.566841,31.359472,28.084177,26.913408,22.740215,23.484186,17.945908,20.781796,16.416872,18.482933,16.469189,16.80462,19.457788,19.149849,17.243637,17.537855,14.102632,15.35328,14.460347,15.326219,17.108261,17.436594,21.195877,22.276072,26.087034,22.997868,23.031466,21.471071,20.427546,22.802776,20.83057,25.838308,24.495096,26.842102,25.181156,26.575985,23.647533,20.575598,22.699661,18.427425,23.7498,21.213161,26.671095,25.176264,29.27391,28.394142,24.505705,24.054293,19.845251,18.486591,15.176993,13.235345,11.091429,9.284531,9.618569,9.372737,12.295505,12.723566,8.024985,10.941635,12.602571,9.710371,11.072584,9.756703,14.445581,14.417762,18.851875,21.526266,24.487276,29.288897,30.675306,33.633953,34.64599,33.366993,33.9814,29.234074,25.205471,26.396332,21.805096,24.808554,26.688416,23.020285,20.085388,18.140966,14.304927,12.2988205,8.306083,7.5064754
14,35.1143,32.02423,29.218494,25.707184,23.629677,20.026001,19.28423,13.704433,14.001635,9.502283,11.440036,9.26956,6.336468,4.0279,0.0,4.3739095,7.181295,9.5948925,12.136216,14.902603,18.014585,21.632711,20.313522,25.735067,22.145613,28.978664,25.907482,24.795542,20.783007,22.124521,16.404549,20.329891,16.14041,19.69599,17.071747,18.726898,20.944214,20.311945,17.486153,16.777653,13.131879,13.076221,12.30341,11.917972,13.838142,13.725994,17.573336,18.688623,22.374449,19.128883,19.373617,17.84719,17.339108,19.933975,18.891922,23.689293,22.963863,25.548586,24.05371,26.091045,23.709696,20.64,22.048883,16.968897,21.832674,18.848345,24.090971,22.205736,26.407642,25.237314,21.301044,20.970198,16.906979,15.390199,11.927089,10.507087,7.5972934,7.008848,7.0981965,8.662034,11.61968,13.091085,9.326755,13.191468,14.595642,11.220634,12.911268,10.147325,15.486765,13.9035015,18.502674,20.706722,23.236729,28.42112,29.55182,31.979872,33.574753,32.627026,33.46338,28.726892,24.935228,25.567345,21.230984,23.83747,25.892967,22.12355,19.162457,17.952106,13.924171,11.822387,8.813824,6.9036503
15,30.96372,27.91012,25.062439,21.744444,19.367617,15.81874,15.444651,9.700089,10.938591,6.584028,10.744492,9.757075,8.60114,5.919363,4.3739095,0.0,5.706441,5.8093996,9.552428,11.449288,15.155673,18.158134,16.711077,22.238255,18.65568,25.453821,22.310955,21.374384,17.138884,18.503668,12.790819,16.770857,13.698579,17.102907,15.58636,17.36274,20.328875,20.429226,17.850555,16.55389,12.062784,13.019559,10.486955,11.380545,11.981278,12.560605,15.983012,17.233534,20.968529,18.413235,18.07011,17.282103,15.778227,18.666176,17.73324,22.077442,22.075712,23.767704,21.779287,23.602573,21.936256,18.19241,19.159933,14.100966,18.91841,15.902801,21.347635,19.683157,23.509827,22.6631,18.810566,18.361834,14.033543,13.168769,9.879015,7.441709,6.3854947,5.1760254,7.8910303,9.582829,13.230682,14.438649,11.372563,15.117701,15.147143,10.893897,11.2648,7.3952074,12.240226,9.833772,14.480002,16.488142,19.173174,24.396975,25.37972,28.08059,29.403778,28.465576,29.17765,24.419697,20.66441,21.245325,16.892202,19.694305,21.889093,18.321615,15.189362,14.680838,9.913511,8.903158,6.0200663,6.130202
16,33.083744,30.070637,26.98975,24.74396,21.366838,17.828518,19.00869,12.960248,15.378546,11.681659,15.908713,15.155963,12.997105,9.949611,7.181295,5.706441,0.0,5.1875973,5.185749,8.759758,11.044024,15.116153,14.523367,19.76904,17.123783,23.732468,21.707829,21.579622,17.485855,20.25193,14.662357,19.98945,18.11571,22.12638,20.76925,22.966372,25.867374,25.799652,22.757854,20.819668,16.344975,15.781771,13.2056875,11.767524,11.413257,10.321152,12.991604,12.960707,17.507349,15.701733,16.00895,16.372112,16.026329,19.557442,20.464647,24.095758,25.244629,26.928253,24.989796,27.359695,26.519375,22.643856,22.656979,16.890633,20.530817,16.5965,21.456142,18.842682,22.041658,20.382252,16.44086,14.930288,11.460957,8.833091,5.996333,7.0549088,6.332525,8.699619,11.02712,14.121527,17.381857,19.236181,16.187588,20.103107,20.672663,16.51171,16.888266,12.623503,16.941694,12.872628,17.25559,17.90463,20.053616,25.90343,25.800617,28.052015,29.83152,29.646013,30.187704,25.489073,22.398987,21.299284,17.077707,18.504549,20.280302,16.294546,13.711845,12.951536,9.845121,7.306778,7.4114037,5.25027
17,28.408903,25.527899,22.514261,20.188885,16.614124,13.418178,14.706531,9.162134,12.575682,9.551525,15.202894,15.02081,14.385752,11.593162,9.5948925,5.8093996,5.1875973,0.0,5.576674,5.6892033,10.260365,12.394945,10.968764,16.509218,13.325167,20.031288,17.450087,17.231653,12.891415,15.420865,9.971466,15.207988,14.544052,18.43611,17.989397,20.43217,23.703503,24.242956,21.482979,19.106077,14.19522,14.771456,10.712462,11.254931,9.582888,10.127615,12.327248,13.233549,17.106789,15.828159,15.0884695,15.834844,13.958295,17.45754,18.035694,21.179407,22.814054,23.55934,21.191254,23.266636,23.109396,18.798096,18.351257,12.879466,16.419838,12.732171,17.857689,15.851698,18.829628,17.911938,14.173075,13.149004,8.918773,8.47947,6.008595,3.943156,6.467203,7.3661456,11.260432,13.905129,17.511206,19.024939,16.81376,20.623714,19.892698,15.276692,14.67385,9.8607855,13.136244,8.100904,12.232472,12.723135,15.00248,20.778233,20.84378,23.377058,24.890343,24.528654,25.116467,20.405666,17.252161,16.513218,12.424806,14.533255,16.87683,13.404872,10.255605,11.473088,6.505569,7.0341287,7.2458453,8.1939945
18,30.743734,27.832071,24.641548,23.489977,19.369968,16.05958,18.660517,12.97503,16.455593,13.8912525,18.841318,19.005442,17.427582,14.267138,12.136216,9.552428,5.185749,5.576674,0.0,5.3000464,5.890135,10.5564785,11.007979,15.987134,14.49188,20.577913,19.454988,20.212936,16.154621,19.63267,14.706103,20.181107,20.1101,23.695286,23.50337,25.597923,29.033035,29.47425,26.643604,24.327053,19.53439,19.340487,15.751543,14.6962595,12.717248,11.605648,12.665354,11.610535,16.560417,16.375723,16.390806,18.172176,17.449078,21.2705,22.91755,25.6917,27.837183,28.662918,26.340767,28.56076,28.665854,24.306108,23.581566,18.0376,20.754606,16.608223,20.988695,18.232958,20.23409,18.502142,14.878101,12.164224,9.529017,6.408969,5.7908173,8.135203,9.83933,12.244215,15.418674,18.487087,21.935823,23.661247,20.805962,24.571722,24.597961,20.160124,19.642797,15.142244,18.158718,13.16423,16.811954,16.23769,18.166946,24.165953,23.083504,25.470911,27.00402,27.31917,27.4616,22.898716,20.44101,18.026588,13.949532,14.3047495,15.683785,11.595717,9.510318,9.206684,7.559532,5.608889,8.589129,7.996785
19,27.781137,25.184105,22.112143,21.109676,16.523382,14.063799,16.931175,12.38473,16.658777,14.61339,20.481092,20.643938,20.016306,17.118591,14.902603,11.449288,8.759758,5.6892033,5.3000464,0.0,6.224368,6.795743,5.9235063,11.277425,9.298515,15.50335,14.186992,15.15726,11.227627,15.148609,10.983935,16.712864,18.062231,22.047012,22.27836,25.04387,28.393206,29.134716,26.25064,23.255928,18.413067,18.458776,14.028545,13.789574,10.461403,10.4226055,10.487311,10.386615,14.296582,14.844117,13.925687,16.389683,14.69611,18.468369,20.554918,22.417723,25.438517,25.457571,22.944958,25.212349,26.30752,21.825844,20.204044,14.883179,16.57297,12.469034,16.451601,13.965563,15.455509,14.228553,10.888025,8.57613,5.47933,5.330377,5.7956986,6.619231,10.267102,12.284268,16.032091,19.108088,22.544943,24.275852,22.42058,26.28432,25.320423,20.63709,19.661238,14.779875,16.861425,10.840685,13.486059,11.985962,13.306062,19.38567,18.097893,20.205008,22.003006,22.500502,22.870573,18.459095,16.395208,13.648308,10.40151,10.733266,12.982884,9.736784,7.221778,10.548167,7.5170236,8.925381,11.453142,12.271058
20,29.763273,27.113,23.92756,24.183,19.398342,16.750345,20.672827,15.952051,20.014622,18.448565,23.654066,24.361713,23.10388,19.933382,18.014585,15.155673,11.044024,10.260365,5.890135,6.224368,0.0,6.558967,9.162915,12.777066,13.35693,18.045254,18.403408,20.255003,16.713041,20.806211,17.054869,22.34227,23.90534,27.140408,27.833124,29.910158,33.643967,34.435833,31.714474,29.054914,24.179224,24.065802,19.978357,19.007212,15.988962,14.827898,14.167829,12.023501,16.7318,18.337301,18.167635,21.190838,20.370733,24.243128,26.668585,28.507448,31.593513,31.672848,29.118748,31.229113,32.275635,27.656805,26.184998,21.066864,22.580332,18.469505,21.861883,19.037178,19.425068,17.59749,14.7811,10.785001,10.185689,7.4628196,9.467274,12.251981,14.945459,17.40923,20.857313,23.975624,27.457697,29.162807,26.513924,30.202805,29.872791,25.312994,24.23839,19.724,21.610655,16.169226,18.676533,16.720493,18.034796,23.842646,21.49732,23.763727,25.076204,26.12643,25.803194,21.670584,20.264587,16.136993,12.890616,11.219207,11.713823,7.849991,7.4618526,8.308123,9.493853,8.998544,13.142215,13.281015
21,27.037258,24.908453,21.978367,22.663385,17.453218,16.126787,20.247,17.044598,21.627066,20.548565,26.465021,27.09757,26.660002,23.712364,21.632711,18.158134,15.116153,12.394945,10.5564785,6.795743,6.558967,0.0,4.204542,6.3933487,8.143206,11.683102,12.731474,15.320449,12.613595,17.073769,14.943987,19.939577,23.102629,26.609175,27.72869,30.457874,34.006348,35.076473,32.31863,29.007359,24.27486,24.311546,19.687593,19.395477,15.352742,15.13748,13.279391,12.075812,15.061259,17.724894,16.628212,20.378054,18.746368,22.31092,25.271305,25.893854,29.96983,29.109768,26.441357,28.543001,30.771227,26.185987,23.692541,19.2071,19.169214,15.480214,17.684078,15.308202,14.314191,13.137975,11.36357,7.7411847,8.299774,8.8472595,11.449639,12.989701,16.758732,18.860073,22.608347,25.700077,29.08179,30.798746,29.139965,32.923985,31.663195,26.949234,25.501947,20.794552,21.691952,15.672835,16.693651,13.487379,13.598834,19.054932,15.986623,17.654278,19.313993,20.905708,20.761127,17.128687,16.716934,11.644441,10.345613,7.636726,9.103421,7.3519926,7.218933,12.090151,11.714401,13.66599,17.145233,18.200544
22,26.324781,24.281916,21.47994,21.280079,16.25773,15.224147,18.533226,15.693984,20.264118,18.933607,25.091772,25.33264,25.262444,22.55452,20.313522,16.711077,14.523367,10.968764,11.007979,5.9235063,9.162915,4.204542,0.0,5.564581,4.325146,9.669206,9.242612,11.355732,8.5257225,13.195637,11.249839,16.500826,19.71714,23.78999,24.554615,27.812632,30.999865,32.00413,29.12167,25.534246,20.969252,21.00586,16.27995,16.41946,12.131572,12.71642,11.032639,11.260524,13.387118,15.459996,13.776815,17.271276,15.042839,18.4379,21.364,21.750044,25.969625,24.983881,22.37502,24.65632,27.082264,22.673426,19.890911,15.373932,14.99059,11.335216,13.60324,11.463023,11.042538,10.413316,8.398263,6.36898,5.54869,8.372456,10.200898,10.523798,14.585519,16.356953,20.07884,23.100954,26.326998,28.072477,27.024967,30.875319,29.22414,24.525415,23.19516,18.373621,19.293243,13.020077,13.76275,10.626042,10.309948,16.059622,13.737286,15.055726,17.346601,18.585888,19.080408,15.293297,14.514518,10.48648,9.577685,8.577159,11.289429,9.887006,8.399631,14.008926,11.635673,14.298199,16.89309,18.159374
23,27.573822,26.08661,23.600481,24.3292,19.221697,19.131523,22.738998,20.760752,25.36253,24.346205,30.531748,30.800728,30.792938,28.096909,25.735067,22.238255,19.76904,16.509218,15.987134,11.277425,12.777066,6.3933487,5.564581,0.0,5.4255505,5.4645476,8.278924,11.74081,10.954861,15.51202,15.356441,19.890305,24.017815,28.062325,29.054447,32.54635,35.579002,36.655865,33.71596,29.799252,25.53931,25.280779,20.744167,20.590427,16.10373,16.495174,13.6337185,13.43096,14.041793,17.542183,15.760499,19.982916,18.039093,20.987642,24.712315,23.93891,29.00255,27.443588,24.96728,27.273104,30.593788,26.414417,22.937937,19.149014,17.186087,14.209871,14.345641,12.484878,9.514121,9.152683,9.368462,7.577335,9.623033,12.376145,14.930952,15.736982,19.606419,21.560595,25.076212,28.195532,31.234236,33.07659,32.367966,36.250088,34.40196,29.74025,28.327179,23.591011,24.029474,17.918388,17.672863,13.796616,12.124942,16.617895,13.017938,12.876658,15.729102,18.052765,18.48888,15.845725,16.5831,11.511014,12.784261,10.275704,12.277792,12.482636,12.320684,18.108803,16.754284,19.425491,22.331745,23.515345
24,26.885668,25.208237,22.723179,22.115059,17.398314,17.116877,19.662273,17.675173,22.062176,20.652424,26.86958,26.71344,26.986044,24.566841,22.145613,18.65568,17.123783,13.325167,14.49188,9.298515,13.35693,8.143206,4.325146,5.4255505,0.0,6.837791,5.330187,7.47487,5.923535,10.8431425,10.339926,15.329824,18.966553,23.624882,24.045965,27.964027,30.624525,31.553238,28.507334,24.473555,20.356503,20.154707,15.59165,15.962516,11.474667,12.794344,10.721955,12.177348,12.52622,14.588166,12.233344,15.748555,13.04457,15.920702,19.31061,18.739273,23.614805,22.215607,19.78921,22.345402,25.45026,21.439837,17.96378,13.853902,11.992638,8.792863,9.707628,8.005326,7.0205584,7.413697,6.3985,6.929177,6.4475303,10.832857,12.229418,11.699764,15.592984,17.093699,20.496483,23.452074,26.334896,28.159288,27.92297,31.808435,29.725914,25.151474,23.969273,19.206898,19.928013,13.763739,13.636923,10.404081,8.704543,13.956757,12.027931,12.059123,15.424856,16.736563,17.941591,14.654222,14.249693,11.093696,11.645041,11.312075,14.357962,13.765775,12.18238,18.06168,14.905426,17.893154,19.8652,21.161694
25,27.739712,26.799017,24.780062,25.296526,20.624146,21.444334,24.372686,23.474356,27.891142,27.037825,33.256596,33.307934,33.771988,31.359472,28.978664,25.453821,23.732468,20.031288,20.577913,15.50335,18.045254,11.683102,9.669206,5.4645476,6.837791,0.0,5.525724,9.258098,10.671667,14.38148,16.09293,19.628765,24.415579,28.599909,29.565523,33.50917,36.080658,37.219036,34.309635,30.067667,26.341713,26.120678,21.77087,22.130365,17.680529,18.799242,15.857137,16.734486,15.680902,19.032467,16.674059,20.64122,18.205017,20.311855,24.164536,22.21073,27.855385,25.578346,23.296108,25.568165,29.746716,26.043634,21.903446,19.145092,15.675082,13.913048,12.119913,11.495757,6.9773264,8.538079,10.527145,11.046386,12.759813,16.574764,18.638,18.531418,22.331396,23.824978,27.114658,29.99058,32.7102,34.496624,34.585564,38.39702,36.00647,31.514566,30.077303,25.561066,25.487194,19.741941,18.459772,14.524824,11.596948,14.5020485,11.037832,8.77728,12.896652,15.575792,16.708672,15.12553,16.632652,12.597621,15.388742,13.721084,16.044237,17.055517,16.622822,22.823797,20.67701,23.885664,26.248833,27.684378
26,25.578545,24.484701,22.525452,21.875977,17.681288,18.566364,20.500582,20.051207,24.151701,23.276133,29.38946,29.254864,30.17845,28.084177,25.907482,22.310955,21.707829,17.450087,19.454988,14.186992,18.403408,12.731474,9.242612,8.278924,5.330187,5.525724,0.0,3.8869865,5.7732606,8.965717,11.351949,14.437633,19.25223,23.57841,24.386927,28.52218,30.850796,32.03492,29.26567,25.043634,21.497347,21.768394,17.319366,18.718863,14.509793,16.65215,14.736278,16.869001,15.967358,17.83739,14.979571,17.952662,14.472671,16.243876,19.249935,17.391516,22.774927,20.273207,17.840204,20.071697,24.237804,20.634628,16.403357,13.980046,10.329553,9.201432,7.8596234,8.473414,6.1473885,8.956733,9.767492,11.739721,11.371661,16.044422,17.055197,15.539247,19.32829,20.032827,23.278679,25.715477,28.31529,29.890013,30.425852,34.07172,31.310484,26.974436,25.536432,21.25417,20.974987,15.582788,13.907771,10.500565,7.2068014,10.45314,8.845103,7.3020844,11.609071,12.987586,14.89367,12.613767,13.113966,11.089434,13.469185,13.660685,16.81787,17.334362,15.875047,22.141172,18.630535,22.2756,23.779997,25.553549
27,26.017725,24.888248,23.06499,21.42982,17.85288,18.704142,19.601604,19.438726,23.116272,22.050232,27.948626,27.470802,28.68257,26.913408,24.795542,21.374384,21.579622,17.231653,20.212936,15.15726,20.255003,15.320449,11.355732,11.74081,7.47487,9.258098,3.8869865,0.0,4.522416,6.228431,9.398392,11.967607,16.398798,21.146557,21.454725,25.97341,27.841719,28.915432,26.125513,21.797512,18.650719,19.048306,14.857155,16.8928,13.157652,15.987967,14.828423,17.809622,16.647179,17.409191,14.300501,16.303192,12.189955,13.338194,15.806504,13.705434,19.050262,16.396381,14.041471,16.502388,20.742517,17.498789,13.070972,11.001806,6.6125803,6.6314077,5.0356703,7.22051,7.172588,10.2546425,10.536931,13.533528,12.104464,17.022167,17.249554,14.827167,18.232668,18.373745,21.294233,23.40372,25.720976,27.209393,28.291538,31.828753,28.810255,24.698742,23.46676,19.42893,19.204166,14.308965,12.468029,10.105877,6.9422245,9.688329,10.175827,8.815318,12.950055,13.282377,15.793856,13.377922,13.014815,12.871946,14.686562,16.011257,19.433916,19.564425,17.540916,23.523903,19.149094,22.821613,23.611135,25.419321
28,24.481674,22.825106,20.613573,18.698744,14.839687,14.94324,16.010126,15.116496,18.961287,17.794504,23.826212,23.552938,24.65733,22.740215,20.783007,17.138884,17.485855,12.891415,16.154621,11.227627,16.713041,12.613595,8.5257225,10.954861,5.923535,10.671667,5.7732606,4.522416,0.0,5.030132,5.581319,9.6957035,13.749385,18.41405,18.899559,23.0248,25.43444,26.5781,23.860577,19.871817,15.995082,16.836008,11.99941,14.396766,10.56072,13.475274,13.030224,15.811782,15.998768,16.298252,13.466001,15.301623,11.051858,13.17281,14.93576,14.495712,18.873705,16.93691,14.194438,16.47702,19.677729,15.716108,12.060609,8.62237,6.8324194,4.866765,7.3771815,7.888627,9.307531,11.1103945,9.783652,11.850244,9.18674,13.8708725,13.7112055,10.862875,14.635895,14.631368,18.024557,20.15509,22.888868,24.301266,24.763582,28.332754,25.556696,21.202005,19.830826,15.524275,15.570413,10.110607,9.0118885,6.7788506,5.0098906,10.180154,10.641363,11.433591,14.299603,14.218778,16.094223,12.508254,10.976467,10.819121,11.205431,13.165594,16.72943,16.18814,13.731278,19.401094,14.721179,18.406693,19.106426,21.055094
29,22.536022,21.12037,19.391134,16.515013,13.8652725,14.71853,14.308304,15.114936,18.142109,17.609232,23.120663,22.925703,24.880013,23.484186,22.124521,18.503668,20.25193,15.420865,19.63267,15.148609,20.806211,17.073769,13.195637,15.51202,10.8431425,14.38148,8.965717,6.228431,5.030132,0.0,5.772018,5.7622356,11.076823,15.01365,16.02709,20.105568,22.268335,23.80097,21.682285,17.934341,14.643267,16.73067,12.139581,16.214851,13.362169,16.910492,17.24786,20.428556,20.441902,20.000816,17.057383,17.7514,12.822087,13.7785015,13.54259,12.93528,16.55586,13.595969,10.398768,11.85486,15.589958,11.762204,7.640761,6.8402786,5.123476,6.7077494,8.926634,11.197924,13.030116,15.477142,14.428552,16.842066,13.813673,18.279934,17.473904,13.570359,16.861576,15.539687,18.68216,19.78794,22.250332,23.099075,24.253408,27.319109,23.797998,19.863531,18.147934,14.788389,13.5772915,9.903657,7.1171145,6.5488644,5.147783,7.623177,10.592436,11.902253,13.812973,12.4172945,14.804976,11.549275,9.398373,12.096121,12.792366,15.899134,19.4831,19.31376,16.673174,22.00557,16.777626,20.861378,20.674408,23.16745
30,24.516802,22.388002,20.071625,16.815191,13.8064165,12.934024,12.570839,11.131879,14.340557,12.775821,18.586428,18.125992,19.553722,17.945908,16.404549,12.790819,14.662357,9.971466,14.706103,10.983935,17.054869,14.943987,11.249839,15.356441,10.339926,16.09293,11.351949,9.398392,5.581319,5.772018,0.0,6.603669,8.666833,13.730189,13.7312975,17.777185,20.294363,21.404558,18.828352,15.28435,10.966356,12.861925,7.6389475,11.69758,9.121728,12.581141,13.91126,16.95793,18.100702,16.895348,14.450654,14.757139,10.210059,12.325285,12.010023,13.556401,16.169867,15.0709915,12.192118,14.232571,15.883333,11.560751,9.257451,4.4736934,7.1419086,5.3859634,10.549797,10.901534,14.121464,15.250149,12.797563,14.548044,10.422108,14.110135,12.557189,8.10055,11.327199,9.9734955,13.503844,15.01881,17.926805,19.043736,19.421936,22.840572,19.997417,15.630403,14.33107,10.050761,10.617386,5.42658,5.827892,6.737989,7.7863054,12.525399,14.38525,16.30648,18.17669,17.088202,18.768476,14.587791,11.408886,13.147123,11.589288,14.978985,18.472946,17.046204,13.876901,18.249462,12.497773,15.944835,15.431568,17.592445
31,20.819166,19.050804,17.457018,13.1100855,11.975764,12.479184,10.134637,12.078841,13.94112,14.075917,18.825972,18.969547,21.699593,20.781796,20.329891,16.770857,19.98945,15.207988,20.181107,16.712864,22.34227,19.939577,16.500826,19.890305,15.329824,19.628765,14.437633,11.967607,9.6957035,5.7622356,6.603669,0.0,7.04549,9.301828,11.404712,14.67523,17.301655,19.373713,18.138418,15.381236,12.112187,15.953384,11.573666,17.033339,15.3187065,18.97961,20.419622,23.532185,24.39993,23.134598,20.515875,20.244492,15.299171,16.084505,13.497465,14.630871,16.003513,13.351622,9.849175,9.69937,11.848936,7.1695457,4.990963,6.368886,8.7832155,10.358366,13.981127,15.914224,18.509144,20.54317,18.781076,20.685123,16.8397,20.503012,18.90011,14.173534,16.884089,14.184506,17.263336,17.15995,19.688095,19.762615,20.86897,23.307217,19.322397,15.707953,13.40835,11.21327,8.629659,7.614542,4.3404937,7.3648148,8.676978,10.127776,13.997002,16.68196,17.12111,14.69085,16.529684,12.919122,9.238713,14.019794,13.328384,17.613935,20.996754,20.45012,17.46064,21.627167,15.927067,19.998308,18.744896,21.775795
32,26.469046,24.312737,22.560946,17.43269,16.959827,15.964867,12.469832,12.421538,12.713621,11.284659,14.845524,13.703014,16.569328,16.416872,16.14041,13.698579,18.11571,14.544052,20.1101,18.062231,23.90534,23.102629,19.71714,24.017815,18.966553,24.415579,19.25223,16.398798,13.749385,11.076823,8.666833,7.04549,0.0,7.3217483,5.151499,10.068558,11.712355,12.985092,11.223877,8.834462,5.6669717,10.686288,7.827236,13.837129,14.09157,17.623322,20.355282,23.762114,24.893375,22.196754,20.113539,18.29641,13.97621,14.348339,9.779406,13.369976,12.219185,11.913653,9.503597,10.182093,8.601463,4.6400294,6.6148157,5.8242207,11.09688,11.941652,16.437578,17.655209,21.751558,23.033516,20.5105,22.618265,18.157618,20.9316,18.284382,13.212861,14.071665,10.277113,12.060068,10.860354,12.956433,12.802188,14.555732,16.925373,12.939361,9.614654,8.652828,7.2061553,7.376014,8.425909,8.987162,12.926591,14.699521,17.056871,20.713896,22.930788,24.010317,21.711256,23.549765,19.74132,15.75473,19.907072,17.87774,22.209673,25.480764,23.862627,20.481321,23.22749,17.060001,19.796965,17.27629,19.556778
33,22.724255,20.582699,19.407171,13.510175,15.240832,14.6979065,9.577113,12.329526,10.715944,11.908227,13.563474,14.152414,18.187784,18.482933,19.69599,17.102907,22.12638,18.43611,23.695286,22.047012,27.140408,26.609175,23.78999,28.062325,23.624882,28.599909,23.57841,21.146557,18.41405,15.01365,13.730189,9.301828,7.3217483,0.0,6.548938,6.0310545,9.834312,13.004768,13.993811,13.9769745,11.915025,17.441277,14.772386,20.652987,20.70318,24.023933,26.66322,29.59689,31.299665,29.008524,26.94618,25.479637,21.128185,21.585997,16.727024,19.834055,17.99987,16.74154,14.150517,12.266053,9.834731,6.3265047,10.139509,12.315414,16.839338,18.106094,22.420597,23.959803,27.32099,28.887506,26.466452,27.921196,23.48524,25.926403,23.433884,18.466463,19.667385,15.539733,17.558678,15.236737,17.298056,15.785062,16.77567,17.554003,12.860518,10.819118,7.7561336,9.777801,5.7852654,11.223868,10.53077,14.8819,17.4155,18.329884,22.305922,25.679918,25.1818,22.158686,23.329945,19.844252,15.637723,21.026682,18.88562,23.717518,26.558456,25.399933,22.27024,24.2075,18.611282,21.696829,18.758322,22.010563
34,28.839684,26.65272,25.169184,19.510843,20.17343,18.984758,14.562362,14.854452,13.467944,12.287445,13.573266,12.050536,15.631186,16.469189,17.071747,15.58636,20.76925,17.989397,23.50337,22.27836,27.833124,27.72869,24.554615,29.054447,24.045965,29.565523,24.386927,21.454725,18.899559,16.02709,13.7312975,11.404712,5.151499,6.548938,0.0,6.070467,6.598903,8.063001,7.630171,7.627244,6.789882,12.220045,11.31307,16.837778,18.134142,21.361183,24.566175,27.915077,29.224384,26.005072,24.224705,21.717377,17.935085,17.828909,12.145863,16.358536,13.130727,13.717386,12.178895,11.836394,7.4530606,5.9072967,10.195681,10.800043,15.830615,16.890678,21.220331,22.449575,26.769302,27.953897,25.302202,27.33576,22.76172,25.016932,22.021633,17.086517,16.981768,12.704401,13.237781,10.338722,11.495963,10.071573,12.551844,13.740225,9.037381,7.396249,7.1467137,8.765041,8.90753,12.44928,13.289512,17.560913,19.602629,21.407028,25.374952,27.77766,28.506454,25.865444,27.589977,23.930813,19.788025,24.410187,22.059803,26.591288,29.677652,27.886715,24.48802,26.32284,20.312008,22.472301,19.157232,21.290573
35,27.798328,25.468884,24.244125,18.37488,20.28218,18.913614,13.837007,14.981916,11.913915,12.284396,11.221132,11.101762,15.5000305,16.80462,18.726898,17.36274,22.966372,20.43217,25.597923,25.04387,29.910158,30.457874,27.812632,32.54635,27.964027,33.50917,28.52218,25.97341,23.0248,20.105568,17.777185,14.67523,10.068558,6.0310545,6.070467,0.0,5.3927994,8.566944,10.898535,12.964988,12.104291,17.473957,16.357853,21.671757,22.878578,25.807434,29.100975,31.980322,33.96668,30.942621,29.327454,27.085005,23.424372,23.711348,18.199596,22.346628,18.991499,19.244907,17.505558,16.029198,11.453213,10.01367,14.664694,15.849535,21.00393,21.859652,26.476704,27.604239,31.591797,32.734856,29.919939,31.309591,26.653522,28.372887,25.3758,20.619745,20.592001,16.15756,16.930553,13.420758,14.713689,12.258741,13.265882,12.786936,7.890013,7.925356,6.200147,10.635395,9.129193,14.846518,15.6289835,20.07468,22.773588,24.220766,28.078455,31.321463,31.102684,28.162256,29.30466,25.672318,21.359304,26.31815,23.510193,28.25934,30.93294,29.171898,25.941418,26.71793,21.27761,23.241041,19.466454,22.091263
