,0,1,2,3,4,5,6,7,8,9,10,11,12,13,14,15,16,17,18,19,20,21,22,23,24,25,26,27,28,29,30,31,32,33,34,35,36,37,38,39,40,41,42,43,44,45,46,47,48,49,50,51,52,53,54,55,56,57,58,59,60,61,62,63,64,65,66,67,68,69,70,71,72,73,74,75,76,77,78,79,80,81,82,83,84,85,86,87,88,89,90,91,92,93,94,95,96,97,98,99,100,101,102,103,104,105,106,107,108,109,110,111
0,0.0,2.9804008,6.1386805,10.352222,11.142982,14.848733,16.931084,20.922802,22.905094,26.212534,29.28126,32.93743,34.465836,31.546377,32.25051,28.19184,29.33363,25.52026,26.77182,24.769053,25.895735,24.784748,24.54602,27.858955,27.050627,29.898647,26.984917,27.509686,25.018938,23.773432,24.513498,21.641975,27.00702,23.68647,29.691204,28.85105,33.265835,36.610695,36.18524,35.491653,31.543394,35.693943,30.788546,35.045647,32.518986,34.675537,35.152885,36.051945,38.477356,39.31358,37.08139,38.962635,34.68988,36.819744,35.063484,36.538754,38.334938,34.93852,31.439331,29.31908,31.200783,26.419064,26.217133,27.349764,28.95689,28.975052,32.215824,33.501423,32.848576,33.99933,31.827477,31.5029,28.938948,30.865797,30.95449,28.455034,32.14163,30.400717,34.529793,34.620247,38.01195,37.573822,37.470047,38.529526,34.64065,31.380066,27.517889,26.806753,22.137266,21.86397,19.335531,17.31635,19.274927,18.561632,21.293003,25.811316,21.897726,19.046333,17.629467,14.7243805,17.901978,12.921631,18.23852,16.440975,15.292663,19.487148,20.614008,24.391502,22.745865,27.37618,27.993792,32.074677
1,2.9804008,0.0,3.5187514,7.4814816,8.320206,12.072808,13.959267,18.05822,19.97229,23.291952,26.371363,29.980124,31.563711,28.689339,29.49758,25.47092,26.912045,23.08114,24.675917,22.793396,24.353497,23.491932,22.999178,26.696323,25.382454,28.72363,25.437094,25.726763,22.963583,21.63972,22.008701,19.150156,24.233507,20.90206,26.861383,26.000854,30.483665,33.77254,33.29142,32.672657,28.705832,32.925526,28.087582,32.39157,30.075588,32.278122,32.9958,34.036743,36.538445,37.08489,34.87904,36.55138,32.271408,34.396133,32.488396,34.223328,35.819798,32.63577,29.119505,27.090612,28.67944,23.85567,23.851572,24.802095,26.755186,26.720264,30.26139,31.505756,31.2245,32.283436,29.882,29.712036,26.844961,28.777683,28.62138,25.918438,29.48906,27.597649,31.684698,31.68801,35.079815,34.613464,34.49708,35.558422,31.679813,28.402504,24.539873,23.867268,19.177187,19.067005,16.688929,14.903946,17.220781,16.833878,20.064417,24.71337,21.094381,17.963505,16.709484,13.167326,16.165468,11.215714,16.01308,14.680946,13.827753,17.84165,18.614504,22.380796,20.252253,24.932495,25.320349,29.427866
2,6.1386805,3.5187514,0.0,6.0788093,5.9993663,9.912905,11.636229,15.552618,17.038519,20.64007,23.321146,27.150246,28.797981,25.94778,27.01581,23.178946,24.903387,21.418978,23.112843,21.86043,23.479406,23.450695,22.955185,27.18427,25.40465,29.480213,25.908838,26.012663,22.783861,21.567194,21.06797,18.498096,22.747349,19.139109,25.05937,23.73679,28.485693,31.701132,31.234392,30.964947,26.939909,31.26371,26.592365,30.801237,28.87841,30.955582,32.063698,33.072273,35.91432,36.09994,34.062366,35.47378,31.332521,33.54682,31.44123,33.70887,34.903744,32.175556,28.6648,26.779005,27.67216,22.879438,23.375738,23.855236,26.488739,26.185131,30.235266,31.249216,31.443771,32.203373,29.43174,29.202965,25.987587,27.56926,27.098057,24.338293,27.604946,25.551592,29.541483,29.36968,32.827568,32.239784,31.778555,32.71357,29.00748,25.847876,21.895754,21.567514,16.895388,17.30835,15.652259,14.367343,17.164225,17.539337,21.149418,25.911352,22.720911,19.437681,18.259165,14.070339,16.414106,11.535785,14.988932,13.75609,12.722535,16.367884,16.974386,20.091818,17.87511,22.415974,22.500767,26.715029
3,10.352222,7.4814816,6.0788093,0.0,5.237898,7.709758,7.1248035,12.4678755,13.945674,17.12924,20.36594,23.470812,25.452723,22.916805,24.136139,20.255236,22.970741,18.923456,21.98211,20.156729,23.358469,22.70977,21.201239,25.51884,22.71544,26.931019,22.5792,21.891073,18.727781,16.651659,16.36265,12.822949,17.06704,13.453692,19.405853,18.65026,23.075428,26.308594,25.859545,25.419243,21.666162,26.263771,21.769249,26.47152,24.9092,27.482128,28.8901,30.618107,32.948563,32.55574,30.298391,31.170218,26.70728,28.51182,25.863794,28.172804,29.05172,26.267277,22.801697,20.79025,21.614883,16.834387,17.525766,18.552376,21.326193,21.653439,25.780478,27.216774,28.06241,29.122974,26.27966,26.943424,23.247833,25.528786,24.5518,20.94527,24.083729,21.491701,25.319101,24.856777,28.07564,27.435204,27.707846,28.673635,24.539055,21.310116,17.518335,17.071966,11.976195,12.926199,10.492912,10.033117,13.488683,13.407443,18.205603,22.71963,20.000378,16.235294,15.9652815,11.449982,13.956891,10.502738,13.0688715,14.090557,14.637067,17.562674,16.956568,20.698807,16.66348,21.358519,20.754934,24.798338
4,11.142982,8.320206,5.9993663,5.237898,0.0,3.9150276,6.9446425,9.806586,12.10814,15.152766,18.492592,22.060614,23.357952,20.40775,21.204044,17.255934,19.114416,15.530398,17.702356,16.57177,18.945814,19.29305,18.44262,23.210505,20.730055,25.641838,21.76617,21.746212,18.00481,17.338408,15.778435,14.401567,18.094343,15.806067,20.878977,20.301617,25.07702,27.84623,26.685308,26.091755,21.73358,25.71798,20.982924,24.946991,23.098639,25.081034,26.411203,27.510311,30.482199,30.37868,28.462656,29.768797,25.826906,28.25511,26.49602,29.071802,30.387403,28.217304,24.693958,23.578928,24.222721,19.224295,19.538342,18.844704,21.964573,21.053509,25.548647,26.18574,26.851625,27.27506,24.172867,24.033417,20.474579,21.986336,21.252111,18.391052,21.610903,19.680546,23.751877,23.90853,27.471622,27.20375,26.682823,28.114109,24.679861,21.022621,17.284813,16.171251,12.251964,11.618861,10.841846,9.767905,12.76192,14.524536,18.132517,22.886919,20.57627,17.375956,16.22688,11.398272,12.420902,8.418409,9.657533,9.590454,9.750249,12.474192,12.107588,15.652951,12.32636,17.052162,17.132206,21.212824
5,14.848733,12.072808,9.912905,7.709758,3.9150276,0.0,5.3728147,6.2431974,9.459603,11.762353,15.680515,18.935707,19.911423,16.899837,17.448118,13.407739,15.450115,11.790832,14.494161,13.540719,16.606611,17.30198,16.146957,21.256966,18.202993,23.731697,19.675735,19.525755,15.416631,15.266177,12.687967,12.562862,15.5019245,14.480465,18.603958,18.649937,23.311768,25.673073,23.973387,23.133091,18.538923,22.192312,17.44422,21.16472,19.425266,21.317556,22.874218,24.062363,27.135715,26.754995,24.954855,26.137983,22.388748,24.981428,23.509348,26.340485,27.709883,26.033237,22.568745,22.092976,22.488493,17.490503,17.671965,15.938093,19.46655,18.032463,22.873373,23.180948,24.271288,24.402723,21.030937,20.989864,17.127705,18.55317,17.537724,14.555862,17.69987,15.869719,19.999153,20.440098,24.071682,24.071419,23.499638,25.324923,22.166115,18.153116,14.709755,12.861692,9.922213,8.119201,8.544706,7.905757,10.833944,13.722256,17.131546,21.683247,20.131908,17.142073,16.110018,11.2431,10.97071,8.435102,6.9190416,8.334312,9.611201,11.10091,9.73354,13.4637,9.033242,13.8367605,13.867499,17.765644
6,16.931084,13.959267,11.636229,7.1248035,6.9446425,5.3728147,0.0,6.143645,7.2689557,10.092073,13.589035,16.411459,18.376503,15.977129,17.47655,13.906933,17.638174,14.050317,18.030624,17.07151,21.117071,21.519846,19.630005,24.586313,20.69705,26.110865,21.322456,20.15082,16.255323,14.679251,12.171545,10.18645,11.843431,9.309567,14.0561075,13.5327215,18.246002,20.91049,19.824772,19.57893,15.527145,20.114054,15.968754,20.463526,19.770863,22.208008,24.405512,26.34359,28.96764,27.713247,25.76253,25.98297,21.86426,23.787472,20.998037,24.325064,24.615631,23.025131,19.70023,18.660725,18.136194,13.4498005,14.836057,14.136939,18.330875,17.965076,22.974043,23.872677,25.825434,26.303522,22.856472,23.765593,19.411749,21.29803,19.519093,15.502733,17.91604,14.8928585,18.52171,17.907766,21.25216,20.678965,20.67161,21.911089,18.086336,14.488456,10.762802,10.100315,5.3631625,7.1284256,7.1134624,8.605688,12.385603,14.171054,18.937063,23.106394,21.72686,18.218857,18.180157,13.415403,13.8749485,12.2924385,10.92825,13.575799,14.957262,16.213469,14.434625,17.351698,11.955097,16.149193,14.684646,18.52531
7,20.922802,18.05822,15.552618,12.4678755,9.806586,6.2431974,6.143645,0.0,4.5863085,5.560469,9.945094,12.835098,13.680033,10.752802,11.72002,8.0726,11.778372,9.070812,12.966472,13.305249,17.179924,18.927895,17.375748,22.724316,18.67602,24.99438,20.628706,19.874535,15.4492,15.602641,11.117897,12.568188,12.461928,12.746186,15.021153,15.2340555,19.74906,21.416819,19.183578,18.659866,13.984352,17.416664,13.329006,16.596714,16.073994,17.742668,20.293217,21.75699,25.063606,23.624146,22.20572,22.527205,19.261644,21.842152,20.168766,23.959965,24.558346,24.091085,20.970783,21.257656,20.36148,15.97736,16.850061,13.6987915,18.404913,16.479189,21.94877,21.783255,24.057299,23.65867,19.772345,20.105516,15.614558,16.474213,14.364382,10.9046955,12.874423,10.486236,14.31631,14.59115,18.332186,18.4008,17.408636,19.513681,16.890013,12.656741,9.689924,7.4181166,6.812284,5.244079,8.949211,10.231408,12.863071,16.497635,19.916857,23.831177,23.376524,20.580492,20.054232,15.519601,14.070493,13.536153,9.10036,11.968618,13.696055,13.25518,10.708352,12.683974,6.564761,10.243185,8.8436985,12.53442
8,22.905094,19.97229,17.038519,13.945674,12.10814,9.459603,7.2689557,4.5863085,0.0,4.5543494,6.4908867,10.162339,12.032615,9.687979,12.151036,9.854576,14.448556,12.87399,16.59522,17.638685,21.229738,23.44008,21.913008,27.243656,23.01652,29.32724,24.756763,23.59406,19.303371,18.800947,14.348268,14.780479,12.947265,11.716453,13.88023,12.510065,17.359789,19.057499,17.459167,18.14091,14.11029,18.079535,15.042848,18.271503,18.910759,20.513563,23.609253,25.188448,28.536898,26.480288,25.252209,24.831472,21.730944,23.887045,21.285248,25.711903,25.181837,25.198795,22.34065,22.252317,20.134945,16.44474,18.493002,15.93107,21.128117,19.72471,25.26792,25.253347,28.015076,27.60746,23.641422,24.17367,19.577753,20.10495,17.552902,14.0548725,14.834434,11.683325,14.548584,13.607944,17.175762,16.510172,14.970194,16.2702,13.621814,10.122377,6.674706,7.0402107,6.115441,8.4819,11.880005,13.900074,16.93636,19.989042,24.006361,27.84189,27.319654,24.241838,24.014618,19.365513,18.416386,17.526436,13.642251,16.055786,17.156807,16.722466,14.489364,14.91633,9.541463,11.884722,8.873352,12.612524
9,26.212534,23.291952,20.64007,17.12924,15.152766,11.762353,10.092073,5.560469,4.5543494,0.0,5.513858,7.342506,8.36201,5.9531975,8.131063,6.226778,11.642588,10.56855,14.831259,16.035536,20.179352,22.40859,20.602655,25.77251,21.161253,27.653137,23.16166,21.861652,17.625814,17.731833,12.498995,14.579743,11.5007925,12.812244,12.81609,13.039287,17.017115,17.847944,15.199007,15.29045,11.019449,14.134924,11.469822,14.021943,15.202944,16.603088,20.062077,21.83001,25.064821,22.545408,21.536234,20.776829,18.126337,20.371197,18.29005,22.933481,22.509523,23.260275,20.670435,21.497873,19.305058,15.983718,17.583704,13.764306,19.103725,17.158407,22.738518,22.310883,25.560051,24.840654,20.77739,21.563433,16.895649,17.282,14.267948,10.6837845,10.628516,7.3569746,10.069454,9.655228,13.414097,13.393491,11.88743,14.222192,12.26154,7.9890704,6.203178,4.1629825,7.349347,7.57688,12.069416,14.322843,16.616482,20.188196,23.633274,26.949903,27.196798,24.521534,24.418718,20.196993,18.41569,18.775232,13.724356,16.95896,18.74927,17.518341,14.667054,15.130555,9.282125,10.517129,7.2554984,9.844852
10,29.28126,26.371363,23.321146,20.36594,18.492592,15.680515,13.589035,9.945094,6.4908867,5.513858,0.0,4.912548,6.9587913,5.9069676,9.763327,10.07197,14.953145,15.309707,18.668364,20.846333,24.20612,27.256548,25.78889,31.022984,26.52339,33.09147,28.658567,27.292034,23.111624,23.003195,17.883677,19.332575,15.306422,15.193133,14.871635,13.220844,17.152132,17.647964,15.734771,17.357584,14.1871195,17.133217,15.847409,17.64748,19.769863,20.681858,24.460314,25.930126,29.441477,26.528116,25.930817,24.657026,22.572544,24.519518,21.952211,27.048811,25.618998,26.992174,24.736616,25.287851,22.018263,19.526224,21.977167,18.641214,24.115557,22.375431,27.900663,27.377678,30.84346,29.919485,25.808218,26.367178,21.838116,21.497091,18.355846,15.496339,14.344176,11.33096,12.352476,10.7194605,13.878052,13.01997,9.816258,11.024082,10.213654,7.7747927,6.691415,8.302137,10.673412,12.928617,17.06905,19.442282,22.004078,25.366756,29.061518,32.43899,32.569263,29.736975,29.638395,25.223843,23.687193,23.47378,18.662647,21.133604,22.2224,20.812819,18.374208,17.09416,12.600328,12.397229,8.025652,10.041566
11,32.93743,29.980124,27.150246,23.470812,22.060614,18.935707,16.411459,12.835098,10.162339,7.342506,4.912548,0.0,4.112196,5.571001,9.20172,10.722361,15.890894,16.424059,20.296314,22.160845,26.16069,28.789972,26.887188,31.778885,26.871363,33.258575,28.74982,26.966463,23.15962,23.005754,17.826035,19.725075,14.306474,15.73882,13.280136,12.789705,15.373718,14.815934,12.1935625,13.940155,11.6089,13.768658,13.9239645,15.08089,18.29639,19.211008,23.337196,25.267931,28.238905,24.610361,24.1687,22.068197,20.416126,21.885012,19.18274,24.548454,22.535686,24.77754,23.044199,24.165775,20.399467,18.82652,21.28714,17.638273,23.031925,21.450733,26.69684,26.13347,30.196402,29.243982,25.248575,26.405392,21.913298,21.790245,18.285593,15.275278,13.039365,9.821119,9.156362,6.632601,9.263116,8.461099,5.010429,7.247581,7.399088,5.232515,7.0576506,8.128817,12.264205,14.145612,18.277584,21.03985,23.202162,26.44454,30.00966,32.805836,33.529453,30.890858,31.162237,27.13937,25.347881,26.058533,20.908762,24.14363,25.781527,24.151306,21.324646,20.474594,15.621108,14.933599,10.790037,11.124632
12,34.465836,31.563711,28.797981,25.452723,23.357952,19.911423,18.376503,13.680033,12.032615,8.36201,6.9587913,4.112196,0.0,3.4446995,6.1046805,9.063192,13.380659,14.996087,18.23385,20.669731,24.278107,27.359009,25.712322,30.469067,25.752678,32.26381,28.208199,26.783468,22.962887,23.677687,18.121687,21.293957,16.291946,18.871382,16.18739,16.60615,18.976505,18.059155,14.708721,15.498531,12.826814,13.442388,13.709899,13.420589,16.663822,16.808697,20.980783,22.48998,25.74462,22.10408,22.120258,20.206234,19.380322,21.273985,19.768702,24.918167,23.584185,26.144716,24.46145,26.20731,22.980585,21.191519,22.933882,18.340296,23.451035,21.065226,26.192604,24.9963,29.00166,27.566195,23.552351,24.321817,20.139778,19.319078,15.787201,13.721882,10.730042,8.786081,7.607868,6.9731917,9.603216,10.121556,6.2278137,9.717442,11.125644,8.700307,10.4814005,9.777767,14.756255,14.960955,19.557316,21.926733,23.534998,27.342463,30.167738,32.78073,33.874092,31.630323,31.634739,27.826548,25.412312,26.503113,20.716301,23.794428,25.539078,23.29409,20.366165,19.070894,14.802027,13.035516,9.384066,8.20749
13,31.546377,28.689339,25.94778,22.916805,20.40775,16.899837,15.977129,10.752802,9.687979,5.9531975,5.9069676,5.571001,3.4446995,0.0,4.029558,6.0983167,10.572025,12.06027,15.17947,17.739616,21.164835,24.400091,22.953615,27.90561,23.400597,30.06762,26.104963,25.003225,20.926401,21.91052,16.244394,19.63525,15.6103,18.00084,16.349041,16.77951,19.874945,19.577564,16.286163,16.563065,12.984856,14.070399,13.005323,13.192609,15.4548025,15.6340275,19.555183,20.808825,24.424274,21.351458,21.187765,20.000492,18.794867,21.160122,19.991709,24.87367,24.24457,26.16782,24.086971,25.691814,23.06689,20.532957,21.947485,17.199224,22.31279,19.614468,24.947332,23.690987,27.285496,25.834465,21.715359,22.112192,17.855516,16.9447,13.57136,11.524551,9.320062,7.5470953,8.154962,8.481334,11.836411,12.465948,9.255115,12.457359,12.824108,9.481107,9.974576,8.441049,13.097365,12.571254,17.368702,19.406612,21.014328,25.074755,27.746803,30.639597,31.506165,29.278069,29.02346,25.10646,22.609991,23.457977,17.596624,20.439081,22.12143,19.854393,16.951002,15.761947,11.360244,9.799007,6.146328,5.814114
14,32.25051,29.49758,27.01581,24.136139,21.204044,17.448118,17.47655,11.72002,12.151036,8.131063,9.763327,9.20172,6.1046805,4.029558,0.0,4.382174,7.376497,9.786637,12.398155,15.1744995,18.470634,21.791557,20.479517,25.181572,20.868322,27.533628,24.047628,23.320667,19.352968,21.20735,15.432828,20.01608,16.676456,20.20649,18.363262,19.799595,22.648396,22.189878,18.340185,17.591377,13.712422,13.5179,12.129071,11.083244,12.793101,12.268433,16.076235,16.993254,20.818134,17.937147,18.062056,17.348505,16.750568,19.576788,19.662428,24.067911,24.326885,26.27587,24.209227,26.372261,24.480097,21.719332,22.294344,16.79911,21.37476,17.935425,23.015635,21.195034,24.614317,22.769567,18.683979,18.760887,14.826378,13.393994,9.995015,8.985619,6.3086824,6.5849495,7.490138,9.768906,12.945188,14.484486,11.904675,15.682939,16.189545,12.494422,13.094175,10.148307,15.123935,12.795725,17.656176,19.210701,20.087952,24.574806,26.402185,29.008316,30.272749,28.511068,28.048622,24.531105,21.432526,22.877714,16.546902,19.415712,21.42533,18.678839,15.596913,14.704319,10.709376,8.490267,6.6165133,4.646902
15,28.19184,25.47092,23.178946,20.255236,17.255934,13.407739,13.906933,8.0726,9.854576,6.226778,10.07197,10.722361,9.063192,6.0983167,4.382174,0.0,5.7104974,5.9733715,9.731009,11.672403,15.598765,18.351448,16.868958,21.85449,17.518091,24.278536,20.583422,20.001587,15.771274,17.622305,11.908214,16.492214,14.404291,17.781263,17.001186,18.673979,22.007652,22.231209,18.588694,17.353365,12.741337,13.547789,10.495035,10.984562,11.235397,11.5473385,14.854897,16.006062,19.764448,17.596806,17.054356,17.087431,15.430889,18.522673,18.518717,22.54172,23.436008,24.47984,21.981388,23.849033,22.678726,19.198456,19.391365,14.037812,18.561987,15.123279,20.455946,18.965492,21.95407,20.472822,16.306091,16.408411,12.060267,11.468232,8.325163,6.0818295,5.834874,5.4834414,8.740737,10.957367,14.578198,15.904661,14.264747,17.75365,16.973034,12.591539,12.066834,8.205106,12.343356,8.900987,13.733513,14.984585,15.896914,20.471758,22.35999,25.277092,26.222471,24.365656,23.796505,20.18648,17.1487,18.510212,12.219885,15.386449,17.666344,15.319847,12.057893,12.587428,7.3692465,7.1217675,6.1080647,6.8062797
16,29.33363,26.912045,24.903387,22.970741,19.114416,15.450115,17.638174,11.778372,14.448556,11.642588,14.953145,15.890894,13.380659,10.572025,7.376497,5.7104974,0.0,5.1831093,5.1618695,8.886017,11.190919,15.09218,14.603766,19.29835,15.988594,22.7009,20.174932,20.640228,16.624504,19.80207,14.539956,20.014002,19.223492,22.868053,22.393744,24.295074,27.647032,27.807528,23.945599,22.203918,17.610598,17.282606,14.0887,13.118263,11.82325,10.642403,12.828785,12.43281,17.145988,16.143734,16.16652,17.53833,16.881437,20.552763,22.12221,25.336803,27.292006,28.18815,25.67082,27.89024,27.532711,23.783733,23.135042,17.436409,20.906364,16.537794,21.19919,18.817541,20.858143,18.619194,14.639075,13.201054,9.928394,7.2830396,5.184017,6.9846125,7.532701,10.005444,12.758496,15.915706,19.201874,20.997057,19.105692,22.802237,22.540663,18.258398,17.694864,13.756144,17.300596,12.681853,16.942596,17.086084,16.982128,22.088453,22.527386,25.2761,26.450806,25.31383,24.107756,21.028175,17.229717,18.776222,12.238507,14.217535,16.41128,13.086973,10.0378475,10.207111,7.5802093,5.849942,8.280056,7.7070312
17,25.52026,23.08114,21.418978,18.923456,15.530398,11.790832,14.050317,9.070812,12.87399,10.56855,15.309707,16.424059,14.996087,12.06027,9.786637,5.9733715,5.1831093,0.0,5.603889,5.7456207,10.523239,12.41697,10.974766,16.087341,12.189063,19.018208,15.825849,16.135448,11.874442,14.885172,9.913628,15.311698,15.761716,19.462551,19.663523,22.039494,25.445656,26.110052,22.468374,20.261385,15.359732,15.925206,11.520365,12.31522,9.894224,10.33774,12.064417,12.833333,16.593555,15.942946,14.931961,16.588533,14.53671,18.149996,19.332533,22.122252,24.515388,24.547747,21.722818,23.663912,24.018032,19.826323,18.731842,13.394261,16.632423,12.539173,17.441277,15.74494,17.587675,16.129889,12.089457,11.528078,7.274264,7.4140058,5.7523746,4.3792996,7.768035,8.969828,12.877463,15.683199,19.116516,20.705257,19.891272,23.390638,21.98128,17.310211,16.157166,11.669035,14.22087,8.542024,12.190166,12.044317,11.809962,16.905365,17.592562,20.580156,21.514847,20.189537,19.127,16.025951,12.290258,14.263295,7.7179327,11.052284,14.045768,11.796478,8.375634,11.471351,6.8110533,8.524698,10.182559,11.32935
18,26.77182,24.675917,23.112843,21.98211,17.702356,14.494161,18.030624,12.966472,16.59522,14.831259,18.668364,20.296314,18.23385,15.17947,12.398155,9.731009,5.1618695,5.603889,0.0,5.3495784,6.074784,10.546757,11.014739,15.7259655,13.562136,19.991568,18.207947,19.575146,15.714086,19.424305,15.087224,20.373259,21.343477,24.609749,25.15352,27.10912,30.761147,31.388506,27.715424,25.62839,20.79887,20.81418,16.784636,16.460732,13.666708,12.71953,13.330688,12.153238,16.901508,17.465216,17.144567,19.713448,18.670372,22.527836,24.543623,26.974388,29.782185,29.842583,27.038591,29.019209,29.60008,25.304705,24.02142,18.76975,21.385538,16.911982,21.05207,18.68288,19.426043,17.255716,13.693231,11.089993,8.785472,6.1506534,6.756791,9.100788,11.500557,13.83078,17.186163,20.303787,23.680729,25.403765,23.85586,27.39868,26.582855,22.092772,20.858252,16.797575,19.08351,13.714279,16.974709,16.031782,15.310659,20.507614,20.01068,22.977451,23.806318,23.063566,21.278893,18.559406,14.531376,15.833788,9.831748,10.602525,12.855849,9.383163,6.7007737,8.746531,7.7880125,7.9631233,11.643511,12.175988
19,24.769053,22.793396,21.86043,20.156729,16.57177,13.540719,17.07151,13.305249,17.638685,16.035536,20.846333,22.160845,20.669731,17.739616,15.1744995,11.672403,8.886017,5.7456207,5.3495784,0.0,6.3395643,6.69244,5.878146,10.980604,8.474911,14.934926,13.0105715,14.699081,11.102675,15.207891,11.934028,17.227415,19.5524,23.249535,24.043655,26.758345,30.126728,31.007406,27.385578,24.633047,19.827553,20.012754,15.327042,15.886298,11.903285,12.025535,11.63924,11.447618,14.942875,16.17456,14.989294,18.1296,16.240742,19.995314,22.261713,23.830309,27.402927,26.701567,23.791142,25.762741,27.324556,22.834177,20.739246,15.905696,17.489485,13.147134,16.784002,14.805227,14.888751,13.340147,10.035591,8.013485,5.5530863,6.2339916,7.615648,8.444507,12.283157,14.189136,17.949005,21.038712,24.274237,26.04452,25.550617,29.094465,27.494257,22.763508,21.379696,16.848122,18.443756,12.261361,14.220475,12.630454,10.917631,16.01799,14.825564,17.654991,18.607485,18.178453,16.424623,14.348569,9.955415,12.504824,7.1158776,9.229431,12.585148,10.549941,7.93818,12.721868,10.2426605,12.293304,15.136754,16.199045
20,25.895735,24.353497,23.479406,23.358469,18.945814,16.606611,21.117071,17.179924,21.229738,20.179352,24.20612,26.16069,24.278107,21.164835,18.470634,15.598765,11.190919,10.523239,6.074784,6.3395643,0.0,6.5489674,9.160548,12.842738,12.949939,18.136328,17.773874,20.227623,17.054546,21.157442,18.16669,23.005018,25.494099,28.481321,29.75306,31.820711,35.589535,36.529995,32.97485,30.552328,25.690855,25.745796,21.33454,21.24083,17.479427,16.596584,15.67122,13.680435,17.879618,20.080967,19.595842,23.174618,22.076294,25.933449,28.506395,30.047615,33.682827,33.032,30.094955,31.902582,33.419624,28.795256,26.860374,22.205383,23.708235,19.348152,22.462387,20.114374,19.23058,17.176683,14.663818,10.90629,10.767449,8.870072,11.372763,13.906829,16.952164,19.326092,22.847458,26.019716,29.362337,31.110575,29.827728,33.311703,32.174953,27.590578,25.987259,21.91317,23.258718,17.601866,19.626749,17.631207,16.107893,20.911087,19.000692,21.874264,22.368225,22.360418,19.897356,18.073149,14.075556,15.075852,10.980612,9.750685,11.619192,8.619138,7.8031416,11.110333,12.144614,13.167039,17.1645,18.008356
21,24.784748,23.491932,23.450695,22.70977,19.29305,17.30198,21.519846,18.927895,23.44008,22.40859,27.256548,28.789972,27.359009,24.400091,21.791557,18.351448,15.09218,12.41697,10.546757,6.69244,6.5489674,0.0,4.0477586,6.663879,8.159383,12.088546,12.454132,15.6080265,13.44581,17.743109,16.43741,20.885132,24.694706,28.111237,29.507063,32.3724,35.722393,36.85266,33.35455,30.259106,25.607363,25.683979,20.92039,21.490644,16.84056,16.862299,14.87363,13.8643675,16.289433,19.314754,18.030283,22.132923,20.389729,23.927828,26.844072,27.26487,31.737461,30.280144,27.365543,29.163063,31.794012,27.141815,24.312536,20.382746,20.440619,16.547064,18.464035,16.620436,14.466547,13.267425,11.809951,8.786984,9.685011,10.614222,13.365048,14.76109,18.611069,20.655828,24.350487,27.500254,30.610954,32.435726,32.19587,35.712585,33.877426,29.121883,27.495117,23.044754,23.813967,17.691133,18.223938,15.599482,12.895049,16.960659,13.625459,15.977881,16.658476,17.442856,14.913095,14.49327,10.438526,12.870482,10.615708,10.601101,13.428927,12.339476,11.425012,16.596909,15.802631,18.031523,21.349676,22.489067
22,24.54602,22.999178,22.955185,21.201239,18.44262,16.146957,19.630005,17.375748,21.913008,20.602655,25.78889,26.887188,25.712322,22.953615,20.479517,16.868958,14.603766,10.974766,11.014739,5.878146,9.160548,4.0477586,0.0,5.4768724,4.428125,9.589233,8.726242,11.62997,9.4583235,13.915865,12.922008,17.506495,21.374584,25.261984,26.329199,29.651747,32.66178,33.743816,30.236387,26.888191,22.39599,22.499977,17.666618,18.657095,13.863784,14.596499,12.745372,12.94085,14.619983,17.110067,15.308318,19.177366,16.90378,20.2718,23.080873,23.306538,27.872965,26.29123,23.419477,25.350819,28.162052,23.645557,20.56564,16.687325,16.421549,12.638349,14.559333,13.047738,11.269215,10.625188,8.890275,7.4025106,7.2978163,10.0276165,12.114235,12.44394,16.533878,18.227144,21.90752,24.946024,27.888815,29.72081,30.028881,33.539772,31.432703,26.664562,25.217398,20.580507,21.41953,15.141393,15.303008,12.869505,9.718527,13.817917,10.610273,12.828664,14.021587,14.649796,12.667182,12.341346,7.975567,11.8353815,9.27845,11.176422,14.667303,13.945823,12.238552,17.83146,15.508049,18.105652,20.771729,21.95931
23,27.858955,26.696323,27.18427,25.51884,23.210505,21.256966,24.586313,22.724316,27.243656,25.77251,31.022984,31.778885,30.469067,27.90561,25.181572,21.85449,19.29835,16.087341,15.7259655,10.980604,12.842738,6.663879,5.4768724,0.0,5.5640826,5.7285514,8.271603,12.128454,11.989142,16.395702,16.76427,21.049675,25.272882,29.574955,30.357788,34.18267,36.780907,37.740883,34.128246,30.318127,26.220999,25.714079,21.258568,21.78209,16.708773,17.22839,14.200684,14.156278,14.216112,17.926071,16.122005,20.561045,18.793705,21.772417,25.46185,24.544392,29.89234,28.034508,25.499193,27.687174,31.252972,27.039442,23.32494,19.927557,18.204035,14.851779,14.69298,13.127802,9.350367,9.11422,9.721409,8.432417,10.722699,13.417182,16.013248,16.844078,20.602942,22.635231,25.942474,29.184067,31.78702,33.847645,34.555798,38.199127,36.095886,31.355572,30.150858,25.389706,26.284355,20.038122,19.588173,17.04747,13.36698,16.159485,11.173692,11.500801,13.52636,15.616708,13.728742,15.253646,11.638837,15.70985,14.533781,15.976727,19.163677,18.669687,17.39125,22.81155,20.932934,23.246183,26.033522,26.86781
24,27.050627,25.382454,25.40465,22.71544,20.730055,18.202993,20.69705,18.67602,23.01652,21.161253,26.52339,26.871363,25.752678,23.400597,20.868322,17.518091,15.988594,12.189063,13.562136,8.474911,12.949939,8.159383,4.428125,5.5640826,0.0,6.8321204,5.197275,8.015281,6.912589,11.777708,11.487418,16.389645,19.960642,24.769106,25.019886,29.099113,31.466597,32.277706,28.602434,24.755173,20.69646,20.249393,15.7409,16.623337,11.620661,12.884535,10.646851,12.049158,12.219304,14.485824,12.18318,16.042276,13.61744,16.688799,20.040895,19.59465,24.628029,23.062199,20.49096,22.93051,26.084473,22.01275,18.427387,14.504428,13.195183,9.414333,10.338515,8.833939,7.018163,6.9947944,5.753444,6.658789,6.654184,10.817289,12.368748,12.071339,15.880257,17.530771,20.789461,23.887005,26.402348,28.430511,29.42257,33.035225,30.852674,26.154232,25.199572,20.332596,21.614044,15.341155,15.162119,13.268336,9.669566,13.121288,9.642544,10.474403,12.987358,13.973559,12.908466,13.330617,9.298059,14.244312,11.705178,14.8325615,18.529736,17.864477,15.710503,21.114815,17.86419,20.270056,22.361374,23.186216
25,29.898647,28.72363,29.480213,26.931019,25.641838,23.731697,26.110865,24.99438,29.32724,27.653137,33.09147,33.258575,32.26381,30.06762,27.533628,24.278536,22.7009,19.018208,19.991568,14.934926,18.136328,12.088546,9.589233,5.7285514,6.8321204,0.0,5.5523286,9.135136,11.148618,14.817243,16.715511,20.337824,24.707499,29.492828,29.798729,34.280254,36.184853,37.05064,33.53141,29.285265,25.822617,25.120241,21.063955,21.91417,16.999563,18.265015,15.164923,16.41264,14.65415,17.934723,15.556354,19.580902,17.449627,19.593466,23.435844,21.379,27.234802,24.940653,22.793064,25.163996,29.420712,25.732548,21.45146,18.892317,15.687821,13.446109,11.302563,10.753991,5.961777,7.983337,10.119044,11.2819195,13.077622,16.86285,18.783964,18.651714,22.194004,23.789522,26.732729,29.744772,31.880775,33.961178,35.51766,39.086933,36.661026,32.076157,31.179792,26.410353,27.229715,21.298977,20.02849,17.848501,13.923833,15.265795,9.866368,7.794738,11.332302,14.143715,13.36732,16.028126,13.261118,18.055855,17.512936,19.99741,23.43204,23.362532,21.742605,27.378996,24.48977,27.019936,29.1831,29.976887
26,26.984917,25.437094,25.908838,22.5792,21.76617,19.675735,21.322456,20.628706,24.756763,23.16166,28.658567,28.74982,28.208199,26.104963,24.047628,20.583422,20.174932,15.825849,18.207947,13.0105715,17.773874,12.454132,8.726242,8.271603,5.197275,5.5523286,0.0,3.9837358,5.8480477,9.283155,11.513385,14.848754,19.273937,24.029253,24.366405,28.860403,30.721119,31.724384,28.405016,24.286942,20.797432,20.758442,16.420263,18.278158,13.691441,15.928765,13.974596,16.310574,15.178464,16.923128,14.039714,17.165527,13.847736,15.900081,18.729462,17.181479,22.624575,20.135283,17.673035,19.890087,23.983566,20.189238,15.966378,13.558997,10.536812,8.667112,7.6964755,8.357891,6.13025,8.708946,8.869347,11.41667,11.022679,15.6438875,16.586275,15.082809,18.779253,19.561493,22.652613,25.219751,27.398771,29.214142,31.027039,34.368496,31.61357,27.101357,26.140432,21.51666,22.089067,16.446518,14.844998,13.047249,9.246161,10.601104,6.6185946,5.816016,9.284056,10.7026615,10.679536,12.377188,9.738245,14.980201,14.116849,17.68469,21.373554,21.539417,19.466482,25.214128,21.26703,24.202827,25.696743,26.838818
27,27.509686,25.726763,26.012663,21.891073,21.746212,19.525755,20.15082,19.874535,23.59406,21.861652,27.292034,26.966463,26.783468,25.003225,23.320667,20.001587,20.640228,16.135448,19.575146,14.699081,20.227623,15.6080265,11.62997,12.128454,8.015281,9.135136,3.9837358,0.0,4.5247607,6.4169383,9.50028,12.260328,16.291552,21.399158,21.262598,26.108763,27.517048,28.451447,25.256811,21.021456,17.944363,18.120377,14.056391,16.564194,12.652491,15.615553,14.485404,17.659157,16.299126,16.84528,13.687986,15.745518,11.674958,13.069462,15.208729,13.493272,18.837225,16.158434,13.738133,16.140865,20.313547,16.86349,12.452027,10.494481,6.69384,6.1639557,5.0911574,7.4859123,7.607977,10.438216,10.033507,13.615054,12.147414,17.01137,17.121872,14.613851,17.941214,18.03878,20.840416,22.989418,24.882036,26.558678,28.895157,32.057602,29.076668,24.766905,24.047575,19.594965,20.179163,15.112839,13.196223,12.231585,9.040313,9.61559,7.8345013,6.9771967,10.283647,10.676704,11.753633,12.846303,10.882541,16.011166,14.911609,19.220076,22.961643,23.209114,20.811571,26.350975,21.612074,24.594076,25.408619,26.58139
28,25.018938,22.963583,22.783861,18.727781,18.00481,15.416631,16.255323,15.4492,19.303371,17.625814,23.111624,23.15962,22.962887,20.926401,19.352968,15.771274,16.624504,11.874442,15.714086,11.102675,17.054546,13.44581,9.4583235,11.989142,6.912589,11.148618,5.8480477,4.5247607,0.0,5.0475316,5.667362,9.821564,13.653449,18.554949,18.777527,23.136244,25.184237,26.23897,22.97019,19.17095,15.324438,16.06818,11.2604065,14.185738,10.274658,13.312854,13.000176,15.970476,15.995426,16.094172,13.18321,15.127867,10.855215,13.157424,14.61514,14.605033,18.990437,16.900307,13.985438,16.119177,19.275202,15.18377,11.520803,8.170756,7.0762773,4.6571198,7.69373,8.627894,9.774646,11.212204,9.111546,12.052887,9.271795,13.995688,13.71831,10.7352705,14.459851,14.361532,17.678442,19.837753,22.219795,23.780947,25.549683,28.724983,25.828598,21.312796,20.310291,15.734914,16.41139,10.864686,9.621191,8.714643,5.7579336,8.501065,8.277573,9.842825,11.799204,11.049954,11.462189,10.809999,8.0622835,13.040117,10.796201,15.484322,19.260614,19.297426,16.69644,22.081116,17.132092,20.226633,20.988081,22.389338
29,23.773432,21.63972,21.567194,16.651659,17.338408,15.266177,14.679251,15.602641,18.800947,17.731833,23.003195,23.005754,23.677687,21.91052,21.20735,17.622305,19.80207,14.885172,19.424305,15.207891,21.157442,17.743109,13.915865,16.395702,11.777708,14.817243,9.283155,6.4169383,5.0475316,0.0,5.7760744,5.8762984,10.949072,15.159342,15.886139,20.272926,22.011513,23.505156,20.934214,17.386887,14.107109,16.175142,11.699361,16.032194,13.380912,16.946945,17.364027,20.678225,20.53044,19.923811,16.906237,17.714525,12.741053,13.854236,13.1789465,13.194996,16.749762,13.635162,10.332882,11.517229,15.211987,11.028158,7.019078,6.461139,5.2360897,6.8346806,9.478105,12.023066,13.662325,15.748443,13.905076,17.076399,13.948393,18.471575,17.60778,13.639996,16.918724,15.495302,18.619604,19.73762,21.893269,22.8722,25.279049,27.882057,24.271843,20.12556,18.903,15.089497,14.529309,10.601914,7.577136,7.629348,6.351803,6.1766977,9.045259,10.75436,11.671774,9.630204,11.319109,10.322601,9.677461,13.6026,12.7517395,17.547283,21.02988,21.784498,19.297638,24.585527,19.026741,22.580929,22.516651,24.41851
30,24.513498,22.008701,21.06797,16.36265,15.778435,12.687967,12.171545,11.117897,14.348268,12.498995,17.883677,17.826035,18.121687,16.244394,15.432828,11.908214,14.539956,9.913628,15.087224,11.934028,18.16669,16.43741,12.922008,16.76427,11.487418,16.715511,11.513385,9.50028,5.667362,5.7760744,0.0,6.6311336,8.538484,13.663649,13.596243,17.718395,20.01968,21.102057,17.904633,14.668981,10.33324,12.334113,7.1542187,11.532382,9.354337,12.770179,14.263345,17.425514,18.423437,17.056372,14.52175,14.976044,10.371227,12.539896,11.98635,14.041373,16.654398,15.325164,12.183032,14.00303,15.532939,11.246816,9.027447,4.273258,7.492185,5.807254,11.075847,11.875379,14.646577,15.349921,12.208008,14.874748,10.669249,14.47885,12.8456745,8.301708,11.443938,9.8786335,13.38027,14.840888,17.48066,18.662092,20.340374,23.281933,20.223778,15.704482,14.678997,10.170759,11.160011,6.0132885,6.0163245,7.243551,7.0451093,10.11263,12.665701,15.009183,16.11518,14.11031,14.754369,12.287787,10.177279,13.652583,10.140849,15.3681345,18.858507,18.702085,15.717778,20.204298,14.292376,17.341349,17.043734,18.713121
31,21.641975,19.150156,18.498096,12.822949,14.401567,12.562862,10.18645,12.568188,14.780479,14.579743,19.332575,19.725075,21.293957,19.63525,20.01608,16.492214,20.014002,15.311698,20.373259,17.227415,23.005018,20.885132,17.506495,21.049675,16.389645,20.337824,14.848754,12.260328,9.821564,5.8762984,6.6311336,0.0,7.115861,9.421015,11.508468,14.979473,17.265888,19.397251,17.626461,15.234011,11.942441,15.872817,11.667288,16.984343,15.725752,19.284557,20.798134,23.996696,24.72325,23.35849,20.646807,20.577768,15.566814,16.451365,13.565861,15.364236,16.742668,13.88723,10.328717,9.778686,11.807885,6.7187424,5.188041,6.6129594,9.058001,10.859347,14.710409,16.946123,19.21963,20.824291,18.261202,20.968925,17.003328,20.791056,19.193584,14.48104,17.23183,14.4633045,17.602795,17.53513,19.893568,20.054935,22.326435,24.240868,20.060867,16.240383,14.406269,11.718496,9.568913,8.043072,4.175066,6.5433064,8.432291,8.117841,13.316622,16.020868,15.728174,12.486749,14.093397,11.301099,11.79433,13.726023,12.915319,17.57287,20.502193,21.567183,19.126335,23.695885,17.651636,21.458963,20.449526,22.972584
32,27.00702,24.233507,22.747349,17.06704,18.094343,15.5019245,11.843431,12.461928,12.947265,11.5007925,15.306422,14.306474,16.291946,15.6103,16.676456,14.404291,19.223492,15.761716,21.343477,19.5524,25.494099,24.694706,21.374584,25.272882,19.960642,24.707499,19.273937,16.291552,13.653449,10.949072,8.538484,7.115861,0.0,7.2588677,5.132529,10.046014,11.545419,12.872614,10.563554,8.563043,5.5754814,10.677886,8.220071,13.574026,14.572228,17.95685,20.709549,24.20985,25.128004,22.333277,20.125036,18.496033,14.048269,14.352147,9.772947,13.836521,12.888626,12.288781,9.627996,10.150558,8.407769,5.1018414,7.062936,6.138526,10.969333,12.252559,16.707994,18.295292,22.05359,22.94617,19.870806,22.839746,18.385365,21.393646,18.763224,13.716238,14.626667,10.792961,12.613614,11.390957,13.27421,13.111545,15.967574,17.735706,13.6449585,10.116436,9.628066,7.48635,7.7823195,8.5920725,8.67976,12.10958,14.041406,15.045617,19.554495,21.692387,22.2827,19.398241,20.894276,17.886751,17.387878,19.341135,16.522736,21.364065,24.15923,24.270151,21.345755,24.46776,18.008083,20.607157,18.40491,20.233442
33,23.68647,20.90206,19.139109,13.453692,15.806067,14.480465,9.309567,12.746186,11.716453,12.812244,15.193133,15.73882,18.871382,18.00084,20.20649,17.781263,22.868053,19.462551,24.609749,23.249535,28.481321,28.111237,25.261984,29.574955,24.769106,29.492828,24.029253,21.399158,18.554949,15.159342,13.663649,9.421015,7.2588677,0.0,6.6158357,6.330052,9.787866,13.0193815,13.228813,13.751712,11.774089,17.338987,15.000495,20.191532,21.066023,24.210783,26.968891,30.018604,31.533407,29.089952,26.926067,25.610775,21.174755,21.575655,16.624369,20.339571,18.601725,17.20763,14.583663,12.638339,10.002972,6.9282665,10.9134245,12.627093,16.872742,18.509792,22.9382,24.7811,27.895409,28.953299,25.790161,28.14706,23.580711,26.216562,23.714058,18.791971,19.972834,15.819754,17.880001,15.650917,17.712582,16.288216,18.228119,18.52192,13.533887,11.303163,8.886138,10.105197,6.0270686,11.078814,10.178282,13.445136,16.729696,16.79992,22.430882,25.413937,24.708792,21.050753,22.451843,18.700804,19.581526,19.647038,18.306295,22.156387,24.0659,25.023182,22.720655,25.38506,19.285143,22.459013,19.770657,22.647034
34,29.691204,26.861383,25.05937,19.405853,20.878977,18.603958,14.0561075,15.021153,13.88023,12.81609,14.871635,13.280136,16.18739,16.349041,18.363262,17.001186,22.393744,19.663523,25.15352,24.043655,29.75306,29.507063,26.329199,30.357788,25.019886,29.798729,24.366405,21.262598,18.777527,15.886139,13.596243,11.508468,5.132529,6.6158357,0.0,6.0803413,6.454212,7.959362,6.9174685,7.3546014,6.92425,12.243386,11.758738,16.37572,18.549267,21.62825,24.83901,28.311214,29.343653,26.003754,24.089853,21.715397,17.798857,17.503252,11.877099,16.486921,13.467465,13.829247,12.1219845,11.811787,7.2630424,6.8150563,10.727162,11.026798,15.498605,17.079924,21.284725,22.868845,26.92327,27.717506,24.584145,27.510788,22.96763,25.513212,22.540401,17.626509,17.579218,13.312076,13.911552,11.111087,12.146439,10.765885,14.100334,14.732319,10.075685,8.154824,8.459193,9.03592,9.113117,12.514969,13.012171,16.573063,18.94385,19.624365,24.494635,26.611198,27.038498,23.94283,25.56836,22.353481,22.202742,23.573957,20.826143,25.34892,27.761368,27.850288,25.004864,27.278116,20.918634,23.036583,20.0087,21.730925
35,28.85105,26.000854,23.73679,18.65026,20.301617,18.649937,13.5327215,15.2340555,12.510065,13.039287,13.220844,12.789705,16.60615,16.77951,19.799595,18.673979,24.295074,22.039494,27.10912,26.758345,31.820711,32.3724,29.651747,34.18267,29.099113,34.280254,28.860403,26.108763,23.136244,20.272926,17.718395,14.979473,10.046014,6.330052,6.0803413,0.0,5.2919216,8.3233385,9.7225065,12.484017,11.912175,17.191242,16.558088,20.8728,23.114428,25.826174,29.25405,32.2654,34.015415,30.786943,29.088667,26.919752,23.217953,23.328432,17.907438,22.556915,19.297958,19.535645,17.756159,16.439157,11.66096,11.07282,15.522337,16.147764,20.911177,22.146936,26.749592,28.156105,31.94052,32.548656,29.125067,31.450003,26.723856,28.671097,25.638195,20.938824,20.805784,16.365944,17.07876,13.627107,14.964776,12.566612,14.302371,13.426503,8.233455,8.106622,7.0415287,10.686745,8.982297,14.685465,15.473592,18.905334,22.049255,22.768463,28.114647,30.902681,30.632172,27.128208,28.449173,24.584528,24.900208,25.028439,22.636608,26.368961,28.053518,28.371876,25.91459,27.289415,21.385078,23.447466,19.852293,22.147455
