,0,1,2,3,4,5,6,7,8,9,10,11,12,13,14,15,16,17,18,19,20,21,22,23,24,25,26,27,28,29,30,31,32,33,34,35,36,37,38,39,40,41,42,43,44,45,46,47,48,49,50,51,52,53,54,55,56,57,58,59,60,61,62,63,64,65,66,67,68,69,70,71,72,73,74,75,76,77,78,79,80,81,82,83,84,85,86,87,88,89,90,91,92,93,94,95,96,97,98,99,100,101,102,103,104,105,106,107,108,109,110,111,112,113,114
0,0.0,4.406008,5.93502,8.7150545,12.069869,13.762163,17.27015,20.349325,23.313612,26.662613,31.387724,33.28416,35.620342,36.642715,33.05933,29.340284,26.308239,23.414347,21.673779,17.035734,16.89834,12.266087,13.644059,13.507201,16.174929,16.84036,19.090374,22.770893,21.605154,25.115396,25.147602,28.449501,32.791862,34.223595,37.525772,38.518593,42.869656,44.314026,43.438744,40.505005,35.596123,36.442303,31.574465,31.820765,27.961931,27.66265,25.564445,23.56013,26.227072,29.762846,28.774223,32.74359,30.837088,33.899334,34.457058,36.292126,39.814827,37.239735,38.29322,37.636414,41.21424,36.236668,33.622604,32.268936,29.694384,26.971483,28.099545,26.67974,23.966354,23.330858,22.739967,19.56649,20.616627,20.41718,23.083462,24.41295,28.125778,29.393734,33.56269,35.46962,39.23707,39.95046,35.98818,38.724174,38.733574,34.303318,31.737911,29.186655,27.738565,22.625946,23.227531,20.681591,23.387157,20.52813,22.141619,28.959656,28.442196,24.902878,27.467274,32.000534,29.251385,28.857674,25.721254,23.348854,20.521194,17.915512,15.331315,14.013563,15.854834,16.256441,22.060476,21.425808,25.013876,27.242476,28.436985
1,4.406008,0.0,5.1086535,4.873391,8.750487,11.327568,14.01827,17.847858,20.223782,23.966488,28.363941,30.63392,32.681877,33.500645,30.08596,26.145386,23.74242,20.329683,19.42807,14.609087,15.450809,10.5774355,11.406074,12.422664,13.572182,15.26141,16.32287,19.714594,18.24408,21.360052,21.533705,24.35193,28.845352,29.956165,33.495373,34.35243,38.74304,40.344376,39.66499,36.85327,31.972351,33.247955,28.218422,29.092148,25.276817,25.482824,23.77499,22.415194,25.12411,28.16558,26.872627,30.489456,28.087872,31.051249,31.282135,33.01243,36.198708,33.509087,34.388676,33.526802,37.147808,32.120094,29.598722,28.528173,26.189047,23.733883,25.179317,24.1692,21.85664,21.64693,20.713142,18.17037,18.338745,18.741714,20.949404,21.485,25.378054,26.144888,30.43108,32.026047,35.79861,36.315754,32.46793,35.135075,34.848328,30.442698,27.68688,25.347122,23.524673,18.628624,19.109259,16.680092,19.650959,17.046556,17.981005,24.904915,24.466784,20.69147,23.141157,27.678188,24.897247,24.46057,21.365377,18.974707,16.135317,13.64748,10.968404,9.855516,11.697584,12.011897,17.96446,17.446777,21.168776,23.487993,25.030504
2,5.93502,5.1086535,0.0,6.000508,7.1086583,8.689827,12.000415,15.153468,18.343222,21.41263,26.376265,27.933413,30.370712,31.23545,27.555378,23.9413,20.654863,17.861942,15.977145,11.180335,11.510579,6.3320203,8.064425,9.1700945,11.329202,13.698654,15.233812,18.75946,16.94646,20.953114,20.121143,24.25091,27.956268,30.204327,32.807777,34.268948,38.371475,39.488567,38.271854,35.21333,30.291868,30.794878,26.08897,25.995808,22.223696,21.79472,19.873625,17.939892,20.979809,24.145597,23.244099,27.063753,25.337053,28.591574,29.009342,31.410997,34.84702,32.71816,34.19628,33.620323,36.71155,31.812998,29.326368,27.311935,25.07616,21.901846,23.552275,21.746618,19.747515,18.7188,17.504486,14.219991,14.912828,14.521854,17.149765,18.666422,22.296095,23.819862,27.902262,30.074224,33.830856,34.78223,30.93674,33.9805,34.092247,29.55055,27.34942,24.337238,23.667477,18.053007,19.309587,17.25502,20.11141,18.426085,19.656096,25.933376,26.549067,23.159788,24.465237,29.602602,27.24633,26.28513,23.73986,20.249529,18.434223,14.294246,13.403041,13.451758,14.872233,13.996324,20.09274,17.857613,21.850021,23.299782,24.855501
3,8.7150545,4.873391,6.000508,0.0,4.7932897,7.3767915,9.65336,13.52083,15.498743,19.437214,23.61208,26.105652,27.999813,28.859692,25.545378,21.55748,19.520144,16.005016,15.5370655,11.198255,12.288004,8.496701,9.526419,12.578122,12.00003,15.766946,15.319406,18.1654,15.710651,18.66122,18.006788,20.827236,24.561172,25.806652,29.220692,29.893183,34.356365,35.8586,35.29843,32.727814,27.81051,29.328224,24.368284,25.519194,22.049147,22.465786,21.452593,20.468515,23.70986,25.953915,24.670818,27.750544,25.195217,28.293392,27.899845,30.236717,32.81546,30.455702,31.445557,30.230192,33.381695,28.24905,26.195395,24.8734,23.411963,20.84311,23.21682,22.253891,20.967632,20.7242,18.960054,16.788624,15.791135,16.092564,17.654789,17.690369,21.440252,21.871452,26.146864,27.501694,31.24902,31.670158,27.695972,30.287037,30.119942,25.75555,23.092691,20.755957,19.23036,14.493449,15.832383,14.218082,17.75726,16.342916,15.816635,22.544516,22.859076,18.629581,20.079378,24.92785,22.005781,20.945797,18.204407,15.101129,13.225756,9.7218685,8.617739,8.690493,9.055409,8.137884,14.170017,12.753686,16.573051,18.671999,20.29616
4,12.069869,8.750487,7.1086583,4.7932897,0.0,4.487542,5.307921,9.968425,12.092517,15.73309,20.212088,22.285662,24.293245,24.887468,21.433634,17.49666,15.210143,11.581464,11.249884,6.542748,9.018219,5.2721634,5.894342,10.424366,8.682002,14.019633,12.781379,15.278688,12.156469,15.6548605,14.013992,17.894224,21.017843,23.27776,25.84638,27.181633,31.31001,32.45817,31.451769,28.648342,23.696327,24.803398,19.954433,20.769598,17.333685,17.70815,16.92154,16.223642,19.627777,21.428825,20.186695,23.082193,20.674294,23.936459,23.469353,26.314985,28.911646,26.98909,28.44641,27.427368,30.119831,25.110209,23.090065,21.020681,19.814651,16.763493,19.63018,18.305687,17.782148,17.223848,14.879574,12.922226,11.263341,11.634875,12.950332,12.966548,16.751822,17.456877,21.706354,23.422094,27.196604,27.922083,24.143202,27.167492,27.035849,22.488745,20.244732,17.278124,16.69816,11.174499,13.286771,12.290001,15.774233,15.658,15.004859,20.815287,22.318298,18.606707,18.635294,24.058455,21.779648,20.214394,18.26239,13.933544,13.369253,7.999743,9.463937,11.089463,11.287854,8.998436,14.758337,11.301097,15.620692,16.624678,18.796717
5,13.762163,11.327568,8.689827,7.3767915,4.487542,0.0,5.226127,6.6095886,9.838664,12.901837,17.77747,19.531189,21.889332,23.08357,19.468979,15.970687,12.857538,10.505639,8.573395,5.8966246,5.300528,5.6231294,8.169655,12.920234,11.807647,17.487904,16.44479,18.703455,15.096755,18.693592,15.795847,20.161411,21.665567,24.488644,26.481977,27.574495,31.728264,32.462048,31.405054,28.89565,23.929379,24.665953,20.370447,20.413738,17.622585,17.297869,17.044163,15.684901,20.035635,21.364952,20.73712,23.333109,21.626358,25.21701,24.298897,28.203056,30.34104,29.101528,30.877901,29.643347,31.551516,26.572153,25.20396,22.435051,22.220308,18.722107,22.262627,20.416697,20.599482,19.386381,16.48713,13.953296,12.134509,10.720345,11.747843,12.744665,15.669201,16.827682,20.72231,22.561947,26.225735,27.107676,22.845934,25.751686,26.46366,22.08942,20.434229,17.254795,17.918116,12.884263,16.229527,16.03057,19.56322,19.98716,18.81307,24.221615,26.147339,22.186428,21.564367,27.005684,24.485052,22.348787,20.705135,16.096073,16.508724,10.929583,13.295146,14.779315,13.899657,11.214783,15.996812,11.59953,15.256417,15.730862,17.064907
6,17.27015,14.01827,12.000415,9.65336,5.307921,5.226127,0.0,6.133158,7.3579836,10.892996,15.236104,17.259655,19.139742,19.590567,16.159676,12.192555,10.293423,6.3561573,7.2185493,4.439277,7.9456906,7.636686,7.823833,13.124572,9.822508,16.40179,13.803522,15.143674,10.983219,14.110293,10.730917,15.1422415,16.614315,19.729336,21.4841,23.021807,26.952526,27.745018,26.593449,23.945234,18.966917,20.073029,15.481476,16.393635,13.610575,14.22601,14.61526,14.647454,18.437965,18.93841,17.81628,19.792248,17.401905,20.80874,19.536217,23.362362,25.208315,23.983927,25.792673,24.541391,26.358763,21.4253,20.060268,17.236094,17.385117,14.077793,18.157534,16.774954,17.823359,17.1256,13.838359,12.763931,9.436662,9.616406,9.431199,8.500344,11.938639,12.346315,16.544134,18.212332,21.971445,22.794813,19.00114,22.230597,22.284527,17.71083,15.984431,12.558991,13.308759,7.9014335,11.69523,12.292033,15.722526,17.291765,15.430845,19.895702,22.573391,19.043879,17.347294,22.98467,21.065514,18.725307,17.769156,12.50077,13.894863,7.699905,11.816219,14.327096,13.499894,10.2462845,14.417705,9.00621,13.182189,12.882941,15.454182
7,20.349325,17.847858,15.153468,13.52083,9.968425,6.6095886,6.133158,0.0,4.5138626,6.3513794,11.512416,12.947997,15.426738,16.92745,13.289601,10.315513,6.9980707,6.439887,4.2324147,7.073269,5.9057713,10.497722,12.2348,17.331007,15.047087,21.559067,19.425432,20.610157,16.295782,19.30326,14.771301,19.306326,18.290964,22.056982,22.854542,23.939503,27.775719,27.8981,26.711727,24.640093,19.857487,20.366995,16.958042,16.640173,15.195476,14.743726,16.053581,15.288159,20.107258,19.799252,19.60337,20.943123,19.68406,23.36311,21.43695,26.62569,27.703499,27.4941,29.656673,28.130566,28.762054,24.063646,23.716375,20.095406,21.628439,17.996773,22.641682,20.691727,22.475399,21.049774,17.323627,15.645593,12.507337,10.307223,9.28631,9.893237,11.2021055,12.256478,15.511154,17.260788,20.699299,21.749435,17.239384,20.207632,21.667522,17.572489,16.956587,13.473195,16.13288,12.254826,16.931973,18.184233,21.534195,23.410358,21.157457,25.14673,28.148382,24.361458,22.10311,27.5091,25.307718,22.356344,21.79323,16.596024,18.857277,13.090359,17.281822,19.445055,17.673018,14.315041,17.129688,11.121217,13.739969,12.422757,13.514572
8,23.313612,20.223782,18.343222,15.498743,12.092517,9.838664,7.3579836,4.5138626,0.0,4.635879,8.158954,10.917342,12.521513,13.8067045,10.668565,7.1917644,6.735623,5.480373,7.0055537,9.874374,10.363262,13.92601,14.829656,20.100468,16.718235,23.457048,20.333302,20.777945,16.240028,18.143114,13.416478,16.797178,14.713535,18.160604,19.023357,19.618736,23.587719,23.824404,23.085754,21.504025,16.828962,18.263432,14.946141,15.894578,15.120333,15.607407,17.708687,17.972763,22.31597,21.236893,20.706068,21.170155,19.296726,22.631588,19.904316,25.132004,25.26745,25.189552,27.108898,25.11473,25.339865,20.629818,20.96867,17.642471,20.278723,17.275986,22.41015,21.138369,23.540594,22.670137,18.827785,18.193365,14.240565,13.174127,11.17426,9.712416,10.551708,9.952447,13.14394,13.904585,17.314428,17.90988,13.2322855,16.007734,17.294346,13.282946,12.706691,9.567477,12.62769,10.269803,15.326069,17.4445,20.77535,23.295107,19.974695,23.233946,26.497147,22.663197,19.663515,24.745378,22.59765,19.271536,19.31648,14.140449,17.409784,12.27337,17.163889,19.636412,17.297485,13.768858,15.075732,8.669092,10.546257,8.30521,9.970354
9,26.662613,23.966488,21.41263,19.437214,15.73309,12.901837,10.892996,6.3513794,4.635879,0.0,5.62723,6.6918697,9.097725,10.919829,7.459506,5.7285643,4.186877,6.800468,6.926977,11.92298,11.473119,16.333076,17.401714,22.412172,19.35118,26.047773,23.097614,23.317396,18.820448,20.880423,15.489273,19.425112,15.775171,20.239798,19.654453,20.663355,23.957546,23.404253,22.15835,20.742163,16.46457,16.883814,14.823056,14.474845,14.837558,14.622455,17.3926,17.542217,22.07025,20.202192,20.278131,20.105455,19.189192,22.57795,19.595268,25.721027,25.520794,26.347961,28.731894,26.93128,26.208595,22.04358,22.831486,18.697666,21.963543,18.680128,23.96212,22.234373,25.25824,23.916428,19.861002,19.22575,15.394213,13.448483,10.798229,10.225597,9.097997,9.303499,11.153527,12.409975,15.383801,16.545376,11.896962,14.889535,17.156958,13.674992,14.459542,11.125988,15.677958,13.716433,18.769308,21.09794,24.0594,26.991026,23.945477,26.45861,30.24553,26.798775,23.246332,28.270706,26.51883,23.029512,23.517939,18.299025,21.847378,16.600437,21.604721,24.141903,21.92069,18.393597,19.49319,13.134266,14.305497,11.181886,12.0540495
10,31.387724,28.363941,26.376265,23.61208,20.212088,17.77747,15.236104,11.512416,8.158954,5.62723,0.0,4.848588,4.8204937,7.2794085,5.754157,5.8630953,8.646262,10.680202,12.422093,17.029684,17.001343,21.565193,22.309158,27.397179,23.73363,30.470257,26.86485,26.463287,21.976913,22.91526,17.637457,20.000763,14.482805,18.379374,17.252256,17.294014,20.369055,19.531015,18.97041,18.740873,15.23782,16.552301,15.53025,16.275085,17.733284,18.206682,21.574064,22.400024,26.49561,23.899954,23.842901,22.654804,21.466322,24.291279,20.417486,26.593992,24.995586,26.332235,28.435398,26.088482,24.36463,20.637756,22.617176,18.90815,23.523317,21.052341,26.570889,25.463305,29.017008,28.089544,24.03567,24.113497,19.910551,18.62167,15.580924,13.795583,11.8881855,10.303231,10.661373,9.964475,12.0966625,12.567705,7.452151,9.612538,12.788377,10.441962,12.295935,10.296505,15.344834,15.688148,20.572231,23.589647,26.384733,29.810379,25.854227,27.42946,31.394577,27.988312,23.76251,28.052332,26.405533,22.577032,23.821068,19.153915,23.48365,19.242714,24.440119,27.051092,24.293873,20.858822,20.281355,14.497962,14.08085,10.017675,10.379267
11,33.28416,30.63392,27.933413,26.105652,22.285662,19.531189,17.259655,12.947997,10.917342,6.6918697,4.848588,0.0,3.6272862,6.3601794,4.3668337,7.200936,8.059864,11.940347,12.493931,17.881336,17.445726,22.541222,23.352757,28.089733,24.855438,31.42297,28.178812,27.765102,23.424805,24.869425,19.191662,22.573046,16.780783,21.742743,19.388252,20.465717,22.652716,21.05113,19.51846,18.960018,15.883933,15.586803,15.735825,14.782711,17.019302,16.698477,20.335493,20.978298,25.034748,21.924213,22.452555,20.897198,20.7822,23.668959,20.004755,26.803175,25.441498,27.477188,30.120626,28.298767,26.096657,22.91779,24.704144,20.195309,24.672642,21.772179,27.13775,25.471498,29.348757,27.932636,23.83556,23.815968,19.96516,18.05168,14.828652,14.078854,10.932343,10.725089,9.727629,10.374714,11.899419,13.45783,9.5067005,12.1237545,15.554457,13.525214,16.017017,13.395532,19.001047,18.485512,23.303183,26.16791,28.651741,32.250603,28.953098,30.192616,34.56076,31.580713,27.170294,31.713198,30.490707,26.759563,28.039839,23.050753,27.219137,22.397257,27.662159,30.368052,28.018034,24.494492,24.661062,18.54859,18.702456,14.719085,15.070599
12,35.620342,32.681877,30.370712,27.999813,24.293245,21.889332,19.139742,15.426738,12.521513,9.097725,4.8204937,3.6272862,0.0,3.9778965,4.6191845,7.837723,10.742704,13.7008915,15.329267,20.318457,20.415274,25.116627,25.645975,30.477375,26.775461,33.370262,29.670639,28.875246,24.572626,25.308798,19.835083,22.20863,15.547036,20.0646,17.374964,17.956366,19.87238,18.104048,17.018452,17.24457,14.7444725,15.215803,15.833041,15.904983,18.50616,18.81682,22.651976,23.795786,27.513271,24.132677,24.386572,22.333275,21.791716,24.2612,20.104616,26.69241,24.47928,26.72108,29.124138,26.994322,24.250994,21.395584,23.835953,19.725046,24.896975,22.57413,28.01606,26.834032,30.947851,29.892925,25.838608,26.305988,22.161814,20.843452,17.466587,15.8094,12.724807,11.310916,9.66943,8.774244,9.547718,10.578194,6.734264,8.807094,12.597763,11.430954,14.493064,12.71843,18.32337,19.01534,23.625738,26.849424,29.204353,33.0794,29.275885,29.92098,34.364365,31.488106,26.716444,30.785969,29.71799,25.882153,27.599321,22.961216,27.49637,23.268353,28.623074,31.399734,28.836483,25.379934,24.724773,18.985636,18.50626,14.229983,14.631529
13,36.642715,33.500645,31.23545,28.859692,24.887468,23.08357,19.590567,16.92745,13.8067045,10.919829,7.2794085,6.3601794,3.9778965,0.0,3.9879916,7.4163694,11.414303,13.64441,16.243862,20.691032,21.826448,25.750582,25.698378,30.306133,26.195248,32.576424,28.52619,27.248062,23.190096,23.448551,18.097616,20.145103,12.958724,18.015179,14.336828,15.841621,17.04091,14.977508,13.297394,13.362551,11.264059,11.734304,13.029857,13.608728,16.678299,17.542168,21.578312,23.4264,26.495005,22.72304,22.715776,20.09219,19.328148,21.363028,16.94079,23.437452,20.828758,23.419413,25.933886,23.996454,20.856514,18.460213,21.032043,16.816296,22.345943,20.425093,25.742672,24.866823,29.335209,28.544682,24.619022,25.77645,21.470724,20.89488,17.307558,14.894019,11.61293,9.511142,6.837859,5.29683,5.6670785,7.305381,5.0122457,8.256716,10.756718,9.61628,13.16576,11.381356,17.156658,18.153568,22.300184,25.719511,27.614603,31.895195,28.174114,27.92068,32.726036,30.440443,25.212671,29.134735,28.709492,25.003708,27.11608,22.467094,27.132118,23.090221,28.559193,31.562075,29.347036,25.911036,25.306091,19.59667,19.4864,15.091064,16.51885
14,33.05933,30.08596,27.555378,25.545378,21.433634,19.468979,16.159676,13.289601,10.668565,7.459506,5.754157,4.3668337,4.6191845,3.9879916,0.0,4.373034,7.438856,10.123145,12.300743,16.915531,17.937334,21.9516,22.048626,26.657434,22.828281,29.278126,25.560022,24.664192,20.469995,21.439089,15.794242,18.949984,12.872819,18.401802,15.515106,17.443583,19.322317,17.781115,15.828131,14.791097,11.540425,11.449025,11.587945,11.398305,13.892306,14.367865,18.253727,19.768604,23.185863,19.78221,19.856417,17.874006,17.218178,19.829222,15.889046,22.601295,21.078459,23.170082,25.87838,24.202332,21.957867,18.90501,20.636366,16.004332,20.762472,18.185507,23.568583,22.262978,26.465727,25.409538,21.385899,22.14961,17.94273,17.03155,13.491106,11.517648,8.221515,6.9615006,5.515021,6.2767463,8.440965,10.338389,7.0806513,10.908382,13.066582,10.521104,13.188239,10.257731,16.145376,15.825469,20.286465,23.380245,25.482279,29.482504,26.19558,26.678587,31.366602,28.896778,24.064804,28.566961,27.904743,24.293594,25.91482,20.83843,25.165459,20.5084,25.95087,28.920254,26.920292,23.398973,23.617802,17.465384,18.077835,13.909234,15.535314
15,29.340284,26.145386,23.9413,21.55748,17.49666,15.970687,12.192555,10.315513,7.1917644,5.7285643,5.8630953,7.200936,7.837723,7.4163694,4.373034,0.0,5.7196293,6.340384,9.804434,13.552019,15.325265,18.583693,18.48379,23.28709,19.169844,25.747068,21.870745,21.12996,16.767038,17.768385,12.211667,15.440579,10.531295,15.811009,14.232275,16.094456,18.844006,18.199177,16.652397,15.058687,10.777119,11.806396,9.897672,10.973348,12.091669,13.158479,16.58104,18.164711,21.649605,18.97426,18.507538,17.315636,15.691543,18.543587,14.866301,20.994932,20.08192,21.232775,23.676083,21.88431,20.673622,16.818567,17.975677,13.66447,17.917671,15.2867985,20.797714,19.725828,23.516342,22.750618,18.74885,19.500885,15.02998,14.687129,11.350769,8.472659,6.722457,4.49111,6.220524,6.9862456,10.393283,11.621253,7.810139,11.807589,12.883862,9.074524,10.489841,6.809525,12.421023,11.554292,16.1976,19.22065,21.572792,25.374218,21.992893,23.014748,27.449472,24.755493,20.207039,24.986721,24.103004,20.592505,21.923094,16.676178,20.863012,16.136774,21.58452,24.573273,22.66395,19.15093,19.667284,13.410711,14.623326,10.766889,13.234235
16,26.308239,23.74242,20.654863,19.520144,15.210143,12.857538,10.293423,6.9980707,6.735623,4.186877,8.646262,8.059864,10.742704,11.414303,7.438856,5.7196293,0.0,5.055975,4.9137216,10.023339,10.6674385,14.867101,15.431853,20.047989,17.026287,23.52529,20.706907,20.817547,16.516928,19.048653,13.418509,18.454536,15.333442,20.712448,19.469458,21.670967,24.446068,23.71341,21.662117,19.425476,15.047905,14.423035,12.319468,10.874552,11.070744,10.479961,13.368151,13.771527,18.092985,16.023476,16.190805,16.097803,15.568117,19.124435,16.611279,22.885445,23.377062,24.335922,27.129408,25.926,25.348612,21.414885,21.583725,16.854036,19.52664,15.817031,20.907501,18.77558,22.022093,20.425697,16.327297,15.914035,12.114277,10.18695,7.068698,7.012366,5.401511,7.2535505,9.302754,11.953831,15.116144,16.931377,13.209171,16.97329,18.569061,14.730983,15.582245,11.511203,16.21787,13.141915,17.845385,19.955935,22.47567,25.613607,23.350494,25.441248,29.597797,26.78048,23.078222,28.415945,27.266314,24.044273,24.576862,19.026253,22.300117,16.58127,21.616848,24.369995,22.897732,19.368725,21.38401,14.855376,16.969383,13.953542,15.701082
17,23.414347,20.329683,17.861942,16.005016,11.581464,10.505639,6.3561573,6.439887,5.480373,6.800468,10.680202,11.940347,13.7008915,13.64441,10.123145,6.340384,5.055975,0.0,5.387632,7.327363,10.329806,12.386805,12.14971,17.03577,13.143824,19.837612,16.461138,16.519926,12.037378,14.420991,9.100059,14.10252,12.73452,17.519436,17.444815,19.703205,22.940783,22.995947,21.298292,18.687563,13.804662,14.384196,10.559602,11.090145,9.703674,10.510075,12.653193,13.721272,17.468975,16.178516,15.373932,15.895216,13.910684,17.369783,15.110386,20.346872,21.283297,21.257784,23.673738,22.421045,22.863329,18.410769,17.917755,13.81493,15.779347,12.276683,17.410963,15.868328,18.705885,17.772087,13.8153925,13.915157,9.516431,9.406027,6.850903,4.235673,6.095693,6.333772,10.2879505,12.342436,16.041988,17.312798,13.811772,17.612432,17.95877,13.469182,13.071801,8.8183565,12.260122,8.220947,12.887152,14.935145,17.608332,20.692587,18.300467,20.694649,24.64164,21.82108,18.34617,23.861214,22.740108,19.78807,20.109795,14.457713,17.4967,11.745035,16.885504,19.817394,18.6446,15.162486,17.579405,11.1904335,14.229971,11.887389,14.762791
18,21.673779,19.42807,15.977145,15.5370655,11.249884,8.573395,7.2185493,4.2324147,7.0055537,6.926977,12.422093,12.493931,15.329267,16.243862,12.300743,9.804434,4.9137216,5.387632,0.0,5.8274584,5.914064,10.184205,11.3442135,15.990005,13.80055,20.180006,18.19079,19.181417,15.039257,18.521059,13.567092,19.173544,18.032001,22.817951,22.634308,24.736448,27.96631,27.706707,25.784773,23.174759,18.485817,17.9599,14.86853,13.365036,11.886819,10.805637,12.188538,11.446339,16.313896,15.713144,15.785001,17.163502,16.521473,20.348925,18.816143,24.304476,25.852648,26.016918,28.650352,27.66538,28.092466,23.760195,23.08655,18.767725,19.978514,15.890667,20.393911,17.91016,20.084602,18.229214,14.337487,12.7583685,9.639809,6.8270144,5.2869797,7.2655125,8.193216,10.590996,13.590115,16.315235,19.716719,21.355701,17.481401,21.068565,22.358522,18.154469,18.043072,13.950486,17.308052,12.790219,17.190134,18.39419,21.193401,23.468548,21.962767,25.221678,28.771645,25.70635,23.012945,28.64501,27.13396,24.297493,24.044973,18.527771,20.811804,14.6734,19.028467,21.471088,20.423655,17.074305,20.33466,14.112258,17.086056,15.201874,16.859974
19,17.035734,14.609087,11.180335,11.198255,6.542748,5.8966246,4.439277,7.073269,9.874374,11.92298,17.029684,17.881336,20.318457,20.691032,16.915531,13.552019,10.023339,7.327363,5.8274584,0.0,5.881697,5.1800537,5.565531,10.517342,8.350555,14.680776,13.107907,14.859095,11.141352,15.356126,11.778815,17.512007,18.90993,22.94951,23.810392,26.136656,29.589144,29.967012,28.139624,25.01194,20.126724,20.041306,15.815252,15.18654,12.016253,11.606331,11.229414,10.492122,14.5930805,15.602839,14.855591,17.510939,15.996401,19.683533,19.173988,23.223978,25.854551,24.952597,27.262669,26.635456,28.31741,23.732641,21.973549,18.43303,17.848585,13.820959,17.383102,15.047008,15.919375,14.3761215,11.016584,8.98617,6.3903923,5.4529586,6.462647,7.805522,11.126164,13.04615,16.896805,19.51854,23.197536,24.593996,21.09597,24.734331,25.037014,20.44294,19.281282,15.345124,16.882925,11.00391,14.22838,14.300452,17.092411,18.54729,18.051208,22.129725,25.073177,22.198526,20.519367,26.31171,24.869106,22.720541,21.817516,16.52724,17.547966,11.308869,14.728182,17.054815,17.042011,14.10129,18.768448,13.430571,17.490147,16.781578,19.132355
20,16.89834,15.450809,11.510579,12.288004,9.018219,5.300528,7.9456906,5.9057713,10.363262,11.473119,17.001343,17.445726,20.415274,21.826448,17.937334,15.325265,10.6674385,10.329806,5.914064,5.881697,0.0,6.752578,9.699397,13.878463,13.545549,19.142765,18.560034,20.648659,17.009392,21.094265,17.218292,22.64872,22.91369,26.89141,27.680483,29.330324,33.01188,33.10135,31.45355,28.813284,24.004148,23.645554,20.149136,18.676826,16.394447,14.954455,14.833751,12.601764,17.66315,18.678583,18.826214,21.352955,20.78502,24.63913,23.824053,28.595394,30.816086,30.353018,32.71349,31.782003,32.963055,28.331448,27.169844,23.428034,23.5483,19.445726,23.125433,20.46805,21.222015,19.148611,15.931597,12.813006,11.444027,8.026318,9.169417,12.057122,13.895398,16.251352,19.484922,22.049974,25.50232,26.939293,22.74143,25.945383,27.316324,23.067038,22.30827,18.57153,20.711145,15.626178,19.435892,19.590117,22.696924,23.688545,22.938196,27.544554,30.170225,26.662716,25.287094,30.924877,28.818249,26.387873,25.239017,20.198748,21.256718,15.2742,18.2376,19.917625,19.161802,16.321438,20.625126,15.391315,18.619635,18.014261,18.994532
21,12.266087,10.5774355,6.3320203,8.496701,5.2721634,5.6231294,7.636686,10.497722,13.92601,16.333076,21.565193,22.541222,25.116627,25.750582,21.9516,18.583693,14.867101,12.386805,10.184205,5.1800537,6.752578,0.0,3.8051805,7.606255,8.125688,12.87212,13.121701,16.01144,13.303362,17.813715,15.606125,20.865635,23.463737,26.831478,28.385382,30.462328,34.15858,34.806614,33.12477,29.919628,25.032452,24.981686,20.597574,19.89955,16.320038,15.616641,14.052072,12.252842,15.932013,18.388142,17.677607,21.203653,19.826881,23.352882,23.54551,26.790539,30.046898,28.59897,30.635685,30.180162,32.538635,27.843538,25.611298,22.663822,21.02533,17.234089,19.661348,17.29661,16.564621,14.949482,12.696062,9.37058,9.22533,8.28055,10.825854,12.78928,16.193726,18.186333,22.067995,24.649418,28.349508,29.64753,26.011078,29.446695,29.724987,25.118298,23.522781,19.91074,20.474886,14.444906,16.661083,15.542104,18.325523,18.316416,18.948292,24.091421,26.0693,23.055233,22.727226,28.367298,26.580042,24.97303,23.295137,18.661528,18.322533,12.685682,14.213312,15.682047,16.432821,14.266972,19.915833,15.8007555,19.991018,20.258974,22.21213
22,13.644059,11.406074,8.064425,9.526419,5.894342,8.169655,7.823833,12.2348,14.829656,17.401714,22.309158,23.352757,25.645975,25.698378,22.048626,18.48379,15.431853,12.14971,11.3442135,5.565531,9.699397,3.8051805,0.0,5.3157206,4.323584,9.602117,9.349781,12.266858,9.916504,14.607163,13.068146,18.35602,21.819662,25.168242,26.687738,29.232155,32.671986,33.463,31.631258,28.122425,23.336119,23.349274,18.68609,18.430897,14.383661,14.302195,12.389423,11.591436,14.232819,16.81221,15.523138,19.181845,17.287125,20.552462,21.149567,23.681967,27.337736,25.571539,27.566727,27.435364,30.15709,25.617546,22.907398,20.196617,17.805399,14.189439,16.106712,13.966177,12.949815,11.75585,9.756464,7.2881303,7.0126176,8.188718,10.564953,11.585439,15.519339,17.239677,21.246855,23.84784,27.56677,28.86213,25.755114,29.398973,29.062,24.358467,22.593185,18.977102,19.10293,12.773574,14.119362,12.661017,14.997413,15.160658,16.383066,21.078074,23.226912,20.841257,20.405281,26.072477,24.84701,23.529274,22.034708,17.395084,16.888285,11.386687,12.901776,14.785544,16.239565,14.169264,19.88219,15.903752,20.40765,20.564558,23.20796
23,13.507201,12.422664,9.1700945,12.578122,10.424366,12.920234,13.124572,17.331007,20.100468,22.412172,27.397179,28.089733,30.477375,30.306133,26.657434,23.28709,20.047989,17.03577,15.990005,10.517342,13.878463,7.606255,5.3157206,0.0,5.639878,6.002034,8.859102,12.466595,12.015341,16.71973,16.428637,21.570326,25.897963,29.206135,30.628927,33.614326,36.769505,37.58958,35.459454,31.573263,27.03181,26.567276,22.056871,21.3557,16.99773,16.651266,13.56756,12.45933,13.48736,17.413324,16.06617,20.486504,18.97415,21.81609,23.51335,25.011673,29.603107,27.528404,29.512701,30.03745,33.234188,29.026392,25.684366,23.247711,19.571608,16.252743,16.421652,14.095419,11.297121,9.927175,9.848744,7.0511475,9.565115,11.139063,14.155311,15.65156,19.44841,21.51038,25.29943,28.199286,31.832327,33.3008,30.577057,34.371502,33.78835,29.071617,27.269424,23.676176,23.472752,17.13458,17.302982,14.965104,16.25929,15.4036045,18.52029,22.942278,24.622688,23.10073,23.37809,28.790915,28.012318,27.276611,25.585238,21.44775,20.116854,15.481117,15.655896,16.972937,19.515,18.147045,24.15769,20.843498,25.415947,25.75166,28.478525
24,16.174929,13.572182,11.329202,12.00003,8.682002,11.807647,9.822508,15.047087,16.718235,19.35118,23.73363,24.855438,26.775461,26.195248,22.828281,19.169844,17.026287,13.143824,13.80055,8.350555,13.545549,8.125688,4.323584,5.639878,0.0,6.7654867,5.102685,8.024042,6.498672,11.258296,10.944276,15.939552,20.480347,23.673122,25.1484,28.19457,31.278694,32.25041,30.289843,26.480183,21.928467,22.075787,17.190632,17.600151,13.189402,13.993002,11.869292,12.438773,13.564358,16.068123,14.053002,17.662022,15.059069,17.823322,18.937391,20.387175,24.520401,22.312414,24.204063,24.499283,27.683613,23.409311,20.107267,17.833857,14.395105,11.225424,12.239386,10.625517,9.144508,8.91272,7.559447,7.1653666,6.6289887,10.072185,11.8439865,11.576115,15.799546,17.036188,21.024965,23.526396,27.175037,28.417248,25.985514,29.76742,28.721613,24.019896,22.08697,18.629045,18.173914,11.890802,11.84893,9.946013,11.420743,11.908389,13.956119,17.844812,20.20546,18.739447,18.159481,23.724333,23.250189,22.33032,21.113216,16.668839,15.987128,11.134938,12.48949,14.742512,16.875704,15.042823,20.48257,16.862848,21.478659,21.524715,24.807983
25,16.84036,15.26141,13.698654,15.766946,14.019633,17.487904,16.40179,21.559067,23.457048,26.047773,30.470257,31.42297,33.370262,32.576424,29.278126,25.747068,23.52529,19.837612,20.180006,14.680776,19.142765,12.87212,9.602117,6.002034,6.7654867,0.0,5.58851,9.080072,10.854632,14.58632,16.248747,20.297947,25.98382,28.708857,30.334085,33.68053,36.469704,37.622128,35.497738,31.372059,27.217394,27.071127,22.399439,22.605501,18.0534,18.69438,15.555019,15.910431,15.110439,18.885078,16.736464,20.93707,18.628862,20.559366,22.94349,22.674265,27.835653,25.035027,26.62164,27.70747,31.647,27.843994,23.802097,22.316948,17.330196,15.14192,13.500929,12.316517,7.915869,8.511214,10.253098,10.06163,12.006424,15.306257,17.650173,17.812485,21.826616,23.216972,26.969336,29.591293,33.1126,34.40628,32.399323,36.222813,34.802074,30.162558,28.052336,24.852402,23.730583,17.824886,16.27871,13.261387,13.134869,11.733253,16.432384,19.90575,21.238047,21.006725,21.668411,26.574705,26.6384,26.610226,25.063078,21.575636,19.701311,16.350248,15.771831,17.135874,20.551437,19.69587,25.383682,22.838423,27.467815,27.921902,31.258846
26,19.090374,16.32287,15.233812,15.319406,12.781379,16.44479,13.803522,19.425432,20.333302,23.097614,26.86485,28.178812,29.670639,28.52619,25.560022,21.870745,20.706907,16.461138,18.19079,13.107907,18.560034,13.121701,9.349781,8.859102,5.102685,5.58851,0.0,3.9357626,5.65093,8.998322,11.191072,14.754009,20.741568,23.277517,24.9515,28.335106,31.030264,32.32883,30.395721,26.385523,22.280851,22.764956,17.815529,19.144287,14.719343,16.407085,14.265528,15.885954,15.4441395,17.805843,15.14682,18.426853,15.064008,16.828436,18.585434,18.181305,22.854872,19.864779,21.342981,22.194635,26.15526,22.296467,18.248243,17.043003,12.138908,10.371322,9.374769,9.276816,6.5616837,8.504833,8.836606,10.491642,10.099018,14.444129,15.717012,14.367902,18.525467,19.078655,22.89512,25.06817,28.541004,29.593441,27.898777,31.644348,29.801617,25.251766,23.044018,20.08039,18.66794,13.112236,11.025803,8.349828,8.013966,8.386477,11.994661,14.752107,16.930727,16.8172,16.528841,21.593025,22.014969,21.808098,20.781166,17.07896,15.874366,12.5962,13.089975,15.32624,18.212175,16.950472,21.915655,19.17819,23.697037,23.869543,27.634096
27,22.770893,19.714594,18.75946,18.1654,15.278688,18.703455,15.143674,20.610157,20.777945,23.317396,26.463287,27.765102,28.875246,27.248062,24.664192,21.12996,20.817547,16.519926,19.181417,14.859095,20.648659,16.01144,12.266858,12.466595,8.024042,9.080072,3.9357626,0.0,4.560374,6.1838007,9.370127,12.220592,18.438509,20.987206,22.263948,26.069143,28.305391,29.620476,27.59203,23.481083,19.743109,20.41086,15.578214,17.621046,13.5062895,15.960797,14.437119,17.044458,16.095901,17.48122,14.470934,16.905357,12.899025,14.004114,15.774274,14.53196,19.249912,16.062506,17.566711,18.734566,22.7489,19.261646,14.937307,14.030822,8.517169,7.729225,6.0366445,7.4429827,6.2845526,9.17958,9.310258,12.407293,11.068545,15.86395,16.340883,14.008618,17.852057,17.838125,21.351166,23.277225,26.533852,27.514606,26.45773,30.218493,27.90689,23.549072,21.470201,18.730507,17.272766,12.4684,9.677567,7.8469353,6.112287,8.614368,11.400904,12.171053,15.304336,16.093012,14.7730875,19.631968,20.860117,20.655708,20.29957,16.645082,16.132683,13.348388,14.612076,17.229992,19.746466,18.308123,22.440624,19.593403,23.856749,23.613401,27.728237
28,21.605154,18.24408,16.94646,15.710651,12.156469,15.096755,10.983219,16.295782,16.240028,18.820448,21.976913,23.424805,24.572626,23.190096,20.469995,16.767038,16.516928,12.037378,15.039257,11.141352,17.009392,13.303362,9.916504,12.015341,6.498672,10.854632,5.65093,4.560374,0.0,5.0324874,5.542263,9.946444,15.160382,18.24756,19.484491,22.99495,25.637108,26.792711,24.896215,21.034695,16.762894,17.685963,12.5023575,14.719772,10.688053,13.243936,12.526266,15.034957,15.444158,16.149208,13.4373255,15.514596,11.44551,13.5096,14.03395,14.768579,18.452034,15.942789,17.757431,18.055483,21.331606,17.240381,13.674073,11.787473,8.151609,5.8130245,7.783961,8.042416,8.898462,10.305862,8.502888,11.085093,8.235541,12.794676,12.746451,9.901451,13.970543,13.797016,17.638947,19.522118,22.985304,23.95403,22.38974,26.161026,24.241335,19.712147,17.726528,14.640577,13.770155,8.333644,7.024899,6.4768467,7.033778,10.310544,10.780719,12.485138,16.16638,15.545956,13.343018,18.874886,19.38293,18.379871,18.165512,13.646037,14.098102,10.065456,12.791165,15.842984,17.431349,15.343772,19.307009,15.627576,19.892366,19.360317,23.402737
29,25.115396,21.360052,20.953114,18.66122,15.6548605,18.693592,14.110293,19.30326,18.143114,20.880423,22.91526,24.869425,25.308798,23.448551,21.439089,17.768385,19.048653,14.420991,18.521059,15.356126,21.094265,17.813715,14.607163,16.71973,11.258296,14.58632,8.998322,6.1838007,5.0324874,0.0,5.8188686,6.0617714,12.981517,14.845424,16.604427,20.071644,22.457018,24.113491,22.67642,19.062908,15.321929,17.430483,12.335322,16.288923,13.1220875,16.483618,16.522722,19.579353,19.634993,19.590044,16.674189,17.616333,12.790527,13.69645,13.564823,12.780766,15.642908,12.237015,13.294365,13.406315,17.413279,13.441543,9.36282,9.339669,5.5725036,6.5068235,8.078043,10.494742,11.8810215,14.2214,12.866008,16.009972,12.904021,17.342693,16.631271,12.690093,16.181976,14.676723,18.166574,19.071033,22.22481,22.657827,21.822725,25.233772,22.418179,18.271042,15.919138,13.859469,11.700564,8.417626,4.8244777,5.5909867,4.5898643,9.668203,8.568967,7.8105474,12.380849,12.679897,9.475497,14.572128,16.014036,15.352119,15.835042,12.102521,12.936726,10.872103,13.4664955,16.596775,17.94095,16.16624,18.787142,16.010098,19.697708,19.193636,23.619225
30,25.147602,21.533705,20.121143,18.006788,14.013992,15.795847,10.730917,14.771301,13.416478,15.489273,17.637457,19.191662,19.835083,18.097616,15.794242,12.211667,13.418509,9.100059,13.567092,11.778815,17.218292,15.606125,13.068146,16.428637,10.944276,16.248747,11.191072,9.370127,5.542263,5.8188686,0.0,6.8287835,9.818453,13.926604,14.308717,18.041628,20.542244,21.443754,19.560328,15.92917,11.421078,13.0281105,7.6349154,11.290387,8.500545,11.866923,12.976612,16.037685,17.157446,16.155365,13.746842,14.129974,9.737089,11.887711,10.481894,12.919398,14.90032,13.335459,15.515504,15.0602665,17.13135,12.84565,10.354567,7.2047453,6.955705,4.679852,9.681089,10.1237955,13.189665,14.062941,11.193645,13.934097,9.693598,13.366785,11.773586,7.2129564,10.451309,8.980114,12.714301,14.120564,17.547503,18.41942,17.088173,20.907457,18.897806,14.424464,12.90767,9.624117,9.966805,5.7429814,6.5699806,8.917065,9.963594,14.383685,12.476927,12.691138,17.444584,16.42756,12.313555,17.808203,18.400578,16.480406,17.30678,12.243979,14.646899,10.520122,14.93372,18.297117,18.578407,15.872652,18.340805,13.762162,17.336576,15.79996,20.061703
31,28.449501,24.35193,24.25091,20.827236,17.894224,20.161411,15.1422415,19.306326,16.797178,19.425112,20.000763,22.573046,22.20863,20.145103,18.949984,15.440579,18.454536,14.10252,19.173544,17.512007,22.64872,20.865635,18.35602,21.570326,15.939552,20.297947,14.754009,12.220592,9.946444,6.0617714,6.8287835,0.0,8.044817,8.792289,11.211653,14.111917,16.73132,18.769356,18.147516,15.403749,11.885809,15.675333,11.012373,16.466373,14.716227,18.377014,19.689564,22.855787,23.670454,22.540958,19.947578,19.622595,14.781129,15.474975,13.385932,13.58566,13.728957,10.840612,11.279613,9.552958,12.879902,8.129399,5.448341,6.792952,7.8405395,9.5265045,12.787396,15.104827,17.59065,19.518913,17.397312,20.332085,16.33939,19.993292,18.32396,13.475343,15.989869,12.970037,15.998201,15.52024,18.371685,18.084892,17.558031,20.426666,17.035538,13.295796,10.701012,9.872187,6.9644594,7.423286,5.3420672,8.858022,9.218336,14.014997,10.03741,7.785481,12.896963,12.357723,6.7774553,11.494417,12.9905405,11.40546,13.247084,9.678779,12.511481,11.435393,15.080907,18.293198,18.232224,16.173527,16.727985,14.050334,16.613092,15.617018,20.209768
32,32.791862,28.845352,27.956268,24.561172,21.017843,21.665567,16.614315,18.290964,14.713535,15.775171,14.482805,16.780783,15.547036,12.958724,12.872819,10.531295,15.333442,12.73452,18.032001,18.90993,22.91369,23.463737,21.819662,25.897963,20.480347,25.98382,20.741568,18.438509,15.160382,12.981517,9.818453,8.044817,0.0,6.7602215,4.9220467,8.709917,10.9414215,11.891901,11.142233,9.335984,5.667852,10.797506,8.018888,13.677689,14.220925,17.529408,20.375994,23.54031,25.141968,22.519653,20.708443,18.847322,15.043338,15.973128,11.787601,15.072438,12.482174,12.670955,14.125129,11.634197,10.641012,6.3098893,8.491208,6.4173617,12.310696,12.664927,17.397535,18.582918,22.501915,23.414564,20.33785,22.980593,18.357492,20.658754,17.811659,12.840245,13.084241,8.817914,10.191833,8.152954,10.591264,10.041727,10.109353,13.075833,9.740332,6.188622,5.9109216,5.3436017,7.363564,10.240972,11.998525,15.886655,16.926535,21.690786,17.431982,15.482727,20.476631,19.216146,13.29863,16.864376,17.687582,14.6893425,17.442978,13.439559,17.935553,15.732788,20.63701,23.88082,22.560427,19.76408,19.022272,14.875707,15.943465,13.015511,17.1816
33,34.223595,29.956165,30.204327,25.806652,23.27776,24.488644,19.729336,22.056982,18.160604,20.239798,18.379374,21.742743,20.0646,18.015179,18.401802,15.811009,20.712448,17.519436,22.817951,22.94951,26.89141,26.831478,25.168242,29.206135,23.673122,28.708857,23.277517,20.987206,18.24756,14.845424,13.926604,8.792289,6.7602215,0.0,6.5959697,5.8951516,9.571704,12.589899,14.212351,13.980298,11.899504,17.300966,14.505173,20.326176,20.30686,23.729282,26.13118,29.129456,30.716454,28.659239,26.561193,25.116785,20.851435,21.352774,17.657516,18.969496,15.898501,14.645705,14.118872,10.170585,10.46758,6.0534844,9.085569,11.065536,15.554368,17.146244,21.03279,23.100391,26.179884,27.757566,25.103344,27.654825,23.173632,25.767942,23.329144,18.349762,19.330341,15.090102,16.716543,13.919999,15.630824,13.77793,13.833579,14.972282,10.541836,8.73886,6.2069693,9.250113,6.6797876,12.4550705,12.717492,16.465776,17.49618,21.688303,16.240267,13.852437,17.71751,16.230087,10.441371,12.008985,12.800643,9.93116,13.576212,11.67901,16.059454,16.321915,20.21983,23.062056,21.378216,19.31516,16.872929,15.036305,15.032717,13.386415,17.41072
34,37.525772,33.495373,32.807777,29.220692,25.84638,26.481977,21.4841,22.854542,19.023357,19.654453,17.252256,19.388252,17.374964,14.336828,15.515106,14.232275,19.469458,17.444815,22.634308,23.810392,27.680483,28.385382,26.687738,30.628927,25.1484,30.334085,24.9515,22.263948,19.484491,16.604427,14.308717,11.211653,4.9220467,6.5959697,0.0,6.0811915,6.320789,7.567764,7.7721243,7.598996,6.888642,12.266139,11.343555,16.84071,18.129938,21.467089,24.510729,27.91199,29.175087,26.128094,24.35052,21.803247,18.188318,18.261318,13.8343935,16.21485,11.751714,12.691722,13.509892,10.5335655,7.3368874,4.957837,9.392565,9.015689,15.138049,16.453926,20.57767,22.221188,26.330305,27.478838,24.612135,27.566599,23.009645,25.340237,22.35217,17.47072,17.108042,12.8489275,12.817731,9.682024,10.399549,8.862089,11.081207,12.894203,8.371841,7.3746347,8.133726,9.562982,10.817734,14.914081,15.954931,19.822647,20.348314,25.224955,20.741726,17.490555,22.400684,21.74551,15.613511,17.691076,19.191082,16.39464,19.815977,16.863264,21.380798,20.116724,24.724075,27.867237,26.416052,23.852465,22.220968,18.843885,19.071777,16.100677,19.86196
