,0,1,2,3,4,5,6,7,8,9,10,11,12,13,14,15,16,17,18,19,20,21,22,23,24,25,26,27,28,29,30,31,32,33,34,35,36,37,38,39,40,41,42,43,44,45,46,47,48,49,50,51,52,53,54,55,56,57,58,59,60,61,62,63,64,65,66,67,68,69,70,71,72,73,74,75,76,77,78,79,80,81,82,83,84,85,86,87,88,89,90,91,92,93,94,95,96,97,98,99,100,101,102,103,104,105,106,107,108,109,110,111,112
0,0.0,4.37275,7.213959,9.535585,9.946691,11.673516,10.525612,11.524038,9.607613,14.221929,14.046171,18.988035,20.457344,17.944384,20.293428,18.090363,21.427816,20.060244,22.219015,24.041739,25.239246,28.084906,27.380049,32.148117,29.557283,35.050606,30.45437,29.783205,25.804403,24.849567,21.721521,20.365448,20.035551,15.590644,19.354149,15.610731,20.476025,24.955744,23.903732,25.580465,22.080431,26.61023,23.267298,27.474543,27.097507,28.96147,31.0743,31.943005,35.693253,34.57064,33.355522,33.094368,29.918457,31.888472,28.314922,32.875927,30.645514,30.91952,29.580275,26.7802,24.70283,21.208633,24.013597,22.905937,28.123072,27.082273,32.36548,31.294355,35.25741,35.77319,32.588634,31.970335,27.821724,27.646938,25.596312,22.848436,23.761692,20.85865,23.24034,21.762522,25.227198,23.915325,23.355658,21.604177,17.003681,17.193422,13.642414,15.94005,12.795533,16.688948,17.950823,20.915087,23.765175,26.135798,26.597649,27.690422,23.769936,22.056011,18.842342,18.337328,15.219245,16.059849,17.471256,19.229277,22.841488,23.151604,19.93902,19.09481,14.277655,14.383689,15.756217,13.981155,18.109943
1,4.37275,0.0,4.875572,6.651814,9.096511,10.897423,9.268055,12.5509405,11.097765,15.592836,16.193314,20.655283,22.584372,20.150063,22.532026,19.940458,23.65528,21.436865,24.193813,25.134321,26.855556,28.774673,27.695343,32.179585,29.507242,34.511097,29.668894,28.718752,25.123669,23.389761,21.128431,18.470173,18.762264,13.191041,18.009562,13.868102,19.178642,23.476543,23.35504,24.957064,21.798557,26.80876,23.366556,28.243746,27.740463,30.09434,32.132977,33.464157,36.71409,35.57629,34.017223,33.673374,29.990765,31.585749,27.547329,31.770506,29.30064,29.128788,27.430422,24.203655,22.376184,19.005074,21.97998,22.005917,26.97544,26.618172,31.630386,31.175352,34.90456,35.877033,32.985153,32.805523,28.601803,29.151777,27.189238,23.893578,25.211887,21.924936,24.445768,22.70776,26.018429,24.435995,24.533949,22.487078,17.528685,17.535727,13.676924,16.160046,11.756345,16.482351,16.701298,19.924824,22.249517,24.880795,24.468338,24.900352,21.06616,19.64278,16.837963,16.987173,14.616951,16.16579,17.61996,20.34068,23.9807,24.720346,21.722525,21.243195,17.00038,16.994226,19.162592,17.436916,21.639008
2,7.213959,4.875572,0.0,5.9930415,7.528302,10.816131,10.918529,14.771417,14.588778,18.944103,20.202864,24.774698,26.28654,23.515911,25.342974,22.262344,25.133896,22.576822,24.632689,25.302912,26.232159,27.885057,27.256817,31.321518,29.460058,33.876614,29.376165,28.901396,25.500854,23.925047,22.361519,19.608149,21.464983,16.112413,21.611935,17.976053,23.461962,27.497795,27.507519,28.588984,25.120428,30.018126,26.016163,30.837362,29.676989,31.979113,33.477623,34.550156,37.72566,37.242855,35.539238,35.801422,31.975786,33.782394,30.230846,33.96905,32.146904,31.285357,29.242582,25.93368,25.15933,21.326708,23.568216,23.824446,28.222486,27.829306,32.544987,32.067886,35.216785,36.306114,33.656513,33.094013,29.260612,29.803488,28.382032,25.466427,27.430433,24.564636,27.604626,26.404657,29.887947,28.570673,28.954845,27.153137,22.205107,21.741388,17.716383,19.283712,14.49266,18.076164,17.155233,19.73503,21.89918,23.534536,22.974884,23.88318,18.986658,17.005974,14.338921,14.61273,12.716696,15.507211,15.471129,19.571344,22.36941,22.819181,19.759197,20.035408,15.845813,17.363972,19.830225,19.171339,23.478765
3,9.535585,6.651814,5.9930415,0.0,4.876112,6.296393,6.045587,11.48318,12.414422,15.98831,18.631544,22.478662,23.980818,21.172047,22.675594,19.166096,22.384998,18.959455,21.925941,21.577839,23.646017,24.278559,22.962067,26.952944,24.584967,28.885994,24.081266,23.270065,20.064363,18.074675,16.92415,13.668565,16.210024,11.391296,17.203289,14.748853,20.25276,23.701132,23.73149,24.06063,20.522575,25.446684,21.201468,26.368742,25.002895,27.699625,29.126379,30.723171,33.33086,32.745987,30.765411,30.977083,26.820559,28.41423,24.89642,28.289091,26.783688,25.549868,23.427364,20.243254,20.076233,15.843337,17.6855,18.245573,22.407112,22.359552,26.893896,26.804598,29.90956,31.28162,28.830954,28.828495,24.879951,26.207535,24.767282,21.295109,23.630346,20.587776,23.859333,22.864613,26.270214,25.134146,26.475101,25.090353,20.169926,18.62374,14.510062,15.15515,9.806657,13.13141,11.518882,14.390865,16.2995,18.658724,17.887663,18.527246,14.463581,13.122898,10.395254,10.904451,9.401424,11.690159,13.101133,16.77416,20.226185,21.661446,19.301394,19.231245,16.621708,16.187393,19.636654,18.61903,22.801514
4,9.946691,9.096511,7.528302,4.876112,0.0,4.0935216,6.7720575,10.075053,12.221652,15.48248,18.513477,22.58362,23.287,20.099977,20.909481,17.127626,19.283808,16.0231,18.069014,18.058548,19.296375,20.447594,19.733238,23.834564,22.048845,26.57366,22.243793,22.135443,18.551472,17.76623,16.022184,14.586208,17.554722,14.479369,19.45514,17.887127,23.158052,26.559912,25.65488,25.484083,21.2787,25.562658,20.868921,25.320108,23.430975,25.658087,26.668041,27.701841,30.65075,30.619915,28.812046,29.641718,25.852974,28.041613,25.525791,28.862022,28.263151,26.99864,25.110994,22.54429,22.86983,18.136223,19.095346,18.271038,22.231535,21.29141,25.91763,25.092619,28.031862,29.00248,26.419897,25.721285,22.059332,22.823284,21.758858,19.0255,21.680426,19.382912,23.071985,22.895287,26.5862,26.005789,27.224272,26.440556,21.820608,19.794857,15.798137,15.281636,11.022272,12.11224,10.840892,12.772019,15.39877,16.726875,17.292057,19.350971,14.742506,12.675807,9.176826,8.392417,5.5551143,8.009946,8.669651,12.447172,15.610869,16.832615,14.427882,14.437694,12.209048,12.20073,15.874975,15.724315,19.83064
5,11.673516,10.897423,10.816131,6.296393,4.0935216,0.0,4.1924047,7.3413787,10.457552,12.785189,16.710106,20.149078,20.750273,17.604803,18.168085,14.182167,16.720976,12.91956,15.897451,15.285008,17.700258,18.343884,16.969095,21.314808,18.804861,23.690372,19.048868,18.620157,14.874661,14.110169,11.967851,11.004159,13.912636,12.110926,16.461779,15.994209,20.898193,23.88828,22.6593,21.97877,17.62938,21.751446,16.92763,21.479946,19.55543,22.003885,23.121952,24.541868,27.219055,26.93328,25.022703,25.704603,21.806664,23.949703,21.55041,24.860283,24.495699,23.273027,21.581707,19.391758,19.849537,14.915403,15.535941,14.218864,18.293139,17.299679,22.058714,21.2922,24.507555,25.513968,22.882586,22.620102,18.701693,19.943775,18.668468,15.455513,18.233921,15.816933,19.62034,19.65232,23.281298,22.912523,24.651928,24.257437,19.880304,17.138586,13.33774,11.894484,7.9803596,8.083308,7.0498476,9.405089,12.292034,14.539255,15.4746475,17.45298,14.073293,12.72803,9.306143,8.320251,5.524062,5.7060404,8.892837,10.934944,15.000706,17.001104,15.2314825,14.588902,13.6006975,11.491055,15.613235,14.919406,18.7278
6,10.525612,9.268055,10.918529,6.045587,6.7720575,4.1924047,0.0,6.229198,7.9606094,10.511086,14.145875,17.372314,18.65249,15.866758,17.2048,13.683364,17.510082,14.001107,17.91198,17.493645,20.70646,21.430592,19.538181,24.047548,20.718332,25.86424,20.811531,19.642897,15.975506,14.400049,11.880286,9.910132,11.09953,8.312217,12.708608,11.809282,16.775053,19.948431,18.96048,18.80183,14.829151,19.535322,15.254709,20.370996,19.258537,22.008368,23.791384,25.6656,28.259748,27.18843,25.312489,25.191862,21.185854,22.872725,19.493677,23.315811,21.967083,21.29748,19.74755,17.285086,16.661533,12.099318,13.880287,13.036365,17.868961,17.38189,22.369602,21.996567,25.753609,26.851856,24.101772,24.457632,20.147669,21.602617,19.706846,15.806982,17.85703,14.610685,17.873653,17.076,20.540718,19.72311,21.451471,20.68891,16.136484,13.605909,9.644377,9.226505,4.275679,7.502578,7.7251115,11.256987,13.754151,17.220638,17.499153,18.334383,15.956931,15.266073,12.284882,11.958765,9.661961,9.284587,13.068973,14.275191,18.771776,20.790384,18.909948,17.872568,16.268812,13.419679,17.061848,15.265249,19.05302
7,11.524038,12.5509405,14.771417,11.48318,10.075053,7.3413787,6.229198,0.0,4.611527,5.689461,9.912979,13.150759,13.440566,10.271397,11.221299,7.7568393,11.825521,9.376841,13.314646,14.167799,17.44352,19.49206,17.853977,22.973803,19.327074,25.515717,20.885046,20.04072,15.728934,15.83384,11.271468,12.704756,11.834259,12.014851,13.562165,13.807955,17.61897,20.771547,18.068089,17.725758,13.064572,16.67304,12.516707,16.406229,15.599782,17.61597,19.75998,21.15145,24.49377,23.16146,21.848524,21.68726,18.590113,20.93955,18.510246,22.944454,22.083052,22.392021,21.720238,20.314491,19.097763,14.835798,16.195086,12.81497,18.057917,16.182486,21.67408,20.16262,24.559923,24.805937,21.462782,21.360209,16.897661,17.32649,14.920022,11.47806,12.744306,9.904715,13.218158,13.157609,16.986692,16.863962,18.043652,18.189098,14.469061,11.467553,8.393425,6.455968,6.272398,6.1569533,9.893901,12.5241585,15.837273,19.019276,20.87942,22.572742,20.643625,19.757963,16.447145,15.129834,11.856926,9.250394,13.788361,12.135377,17.146442,18.986532,17.271114,15.218556,14.094796,9.2304325,12.359512,9.901452,13.227774
8,9.607613,11.097765,14.588778,12.414422,12.221652,10.457552,7.9606094,4.611527,0.0,4.6370645,6.383265,10.524019,11.781,9.159237,11.653658,9.66946,14.476558,13.2006035,16.921883,18.435953,21.488422,23.997746,22.388752,27.535263,23.692923,29.933378,25.16863,23.985828,19.81691,19.375418,14.887398,15.36639,12.851608,11.694867,12.643164,11.515215,15.13233,18.94015,16.276497,17.20598,13.243284,17.235249,14.221882,18.11774,18.370522,20.27673,22.99506,24.40907,27.920734,25.977953,24.921162,24.03508,21.199003,23.141148,19.833862,24.820871,22.824718,23.90487,23.402395,21.684292,19.163237,15.742777,18.266256,15.508626,21.146667,19.665213,25.183973,23.885695,28.56538,28.776989,25.344364,25.428265,20.893362,21.037148,18.247856,14.846657,14.94985,11.59123,13.665725,12.303813,15.946397,15.136939,15.321221,14.752455,10.725139,8.956058,5.865984,6.9848866,7.071051,9.907508,13.603117,16.727663,19.77621,23.31435,24.643593,25.695408,23.784824,22.948666,19.692917,18.72762,15.442649,13.570611,17.617144,16.394089,21.254873,22.667517,20.506336,18.419327,16.018393,11.828044,13.71175,10.220372,13.52559
9,14.221929,15.592836,18.944103,15.98831,15.48248,12.785189,10.511086,5.689461,4.6370645,0.0,5.4672704,7.522262,8.147383,5.545097,7.8648458,6.422184,12.008849,11.114152,15.482843,16.798248,20.699434,22.996117,21.003122,26.172314,21.767113,28.292137,23.655224,22.278648,18.156183,18.233084,13.066763,15.024555,11.289482,12.797876,11.612197,12.560608,14.7825365,17.77736,14.002532,14.194779,9.933825,13.062436,10.426146,13.725082,14.512415,16.295485,19.414251,21.094532,24.450645,21.992762,21.126057,19.836157,17.412477,19.392546,16.534021,21.7122,20.05272,21.673515,21.776985,20.886993,18.30939,15.197091,17.205069,13.292009,18.872599,17.006845,22.505592,20.972715,26.008585,25.943535,22.392244,22.851763,18.253008,18.484785,15.289783,11.679813,10.941833,7.34359,9.031809,8.027508,11.844909,11.683437,12.446783,13.035331,10.193128,6.956569,5.731121,4.3856773,8.188252,8.89973,13.763433,16.50597,19.470087,23.335512,25.157202,26.244802,25.327873,24.866531,21.756609,20.602499,17.496586,14.543849,19.315401,16.64548,21.712471,23.519827,21.968515,19.444347,18.290623,12.755489,14.49985,10.732969,12.82228
10,14.046171,16.193314,20.202864,18.631544,18.513477,16.710106,14.145875,9.912979,6.383265,5.4672704,0.0,5.18152,6.8071566,5.6763024,9.554043,10.202225,15.158162,15.668836,19.143236,21.43031,24.60527,27.718664,26.073929,31.315472,27.044998,33.663456,29.105494,27.724352,23.619843,23.572416,18.504244,19.920244,15.5067835,15.688217,14.063627,13.46368,14.941382,18.535414,14.663666,16.41815,13.328239,16.078087,14.895502,17.364302,18.99425,20.21909,23.62679,24.896711,28.642721,25.848383,25.436993,23.710894,21.929968,23.675957,20.465006,25.940765,23.43116,25.778872,26.05598,24.943752,21.33667,19.070103,21.84412,18.42013,24.045048,22.282757,27.713558,26.103643,31.245821,30.962393,27.2952,27.53646,23.077528,22.61333,19.291296,16.402023,14.70441,11.644693,11.673994,9.542989,12.593154,11.7886305,10.234641,10.114475,7.80741,7.343871,7.435582,9.218226,12.119682,14.263509,18.863317,21.7821,24.77106,28.563702,30.219418,31.101788,29.837152,29.180521,25.957743,24.877748,21.508524,19.051878,23.254332,20.815664,25.64366,26.861855,24.852377,22.255987,19.95582,15.220614,15.535456,11.147631,12.756962
11,18.988035,20.655283,24.774698,22.478662,22.58362,20.149078,17.372314,13.150759,10.524019,7.522262,5.18152,0.0,3.9900477,5.608027,9.169531,11.157201,16.177534,16.944307,20.872023,22.700018,26.645107,29.287558,27.19741,32.26634,27.450624,34.04924,29.56566,27.810703,24.057201,24.052216,18.923758,20.854372,15.226346,17.126282,13.481542,14.477974,14.076917,16.629633,11.7477665,13.394917,11.231933,12.73046,13.221824,14.786561,17.513832,18.61754,22.484789,24.179518,27.44386,23.866833,23.693485,21.131798,19.925648,21.196554,18.038857,23.60924,20.870718,24.058369,24.987946,24.567968,20.536732,19.16371,21.769537,18.049702,23.32966,21.684755,26.75006,25.284678,30.652569,30.24586,26.657276,27.525282,23.145649,22.986053,19.393772,16.395111,13.697795,10.708846,8.88129,5.8895354,7.9701357,7.383236,5.535643,7.0932083,7.3514285,6.2867694,8.956578,9.905101,14.35083,15.763897,20.691036,23.450827,26.094585,30.327215,32.02921,32.5667,32.315018,32.10091,29.105667,28.082487,24.995369,22.016203,26.747555,23.601845,28.544924,30.135874,28.585316,25.780668,24.31847,18.867691,19.21894,14.888945,15.395942
12,20.457344,22.584372,26.28654,23.980818,23.287,20.750273,18.65249,13.440566,11.781,8.147383,6.8071566,3.9900477,0.0,3.4847965,6.0232844,9.209566,13.365501,15.097029,18.424534,20.701002,24.373604,27.41205,25.592464,30.64992,26.022812,32.793842,28.743635,27.363642,23.48975,24.31437,18.813353,21.942413,16.881117,19.662659,16.25448,17.826635,17.746555,19.978756,14.772383,15.380698,12.61123,12.81969,13.068536,13.186544,15.802291,16.147655,19.955494,21.173761,24.785097,21.326105,21.549627,19.306797,18.83157,20.63988,18.697319,24.036259,22.289083,25.323324,26.418598,26.42845,23.054195,21.208422,23.094936,18.465628,23.406628,21.054573,26.058132,23.959843,29.305613,28.44131,24.702269,25.18311,21.067677,20.288574,16.680841,14.498822,11.218512,9.370951,7.334208,6.45248,8.668823,9.563057,8.13772,10.715142,11.296691,9.555569,11.627131,11.018618,16.01608,15.931164,21.159859,23.37284,26.235508,30.027275,32.385864,33.50754,33.165623,32.788116,29.67197,28.297958,25.058294,21.612497,26.24668,22.252205,26.972734,28.461191,27.194202,24.15174,23.310799,17.474783,17.397493,13.303851,12.845782
13,17.944384,20.150063,23.515911,21.172047,20.099977,17.604803,15.866758,10.271397,9.159237,5.545097,5.6763024,5.608027,3.4847965,0.0,4.0171165,6.169174,10.713609,12.139361,15.478374,17.857035,21.345392,24.495052,22.83989,28.01265,23.638565,30.461802,26.3876,25.259634,21.152628,22.135086,16.545877,19.803076,15.572347,18.063993,15.661012,17.016666,17.98941,20.580177,15.766343,15.985955,12.294915,13.285014,12.088881,12.910861,14.583752,15.12957,18.61103,19.677874,23.539988,20.662415,20.609272,19.039349,18.040369,20.270433,18.471159,23.700733,22.390306,24.771242,25.497112,25.268944,22.44819,19.885199,21.54912,16.776596,21.866196,19.30279,24.561483,22.310844,27.533356,26.75077,22.95054,23.089176,18.854696,18.012995,14.509159,12.217689,9.654286,7.6326575,7.3583984,7.2983327,10.561948,11.360925,10.792614,12.67536,11.842316,9.472716,10.293195,9.031823,13.704806,13.210448,18.421497,20.546856,23.62189,27.137833,29.633526,31.079182,30.320543,29.754337,26.544546,25.055544,21.723717,18.27858,22.806744,18.884665,23.62758,25.099232,23.775465,20.781681,19.988945,14.066673,14.332607,10.290714,10.4348345
14,20.293428,22.532026,25.342974,22.675594,20.909481,18.168085,17.2048,11.221299,11.653658,7.8648458,9.554043,9.169531,6.0232844,4.0171165,0.0,4.331819,7.3825374,9.69815,12.549787,15.038939,18.530104,21.747171,20.244255,25.302853,21.08474,27.972643,24.382458,23.626175,19.5404,21.384317,15.650979,20.119772,16.641375,20.159286,17.867096,20.00181,21.064127,23.186916,18.212364,17.4067,13.359015,13.182146,11.539363,10.927314,12.046125,11.854287,15.127656,15.82209,19.922054,17.303818,17.507774,16.472582,16.061436,18.821957,18.337048,23.091661,22.881853,24.94779,25.81256,26.080667,24.055872,21.142939,21.930231,16.399437,20.85601,17.635721,22.67051,19.835794,24.94236,23.755123,19.8659,19.692656,15.73739,14.428696,10.899694,9.488667,6.4703317,6.3116326,6.622826,8.815586,11.829217,13.541687,13.723147,16.204565,15.616734,12.6214075,13.2243595,10.495842,15.363882,13.085044,18.296179,19.68304,22.80962,25.858923,28.984343,30.949965,30.33862,29.743618,26.568153,24.784512,21.53529,17.569883,22.039682,17.176554,21.65176,23.238283,22.44154,19.27006,19.620474,13.222476,13.524688,10.300426,9.475072
15,18.090363,19.940458,22.262344,19.166096,17.127626,14.182167,13.683364,7.7568393,9.66946,6.422184,10.202225,11.157201,9.209566,6.169174,4.331819,0.0,5.7326636,5.970417,9.851553,11.709098,15.555931,18.336569,16.723127,21.92908,17.827742,24.695164,20.87126,20.263481,15.960797,17.801355,12.114944,16.619902,14.313472,17.619396,16.449175,18.553493,20.551823,22.811329,18.471758,17.242893,12.511285,13.425539,10.106308,11.038479,10.729768,11.406126,14.085872,15.055963,18.978231,17.09987,16.616348,16.325293,14.822826,17.825394,17.22773,21.705896,21.876072,23.096706,23.485737,23.47912,22.188725,18.579977,19.00748,13.533341,18.074104,14.835166,20.143524,17.431318,22.351423,21.539919,17.712376,17.436443,13.136913,12.432085,9.1491995,6.727059,5.894027,4.95685,7.9110117,10.046894,13.619041,14.956978,16.029467,17.88745,16.132284,12.554425,11.922441,8.280467,12.350001,9.194355,14.242631,15.518934,18.791374,21.693663,24.820784,27.003643,26.135645,25.478569,22.313791,20.495895,17.333948,13.282969,17.91442,13.269977,18.019714,19.921288,19.155668,16.185598,16.861355,10.277389,11.90716,9.224964,9.872679
16,21.427816,23.65528,25.133896,22.384998,19.283808,16.720976,17.510082,11.825521,14.476558,12.008849,15.158162,16.177534,13.365501,10.713609,7.3825374,5.7326636,0.0,5.1118727,5.337379,8.779655,11.31003,15.149155,14.533542,19.497196,16.405136,23.184881,20.466389,20.844307,16.665815,19.838463,14.535418,20.059536,19.067192,22.610668,21.890038,24.090757,26.257437,28.361578,23.927345,22.216301,17.507784,17.356314,13.980732,13.084246,11.5387535,10.622401,11.962969,11.315314,16.128775,15.50814,15.545871,16.664171,16.188711,19.827368,20.906214,24.574234,25.973516,26.739256,27.14625,27.52187,27.088533,23.165504,22.711576,16.856081,20.214205,16.153322,20.805017,17.097301,21.355026,19.77402,15.877974,14.2218,10.870865,8.199892,5.5563006,6.8986807,6.8764763,9.178449,11.838825,15.031381,18.16426,20.040712,20.938166,23.162376,21.708553,18.266855,17.543053,13.71352,17.102144,12.67057,16.823116,16.819016,20.18017,21.754904,25.883688,29.019514,27.81347,26.825674,23.667353,21.35185,18.237848,13.919244,17.533293,11.5033,15.219726,16.825012,16.802717,13.579696,15.909172,9.540552,10.512945,9.819342,8.98531
17,20.060244,21.436865,22.576822,18.959455,16.0231,12.91956,14.001107,9.376841,13.2006035,11.114152,15.668836,16.944307,15.097029,12.139361,9.69815,5.970417,5.1118727,0.0,5.600519,5.8099794,10.356523,12.384045,10.871565,16.119108,12.565825,19.378546,16.016424,16.244104,11.886346,14.907613,9.832618,15.374346,15.530731,19.153652,19.17375,21.65409,24.296532,26.21121,22.451338,20.282251,15.328706,16.057293,11.531487,12.347945,9.722552,10.414791,11.370472,12.051007,15.715245,15.391926,14.380091,15.75959,13.843396,17.383198,18.107698,21.401814,23.037664,23.019318,23.017994,23.23409,23.538015,19.214117,18.286993,12.6930895,15.928202,12.084644,16.99243,13.790711,17.989124,17.168472,13.476612,12.488491,8.300844,7.954017,5.842214,4.200103,7.173933,8.063023,12.007063,14.841928,18.184753,19.715284,21.585978,23.382786,21.177671,17.197275,15.784403,11.329607,13.787896,8.347772,11.946913,11.725174,15.071859,16.893486,20.839453,23.91796,22.923939,22.166273,19.19875,17.026539,14.330284,9.759388,14.103764,8.538163,13.036941,15.560266,15.66883,12.97697,15.589024,9.355635,12.297751,11.673463,12.572639
18,22.219015,24.193813,24.632689,21.925941,18.069014,15.897451,17.91198,13.314646,16.921883,15.482843,19.143236,20.872023,18.424534,15.478374,12.549787,9.851553,5.337379,5.600519,0.0,5.3315077,6.003089,10.537247,10.991567,15.737352,14.00106,20.273502,18.205526,19.483854,15.460858,19.193697,14.811272,20.2451,21.06427,24.147356,24.606544,26.606607,29.492641,31.65099,27.74957,25.730656,20.813755,21.101744,16.913626,16.594673,13.758029,13.065453,12.780928,11.461224,15.967199,17.008541,16.615862,18.999578,18.059998,21.865376,23.418543,26.341686,28.465897,28.29229,28.231054,28.464357,29.051056,24.578465,23.45622,18.01798,20.54543,16.413824,20.550802,16.695381,19.91343,18.394108,14.876461,12.055443,9.56372,6.509943,6.405671,8.722429,10.877663,13.025272,16.416918,19.547352,22.814468,24.541105,25.789095,27.697027,25.621992,22.060146,20.559172,16.559288,18.568941,13.451442,16.157978,15.128764,18.47805,18.712265,23.38635,27.30755,25.513983,24.205046,21.168705,18.549019,15.74586,11.620884,14.064115,7.484479,10.229534,11.970493,12.683034,9.737823,13.811941,8.586719,10.49626,11.773943,11.759575
19,24.041739,25.134321,25.302912,21.577839,18.058548,15.285008,17.493645,14.167799,18.435953,16.798248,21.43031,22.700018,20.701002,17.857035,15.038939,11.709098,8.779655,5.8099794,5.3315077,0.0,6.271783,6.734457,5.8507943,10.867338,8.708734,15.030081,12.92403,14.45684,10.762048,15.037857,11.572571,17.325031,19.271263,23.038002,23.667652,26.390408,29.251146,30.833527,27.390213,24.627281,19.82979,20.074265,15.421142,15.557092,11.694976,11.835977,10.622229,10.470507,13.44778,15.080809,13.842323,16.84884,15.175983,18.878958,20.96121,22.982481,25.912918,24.972565,24.757162,25.314983,26.893414,22.329977,20.282942,15.085098,16.447773,12.351139,15.903665,12.194072,14.922997,13.831789,10.633922,8.241831,5.497184,5.3173814,6.4112606,7.501765,11.243956,13.131866,16.919062,20.146418,23.201555,24.948278,27.175665,29.077051,26.810604,22.685158,21.069374,16.456652,18.01126,11.941384,13.49071,11.466374,14.29607,14.297832,19.235813,23.258177,22.256878,21.420563,18.899334,16.454483,14.61857,10.337615,13.22155,7.148575,9.829263,12.921832,14.385719,12.304573,16.852505,12.006075,15.070318,15.94134,16.557043
20,25.239246,26.855556,26.232159,23.646017,19.296375,17.700258,20.70646,17.44352,21.488422,20.699434,24.60527,26.645107,24.373604,21.345392,18.530104,15.555931,11.31003,10.356523,6.003089,6.271783,0.0,6.4746065,9.09823,12.557485,13.171348,18.016,17.196764,19.53808,16.209387,20.321259,17.337301,22.350372,24.763594,27.49825,28.84619,30.756935,34.106068,36.185776,32.73398,30.40201,25.477674,25.908712,21.344454,21.232695,17.62735,17.020985,15.383519,13.56839,17.091198,19.708584,19.029434,22.428347,21.304743,25.068464,27.172382,29.228992,32.094997,31.06361,30.61792,30.823761,32.427574,27.635422,25.82083,21.022724,22.419722,18.488218,21.605783,17.834108,19.500513,18.063284,15.409386,11.54203,10.930198,8.489832,10.605313,13.154376,16.158575,18.293804,21.937292,25.089529,28.340773,30.024668,31.572977,33.322254,30.88443,27.238604,25.283998,21.239338,22.175869,16.810347,17.838444,15.675506,18.550264,16.956814,22.143959,26.871471,24.600027,23.01368,20.38589,17.574242,15.584624,12.336336,12.718407,6.8992553,6.1940126,8.080576,10.442245,8.704247,14.550573,11.705676,13.873811,16.406881,16.745428
21,28.084906,28.774673,27.885057,24.278559,20.447594,18.343884,21.430592,19.49206,23.997746,22.996117,27.718664,29.287558,27.41205,24.495052,21.747171,18.336569,15.149155,12.384045,10.537247,6.734457,6.4746065,0.0,4.159936,6.1809063,8.255316,11.780693,11.737815,14.772764,12.530183,16.922926,15.586591,20.369116,24.00312,27.294054,28.81593,31.409222,34.673985,36.117836,33.203495,30.16704,25.524122,25.88109,21.100193,21.376118,17.081089,17.203485,14.722551,14.045,15.538621,18.846586,17.376505,21.311956,19.578531,22.97879,25.616299,26.51057,30.237041,28.316332,27.665642,28.225397,30.972937,26.220613,23.412783,19.287231,19.114798,15.653594,17.47551,14.244207,14.493576,13.695483,12.107421,8.82702,9.276718,9.729143,12.412151,13.888808,17.76966,19.619596,23.445084,26.62106,29.602448,31.287266,33.756012,35.502388,32.91951,28.779505,26.769085,22.277702,22.73185,16.81684,16.389563,13.1136,14.916755,12.357028,17.879768,22.808506,21.491474,20.496935,18.705153,16.232525,15.658261,12.709178,13.251449,9.0858,8.184434,11.466604,14.277504,13.562879,19.147928,16.290071,19.4138,21.308039,22.113829
22,27.380049,27.695343,27.256817,22.962067,19.733238,16.969095,19.538181,17.853977,22.388752,21.003122,26.073929,27.19741,25.592464,22.83989,20.244255,16.723127,14.533542,10.871565,10.991567,5.8507943,9.09823,4.159936,0.0,5.3048573,4.4102798,9.486915,8.1546,10.822501,8.503329,13.133973,11.985999,17.017212,20.59278,24.465868,25.622576,28.701471,31.665667,32.75001,29.975971,26.659779,22.207472,22.523851,17.735865,18.34362,13.932486,14.720134,12.479203,13.04213,13.84285,16.49322,14.518474,18.178198,15.912075,19.124285,21.724892,22.405165,26.247513,24.224316,23.652838,24.450546,27.336447,22.751226,19.665676,15.524985,14.984209,11.586073,13.425592,10.42344,11.164049,10.91126,9.17472,7.395973,6.675716,9.177884,11.160879,11.439555,15.593744,17.06949,20.874746,23.948282,26.741701,28.392067,31.302963,33.0686,30.563517,26.186953,24.359999,19.644001,20.276592,14.1113615,13.61859,10.242707,11.759999,10.308363,15.668189,20.098886,19.76351,19.346579,17.695726,15.548127,15.170269,11.7853985,13.784776,9.754926,10.780777,14.453099,16.634714,15.606089,20.507957,16.711824,20.244019,21.30269,22.302431
23,32.148117,32.179585,31.321518,26.952944,23.834564,21.314808,24.047548,22.973803,27.535263,26.172314,31.315472,32.26634,30.64992,28.01265,25.302853,21.92908,19.497196,16.119108,15.737352,10.867338,12.557485,6.1809063,5.3048573,0.0,5.8072767,5.8090234,7.792812,11.488188,11.232692,15.529892,15.972979,20.348242,24.588015,28.560446,29.840464,33.149883,36.039627,36.75261,34.26188,30.590248,26.472097,26.462591,21.938435,22.221727,17.709578,18.310028,15.2902975,15.6834135,14.979799,18.620295,16.579466,20.751593,18.770603,21.553246,24.861244,24.428312,29.050562,26.413244,25.752893,26.89003,30.608177,26.218826,22.509256,19.148438,17.138617,14.445599,14.269065,11.935157,10.057027,10.111583,10.331064,8.781309,10.4128275,12.972489,15.569795,16.256947,20.236921,21.91006,25.506678,28.674095,31.206064,32.94612,36.14523,37.984592,35.523277,31.047766,29.254438,24.515772,24.881275,18.850185,17.496983,13.675482,13.925281,10.98194,16.187178,20.806318,21.049438,20.91211,20.07961,18.218252,18.781971,16.185875,17.15696,14.225243,13.730377,17.1365,19.919283,19.487822,24.768488,21.652882,25.091358,26.462914,27.336718
24,29.557283,29.507242,29.460058,24.584967,22.048845,18.804861,20.718332,19.327074,23.692923,21.767113,27.044998,27.450624,26.022812,23.638565,21.08474,17.827742,16.405136,12.565825,14.00106,8.708734,13.171348,8.255316,4.4102798,5.8072767,0.0,6.9082813,5.0786247,7.437061,6.362916,11.212287,10.93312,16.079771,19.452347,24.2304,24.724865,28.539854,30.945887,31.387762,28.755226,24.919958,20.946323,20.752975,16.345436,16.785675,12.31942,13.580472,11.207429,12.98902,12.221415,14.510398,12.005075,15.605017,13.094605,15.889332,19.104027,18.940145,23.44182,21.176628,20.856308,22.295284,25.581326,21.43748,17.762865,13.78554,11.868417,8.719039,9.28278,6.578923,6.9052663,7.3542852,6.3189635,6.9893,6.411504,10.678352,12.1760435,11.641026,15.575059,16.91127,20.330448,23.407797,25.734493,27.485386,30.950562,32.881294,30.675428,26.044847,24.632256,19.707922,20.716253,14.511595,13.921918,10.607451,11.052061,10.69346,15.410321,19.085917,20.248423,20.571945,19.388449,17.720516,17.771326,14.372234,17.15464,13.526798,15.121738,18.836939,20.869791,19.721684,24.265991,19.906857,23.488869,23.909529,24.802912
25,35.050606,34.511097,33.876614,28.885994,26.57366,23.690372,25.86424,25.515717,29.933378,28.292137,33.663456,34.04924,32.793842,30.461802,27.972643,24.695164,23.184881,19.378546,20.273502,15.030081,18.016,11.780693,9.486915,5.8090234,6.9082813,0.0,5.5431523,8.829047,10.898644,14.303339,16.351015,19.956299,24.387222,28.863224,29.80028,33.689766,36.11947,36.12473,34.124344,29.999153,26.543957,26.317734,22.231136,22.742186,18.427536,19.642056,16.754393,18.304682,16.036943,19.127657,16.587038,20.352373,17.997757,19.88454,23.447638,21.767664,26.990616,23.748302,23.111126,24.792696,29.245369,25.408033,21.054594,18.672426,15.050599,13.579585,11.325189,10.696596,6.782925,8.648355,10.628817,11.51445,12.921295,16.750935,18.79044,18.502234,22.317518,23.556122,26.814505,29.746902,31.810232,33.48043,37.287285,39.117996,36.79674,32.1391,30.60251,25.847673,26.147612,20.390198,18.467749,14.740382,13.573436,11.421504,15.346542,18.981009,20.997519,21.770731,21.692951,20.486565,21.72414,19.362766,20.96416,18.747969,18.97871,22.554007,25.065168,24.638388,29.480135,25.97858,29.679852,30.46271,31.477024
26,30.45437,29.668894,29.376165,24.081266,22.243793,19.048868,20.811531,20.885046,25.16863,23.655224,29.105494,29.56566,28.743635,26.3876,24.382458,20.87126,20.466389,16.016424,18.205526,12.92403,17.196764,11.737815,8.1546,7.792812,5.0786247,5.5431523,0.0,3.847366,5.6646914,8.786004,11.163133,14.420261,18.99816,23.35094,24.409344,28.225494,30.727686,30.833662,29.06726,25.125443,21.620838,22.086784,17.693825,19.315096,15.192815,17.319628,15.449729,17.821531,16.4109,18.183346,15.275671,18.155457,14.710149,16.504436,18.94584,17.869722,22.41198,19.151764,18.271456,19.609755,23.887104,19.90507,15.644673,13.43957,10.211583,9.096686,8.194237,8.312525,7.1303515,9.728253,10.137013,11.89138,11.127643,15.617391,16.70163,15.07025,19.046303,19.436707,22.85183,25.312115,27.501896,28.84944,32.73822,34.273914,31.731682,27.118198,25.456861,20.863781,20.872297,15.390767,13.238124,9.758798,8.418632,8.080595,11.708569,14.916716,17.15547,18.159794,17.809967,16.81188,17.89477,15.426309,17.983446,16.114212,17.669737,21.488592,23.287914,22.638493,26.67752,22.799675,26.80519,27.016449,28.480614
27,29.783205,28.718752,28.901396,23.270065,22.135443,18.620157,19.642897,20.04072,23.985828,22.278648,27.724352,27.810703,27.363642,25.259634,23.626175,20.263481,20.844307,16.244104,19.483854,14.45684,19.53808,14.772764,10.822501,11.488188,7.437061,8.829047,3.847366,0.0,4.5205526,6.032202,9.271406,11.915483,16.141682,20.899284,21.527897,25.698801,27.825556,27.57092,26.076157,22.001421,18.910168,19.520182,15.403765,17.631453,14.003714,16.790249,15.689372,18.808332,17.29188,17.967491,14.849272,16.77303,12.679498,13.815141,15.657701,14.345478,18.761766,15.327153,14.476692,16.079105,20.437683,16.80381,12.306785,10.623614,6.6147485,6.8096013,5.7577257,7.6460695,7.8827567,10.923422,11.04624,13.869676,12.17102,16.999928,17.313524,14.69985,18.331463,18.075592,21.195711,23.25213,25.175266,26.33867,30.526342,31.956219,29.51126,24.873514,23.441643,18.991158,19.078794,14.083115,12.018926,9.381767,7.492404,9.559125,11.748657,13.608062,16.906977,18.411404,18.102816,17.502256,18.490622,15.988607,19.349728,17.655796,20.066853,23.904982,25.262844,24.387793,27.802637,23.492752,27.55116,27.146832,28.745325
28,25.804403,25.123669,25.500854,20.064363,18.551472,14.874661,15.975506,15.728934,19.81691,18.156183,23.619843,24.057201,23.48975,21.152628,19.5404,15.960797,16.665815,11.886346,15.460858,10.762048,16.209387,12.530183,8.503329,11.232692,6.362916,10.898644,5.6646914,4.5205526,0.0,5.019668,5.504229,9.820259,13.646198,18.284655,19.027828,22.859764,25.330214,25.710884,23.71555,20.039557,16.214235,17.236267,12.46477,15.038254,11.279414,14.144865,13.561464,16.452171,16.22073,16.58726,13.705225,15.524625,11.331519,13.389865,14.613342,14.978428,18.46382,15.918,15.157267,16.118687,19.408516,15.167351,11.473577,8.133198,6.824434,4.941643,7.6958995,7.437705,9.903248,11.723693,10.283899,12.297673,9.369374,13.854788,13.735846,10.747771,14.656125,14.265126,17.803009,19.924118,22.304802,23.459772,27.257448,28.662266,26.06818,21.46018,19.831398,15.213737,15.518269,9.949643,8.650134,6.1207767,6.1500664,9.0359,12.123715,14.581694,16.370329,17.230328,16.047882,15.00476,15.162536,12.054455,16.027803,13.749399,16.856575,20.630293,21.656395,20.489069,23.655909,19.073912,23.111694,22.62879,24.304756
29,24.849567,23.389761,23.925047,18.074675,17.76623,14.110169,14.400049,15.83384,19.375418,18.233084,23.572416,24.052216,24.31437,22.135086,21.384317,17.801355,19.838463,14.907613,19.193697,15.037857,20.321259,16.922926,13.133973,15.529892,11.212287,14.303339,8.786004,6.032202,5.019668,0.0,5.7351966,5.898818,11.004799,14.964423,16.279749,19.985954,22.52047,22.676737,21.698849,18.24778,15.035361,17.21702,12.730379,16.840904,14.045332,17.54334,17.74839,20.99422,20.712017,20.329084,17.366032,18.094473,13.218845,14.100692,13.327365,13.613462,16.003506,12.741033,11.166282,11.459634,15.380021,11.186942,7.080471,6.5970984,5.523214,7.064098,9.437646,11.18689,13.449771,15.9407215,14.86687,17.284885,14.119763,18.437675,17.76586,13.869066,17.288364,15.646101,18.909462,19.996265,22.215643,22.721024,26.78927,27.607655,24.649712,20.255247,18.40383,14.550997,13.652626,9.834129,7.0810103,6.203967,4.4937105,9.696581,10.282022,10.960783,13.801023,15.389063,14.691885,14.535468,15.231672,13.147484,17.218307,16.527517,19.97171,23.62088,24.075775,23.152367,25.311646,21.078653,25.303335,24.312134,26.555515
30,21.721521,21.128431,22.361519,16.92415,16.022184,11.967851,11.880286,11.271468,14.887398,13.066763,18.504244,18.923758,18.813353,16.545877,15.650979,12.114944,14.535418,9.832618,14.811272,11.572571,17.337301,15.586591,11.985999,15.972979,10.93312,16.351015,11.163133,9.271406,5.504229,5.7351966,0.0,6.700571,8.659117,13.596743,13.87732,17.677324,20.106115,20.866669,18.648727,15.452206,11.219623,13.27686,8.119302,12.28859,9.684646,13.1533,14.18556,17.266449,18.143105,17.109795,14.59382,14.953193,10.407294,12.354606,11.536008,13.844084,15.552626,14.10997,13.525152,13.833663,15.555645,11.129214,8.804703,3.8961143,7.077452,5.507352,10.653327,10.338124,14.434654,15.687537,13.284974,15.181637,10.994447,14.577992,13.095543,8.629599,11.836757,10.0307865,13.602544,15.02658,17.660122,18.453663,22.118998,23.280909,20.570133,15.985609,14.374278,9.784907,10.51798,5.1735764,6.0146923,6.411147,7.9747033,12.493684,14.53511,15.955671,17.1718,17.848824,15.977262,15.067105,14.209849,10.834257,15.940803,13.643811,17.986155,21.40847,21.558147,19.947557,21.87682,16.724915,20.61639,19.223467,21.179678
31,20.365448,18.470173,19.608149,13.668565,14.586208,11.004159,9.910132,12.704756,15.36639,15.024555,19.920244,20.854372,21.942413,19.803076,20.119772,16.619902,20.059536,15.374346,20.2451,17.325031,22.350372,20.369116,17.017212,20.348242,16.079771,19.956299,14.420261,11.915483,9.820259,5.898818,6.700571,0.0,6.9749985,9.132607,11.548956,14.408095,17.509916,18.312027,17.954311,15.574823,12.435917,16.332212,12.0407295,17.544085,15.882477,19.569527,20.82404,23.963001,24.639366,23.468136,20.824663,20.586174,15.652485,16.271534,13.114687,15.14342,15.0334635,12.662365,10.670752,9.0058365,11.352763,6.3686547,4.658503,6.304119,9.203217,10.785677,14.470478,15.864105,19.024958,21.135223,19.389244,21.427732,17.495533,21.018135,19.542545,14.945409,17.670458,14.732531,17.796959,17.662186,20.111338,19.810875,23.53099,23.595825,20.069817,16.147781,13.788898,11.119244,8.722948,7.697996,5.1003838,7.6755033,7.5859637,13.077403,12.407365,11.813619,13.39056,14.747271,13.520448,13.849207,13.910402,12.518644,16.957344,17.207706,21.377779,24.598055,24.134205,23.14323,23.834763,19.835094,23.950266,22.298092,25.117159
32,20.035551,18.762264,21.464983,16.210024,17.554722,13.912636,11.09953,11.834259,12.851608,11.289482,15.5067835,15.226346,16.881117,15.572347,16.641375,14.313472,19.067192,15.530731,21.06427,19.271263,24.763594,24.00312,20.59278,24.588015,19.452347,24.387222,18.99816,16.141682,13.646198,11.004799,8.659117,6.9749985,0.0,7.3031745,5.416353,10.185399,11.737351,12.329325,11.059587,8.889088,5.969005,10.834244,7.9612927,13.972164,14.175939,17.83461,20.35291,23.749529,24.806023,22.235859,20.10596,18.354422,13.939944,14.021421,9.00395,13.176994,10.896317,11.126636,10.682015,9.710648,8.054451,4.635408,6.628972,5.947213,10.970232,12.023489,16.358274,17.312744,21.714392,23.159813,20.808537,23.206648,18.785305,21.724297,19.238775,14.212673,15.19954,11.3061905,13.0163555,11.746398,13.731903,13.047881,17.010283,17.161676,14.27709,10.127157,9.094208,6.9472203,7.369155,8.293518,10.009626,13.065108,13.918547,19.367542,19.342228,18.459373,20.115326,21.20193,19.447824,19.45209,18.34776,16.119574,21.277773,20.149036,25.008533,27.9632,27.165745,25.446613,25.465427,20.466394,23.782362,20.996815,23.326422
33,15.590644,13.191041,16.112413,11.391296,14.479369,12.110926,8.312217,12.014851,11.694867,12.797876,15.688217,17.126282,19.662659,18.063993,20.159286,17.619396,22.610668,19.153652,24.147356,23.038002,27.49825,27.294054,24.465868,28.560446,24.2304,28.863224,23.35094,20.899284,18.284655,14.964423,13.596743,9.132607,7.3031745,0.0,6.4831285,5.747337,10.167568,12.644664,13.470479,13.849041,11.838386,17.337963,14.6290655,20.573833,20.653643,24.073082,26.494064,29.377628,31.052967,28.904373,26.82635,25.418533,21.044699,21.304838,16.061144,19.875988,16.632414,16.428165,14.888566,11.76016,9.234204,6.23183,10.422483,12.253958,16.948462,18.197632,22.540884,23.526342,27.499372,29.146727,26.775854,28.484655,24.009272,26.420965,24.050352,19.2652,20.462261,16.321362,18.228498,16.020452,18.356466,16.625694,19.20929,17.789131,13.4529,11.239979,8.413539,9.785528,5.786936,11.142903,11.335976,15.247125,16.21411,21.169868,19.964935,18.500076,18.54607,19.262014,17.490326,18.158112,17.08319,16.5608,20.755611,21.599728,26.276136,28.702063,27.101162,25.905966,24.40815,20.913269,24.176428,21.419857,24.687864
34,19.354149,18.009562,21.611935,17.203289,19.45514,16.461779,12.708608,13.562165,12.643164,11.612197,14.063627,13.481542,16.25448,15.661012,17.867096,16.449175,21.890038,19.17375,24.606544,23.667652,28.84619,28.81593,25.622576,29.840464,24.724865,29.80028,24.409344,21.527897,19.027828,16.279749,13.87732,11.548956,5.416353,6.4831285,0.0,5.978403,6.3210807,7.6510983,7.1704516,7.597294,6.8547697,12.199372,11.265445,16.775547,18.114468,21.437939,24.504894,27.74654,29.178091,26.071531,24.306488,21.86256,18.032766,17.702028,11.778884,16.441652,12.121543,13.814407,13.642743,12.00587,7.3263097,6.7871523,10.900883,11.267977,16.101965,17.215952,21.460073,22.3821,26.962847,28.256176,25.740465,28.030142,23.483982,25.878567,23.005241,18.104567,18.103601,13.786739,14.285833,11.377164,12.781012,10.832274,14.19256,13.315086,10.310932,7.370048,7.193686,8.317729,8.621049,12.283394,14.403177,17.917803,18.920994,24.314684,23.846916,22.406155,23.676044,24.636005,22.785252,23.012905,21.57713,19.812681,24.770084,23.968668,28.985777,31.579084,30.278997,28.470724,27.446829,22.725794,25.46,22.043907,24.430468
35,15.610731,13.868102,17.976053,14.748853,17.887127,15.994209,11.809282,13.807955,11.515215,12.560608,13.46368,14.477974,17.826635,17.016666,20.00181,18.553493,24.090757,21.65409,26.606607,26.390408,30.756935,31.409222,28.701471,33.149883,28.539854,33.689766,28.225494,25.698801,22.859764,19.985954,17.677324,14.408095,10.185399,5.747337,5.978403,0.0,5.563458,9.612212,10.555807,12.98553,12.11904,17.491247,16.215307,21.631264,22.796259,25.872234,28.91605,31.684507,33.752075,30.941908,29.289454,27.162647,23.408285,23.475695,17.727753,22.300192,17.856554,19.170612,18.377754,15.656299,10.989508,10.295803,14.977588,15.94333,21.040047,21.957132,26.514683,27.19477,31.67058,32.9498,30.257364,31.941437,27.294477,29.136448,26.27988,21.627125,21.708311,17.321453,18.069162,14.750098,16.573381,14.05247,15.6262455,13.299704,8.913625,8.535694,6.8667054,10.762403,8.825402,14.679417,16.33233,20.268478,21.602798,26.569618,25.674076,24.194595,24.136993,24.62683,22.599035,23.067537,21.386305,20.60781,24.861174,25.138443,30.035845,32.122227,30.18398,28.645182,26.378101,22.751831,25.173666,21.702755,24.677168
