,0,1,2,3,4,5,6,7,8,9,10,11,12,13,14,15,16,17,18,19,20,21,22,23,24,25,26,27,28,29,30,31,32,33,34,35,36,37,38,39,40,41,42,43,44,45,46,47,48,49,50,51,52,53,54,55,56,57,58,59,60,61,62,63,64,65,66,67,68,69,70,71,72,73,74,75,76,77,78,79,80,81,82,83,84,85,86,87,88,89,90,91,92,93,94,95,96,97,98,99,100,101,102,103,104,105,106,107,108,109,110,111,112
0,0.0,4.362377,5.818517,8.57498,12.053627,13.457233,17.397638,20.04268,23.199448,26.428892,31.177723,33.14331,35.436497,36.644985,33.124046,29.474566,26.320805,23.594938,21.611286,17.064423,16.46136,12.1156645,14.581733,10.540236,12.478537,17.312479,17.627028,21.307072,21.024206,24.560404,25.290777,28.3366,33.557384,35.41039,38.531006,39.950012,44.093166,46.075256,43.114872,41.149723,36.276867,37.23059,32.26141,33.01103,29.122328,29.01418,27.222174,25.538559,28.24439,31.597307,30.494425,34.46931,32.58967,36.071636,38.39508,38.856186,42.56952,40.647484,37.400703,38.144558,40.91043,35.941784,33.312557,30.36022,29.815397,27.313526,28.286749,27.309843,24.105831,24.469013,23.928484,21.007513,21.878038,21.986753,24.419537,25.840855,29.541897,30.793503,34.931927,37.189445,40.945545,41.789505,40.23634,43.11634,39.88032,36.03691,34.535736,32.282238,30.563742,25.639614,24.967781,20.772594,21.451464,17.91728,22.942848,19.238602,20.376411,19.947845,22.067963,23.913359,22.325975,23.719633,19.283943,23.435123,20.189474,20.54325,23.561745,23.2515,29.207943,27.120993,31.152946,32.408062,34.60367
1,4.362377,0.0,5.0786915,4.6367683,8.7767105,11.078225,14.27458,17.745268,20.3382,23.99924,28.451685,30.792381,32.790146,33.74795,30.393791,26.499413,23.968367,20.684746,19.546072,14.7893915,15.115995,10.434864,13.45804,9.676945,9.956344,15.330433,14.59473,17.981258,17.498344,20.6606,21.598911,24.192268,29.616817,31.234457,34.55366,35.926823,40.03191,42.158936,39.372192,37.491463,32.65282,33.99418,28.875353,30.208609,26.34574,26.718237,25.239727,24.198963,26.800976,29.718237,28.294394,31.994799,29.62988,32.999413,34.86446,35.404152,38.888165,36.818512,33.492115,34.023323,36.797115,31.78133,29.21942,26.527182,26.158756,23.923569,25.11419,24.5613,21.636198,22.416586,21.603722,19.311028,19.443903,20.21963,22.250856,22.929905,26.824425,27.629232,31.89022,33.88881,37.648903,38.323856,37.014717,39.73202,36.23421,32.540455,30.783072,28.641119,26.545704,21.807121,20.80638,16.649162,17.351974,13.825974,19.426289,15.917991,17.565317,17.452765,18.902348,20.443636,18.654095,19.663588,15.162899,19.097084,15.846077,16.347345,19.48345,19.312628,25.349049,23.541725,27.683231,29.081478,31.532022
2,5.818517,5.0786915,0.0,5.967981,7.3094983,8.833062,12.405127,15.378649,18.737165,21.727488,26.732914,28.362455,30.752874,31.70715,28.080345,24.48109,21.099176,18.359697,16.328773,11.439749,11.664961,6.374669,8.931063,5.6373158,7.7074924,13.208805,12.904604,16.690199,16.063951,20.169708,20.361317,24.25009,28.956821,31.627018,34.049625,35.93734,39.8575,41.57231,38.29622,36.07863,31.223406,31.775442,26.936218,27.330877,23.429787,23.209019,21.438608,19.837477,22.686064,25.842289,24.78265,28.718245,27.0179,30.590681,33.174942,33.761734,37.530807,35.983307,32.884144,34.087563,36.599716,31.80497,29.118956,25.572134,25.092682,22.155018,23.444704,22.05193,19.306284,19.282759,18.374422,15.348915,16.122997,16.216402,18.718006,20.320147,24.012693,25.544727,29.59862,32.134716,35.819542,36.905632,35.528587,38.68917,35.481342,31.88954,30.525398,27.827436,26.809517,21.294718,21.137014,16.828562,17.581493,14.410674,19.585205,17.093142,17.486225,18.37912,20.546509,21.579803,20.694372,21.005795,17.261124,20.878479,17.861237,18.775099,21.182497,20.172901,26.46809,23.442362,27.776882,28.416836,30.864197
3,8.57498,4.6367683,5.967981,0.0,4.6994843,7.4744344,9.937028,13.858889,16.011974,19.89776,24.151947,26.679636,28.492994,29.31398,26.062283,22.063602,19.952438,16.38338,15.8590765,11.300459,12.255622,8.120911,11.820912,9.528344,8.314396,14.36092,12.026406,15.02857,13.714785,16.87655,17.27526,20.028008,25.180716,26.845903,30.04901,31.397863,35.537254,37.58836,34.79349,33.036846,28.169529,29.70321,24.569437,26.20344,22.535673,23.17917,22.216995,21.660324,24.493874,26.760958,25.220032,28.51982,25.910204,29.290632,30.753817,31.695852,34.815094,32.979595,29.647501,30.19202,32.586876,27.566763,25.254438,22.307648,22.538715,20.18936,22.095667,21.61438,19.47108,20.247637,18.78141,16.937479,16.102554,17.121819,18.63374,18.773067,22.671848,23.185675,27.484257,29.333347,33.103184,33.71273,32.448696,35.140785,31.603334,27.962378,26.193457,24.004871,22.03429,17.193308,16.42957,12.340513,13.604754,10.473665,17.220922,14.811589,16.52795,17.438095,18.186848,18.908766,17.249634,17.021986,12.868652,15.774393,12.215601,12.857909,15.501451,14.953578,21.168348,19.038544,23.311945,24.58226,27.193771
4,12.053627,8.7767105,7.3094983,4.6994843,0.0,4.4719963,5.615775,10.261842,12.539146,16.152243,20.672665,22.82973,24.753016,25.339787,21.957945,18.001324,15.664885,11.998952,11.603504,6.7742796,9.07272,5.059927,8.735532,8.523871,6.644539,12.668329,9.3118105,12.146253,10.05201,13.982396,13.451232,17.377214,21.813599,24.41959,26.80702,28.637966,32.57163,34.300858,31.138992,29.139168,24.242266,25.345253,20.328707,21.591698,17.952772,18.509083,17.745026,17.390188,20.418865,22.300266,20.822914,23.98407,21.5547,25.070599,26.773537,27.951982,31.078373,29.713173,26.548841,27.610834,29.64056,24.816708,22.50983,18.77376,19.251755,16.326653,18.796663,17.841959,16.44962,16.767166,14.721777,12.968072,11.579279,12.632764,13.98384,14.18339,18.098276,18.90097,23.141825,25.303947,29.027237,29.904707,28.75927,31.770636,28.317877,24.905643,23.35093,20.640308,19.587555,13.9889,14.043024,9.906367,11.468399,9.147765,15.888363,15.02575,15.846635,17.986658,18.778244,18.644327,17.809967,16.370506,13.325145,15.263267,12.1440115,13.35775,14.95255,13.457027,19.88475,16.580605,21.141857,21.672066,24.508938
5,13.457233,11.078225,8.833062,7.4744344,4.4719963,0.0,5.1374593,6.723123,9.968326,13.064315,17.926085,19.813334,22.05103,23.216417,19.679247,16.129467,13.070143,10.552783,8.754126,5.749046,5.143084,5.252515,9.408103,10.744471,10.303414,16.148964,12.869979,15.464207,12.565402,16.699429,14.642252,19.319115,22.634317,25.215471,27.253847,28.696234,32.91372,34.244377,30.91157,29.27346,24.300352,25.133827,20.529396,21.15178,18.073698,18.00469,17.810978,16.869795,20.867886,22.29775,21.35311,24.186966,22.335964,26.058256,27.677053,29.575634,32.23538,31.572374,28.563618,29.779716,30.995676,26.304895,24.591745,20.185472,21.616554,18.17035,21.445316,19.906473,19.294945,18.854269,16.198723,13.829743,12.118299,11.493916,12.539649,13.551513,16.765337,17.909452,21.903767,24.154732,27.921654,28.882277,27.023071,30.179127,27.368694,23.50733,22.607214,19.88049,19.796768,14.213204,15.56885,12.186605,14.647708,13.036695,19.917326,19.461224,20.08756,22.400892,23.220125,22.927597,22.096798,20.223356,17.35598,18.388922,14.729911,15.211503,15.807332,13.666096,19.615389,15.461148,19.670502,19.885641,22.196133
6,17.397638,14.27458,12.405127,9.937028,5.615775,5.1374593,0.0,6.147674,7.533869,11.037647,15.421033,17.524258,19.319038,19.74392,16.38156,12.394176,10.440636,6.45111,7.262889,4.5332966,7.7562695,7.60116,10.313263,12.537719,10.405479,15.182259,10.62273,12.085657,8.342415,12.235062,9.53771,14.602699,17.60162,20.736048,22.362791,24.265093,28.185766,29.5256,26.127394,24.290073,19.327555,20.364948,15.560226,16.828169,13.781458,14.490113,14.878152,15.176755,18.673054,19.274485,17.905277,20.222452,17.799164,21.391098,22.620142,24.660372,27.127121,26.52508,23.562605,24.905684,25.984716,21.40954,19.714882,15.08425,16.892153,13.467415,17.350805,16.126932,16.46488,16.295225,13.134675,12.124313,8.921998,9.723185,9.714179,9.134716,12.810007,13.432067,17.643524,19.811638,23.550661,24.512432,23.26451,26.453812,23.207918,19.877733,18.668226,15.585744,15.692525,9.626783,11.273939,8.2398815,10.871396,10.441436,17.00829,17.883097,18.331757,21.386868,21.600838,20.516132,20.134003,17.202126,15.443553,15.364388,12.526841,13.688001,13.575662,10.969446,16.965979,12.384183,17.001469,16.770203,19.752941
7,20.04268,17.745268,15.378649,13.858889,10.261842,6.723123,6.147674,0.0,4.5208464,6.399412,11.546665,13.116405,15.486983,16.968401,13.383812,10.366671,7.083981,6.3501487,4.2623096,6.998485,5.4906473,10.39551,13.087814,16.2754,15.521158,20.397478,16.349527,17.798018,13.852055,17.519842,13.3904705,18.758123,19.979132,22.846067,23.887571,25.092335,29.33118,30.020737,26.450537,25.267443,20.408052,20.97777,17.157213,17.307217,15.467226,15.130103,16.435148,15.896986,20.519934,20.41139,19.903408,21.579428,20.160217,23.844852,24.874365,27.86788,29.573135,29.976534,27.328627,28.8008,28.721285,24.516806,23.72721,18.544748,21.449366,17.654613,22.162481,20.291908,21.373726,20.352337,16.763409,15.024856,11.941653,10.145329,9.307781,10.133354,11.954215,13.098634,16.58744,18.799814,22.498524,23.567892,21.11932,24.509726,22.4262,18.448023,18.434547,15.494698,17.230686,11.950993,15.185252,13.420817,16.598446,16.491943,23.064625,23.993696,24.327307,27.375223,27.720003,26.64683,26.167973,23.079767,21.273027,20.559635,17.181341,17.39725,16.181877,13.0310335,17.686054,12.037034,15.685411,14.7912855,16.761024
8,23.199448,20.3382,18.737165,16.011974,12.539146,9.968326,7.533869,4.5208464,0.0,4.6501265,8.169701,11.023655,12.503937,13.745875,10.670188,7.1859856,6.745965,5.4334645,7.012909,10.028058,9.985242,13.958059,16.580053,19.58297,17.919596,22.459984,17.683634,18.233208,13.869232,16.387909,11.651428,16.218098,16.6467,18.903524,20.043396,20.781614,25.198057,25.913519,22.615002,21.970726,17.166264,18.58772,14.869807,16.143183,15.044998,15.552216,17.724026,18.20527,22.37413,21.37441,20.560745,21.346403,19.312883,22.648823,22.527514,26.096989,26.957272,27.51705,24.895529,26.005213,25.304861,21.197847,21.111618,16.160997,20.118935,16.83215,21.915903,20.663706,22.462553,21.865608,18.055098,17.416834,13.428878,12.670274,10.666624,9.388496,10.709256,10.365143,13.894906,15.293813,19.081467,19.735004,17.262249,20.363054,18.105267,14.002576,13.95777,11.234648,13.200353,8.6927395,12.599342,12.169921,15.758452,16.535515,23.114445,24.619352,25.3243,28.504396,28.114262,26.6224,26.031797,22.274817,21.025417,19.049337,15.916116,15.925917,13.681024,10.217874,13.922415,7.829307,11.392799,10.355895,12.693914
9,26.428892,23.99924,21.727488,19.89776,16.152243,13.064315,11.037647,6.399412,4.6501265,0.0,5.6171064,6.801297,9.121258,10.929273,7.4796753,5.7407084,4.1532707,6.7530427,6.9065166,12.01663,11.2040415,16.38598,18.294601,22.10797,20.983337,25.076132,20.630264,21.080284,16.79257,19.480072,14.152543,19.256557,18.200678,21.109064,20.989859,21.865181,25.927494,25.906399,22.215343,21.663816,17.229935,17.629261,15.065413,14.945698,14.862789,14.560351,17.335505,17.541153,22.036978,20.364307,20.183098,20.396358,19.332338,22.617788,22.74234,26.760073,27.302362,28.742119,26.560486,28.146515,26.747877,23.272434,23.496473,18.071512,22.206497,18.576887,23.805235,21.960695,24.380846,23.134945,19.132462,18.333166,14.529024,12.606102,9.992085,9.732972,9.1358,9.669689,12.025014,13.87072,17.344326,18.449862,15.367412,18.973028,17.784328,13.943939,15.049384,12.114884,15.87665,11.922625,16.336393,16.241873,19.535183,20.537024,26.498121,28.428486,28.62325,32.108738,31.995554,30.331911,30.11373,26.18885,25.301731,23.271349,20.450382,20.521782,18.010433,14.498951,17.163712,10.787762,13.113566,10.675476,12.158057
10,31.177723,28.451685,26.732914,24.151947,20.672665,17.926085,15.421033,11.546665,8.169701,5.6171064,0.0,4.8276587,4.7205677,7.14562,5.58145,5.7944684,8.56631,10.668427,12.393244,17.18717,16.6698,21.62982,23.637024,27.286404,25.682545,29.588856,24.731321,24.518814,20.119074,21.646824,16.133915,19.867552,17.319284,19.113874,18.66229,18.493975,22.63604,22.22775,18.995481,19.624826,15.823779,17.039349,15.502378,16.275007,17.430765,17.747248,21.207718,22.104359,26.159613,23.630747,23.351473,22.470797,21.124018,23.77775,22.464968,27.248802,26.47124,28.421509,26.508198,27.653357,25.127483,22.214697,23.554375,18.715666,23.842323,20.904905,26.440863,25.146284,28.174652,27.223288,23.159246,23.119415,18.910938,17.617144,14.502287,12.86612,11.171503,9.847927,10.865096,11.003803,14.145406,14.585095,10.615356,13.811217,13.455676,9.422541,11.635419,9.698462,14.384762,12.711085,17.285162,18.578102,21.994522,23.646942,29.451395,31.789522,32.311428,35.828186,35.095055,33.114243,32.760086,28.349176,27.9412,24.804813,22.285522,21.987614,18.550095,15.213113,15.652414,9.848524,10.141615,6.6271095,7.240091
11,33.14331,30.792381,28.362455,26.679636,22.82973,19.813334,17.524258,13.116405,11.023655,6.801297,4.8276587,0.0,3.651137,6.409712,4.3634543,7.2770796,8.1256895,12.04456,12.600541,18.126032,17.38967,22.771719,24.080616,28.343323,27.231113,30.68848,26.275288,26.149092,21.951382,23.975779,18.266386,22.857187,19.71403,22.648252,21.009666,21.592367,25.023474,23.959528,20.180979,20.344822,16.992277,16.651894,16.186342,15.205544,17.01654,16.45032,20.100246,20.652466,24.799904,21.87458,22.22505,21.039604,20.806087,23.445389,22.92264,27.708935,27.114323,29.73539,28.225119,30.018967,27.356033,24.959724,26.043425,20.713705,25.40573,22.042162,27.412746,25.471735,28.818453,27.257988,23.191998,22.92002,19.141384,17.024069,13.821551,13.3571615,10.421919,10.581871,10.247501,11.489538,13.951936,15.2777815,11.331116,15.206016,15.815809,12.890431,15.468448,13.034494,18.45394,16.133959,20.819963,21.71738,24.79458,26.400286,31.638885,34.251595,34.182407,37.975853,37.69637,35.646748,35.724373,31.338133,31.122858,28.396912,26.094334,26.117798,22.954304,19.505058,20.403187,14.432478,14.905673,11.079817,11.202195
12,35.436497,32.790146,30.752874,28.492994,24.753016,22.05103,19.319038,15.486983,12.503937,9.121258,4.7205677,3.651137,0.0,3.9851649,4.550031,7.822854,10.756815,13.74296,15.37497,20.540098,20.241535,25.282166,26.743752,30.812366,29.266233,32.625732,27.89649,27.351473,23.10645,24.398554,18.727245,22.403406,18.520008,20.765205,18.930243,18.940346,22.30552,21.048267,17.617401,18.540342,15.650199,16.031395,16.04277,15.990125,18.279907,18.34636,22.246975,23.35118,27.115507,23.82891,23.908005,22.172888,21.484913,23.689514,22.167276,27.323254,25.921299,28.72007,27.347143,28.810791,25.547894,23.509594,25.214752,20.376177,25.572212,22.7239,28.218325,26.746515,30.368763,29.131075,25.06277,25.32866,21.217163,19.748074,16.337023,14.840532,11.851001,10.687178,9.694034,9.50355,11.650421,12.430783,7.9615984,11.621653,12.730653,10.09739,13.184185,11.415545,17.091871,16.035692,20.632795,22.26693,25.358116,27.342913,32.45539,35.307854,35.47691,39.268547,38.56406,36.317245,36.31215,31.650898,31.753443,28.400784,26.365036,26.264818,22.684893,19.406878,19.207651,13.823673,13.359492,9.180629,8.958007
13,36.644985,33.74795,31.70715,29.31398,25.339787,23.216417,19.74392,16.968401,13.745875,10.929273,7.14562,6.409712,3.9851649,0.0,3.9650683,7.3674984,11.445829,13.695371,16.308464,20.987938,21.75745,26.015177,27.077358,31.197472,29.245869,31.962927,27.172054,26.101355,22.063805,22.806225,17.226885,20.559105,15.809958,18.711811,15.874972,16.608952,19.320787,17.82596,14.020161,14.71995,12.2171135,12.456759,13.198366,13.435575,16.310217,16.871641,21.00242,22.80013,25.91075,22.153421,22.019602,19.68417,18.811356,20.57912,18.618353,23.934359,22.185276,25.287506,24.200926,25.85851,22.337545,20.802578,22.619423,17.929716,23.159386,20.653576,26.05837,24.820498,28.875628,27.779045,23.801807,24.76235,20.492868,19.730747,16.09602,13.786931,10.461611,8.587341,6.4633007,5.75771,7.729203,8.912391,5.4729986,9.874072,10.377769,9.245904,11.983021,9.815308,15.992627,15.223576,19.639904,21.65846,24.324911,26.737862,31.049217,34.433197,34.402042,38.392605,37.52308,34.977837,35.2962,30.379816,31.10643,27.496181,26.152777,26.452238,22.87697,19.677172,19.443966,14.283977,14.145009,9.71588,10.63591
14,33.124046,30.393791,28.080345,26.062283,21.957945,19.679247,16.38156,13.383812,10.670188,7.4796753,5.58145,4.3634543,4.550031,3.9650683,0.0,4.3877816,7.500045,10.231221,12.403867,17.250841,17.946348,22.276892,23.273808,27.500145,25.80475,28.675386,24.05685,23.369694,19.277998,20.75363,15.026261,19.408833,15.71489,19.333567,17.103872,18.426739,21.48054,20.502033,16.414446,16.134012,12.6829,12.412774,12.005111,11.577819,13.73519,13.892968,17.845098,19.281355,22.774927,19.459341,19.397676,17.781075,17.04954,19.457739,18.584139,23.45226,22.760904,25.401957,23.987339,25.919838,23.252104,21.046494,22.102116,16.791666,21.591557,18.499763,23.913656,22.279314,26.021036,24.720463,20.67357,21.207071,17.051674,15.926063,12.34771,10.584719,7.3335586,6.5703325,5.9877305,7.532817,10.39091,11.993166,9.184172,13.485887,13.032028,10.956205,12.989927,9.908941,15.764937,13.464323,18.07474,19.356377,22.07391,24.137424,28.694653,31.818378,31.630915,35.611076,35.103268,32.7591,33.10788,28.446766,28.824219,25.811384,24.17333,24.620443,21.451138,18.033333,19.04699,13.117265,14.133059,9.991648,11.494017
15,29.474566,26.499413,24.48109,22.063602,18.001324,16.129467,12.394176,10.366671,7.1859856,5.7407084,5.7944684,7.2770796,7.822854,7.3674984,4.3877816,0.0,5.7342463,6.424505,9.857857,13.882344,15.255925,18.86608,20.174505,24.012184,21.962814,25.050245,20.180735,19.534178,15.287661,16.796074,11.083036,15.662871,13.13574,16.797638,15.633986,17.191708,20.72395,20.584063,16.663084,15.924271,11.54093,12.298038,10.007017,10.946669,11.777183,12.618317,16.143965,17.770018,21.22923,18.587603,17.941006,17.110434,15.401172,18.181854,17.403536,21.84228,21.787027,23.535696,21.61002,23.31845,21.43704,18.44012,19.033176,13.629047,18.405365,15.288953,20.813711,19.494223,22.824747,21.932816,17.885105,18.50906,14.033256,13.647912,10.221363,7.4466496,5.9487033,4.32463,6.83884,8.476186,12.14657,13.327977,11.340198,15.178571,13.204556,10.504081,11.3008175,7.5969124,12.590026,9.289071,13.926113,14.98988,17.817446,19.815176,24.694475,27.612242,27.665243,31.512234,30.896772,28.647995,28.834463,24.255232,24.463724,21.563028,19.855556,20.442339,17.514175,14.060469,15.982395,9.803281,12.079909,8.69528,11.4341
16,26.320805,23.968367,21.099176,19.952438,15.664885,13.070143,10.440636,7.083981,6.745965,4.1532707,8.56631,8.1256895,10.756815,11.445829,7.500045,5.7342463,0.0,5.0382524,4.9641733,10.220972,10.745438,15.125916,16.081041,20.439648,19.361948,22.686184,18.553444,18.888834,14.885361,17.984953,12.65411,18.646564,17.510263,21.749762,20.824587,22.784721,26.240467,26.10117,21.92272,20.472326,16.052412,15.376937,12.856654,11.608329,11.278705,10.511979,13.316593,13.64031,18.025576,16.235626,16.194826,16.572685,15.976132,19.435144,20.498705,24.135502,25.320553,26.87391,24.878057,27.07176,26.049883,22.7908,22.423023,16.55924,20.005163,15.97594,20.984364,18.661217,21.333601,19.713022,15.682162,14.993932,11.284582,9.168554,6.1329613,6.6986694,5.878457,8.090344,10.487615,13.499224,16.820835,18.562162,16.364529,20.430586,18.906675,15.952406,16.734947,13.059845,17.108297,12.257606,16.502575,15.96808,18.634398,19.718657,24.76788,27.124578,26.68946,30.500446,30.747547,28.9342,29.2618,25.340208,24.877905,23.29362,21.074734,21.797287,19.739931,16.231237,19.631388,13.207791,16.148258,13.388862,15.452179
17,23.594938,20.684746,18.359697,16.38338,11.998952,10.552783,6.45111,6.3501487,5.4334645,6.7530427,10.668427,12.04456,13.74296,13.695371,10.231221,6.424505,5.0382524,0.0,5.3133154,7.595041,10.251854,12.618572,13.918017,17.601553,15.617565,18.985106,14.29262,14.402489,10.164949,13.177658,8.094138,14.184665,14.443579,18.657017,18.627127,20.88816,24.452818,25.053387,21.158045,19.358498,14.491351,14.88645,10.836823,11.473477,9.727596,10.39317,12.519605,13.648544,17.319895,16.170155,15.166688,16.137096,14.155156,17.692827,18.537582,21.630716,23.283558,23.891966,21.455103,23.359266,23.158524,19.32195,18.427803,12.777028,15.976153,12.141317,17.19718,15.526787,17.807484,16.949926,12.992785,12.957215,8.5534725,8.590834,6.138538,4.0847974,6.6319804,7.4234624,11.380642,13.935564,17.586733,18.925116,17.639769,21.293413,18.523237,15.663957,15.235008,11.436352,13.983661,8.170564,11.901103,10.996254,13.602609,14.783783,19.99007,22.339552,22.197168,25.943491,25.89077,24.038752,24.272474,20.314262,19.910706,18.358925,16.383429,17.495274,15.847719,12.507303,16.877644,10.926439,14.948961,13.113518,16.167143
18,21.611286,19.546072,16.328773,15.8590765,11.603504,8.754126,7.262889,4.2623096,7.012909,6.9065166,12.393244,12.600541,15.37497,16.308464,12.403867,9.857857,4.9641733,5.3133154,0.0,5.8403215,6.0478106,10.347497,11.566111,15.811302,15.2780695,19.169916,15.513791,16.795065,13.117993,17.21105,12.848418,19.12507,19.730196,23.839926,23.82253,25.886501,29.552559,29.905949,25.856947,24.042896,19.34488,18.829412,15.390298,14.294007,12.377994,11.343063,12.600035,11.894519,16.679384,16.41234,16.22599,18.012354,17.292925,21.096455,22.984837,25.769255,27.898869,28.669046,26.324799,28.449512,28.415182,24.606438,23.470982,17.783693,20.166542,15.907756,20.257185,17.729666,19.234015,17.599112,13.874645,12.03217,9.090884,6.346893,5.3376713,7.762649,9.286083,11.722837,14.864075,17.916376,21.379642,23.014109,21.008474,24.880884,22.882727,19.59108,19.745794,16.17405,18.820528,13.070742,16.47481,14.624211,17.12605,17.284307,22.719986,24.27473,23.809132,27.316011,28.067133,26.748058,26.931232,23.716593,22.526945,22.062738,19.434156,20.266012,19.15361,15.905467,20.587185,14.565272,18.265072,16.50582,18.694221
19,17.064423,14.7893915,11.439749,11.300459,6.7742796,5.749046,4.5332966,6.998485,10.028058,12.01663,17.18717,18.126032,20.540098,20.987938,17.250841,13.882344,10.220972,7.595041,5.8403215,0.0,5.840545,5.229452,6.607911,10.287482,9.443966,13.671782,10.298603,12.443935,9.530558,14.35202,11.772506,17.73346,20.234285,24.355461,25.114435,27.599243,31.148382,32.128166,28.278484,25.923847,21.105612,20.951855,16.585133,16.282848,12.891547,12.513649,12.062682,11.3675785,15.278325,16.556608,15.663765,18.667715,17.251513,21.087791,23.548487,25.206137,28.32401,28.044481,25.368372,27.375301,28.58874,24.356762,22.264576,17.169355,18.078764,14.015669,17.293793,15.021187,15.0985,13.98878,10.921936,8.611434,6.568696,6.025882,7.472891,9.216758,12.618341,14.6413965,18.427528,21.399576,24.93982,26.433699,25.194036,28.83572,25.958511,22.875006,22.086992,18.574636,19.61162,13.315369,15.177952,11.953916,13.6405325,12.870907,18.132399,19.044891,18.491474,21.771128,22.911228,21.975859,22.193487,19.710728,18.111954,18.9355,16.536743,17.939264,18.097784,15.479971,21.338167,16.296495,20.738005,19.862362,22.62257
20,16.46136,15.115995,11.664961,12.255622,9.07272,5.143084,7.7562695,5.4906473,9.985242,11.2040415,16.6698,17.38967,20.241535,21.75745,17.946348,15.255925,10.745438,10.251854,6.0478106,5.840545,0.0,6.8540096,9.453529,12.579853,13.32271,18.374674,15.629173,18.11556,15.079072,19.618042,16.508192,22.193651,24.241117,27.558456,28.604431,30.237833,34.301613,35.04792,31.285908,29.585709,24.738611,24.627535,20.742054,19.99602,17.412458,16.307524,16.307814,14.480966,19.286821,20.470997,20.264915,22.967873,22.16205,26.04261,28.199276,30.44748,33.042557,33.16454,30.4984,32.263374,32.89466,28.604136,27.107485,21.949705,23.625618,19.568218,23.116426,20.7083,20.724794,19.306507,16.341385,13.249915,11.91962,9.237786,10.392779,13.063956,15.27524,17.412294,20.807552,23.58579,27.173597,28.554695,26.260536,29.835068,27.762863,23.917997,23.796791,20.714561,22.095152,16.371174,18.813961,15.942913,18.400286,17.294548,23.443851,23.583136,23.46713,26.194668,27.439898,26.929642,26.584604,24.420809,22.054445,22.798223,19.386621,19.846355,19.730038,17.043165,22.37459,17.19937,20.98262,20.279135,22.109365
21,12.1156645,10.434864,6.374669,8.120911,5.059927,5.252515,7.60116,10.39551,13.958059,16.38598,21.62982,22.771719,25.282166,26.015177,22.276892,18.86608,15.125916,12.618572,10.347497,5.229452,6.8540096,0.0,4.4488125,5.9347177,6.739852,12.085251,10.271988,13.640617,11.996122,16.786161,15.679303,20.792301,24.42043,27.9957,29.475212,31.765823,35.469334,36.76168,33.113976,30.739971,25.908298,25.943413,21.38328,21.22117,17.49162,17.016962,15.602151,14.1170225,17.56098,20.078562,19.185997,22.85678,21.466816,25.213404,27.964151,29.004032,32.587044,31.718334,28.855406,30.592623,32.486904,27.984915,25.500086,21.063227,21.102932,17.472672,19.621946,17.577902,16.05315,15.284122,13.394453,10.218831,10.289302,9.92511,12.351358,14.328574,17.83512,19.770287,23.639044,26.498383,30.088068,31.456844,30.13758,33.616467,30.619358,27.282867,26.254148,23.066149,23.1723,17.095116,17.966269,13.972916,15.14696,13.051198,18.331354,17.735748,17.359257,19.774256,21.583906,21.515997,21.371174,20.151073,17.54037,19.828962,17.096382,18.374722,19.63556,17.69484,23.954355,19.736162,24.201311,24.004656,26.597927
22,14.581733,13.45804,8.931063,11.820912,8.735532,9.408103,10.313263,13.087814,16.580053,18.294601,23.637024,24.080616,26.743752,27.077358,23.273808,20.174505,16.081041,13.918017,11.566111,6.607911,9.453529,4.4488125,0.0,5.2316575,6.8789873,9.978358,9.594214,12.94801,12.237728,17.246737,16.430256,21.974598,25.260412,29.75627,30.46351,33.451447,36.647995,37.738224,33.782707,30.84625,26.26347,25.473955,21.248611,20.218355,16.227442,15.291297,12.927996,11.00901,13.87626,17.155716,16.444208,20.645088,19.88355,23.570936,27.263668,27.73712,31.924995,31.172834,28.59743,30.897118,33.036427,28.898413,25.994785,21.39109,20.520588,16.685383,18.022425,15.318156,13.499959,12.025023,10.726279,6.79197,8.761781,8.484869,11.752525,14.446146,17.79932,20.373951,23.90813,27.247427,30.582556,32.328568,31.439455,35.20095,32.20137,29.373337,28.404133,24.826612,25.457201,19.136805,20.030674,16.084272,16.430403,14.608813,18.067572,18.043634,16.51772,19.361261,21.83092,21.600708,22.270088,21.14316,19.268719,21.870575,19.980267,21.75889,22.998312,20.946003,27.181566,22.637403,27.182251,26.45239,29.218874
23,10.540236,9.676945,5.6373158,9.528344,8.523871,10.744471,12.537719,16.2754,19.58297,22.10797,27.286404,28.343323,30.812366,31.197472,27.500145,24.012184,20.439648,17.601553,15.811302,10.287482,12.579853,5.9347177,5.2316575,0.0,4.662392,8.461833,9.521096,13.465046,13.772983,18.21726,18.783623,23.205072,27.650063,31.434559,32.996887,35.75423,39.081604,40.626263,37.021233,34.15766,29.533438,29.368744,24.731476,24.540808,20.317684,19.95843,17.432081,15.901902,17.890003,21.593704,20.487062,24.830652,23.470945,26.931335,30.349682,30.311363,34.71138,33.199238,30.365597,32.1751,35.0061,30.57268,27.367508,23.63497,22.171114,19.083532,19.548784,17.716047,14.550594,14.212986,13.964894,10.863595,12.833146,13.550438,16.564432,18.449614,22.222847,24.232754,28.081501,31.071499,34.526226,35.98206,35.207836,38.680496,35.30423,32.33692,30.922394,27.705048,27.225185,21.234535,21.09547,16.699627,16.526615,13.711348,16.9674,15.384987,14.328277,16.069557,18.965643,19.586313,19.811863,19.921312,17.254333,21.068195,19.177023,20.943394,23.141382,21.807524,28.277191,24.689465,29.321465,29.302856,32.151524
24,12.478537,9.956344,7.7074924,8.314396,6.644539,10.303414,10.405479,15.521158,17.919596,20.983337,25.682545,27.231113,29.266233,29.245869,25.80475,21.962814,19.361948,15.617565,15.2780695,9.443966,13.32271,6.739852,6.8789873,4.662392,0.0,6.278884,5.3533287,9.275108,9.78609,13.820207,15.109741,18.895088,23.793888,27.410994,29.19866,32.0321,35.21645,37.008972,33.63937,30.778034,26.212448,26.582067,21.646698,22.381886,18.059687,18.56739,16.424688,16.109604,17.625002,20.693892,18.974636,22.9779,20.77316,24.03791,26.90708,26.766165,31.037449,29.156195,26.180742,27.74945,30.810888,26.315718,22.992851,19.698797,18.099157,15.461013,15.936746,14.879559,11.818569,12.485262,12.010669,10.364781,11.064536,13.297486,15.625655,16.227411,20.393158,21.740292,25.782812,28.430004,31.873423,33.108387,32.775173,36.017376,32.220905,29.552628,27.7336,24.632568,23.603025,17.824915,17.074785,12.641809,11.998276,9.183599,12.591295,11.44106,10.762933,13.085365,15.232377,15.407523,15.662972,15.323853,12.970118,16.640697,15.277931,17.486006,19.751802,18.619108,25.083393,21.928888,26.682508,26.830402,30.03834
25,17.312479,15.330433,13.208805,14.36092,12.668329,16.148964,15.182259,20.397478,22.459984,25.076132,29.588856,30.68848,32.625732,31.962927,28.675386,25.050245,22.686184,18.985106,19.169916,13.671782,18.374674,12.085251,9.978358,8.461833,6.278884,0.0,5.5626874,8.197045,11.130651,14.280377,16.79588,20.149822,24.888712,29.356956,30.377924,34.081116,36.438835,38.197536,34.716297,31.1495,27.118427,26.848595,22.294031,22.665274,18.137041,18.797482,15.7679615,16.05427,15.549683,19.238272,17.232206,21.585566,19.58369,22.293482,26.049246,24.651506,29.812897,27.576908,24.974586,27.058224,30.842953,26.922792,22.899536,20.165028,16.781418,14.762223,13.0632305,12.107309,7.483454,8.840345,10.444147,10.08841,12.150517,15.359372,17.80175,18.253008,22.266436,23.810799,27.458858,30.347162,33.39545,34.893105,35.38573,38.73721,34.68894,32.827084,30.829159,27.475973,26.624775,21.002644,19.844687,15.84237,13.732331,11.692611,10.609232,10.484188,7.354055,10.500552,13.671603,13.56358,15.369511,15.49618,14.739811,18.733257,18.97694,21.792366,24.064802,23.0374,29.265804,26.160028,30.955221,30.694126,34.217564
26,17.627028,14.59473,12.904604,12.026406,9.3118105,12.869979,10.62273,16.349527,17.683634,20.630264,24.731321,26.275288,27.89649,27.172054,24.05685,20.180735,18.553444,14.29262,15.513791,10.298603,15.629173,10.271988,9.594214,9.521096,5.3533287,5.5626874,0.0,3.963737,5.7328296,9.293512,11.467338,14.953826,19.747139,23.989267,25.23801,28.677675,31.2936,33.11327,29.756716,26.535648,22.264013,22.64628,17.712711,18.973667,14.574598,15.929561,13.982752,15.101862,15.577215,17.934982,15.610329,19.253103,16.41157,19.344028,22.126247,21.591074,26.042683,23.96904,21.078299,22.905954,26.21008,22.00464,18.326023,15.248137,12.898375,10.598502,10.6617155,10.201755,7.561968,9.20673,8.695074,9.285212,8.943131,12.880154,14.442089,13.795222,18.064686,18.99145,22.890652,25.424665,28.617638,29.871029,30.298956,33.475464,29.328367,27.401493,25.30628,22.051147,21.069948,15.466235,14.357438,10.419552,8.619065,7.1261654,8.525025,9.767719,8.317929,12.168035,13.478417,12.413386,13.6652775,12.104224,11.535383,14.269448,14.328217,17.21197,18.972628,17.750843,23.865509,20.75454,25.5351,25.33536,28.959398
27,21.307072,17.981258,16.690199,15.02857,12.146253,15.464207,12.085657,17.798018,18.233208,21.080284,24.518814,26.149092,27.351473,26.101355,23.369694,19.534178,18.888834,14.402489,16.795065,12.443935,18.11556,13.640617,12.94801,13.465046,9.275108,8.197045,3.963737,0.0,4.4516506,6.213017,9.497334,12.1667185,16.873238,21.435339,22.33713,26.175648,28.321,30.219288,26.98745,23.565592,19.606487,20.201252,15.315958,17.292994,13.095795,15.280737,13.818122,16.041,15.791787,17.274847,14.492581,17.493233,13.941365,16.418718,18.814058,17.964415,22.442747,20.101507,17.225492,19.16375,22.69665,18.734325,14.776886,12.138341,9.061491,7.4988933,7.176841,7.949058,6.4904823,9.053512,8.448456,10.863799,9.523224,14.207068,14.964332,13.153077,17.27516,17.62436,21.32584,23.583511,26.534027,27.700119,28.748844,31.753414,27.32513,26.016933,23.674837,20.457872,19.374529,14.279534,12.774484,9.706375,6.9792585,7.223687,6.4307303,9.922177,8.420799,12.822698,13.116637,10.997648,12.8950815,10.21128,11.313334,12.894465,14.139755,17.335423,18.659029,17.500805,23.08348,20.24727,24.884869,24.520624,28.39373
28,21.024206,17.498344,16.063951,13.714785,10.05201,12.565402,8.342415,13.852055,13.869232,16.79257,20.119074,21.951382,23.10645,22.063805,19.277998,15.287661,14.885361,10.164949,13.117993,9.530558,15.079072,11.996122,12.237728,13.772983,9.78609,11.130651,5.7328296,4.4516506,0.0,5.0923824,5.7366056,10.030106,14.1839905,18.684689,19.65552,23.08553,25.764643,27.4865,24.136065,21.16107,16.727728,17.675144,12.480786,14.778631,10.862337,13.146855,12.739423,14.941237,15.985946,16.597994,14.080723,16.505358,12.855716,15.842117,17.49476,18.020678,21.572432,19.966497,16.970064,18.771593,21.247612,16.969574,13.820504,9.924481,9.275195,6.4879446,9.320993,9.325211,9.772606,11.02807,8.667934,10.564884,7.4675665,11.806422,11.835274,9.411013,13.692007,13.780739,17.77671,19.940823,23.161337,24.24385,24.81364,27.867968,23.628687,21.922848,19.789309,16.460548,15.801234,10.180215,9.593289,6.596092,5.691705,6.8209395,9.883485,12.838047,12.385595,16.39567,16.228304,14.147978,15.110149,11.50309,11.985022,12.080402,12.246346,15.066389,15.5884285,13.8544035,19.446001,16.02813,20.694887,20.204504,24.01774
29,24.560404,20.6606,20.169708,16.87655,13.982396,16.699429,12.235062,17.519842,16.387909,19.480072,21.646824,23.975779,24.398554,22.806225,20.75363,16.796074,17.984953,13.177658,17.21105,14.35202,19.618042,16.786161,17.246737,18.21726,13.820207,14.280377,9.293512,6.213017,5.0923824,0.0,5.7374015,5.9657116,11.299143,15.291923,16.659643,20.24146,22.455685,24.667164,21.912205,19.02916,15.092783,17.15666,12.04243,16.00775,12.853559,16.05801,16.22173,19.18563,19.48016,19.367626,16.473644,17.889763,13.259553,15.221512,15.368753,15.572937,18.640491,16.165972,12.847785,14.025427,17.11953,12.76098,9.173056,7.059634,6.1126814,6.192753,8.554767,10.721398,11.76244,14.011339,12.241215,15.158191,11.977993,16.430037,15.792213,12.117406,15.85203,14.642773,18.340185,19.597366,22.503027,23.102053,24.497255,26.96214,22.148272,21.204828,18.41982,15.668673,13.842211,9.890388,7.6135163,6.536518,4.039852,7.3745265,8.463232,12.588988,12.867962,16.646471,15.121676,12.234741,13.271681,8.48414,10.824139,9.252368,11.292476,14.410037,14.719462,13.679882,18.274242,16.16419,20.428158,20.270735,24.339502
30,25.290777,21.598911,20.361317,17.27526,13.451232,14.642252,9.53771,13.3904705,11.651428,14.152543,16.133915,18.266386,18.727245,17.226885,15.026261,11.083036,12.65411,8.094138,12.848418,11.772506,16.508192,15.679303,16.430256,18.783623,15.109741,16.79588,11.467338,9.497334,5.7366056,5.7374015,0.0,6.7828765,8.9030695,13.8584585,14.244976,17.656462,20.412642,21.939968,18.56992,16.001133,11.339239,13.205742,7.8448215,11.747157,9.247961,12.343019,13.764468,16.665112,18.10888,16.98488,14.608519,15.311883,11.122211,13.803221,13.676209,15.759664,17.833712,17.037477,14.129098,15.80821,16.876465,12.677836,10.722035,5.559311,8.505532,6.075311,11.209439,11.557846,14.083235,14.875851,11.715904,14.097041,9.699,13.1805525,11.513225,7.036696,10.488487,9.057775,13.032106,14.552526,17.786133,18.623053,19.396538,22.28467,17.94259,16.605293,14.475456,11.007475,11.114849,5.874734,6.7940545,6.7940483,7.6634707,10.515111,13.83931,17.435524,17.489275,21.430502,20.402122,17.803354,18.48271,13.741135,14.995005,12.615193,12.834844,15.106226,13.992622,11.705754,15.998647,12.229528,16.47009,15.480757,19.483248
31,28.3366,24.192268,24.25009,20.028008,17.377214,19.319115,14.602699,18.758123,16.218098,19.256557,19.867552,22.857187,22.403406,20.559105,19.408833,15.662871,18.646564,14.184665,19.12507,17.73346,22.193651,20.792301,21.974598,23.205072,18.895088,20.149822,14.953826,12.1667185,10.030106,5.9657116,6.7828765,0.0,6.960735,9.382031,11.703481,14.635585,17.080809,19.69563,17.672594,15.790116,12.135306,15.959039,11.318245,16.7924,15.057159,18.60464,19.966156,23.175686,23.921833,22.73028,20.007599,20.107035,15.182519,16.46874,14.127949,15.711161,16.680359,14.415799,10.959246,10.731148,12.612058,7.6327195,5.7337956,5.3697886,8.443358,9.689339,13.090387,15.455657,17.475775,19.44853,17.160118,20.057487,16.093693,19.886366,18.275137,13.598019,16.360422,13.604119,16.898819,16.796032,19.52249,19.341125,21.021454,22.721869,17.550861,17.055338,13.760416,11.928504,8.97224,7.7597632,4.959745,7.7530828,7.4765525,11.216181,13.338163,17.073048,18.246641,21.508846,19.021103,16.029202,16.217552,10.826466,13.374048,8.949044,11.164624,13.509053,12.370442,11.57726,14.266248,13.314867,16.736952,16.880909,20.981113
32,33.557384,29.616817,28.956821,25.180716,21.813599,22.634317,17.60162,19.979132,16.6467,18.200678,17.319284,19.71403,18.520008,15.809958,15.71489,13.13574,17.510263,14.443579,19.730196,20.234285,24.241117,24.42043,25.260412,27.650063,23.793888,24.888712,19.747139,16.873238,14.1839905,11.299143,8.9030695,6.960735,0.0,7.272039,5.495545,9.97468,11.656293,13.429898,10.800921,9.03716,5.6641607,10.585185,7.583917,13.579701,13.828378,17.397076,19.985779,23.611694,24.424109,21.755165,19.458538,17.884998,13.376973,13.916538,9.593078,13.330083,12.114653,12.011413,9.683954,10.37154,8.762005,5.4868207,6.9562182,4.9850645,10.62022,11.308634,15.638894,17.208607,20.834225,21.906406,19.051262,22.212767,17.790928,20.808636,18.190203,13.090265,13.968663,10.248941,12.050336,10.991505,13.06882,12.794573,15.415155,17.059977,11.952572,13.034849,10.367718,8.33138,8.574888,9.1514635,9.72966,13.160654,13.788052,17.466875,19.264345,23.576254,24.047318,27.77797,25.609253,22.394918,23.037268,17.623957,20.271124,15.726658,17.211227,18.874657,16.37429,14.715127,15.430138,13.471478,15.637146,14.328927,18.256903
33,35.41039,31.234457,31.627018,26.845903,24.41959,25.215471,20.736048,22.846067,18.903524,21.109064,19.113874,22.648252,20.765205,18.711811,19.333567,16.797638,21.749762,18.657017,23.839926,24.355461,27.558456,27.9957,29.75627,31.434559,27.410994,29.356956,23.989267,21.435339,18.684689,15.291923,13.8584585,9.382031,7.272039,0.0,6.5720415,5.989708,9.408295,12.644563,12.589248,13.531696,11.519351,17.071098,14.540613,20.392962,20.62817,24.008366,26.593836,29.850773,31.138538,28.765636,26.486141,25.108278,20.613344,21.085377,16.129557,19.53909,17.17821,16.312813,13.956602,11.977671,9.60455,6.2466006,10.042662,11.256744,16.242046,17.550516,21.4969,23.603945,26.465963,28.002872,25.213428,27.941391,23.434566,26.215712,23.651175,18.648518,19.612263,15.43887,17.191425,14.701088,16.550964,14.784793,16.73664,16.62858,11.298832,12.104526,8.427518,9.622968,6.158503,11.223828,10.590999,15.066259,16.288168,19.681087,22.480392,25.856964,27.502007,30.44272,27.41025,24.513792,24.067816,18.890413,21.04233,15.330884,16.585993,17.244034,14.095637,13.612367,11.584409,12.8021,13.403792,13.8280945,17.23491
34,38.531006,34.55366,34.049625,30.04901,26.80702,27.253847,22.362791,23.887571,20.043396,20.989859,18.66229,21.009666,18.930243,15.874972,17.103872,15.633986,20.824587,18.627127,23.82253,25.114435,28.604431,29.475212,30.46351,32.996887,29.19866,30.377924,25.23801,22.33713,19.65552,16.659643,14.244976,11.703481,5.495545,6.5720415,0.0,5.8663325,6.2738833,8.039622,6.550003,7.092173,6.591373,11.963457,11.273513,16.677393,18.091846,21.41646,24.477201,28.135757,28.977392,25.702768,23.681265,21.239021,17.249487,16.986233,11.181032,15.57628,11.975498,12.969459,11.762093,11.486079,6.8677034,6.4987216,10.38063,10.326929,15.463939,16.52957,20.581099,22.195879,26.101307,27.07112,24.184002,27.344007,22.854597,25.434744,22.459785,17.47115,17.27734,13.1480055,13.416051,10.666094,11.437265,10.009339,13.628295,14.021179,8.934391,11.957993,9.687557,9.462291,10.2389555,13.270258,14.102319,18.069557,18.944075,22.618681,24.35175,28.650238,29.307968,32.908024,30.408644,27.131454,27.607891,22.196617,24.95451,19.84278,21.311,22.448751,19.332565,17.926126,16.636251,15.656262,16.216782,14.750786,18.036509
35,39.950012,35.926823,35.93734,31.397863,28.637966,28.696234,24.265093,25.092335,20.781614,21.865181,18.493975,21.592367,18.940346,16.608952,18.426739,17.191708,22.784721,20.88816,25.886501,27.599243,30.237833,31.765823,33.451447,35.75423,32.0321,34.081116,28.677675,26.175648,23.08553,20.24146,17.656462,14.635585,9.97468,5.989708,5.8663325,0.0,5.468576,7.800492,8.856703,11.921921,11.394091,16.7435,15.953085,21.149168,22.593348,25.639164,28.879227,32.13392,33.640724,30.491455,28.630386,26.370981,22.538532,22.657045,17.00075,21.415154,17.556087,18.324905,16.957283,15.511972,10.85022,10.11972,14.555663,14.89129,20.350826,21.212109,25.545893,27.145924,30.68287,31.706297,28.597906,31.255991,26.57402,28.687872,25.61917,20.77717,20.471996,16.072632,16.3826,12.714679,13.50763,10.862182,13.11145,11.848725,6.9846272,9.767699,7.455758,9.849252,9.505226,14.723777,15.597664,19.983658,21.600042,24.99822,27.916262,31.529661,32.874413,36.073444,33.235233,30.25631,29.98335,24.741064,26.827774,21.19446,21.93927,22.207655,18.46802,17.477047,14.108818,14.724132,13.657359,13.094363,15.598381
