,0,1,2,3,4,5,6,7,8,9,10,11,12,13,14,15,16,17,18,19,20,21,22,23,24,25,26,27,28,29,30,31,32,33,34,35,36,37,38,39,40,41,42,43,44,45,46,47,48,49,50,51,52,53,54,55,56,57,58,59,60,61,62,63,64,65,66,67,68,69,70,71,72,73,74,75,76,77,78,79,80,81,82,83,84,85,86,87,88,89,90,91,92,93,94,95,96,97,98,99,100,101,102,103,104,105,106,107,108,109,110,111,112,113
0,0.0,4.607927,6.5667,10.08278,12.987152,13.960961,16.707123,19.665907,21.368162,25.423452,28.965845,31.98831,33.532394,34.688717,31.665752,27.73795,26.17947,22.802021,22.30109,18.800566,18.459377,15.6392355,16.833525,18.423851,19.357557,21.202202,20.61407,23.126062,21.46617,23.315035,23.906843,24.511148,30.105839,30.073322,34.18913,34.446747,39.282127,41.243206,41.3391,38.884926,34.18188,36.310574,31.123123,33.057663,29.54168,30.365545,29.23048,28.446827,31.014948,33.68744,32.044647,35.22001,32.140495,34.649815,34.48912,35.794945,38.38848,35.592834,33.8606,33.593964,37.8078,32.85115,30.35106,30.69182,28.697588,26.949074,28.36515,27.164211,26.371931,27.297703,26.532011,24.097906,23.461561,23.804596,25.275263,25.027184,28.750378,28.72528,32.972637,33.946335,37.68838,37.869946,33.945866,36.249474,35.845856,31.619299,28.580866,24.808952,24.001001,20.399963,19.894884,16.709902,18.725006,14.555982,18.827229,22.393934,20.991333,17.132046,16.443964,17.97192,13.417874,19.660254,17.745363,24.067284,21.950949,26.341923,29.48859,27.541407,24.313389,22.437006,17.72572,15.749674,12.021416,9.79049
1,4.607927,0.0,4.8068643,6.219365,8.888073,10.843621,12.847192,16.694881,18.368773,22.498922,26.280148,29.096943,30.689974,31.496227,28.372232,24.337671,22.751461,19.030993,18.881826,14.809837,15.489194,11.825377,12.47197,14.391926,14.820886,17.10565,16.150126,18.663174,16.927378,19.074242,19.614742,20.75831,26.467098,27.013615,30.73079,31.59157,36.157505,37.98499,37.71606,34.97096,30.259163,32.14539,26.921158,28.782516,25.133755,26.070738,24.881685,24.38693,26.743748,29.317238,27.561106,30.725542,27.604439,30.093966,30.090416,31.372763,34.19619,31.455576,29.923597,29.968668,34.16391,29.251995,26.518774,26.561064,24.32662,22.4431,23.82337,22.556335,21.884153,22.834604,22.020205,19.826462,19.054836,19.813276,21.276178,20.872393,24.784586,24.857254,29.165476,30.378902,34.15503,34.536423,30.900146,33.57778,32.962044,28.539122,25.630198,21.598053,20.855936,16.616613,16.041214,12.484057,14.519867,10.533816,15.443827,18.813766,18.13947,14.433331,13.812503,14.996468,10.322615,17.0199,15.129124,21.84315,19.351774,24.105211,27.291267,25.595972,22.452942,20.756456,15.955474,14.657915,10.339009,9.530077
2,6.5667,4.8068643,0.0,4.7011952,8.791218,9.894078,13.395266,16.144533,18.89027,22.43476,26.871883,29.069536,31.167967,32.26244,28.806313,25.084608,22.422926,19.414486,17.934622,13.989221,13.355825,9.854298,11.741916,12.959698,14.86821,17.019545,17.255924,20.360918,18.555141,21.675274,21.481207,23.87529,28.861713,30.288458,33.30947,34.581093,38.99438,40.43921,39.770626,36.87268,32.011833,33.217827,28.223516,29.100702,25.387909,25.597054,24.005987,22.684658,25.328588,28.39668,27.057121,30.663427,28.221985,31.076674,31.328995,33.191616,36.366165,34.00679,32.86956,33.259495,37.13102,32.206444,29.505095,28.742115,26.433577,23.866566,25.197275,23.182976,22.280788,22.474192,21.598469,18.506569,18.571386,18.411459,20.464039,21.21901,24.913712,25.78596,29.94849,31.698977,35.472923,36.22377,32.378666,35.27836,35.19676,30.69577,28.234028,23.73793,23.938974,18.945076,19.103472,15.3096695,17.327988,13.1026325,18.881414,22.332048,22.043667,18.64768,18.250467,19.208965,14.447489,21.032534,18.190567,25.001028,21.773754,26.557184,29.555851,27.326647,24.396858,21.475159,17.792288,15.54792,11.602394,9.895019
3,10.08278,6.219365,4.7011952,0.0,4.970105,7.6154656,9.923143,13.673386,16.32905,19.822733,24.442083,26.364481,28.47986,29.155848,25.628292,21.84966,19.16248,15.807921,14.739804,9.977824,10.902041,5.888041,7.081129,8.977512,10.238133,13.244008,13.032455,16.12906,14.180879,17.759792,17.347038,20.480007,25.360586,27.437317,29.93089,31.832497,35.890514,37.16893,36.112743,32.925632,28.100994,28.991798,24.011126,24.740383,20.876286,21.189535,19.52241,18.561567,20.982822,23.916672,22.44379,26.04416,23.58536,26.441761,26.866415,28.75621,32.1512,29.921268,29.049269,29.775972,33.526684,28.72617,25.847363,24.683538,22.166166,19.379202,20.705347,18.51492,17.840883,17.97105,16.95242,14.084952,13.990698,14.346469,16.426418,17.060022,20.948807,21.977665,26.15453,28.177244,31.945202,32.912533,29.437485,32.70081,32.392136,27.75914,25.513462,20.84146,21.187895,15.604957,15.815913,11.820203,13.763239,10.244093,16.39649,19.362637,19.96016,16.95863,16.632183,17.09903,12.69002,19.064215,16.333439,23.175657,19.661367,24.642654,27.594791,25.695116,22.949383,20.352709,16.780539,15.41368,11.317863,11.273471
4,12.987152,8.888073,8.791218,4.970105,0.0,4.326299,4.9576173,9.386852,11.60736,15.188891,19.699724,21.671038,23.658974,24.213028,20.729057,16.893639,14.50327,10.8974905,10.47974,5.93998,8.180298,4.794943,5.4225497,10.034395,8.874726,14.169736,12.271125,14.475989,11.352075,14.935531,13.304981,16.95182,20.836596,23.41521,25.420063,27.470285,31.417694,32.491776,31.386162,28.339113,23.443186,24.442753,19.519302,20.421917,16.874882,17.400509,16.511738,16.051023,19.028109,21.012068,19.547527,22.56156,19.975924,23.025454,22.808634,25.426373,28.252151,26.530182,25.809587,26.374954,29.543802,24.673824,22.248749,20.582819,18.970964,15.887295,18.331026,15.919339,16.713726,16.742111,14.790189,12.372022,10.788956,11.118966,12.389432,12.464633,16.283035,17.103893,21.287558,23.241089,27.008368,27.994919,24.511175,27.86803,27.636757,22.994228,20.999422,16.158167,17.137138,11.248833,12.450563,9.294724,12.155143,10.965882,16.419954,18.1451,19.83009,16.88003,15.884888,15.364449,11.04199,16.308578,12.730727,19.317554,15.380162,20.340717,23.158514,21.347778,18.810389,16.434282,13.1966095,12.6281,8.958547,10.625383
5,13.960961,10.843621,9.894078,7.6154656,4.326299,0.0,5.2675385,6.278328,9.439097,12.600858,17.341497,19.210758,21.454103,22.654537,19.083242,15.624912,12.648896,10.240042,8.387143,6.305549,5.3074512,6.3164563,8.656581,13.248609,12.498303,18.090315,16.336496,18.302603,14.714125,18.130808,15.430695,19.181932,21.606264,24.39696,26.034443,27.708975,31.796919,32.576496,31.617214,29.015078,24.031738,24.991081,20.476,20.919136,17.995577,17.956059,17.619997,16.514914,20.459368,22.050703,21.113258,23.833162,21.757298,25.133173,24.31197,27.886621,30.102526,28.992754,28.376493,28.620825,31.112267,26.139574,24.437994,22.321707,21.772108,18.40029,21.582148,18.790379,20.239676,19.75585,17.256079,14.322569,12.530126,11.207381,12.089628,12.888596,15.882397,16.92402,20.807446,22.704702,26.394106,27.392841,23.324335,26.453825,26.991722,22.535082,20.912086,15.9433,18.03788,12.534604,14.915846,12.711009,16.009188,15.18432,20.44513,21.872149,23.6306,20.427504,18.987638,18.18077,13.523922,18.02539,13.03234,19.19636,14.739946,19.3265,21.880745,19.342978,16.981804,13.364885,11.34219,9.764807,7.0884776,8.5379505
6,16.707123,12.847192,13.395266,9.923143,4.9576173,5.2675385,0.0,6.167511,7.1223893,10.836728,15.042809,17.14455,18.90044,19.3045,15.915596,11.974973,10.239211,6.199076,7.3217382,4.772954,8.08858,7.927711,7.818416,13.234982,10.325496,16.786367,13.616215,14.601301,10.465555,13.509522,10.2498045,14.302943,16.58148,19.756777,21.114563,23.275703,27.087614,27.9093,26.794779,23.994759,19.032097,20.250809,15.477594,16.692106,13.783951,14.622148,14.910818,15.124629,18.556221,19.278105,17.897123,19.996069,17.311186,20.492662,19.375189,22.88175,24.867794,23.816423,23.267218,23.564766,25.937538,21.031008,19.312002,17.05661,16.818024,13.56498,17.320341,14.864883,17.265093,17.215752,14.415498,12.824073,9.599305,9.80613,9.56005,8.529614,12.045942,12.414578,16.591516,18.37107,22.13734,23.112154,19.578144,23.02522,22.912323,18.284637,16.65213,11.626869,13.600554,7.6282806,10.419572,9.078475,12.519513,13.624128,17.88887,18.26558,20.891409,18.142923,16.54795,15.031165,11.336435,14.602304,10.103002,15.890342,11.468062,16.244408,18.832754,17.160704,14.966755,13.034821,10.497702,11.155859,8.757584,11.916215
7,19.665907,16.694881,16.144533,13.673386,9.386852,6.278328,6.167511,0.0,4.49961,6.4022846,11.484151,12.96236,15.378288,16.860857,13.229201,10.318202,7.0053396,6.408699,4.102733,7.135834,5.9916153,10.628599,12.212888,17.298103,15.330346,21.846613,19.273401,20.27068,16.013145,19.002783,14.655141,18.879084,18.689684,22.408514,22.785673,24.586758,28.310764,28.486961,27.386383,25.2399,20.335728,21.096731,17.360596,17.3603,15.616515,15.29683,16.330193,15.516626,20.162088,20.326714,19.86633,21.537807,19.95712,23.543335,21.73918,26.613422,27.83576,27.806826,27.580505,27.609926,28.849602,24.050138,23.383724,20.335743,21.436043,17.813015,22.145105,19.106808,22.053877,21.185001,17.832033,15.49501,12.541922,10.25266,9.351015,10.044955,11.540186,12.639816,15.916305,17.810963,21.296816,22.4692,18.13184,21.320173,22.583681,18.405079,17.737135,12.793765,16.61992,11.786613,15.660911,15.133939,18.635431,19.601318,24.02539,24.247269,26.920532,23.996511,22.109444,20.42458,16.511507,18.887127,12.987832,17.468903,12.422807,16.129349,18.01064,15.173255,13.656587,9.479069,10.146139,9.615378,9.548793,12.15805
8,21.368162,18.368773,18.89027,16.32905,11.60736,9.439097,7.1223893,4.49961,0.0,4.5998664,8.129626,10.842236,12.365911,13.569686,10.407667,6.9617505,6.482695,5.2353234,6.794912,9.737946,10.392434,13.932195,14.53522,19.919619,16.860025,23.58293,20.049498,20.199986,15.710962,17.616405,12.928953,16.211422,14.934018,18.43758,18.767372,20.21831,24.03558,24.292318,23.57898,21.853111,17.031708,18.653555,14.981653,16.152845,15.09683,15.645804,17.559229,17.777864,22.017452,21.292124,20.548336,21.301792,19.17238,22.424423,19.825474,24.77915,25.089785,25.289679,24.907122,24.464155,25.250862,20.444674,20.435617,17.594536,19.80116,16.732452,21.659494,19.232567,22.88084,22.505999,19.057257,17.766407,13.936402,12.742538,10.735164,9.36347,10.35729,9.923988,13.189439,14.224429,17.747952,18.520506,14.054949,17.124035,18.183956,14.029389,13.381127,8.615584,12.995955,9.334403,13.733999,14.548353,18.172249,20.300644,23.7015,23.100958,26.089518,23.285755,21.016201,18.808588,15.596557,16.318977,10.315836,13.556765,8.47685,11.817461,13.6207905,11.151499,9.800676,7.2378016,7.936814,9.39473,10.124518,13.684926
9,25.423452,22.498922,22.43476,19.822733,15.188891,12.600858,10.836728,6.4022846,4.5998664,0.0,5.5604787,6.649447,9.01046,10.815965,7.3471985,5.7261324,4.11996,6.8169136,6.89574,11.890393,11.649602,16.445532,17.301058,22.438591,19.564638,26.368198,23.094673,23.13753,18.681866,20.783978,15.487714,19.37619,16.30255,20.67841,19.630518,21.406332,24.568928,24.077105,22.95088,21.534855,17.018017,17.77804,15.282406,15.180808,15.174162,14.934953,17.456907,17.384382,21.997076,20.591606,20.485935,20.71494,19.535652,22.95158,20.026098,25.91522,25.831337,26.923553,27.026396,26.726503,26.558092,22.179379,22.750359,19.075909,21.958408,18.598381,23.715242,20.893929,24.990177,24.059671,20.290855,18.948832,15.268966,13.107483,10.521809,10.169683,9.211153,9.612182,11.551448,13.004239,16.060535,17.302801,12.73774,15.891691,17.97357,14.406907,15.030348,10.928033,16.136774,13.015331,17.557629,18.564154,21.94807,24.283201,27.75912,26.902874,30.22805,27.63485,25.431295,23.092743,20.129826,20.425503,14.57967,16.568151,11.746979,13.690744,14.490985,11.742221,11.655559,8.3913765,11.661829,12.616131,14.140407,17.237576
10,28.965845,26.280148,26.871883,24.442083,19.699724,17.341497,15.042809,11.484151,8.129626,5.5604787,0.0,4.810644,4.6836147,7.1461663,5.6073985,5.8138123,8.538683,10.680201,12.350658,16.924978,17.100029,21.597944,22.072586,27.343819,23.899822,30.718657,26.830286,26.208345,21.760801,22.75374,17.488026,19.967054,14.988827,18.7973,17.193499,18.078732,21.056133,20.291529,19.854502,19.593588,15.731718,17.403727,15.851838,16.751583,17.874039,18.255173,21.461185,22.049723,26.29806,24.086584,23.902128,23.094095,21.699816,24.598585,20.763464,26.74732,25.284563,26.954273,26.955133,25.996645,24.797333,20.788134,22.556581,19.218702,23.471844,20.86819,26.32102,24.123606,28.704805,28.131872,24.367086,23.740707,19.667236,18.15339,15.128004,13.529955,11.687129,10.329015,10.872164,10.512148,12.907157,13.458919,8.317587,10.698328,13.606097,11.008107,12.5263405,10.139452,15.600178,14.712514,19.207817,21.344496,24.69379,27.793722,30.366884,28.798107,32.263653,29.782614,27.23908,24.529827,22.288366,20.875029,15.417041,14.95782,11.166477,10.897806,10.510907,8.067873,9.48902,8.560761,12.664877,14.714859,17.115665,20.468077
11,31.98831,29.096943,29.069536,26.364481,21.671038,19.210758,17.14455,12.96236,10.842236,6.649447,4.810644,0.0,3.6968966,6.377647,4.377926,7.2496943,8.018393,11.948721,12.485574,17.76736,17.623425,22.597105,23.19173,28.122656,24.949991,31.720997,28.251572,27.725101,23.403627,24.95819,19.328842,22.88995,17.406275,22.228453,19.472496,21.271875,23.352158,21.859653,20.514612,20.05655,16.543005,16.728092,16.269392,15.487657,17.29796,16.82063,20.253267,20.540144,24.886269,22.240467,22.665043,21.592783,21.254244,24.324123,20.646666,27.29217,26.033268,28.34297,28.90462,28.460516,26.78927,23.238396,24.918858,20.732683,24.881794,21.83663,27.157387,24.487232,29.22567,28.08705,24.16337,23.448975,19.735992,17.56938,14.415254,13.925067,10.875601,10.923422,10.16204,11.024375,12.736521,14.2549515,10.09912,12.801343,16.125076,13.988155,16.251074,13.817996,19.363636,17.736374,22.250278,24.041739,27.141256,30.205898,33.12855,31.57367,35.33822,33.079742,30.78513,28.10619,25.842554,24.88159,19.551113,19.495907,15.580754,15.527624,14.86337,12.71849,14.287313,12.374212,16.855438,18.256853,20.433674,23.515165
12,33.532394,30.689974,31.167967,28.47986,23.658974,21.454103,18.90044,15.378288,12.365911,9.01046,4.6836147,3.6968966,0.0,3.9574282,4.616404,7.7934394,10.6968775,13.677309,15.318276,20.168154,20.5472,25.117235,25.382963,30.460445,26.845095,33.616665,29.69525,28.742895,24.45604,25.285566,19.815159,22.434679,16.032202,20.390602,17.33433,18.617647,20.485723,18.859543,17.998844,18.300982,15.285533,16.260939,16.223362,16.442238,18.674238,18.835068,22.53077,23.359667,27.361359,24.372618,24.538242,22.917536,22.173374,24.827126,20.643255,27.095577,24.98795,27.533865,27.976255,27.12297,24.888866,21.617744,23.967405,20.138594,25.013914,22.530283,27.990908,25.816446,30.783293,29.998308,26.145554,25.928318,21.893269,20.347462,17.005993,15.538565,12.510771,11.293839,9.91847,9.284302,10.429374,11.367667,7.073859,9.248186,12.961172,11.587553,14.36418,13.076653,18.43663,18.057842,22.425169,24.854183,27.89932,31.446772,33.752922,31.756887,35.586845,33.439415,30.976124,28.095245,26.333359,24.396982,19.505814,18.159021,15.010149,13.850873,12.527187,11.113022,13.333224,13.030863,17.272028,19.371893,21.75618,25.094574
13,34.688717,31.496227,32.26244,29.155848,24.213028,22.654537,19.3045,16.860857,13.569686,10.815965,7.1461663,6.377647,3.9574282,0.0,3.9943204,7.3458133,11.364681,13.610822,16.270193,20.49135,21.921318,25.687555,25.352983,30.28507,26.20051,32.80223,28.602993,27.189001,23.138306,23.547426,18.142841,20.63909,13.45147,18.37384,14.371291,16.49293,17.631948,15.719564,14.29126,14.471575,11.802365,12.732169,13.367231,13.95694,16.73042,17.384146,21.3559,22.890343,26.28237,22.805698,22.775167,20.538023,19.663597,21.928352,17.469517,23.904367,21.408638,24.32702,25.010063,24.301973,21.622026,18.774612,21.328222,17.274883,22.548714,20.416817,25.819923,23.99462,29.22424,28.616644,24.865341,25.360474,21.144014,20.333553,16.761484,14.542036,11.235131,9.34663,6.922476,5.7215123,6.5403285,7.9733863,4.943521,8.267971,10.897326,9.615635,12.978153,12.289766,17.279749,17.30065,21.35208,24.14697,26.803392,30.930761,32.699924,30.236479,34.38775,32.656963,30.331266,27.290161,26.19752,23.741293,19.700153,17.952852,15.255481,14.097478,12.77406,12.664938,14.740427,15.578643,18.760225,21.43896,23.263296,26.919851
14,31.665752,28.372232,28.806313,25.628292,20.729057,19.083242,15.915596,13.229201,10.407667,7.3471985,5.6073985,4.377926,4.616404,3.9943204,0.0,4.323785,7.383693,10.080155,12.32684,16.717339,18.034824,21.89954,21.744995,26.65022,22.841972,29.525047,25.6356,24.625345,20.444618,21.561853,15.920234,19.410473,13.460268,18.844507,15.598865,18.17535,19.942196,18.515768,16.766,15.852286,12.191173,12.550257,12.073128,11.961368,14.059589,14.33534,18.091806,19.281042,23.00083,19.962862,19.978289,18.43301,17.62323,20.423864,16.48583,23.070305,21.655802,24.040987,24.712673,24.40023,22.647854,19.22333,20.897337,16.531353,20.977943,18.221159,23.61161,21.31372,26.344849,25.511911,21.66923,21.743824,17.640047,16.479187,12.964357,11.228756,7.956244,7.0159454,5.91208,6.928086,9.199481,11.02362,7.5344906,11.358891,13.502499,10.897875,13.365809,11.110325,16.451235,15.080045,19.37012,21.574562,24.34749,28.048414,30.39944,28.394135,32.45851,30.572945,28.388124,25.534126,23.929277,22.449171,17.913975,17.59479,13.966776,14.122139,13.664543,12.701633,14.041635,13.645445,16.714191,18.95723,20.447855,23.996586
15,27.73795,24.337671,25.084608,21.84966,16.893639,15.624912,11.974973,10.318202,6.9617505,5.7261324,5.8138123,7.2496943,7.7934394,7.3458133,4.323785,0.0,5.742882,6.386878,9.90856,13.429494,15.437599,18.57387,18.191858,23.290886,19.29063,26.022642,21.93014,20.999372,16.673967,17.782877,12.225298,15.712377,11.085702,16.261353,14.243098,16.813055,19.41326,18.830133,17.40665,15.830664,11.328967,12.619337,10.294361,11.443282,12.248445,13.19169,16.489725,17.854929,21.497673,19.133045,18.57232,17.719559,15.948876,18.860378,15.238149,21.19756,20.402994,21.88864,22.16422,21.835302,21.102573,17.01444,18.03447,14.0667925,17.968983,15.187581,20.648115,18.496843,23.297068,22.830196,19.111305,19.164694,14.795692,14.231877,10.888662,8.1902485,6.4910326,4.611559,6.5061336,7.5585084,10.985251,12.285349,8.532176,12.551047,13.5550375,9.734674,10.96979,7.502148,12.834396,10.823176,15.206164,17.331923,20.243103,23.879345,26.23117,24.404707,28.314312,26.309547,24.125568,21.334362,19.623402,18.445,13.882828,14.459253,10.402819,11.765361,12.302528,11.367463,11.726014,11.61747,13.33607,15.887014,16.809687,20.57374
16,26.17947,22.751461,22.422926,19.16248,14.50327,12.648896,10.239211,7.0053396,6.482695,4.11996,8.538683,8.018393,10.6968775,11.364681,7.383693,5.742882,0.0,5.0241528,5.0057025,9.908313,10.823089,14.910389,15.309308,20.125298,17.135595,23.866993,20.79946,20.82362,16.556997,19.186043,13.685969,18.73365,15.9206,21.206253,19.558092,22.410463,25.029396,24.361958,22.435879,20.263458,15.686757,15.396894,12.929681,11.745184,11.537207,10.88514,13.465186,13.563666,18.05259,16.482183,16.490944,16.84119,16.065472,19.680172,17.205956,23.274643,23.849955,25.038456,25.54952,25.870197,25.817516,21.661875,21.703127,17.390139,19.716755,15.931432,20.849785,17.672026,21.893816,20.639975,16.762487,15.623271,11.976124,9.776628,6.7605495,7.0688615,5.7418613,7.7476077,9.825196,12.554952,15.679869,17.55854,13.919456,17.758965,19.259918,15.450152,16.244635,11.898298,16.794167,12.754427,17.044355,17.695358,20.632627,23.135868,26.719574,25.810514,29.471281,27.272629,25.444178,23.142519,20.477638,21.185377,16.027426,18.555798,13.762737,16.238855,17.171314,15.138674,14.952342,12.249116,14.401579,15.387559,15.898949,18.99835
17,22.802021,19.030993,19.414486,15.807921,10.8974905,10.240042,6.199076,6.408699,5.2353234,6.8169136,10.680201,11.948721,13.677309,13.610822,10.080155,6.386878,5.0241528,0.0,5.4389086,7.135557,10.295527,12.2948885,11.826473,16.976294,13.272071,20.092966,16.461731,16.348907,11.927975,14.437105,9.209333,14.260886,13.28354,18.085857,17.562233,20.478699,23.540447,23.61398,21.952623,19.270597,14.327748,14.985379,10.972278,11.577895,9.9427805,10.699398,12.624513,13.551088,17.282614,16.33774,15.388709,16.219881,14.081116,17.492126,15.374371,20.405752,21.501171,21.74094,21.846977,22.198534,23.144571,18.607975,17.890121,14.205255,15.757059,12.148144,17.05927,14.323189,18.347536,17.796015,14.197912,13.549641,9.295083,8.952807,6.43644,4.149503,6.1937556,6.739019,10.607613,12.857002,16.512575,17.941668,14.638105,18.565374,18.838228,14.386711,14.052784,9.139072,13.019823,8.046171,12.141571,12.698938,15.671267,18.426466,21.739063,20.841858,24.447687,22.290798,20.533707,18.262295,15.782527,16.748833,12.177942,15.673288,10.9955015,14.612118,16.365837,14.99183,13.920627,12.435633,12.230674,13.882409,13.256921,16.786154
18,22.30109,18.881826,17.934622,14.739804,10.47974,8.387143,7.3217382,4.102733,6.794912,6.89574,12.350658,12.485574,15.318276,16.270193,12.32684,9.90856,5.0057025,5.4389086,0.0,5.8097186,5.9053283,10.238241,11.382708,16.100603,14.049273,20.604847,18.302143,19.238382,15.144873,18.67434,13.930416,19.308737,18.660105,23.370644,22.813843,25.524052,28.625206,28.423471,26.611723,24.01743,19.205341,18.943375,15.584374,14.388916,12.61833,11.629883,12.647365,11.689632,16.508238,16.469307,16.315321,18.080082,17.147036,20.94208,19.482368,24.723372,26.364054,26.69233,26.958313,27.529442,28.521254,24.041855,23.173618,19.361273,20.206652,16.120535,20.320131,16.794008,19.993523,18.59515,14.990221,12.667509,9.796991,6.759077,5.5614104,7.737149,8.8545265,11.237985,14.207568,16.995127,20.354366,22.086407,18.34229,22.04589,23.23401,19.049139,18.939886,13.995374,18.011906,12.722578,16.502445,15.851829,18.841053,20.142414,24.619001,24.631588,27.770296,25.312948,23.766466,22.00143,18.580315,20.90597,15.64906,19.864763,14.850628,18.415297,20.026735,17.615755,16.559944,12.855416,13.8466425,13.708751,13.257605,15.758492
19,18.800566,14.809837,13.989221,9.977824,5.93998,6.305549,4.772954,7.135834,9.737946,11.890393,16.924978,17.76736,20.168154,20.49135,16.717339,13.429494,9.908313,7.135557,5.8097186,0.0,5.8997097,5.307322,5.584962,10.554062,8.5269575,14.981052,12.966556,14.575646,10.930251,15.190607,11.775053,17.279135,19.142248,23.294926,23.714624,26.670727,29.930937,30.313972,28.476793,25.228092,20.353558,20.287315,15.957319,15.494174,12.17126,11.924013,11.342968,10.734402,14.454698,15.799708,14.812278,17.678514,15.93763,19.488482,19.148985,22.96941,25.753897,25.007448,25.030043,26.019178,28.215141,23.64767,21.624699,18.520693,17.564684,13.550713,16.701504,13.283503,15.36303,14.352908,11.3533535,8.74336,6.3476367,5.4191914,6.5321913,7.933172,11.301967,13.264858,17.03615,19.794333,23.39955,24.975927,21.762045,25.599224,25.774677,21.198204,20.198738,15.133721,17.539698,11.292224,13.744911,11.71712,14.258371,14.7847805,19.71984,20.398018,23.211672,20.906157,19.895275,18.644772,15.211356,18.899836,14.829318,20.339731,15.774786,20.274641,22.541725,20.711668,18.928947,16.129713,14.8058605,14.711171,12.446391,14.714152
20,18.459377,15.489194,13.355825,10.902041,8.180298,5.3074512,8.08858,5.9916153,10.392434,11.649602,17.100029,17.623425,20.5472,21.921318,18.034824,15.437599,10.823089,10.295527,5.9053283,5.8997097,0.0,6.7348313,9.748395,13.690824,13.592158,19.245447,18.215748,20.264765,16.710741,20.783022,17.216211,22.21889,23.320639,27.237404,27.689432,29.991253,33.560226,33.73108,32.16514,29.446291,24.542187,24.425495,20.626616,19.533474,16.937244,15.751282,15.297357,13.15153,17.827036,19.414576,19.215002,22.086632,21.124168,24.868172,24.19951,28.615042,30.995646,30.58901,30.549068,31.19506,33.03858,28.32602,26.83318,23.694702,23.354385,19.33181,22.564558,18.98083,20.710236,19.24961,16.355997,12.695063,11.56305,8.30737,9.631611,12.412774,14.482356,16.773956,20.039362,22.688784,26.143545,27.693085,23.700361,27.116829,28.272785,23.965836,23.188984,18.098162,21.236902,15.504632,18.451017,16.448359,19.376059,18.843317,24.315413,25.510477,27.770756,24.939205,23.702347,22.695124,18.410282,22.42767,17.211958,22.678963,17.790205,21.902615,23.946566,21.107086,19.415316,14.836168,14.882851,13.117268,11.7444,12.776113
21,15.6392355,11.825377,9.854298,5.888041,4.794943,6.3164563,7.927711,10.628599,13.932195,16.445532,21.597944,22.597105,25.117235,25.687555,21.89954,18.57387,14.910389,12.2948885,10.238241,5.307322,6.7348313,0.0,3.9549625,7.283387,8.106561,12.857434,12.566105,15.415034,12.846215,17.352617,15.448368,20.28104,23.625374,27.07346,28.267084,30.950056,34.483784,35.165375,33.472908,30.096235,25.257074,25.231686,20.72714,20.273537,16.521572,16.091558,14.331211,12.874485,15.908239,18.70503,17.677242,21.385923,19.713621,23.018744,23.459963,26.34964,29.816824,28.397606,28.175184,29.301035,32.255978,27.63492,25.037537,22.624435,20.525267,16.850023,18.694082,15.485991,15.712272,14.766176,12.910197,9.281163,9.332771,8.672393,11.194858,13.022763,16.529652,18.482912,22.320772,25.012403,28.654865,30.126787,26.808088,30.479828,30.56904,25.935215,24.470514,19.454382,21.02516,14.78032,16.122135,12.757821,14.795463,13.117092,19.048655,20.999496,22.845436,20.363129,19.878792,19.504652,15.550093,20.789085,17.2378,23.570496,19.306376,24.109346,26.669949,24.634766,22.434776,19.238844,17.152721,16.040895,12.868846,13.771517
22,16.833525,12.47197,11.741916,7.081129,5.4225497,8.656581,7.818416,12.212888,14.53522,17.301058,22.072586,23.19173,25.382963,25.352983,21.744995,18.191858,15.309308,11.826473,11.382708,5.584962,9.748395,3.9549625,0.0,5.4343777,4.2069297,9.760907,8.703579,11.490381,9.211796,13.908833,12.617135,17.539396,21.558207,25.019932,26.21517,29.283766,32.551075,33.376232,31.527971,27.838232,23.156519,23.15491,18.432266,18.438154,14.302391,14.564094,12.623225,12.314972,14.305514,16.980003,15.374153,19.065348,16.861032,19.858763,20.685162,22.893055,26.72453,24.980967,24.789555,26.203249,29.458738,25.03188,22.00267,19.771921,16.98978,13.503659,14.878219,11.934557,12.006165,11.565709,9.969482,7.4296637,7.0872607,8.602113,10.804201,11.565964,15.577692,17.195053,21.152151,23.815823,27.446724,28.902802,26.150333,29.993488,29.472689,24.778795,23.191423,18.3995,19.311384,13.025072,13.633874,10.067612,11.472644,10.464436,16.016085,17.672873,19.896402,17.902885,17.704697,17.237123,14.091561,19.049217,16.544422,22.702608,18.821175,23.699854,26.33306,24.934534,22.745945,20.574942,17.891455,17.739414,14.320286,15.936574
23,18.423851,14.391926,12.959698,8.977512,10.034395,13.248609,13.234982,17.298103,19.919619,22.438591,27.343819,28.122656,30.460445,30.28507,26.65022,23.290886,20.125298,16.976294,16.100603,10.554062,13.690824,7.283387,5.4343777,0.0,5.493502,6.199761,8.56578,12.321925,11.989657,16.639158,16.59266,21.31808,26.044443,29.436563,30.641518,34.010044,37.031532,37.892494,35.755257,31.711348,27.29839,26.763386,22.27426,21.748384,17.361225,17.285444,14.21157,13.521531,13.963011,17.939257,16.35652,20.773249,19.047848,21.628117,23.560953,24.788435,29.535406,27.395138,27.362549,29.307741,33.00884,28.927277,25.334879,23.336851,19.362823,16.232725,15.789741,13.067636,10.835724,10.142809,10.329138,7.682123,10.050687,11.764732,14.694574,16.043577,19.884466,21.858871,25.59542,28.529318,32.043255,33.66617,31.252789,35.207264,34.503315,29.820862,28.211111,23.575235,24.01653,17.905722,17.647194,13.574755,13.593409,11.0588665,16.682018,19.165804,20.788147,19.412735,20.086721,20.296612,17.632542,23.0933,21.452225,27.704779,24.08257,28.998379,31.674252,30.362549,28.129942,25.863728,23.06347,22.589909,18.895412,19.768904
24,19.357557,14.820886,14.86821,10.238133,8.874726,12.498303,10.325496,15.330346,16.860025,19.564638,23.899822,24.949991,26.845095,26.20051,22.841972,19.29063,17.135595,13.272071,14.049273,8.5269575,13.592158,8.106561,4.2069297,5.493502,0.0,6.830054,4.897782,7.730531,6.572329,11.420149,11.203284,16.112541,20.77229,24.275427,25.318424,28.881052,31.709908,32.627552,30.51704,26.446041,22.09639,21.91166,17.181213,17.481136,13.040798,13.965597,11.702586,12.6030445,13.046148,15.6532135,13.448125,17.144485,14.513614,16.993206,18.546185,19.747236,24.201296,22.08085,22.038174,23.944141,27.519423,23.481184,19.906496,17.868542,14.018293,10.879926,11.101117,8.53619,7.9252467,8.198005,7.3970323,6.839358,6.635807,10.179202,11.984026,11.816907,15.963066,17.306164,21.139484,23.81321,27.307447,28.799732,26.769054,30.76055,29.634981,24.988281,23.388191,19.013163,19.205313,13.244054,12.857373,9.347973,9.35619,9.30026,13.9211235,15.18496,17.846567,16.68784,16.989798,16.499838,14.576712,18.960587,17.757576,23.458443,20.087164,24.854097,27.462824,26.704504,24.620794,23.335274,20.332485,20.909073,17.436619,19.423168
25,21.202202,17.10565,17.019545,13.244008,14.169736,18.090315,16.786367,21.846613,23.58293,26.368198,30.718657,31.720997,33.616665,32.80223,29.525047,26.022642,23.866993,20.092966,20.604847,14.981052,19.245447,12.857434,9.760907,6.199761,6.830054,0.0,5.612524,9.187326,11.1887865,14.843095,16.664557,20.440027,26.266293,29.169338,30.599771,34.246433,36.86131,38.024826,35.812553,31.448553,27.546274,27.132128,22.639786,22.859573,18.365704,19.208813,16.100838,16.835947,15.444244,19.107924,16.811123,20.9057,18.55005,20.09476,22.877514,22.293999,27.706951,24.79559,24.7105,27.126171,31.465427,27.930143,23.656736,22.47314,17.20413,15.243352,12.826792,11.624466,7.3179913,8.471274,10.616281,10.678464,12.5833435,15.9617195,18.260853,18.357868,22.350245,23.703777,27.358805,30.035543,33.394432,34.873974,33.246616,37.225834,35.702457,31.120249,29.278976,25.257439,24.558216,19.154934,17.542427,13.605938,11.83271,9.715626,13.573344,15.997749,17.52137,17.357376,18.862734,19.362885,18.219841,23.112947,23.216093,29.005829,26.17856,30.993635,33.73947,33.194794,30.935307,29.799864,26.289452,26.622896,22.6998,23.981709
26,20.61407,16.150126,17.255924,13.032455,12.271125,16.336496,13.616215,19.273401,20.049498,23.094673,26.830286,28.251572,29.69525,28.602993,25.6356,21.93014,20.79946,16.461731,18.302143,12.966556,18.215748,12.566105,8.703579,8.56578,4.897782,5.612524,0.0,4.0097485,5.8708653,9.241775,11.454488,14.849901,20.907034,23.603197,25.176365,28.746445,31.367544,32.689754,30.72048,26.488918,22.588186,22.83683,18.018877,19.352358,14.996742,16.816715,14.740527,16.549536,15.781093,18.05211,15.300555,18.48918,15.086291,16.510357,18.600151,17.98746,22.874409,19.840466,19.510633,21.68498,26.036324,22.380465,18.12753,17.213442,12.092332,10.457171,8.81032,8.3270445,6.161831,8.644565,9.430894,10.795477,10.441971,14.702348,15.992671,14.672949,18.838057,19.381466,23.161203,25.38161,28.747227,29.963099,28.533539,32.399082,30.524004,26.003813,24.03486,20.336943,19.235018,14.211291,12.240783,8.813976,6.7613335,7.3649244,10.238912,11.42278,14.0716915,13.861686,14.868086,14.702889,14.214557,18.148823,18.712727,23.997858,21.51796,26.156261,28.873508,28.78048,26.59616,26.341055,22.573452,23.735758,20.035725,22.153538
27,23.126062,18.663174,20.360918,16.12906,14.475989,18.302603,14.601301,20.27068,20.199986,23.13753,26.208345,27.725101,28.742895,27.189001,24.625345,20.999372,20.82362,16.348907,19.238382,14.575646,20.264765,15.415034,11.490381,12.321925,7.730531,9.187326,4.0097485,0.0,4.5108886,6.1602235,9.353816,12.115761,18.2253,20.842222,22.2122,26.029156,28.26616,29.664106,27.669184,23.366858,19.827597,20.340384,15.607235,17.754114,13.758875,16.369503,15.025169,17.757355,16.711311,17.895878,14.840039,17.078913,12.999864,13.753057,15.742258,14.341255,19.172548,15.892557,15.578574,17.965536,22.365274,19.02717,14.56414,13.955283,8.348728,7.7465715,5.655822,6.9090557,6.4386315,9.627661,10.085451,12.787591,11.346288,16.063206,16.524645,14.129997,18.032011,17.91731,21.461859,23.343967,26.511597,27.588318,26.748484,30.561632,28.208647,23.88627,21.981245,18.881933,17.296087,13.123115,10.678143,8.643057,5.9285407,9.410187,9.980249,9.323818,13.108294,13.583097,14.394247,13.629913,14.386038,16.806967,18.204847,22.58,20.616484,24.865816,27.424349,27.919558,25.954115,26.561665,22.796974,24.68711,21.324,23.99205
28,21.46617,16.927378,18.555141,14.180879,11.352075,14.714125,10.465555,16.013145,15.710962,18.681866,21.760801,23.403627,24.45604,23.138306,20.444618,16.673967,16.556997,11.927975,15.144873,10.930251,16.710741,12.846215,9.211796,11.989657,6.572329,11.1887865,5.8708653,4.5108886,0.0,5.0449553,5.5886054,9.859807,15.098227,18.25705,19.460558,23.118998,25.739723,26.961126,25.11064,21.084866,16.965754,17.789547,12.658719,14.991345,11.065587,13.729711,13.124053,15.693526,15.964278,16.608751,13.826008,15.80982,11.653947,13.398679,14.114917,14.66328,18.457983,16.002224,15.658577,17.381615,21.092148,17.096968,13.347792,11.858805,8.043947,5.8313017,7.423289,6.834964,8.888453,10.748262,9.471811,11.410633,8.589767,12.980715,12.931973,10.086002,14.19201,13.950518,17.807549,19.67951,23.07269,24.149828,22.784147,26.624989,24.671236,20.171175,18.357002,14.776646,13.957362,9.006475,7.669858,6.0452952,5.6407623,9.810224,11.6377535,10.743922,14.727942,14.052753,13.853294,12.392203,12.173647,14.397206,14.53126,19.044405,16.539194,20.883427,23.417744,23.637905,21.728653,22.14987,18.701986,20.696424,17.673904,20.698732
29,23.315035,19.074242,21.675274,17.759792,14.935531,18.130808,13.509522,19.002783,17.616405,20.783978,22.75374,24.95819,25.285566,23.547426,21.561853,17.782877,19.186043,14.437105,18.67434,15.190607,20.783022,17.352617,13.908833,16.639158,11.420149,14.843095,9.241775,6.1602235,5.0449553,0.0,5.7492576,5.9806876,12.879436,14.732964,16.7168,20.082348,22.584253,24.34261,23.0001,19.197746,15.644595,17.639791,12.60269,16.633142,13.580895,16.994493,17.15447,20.225307,20.244751,20.114925,17.172197,18.014545,13.176294,13.7478285,13.812368,12.849863,15.816557,12.488541,11.366217,12.760265,17.206158,13.36619,9.077306,9.516008,5.710429,6.6970773,8.1114435,9.876326,12.058875,14.689844,13.803817,16.348558,13.24594,17.516249,16.805351,12.878502,16.431824,14.862904,18.430529,19.295002,22.436155,22.938593,22.209614,25.647215,22.835783,18.668533,16.417011,14.076939,11.593806,8.935656,5.8184857,6.708573,5.38917,11.354276,10.384455,7.4506807,12.226429,12.228599,11.825599,9.817912,11.67744,11.770233,13.936182,17.142921,15.959027,19.718475,22.217373,23.334534,21.483616,23.340273,19.363388,22.20041,19.439306,22.785652
30,23.906843,19.614742,21.481207,17.347038,13.304981,15.430695,10.2498045,14.655141,12.928953,15.487714,17.488026,19.328842,19.815159,18.142841,15.920234,12.225298,13.685969,9.209333,13.930416,11.775053,17.216211,15.448368,12.617135,16.59266,11.203284,16.664557,11.454488,9.353816,5.5886054,5.7492576,0.0,6.7980165,9.6526375,13.7057905,14.132566,17.996395,20.517923,21.5454,19.804956,16.084887,11.698005,13.375805,7.9996567,11.831258,9.162475,12.528566,13.690556,16.696154,17.798435,16.832956,14.365486,14.739983,10.280718,12.122974,10.81591,12.9883995,14.98496,13.585212,13.334789,14.343673,16.881683,12.557606,9.931986,7.3517632,6.950405,4.833142,9.665244,9.208585,13.339556,14.599229,12.238638,14.2857275,10.100417,13.612653,12.037898,7.5015197,10.797885,9.209291,13.001066,14.30994,17.698263,18.602623,17.407751,21.230188,19.15953,14.716068,13.255919,10.002889,9.83685,5.79048,6.3237643,8.08664,9.244664,14.31557,15.274826,12.977947,17.456366,16.553104,15.371563,12.847025,12.997323,12.757724,12.268495,15.218148,12.792969,16.460001,18.634165,19.320816,17.896332,19.207644,16.450191,19.334213,17.349606,21.077309
31,24.511148,20.75831,23.87529,20.480007,16.95182,19.181932,14.302943,18.879084,16.211422,19.37619,19.967054,22.88995,22.434679,20.63909,19.410473,15.712377,18.73365,14.260886,19.308737,17.279135,22.21889,20.28104,17.539396,21.31808,16.112541,20.440027,14.849901,12.115761,9.859807,5.9806876,6.7980165,0.0,8.517427,8.855083,11.961119,14.396912,17.441166,19.639309,19.266851,16.405169,12.987643,16.673355,11.93241,17.323616,15.5258665,19.120209,20.43366,23.46559,24.362242,23.345478,20.723007,20.520977,15.689602,16.212002,14.38209,14.397022,14.774032,12.129945,10.216269,9.595861,13.457331,8.812291,5.9236436,7.901079,8.5177,9.980588,13.170681,14.638312,17.791828,20.028252,18.41122,20.578514,16.658607,20.088007,18.490505,13.75571,16.447401,13.465089,16.723812,16.247885,19.23576,18.96986,18.244553,21.073568,17.813068,13.931798,11.173455,10.151558,6.320048,7.1613994,4.77917,8.995211,9.641304,15.303187,13.818221,10.1818,14.402198,13.75614,12.062679,8.9551325,11.42692,8.137663,10.895409,12.03274,12.039005,14.884496,17.240995,19.094917,17.459639,20.733679,16.799894,20.534658,18.686256,22.498241
32,30.105839,26.467098,28.861713,25.360586,20.836596,21.606264,16.58148,18.689684,14.934018,16.30255,14.988827,17.406275,16.032202,13.45147,13.460268,11.085702,15.9206,13.28354,18.660105,19.142248,23.320639,23.625374,21.558207,26.044443,20.77229,26.266293,20.907034,18.2253,15.098227,12.879436,9.6526375,8.517427,0.0,6.7488027,4.662484,8.907912,11.034582,12.097236,11.424996,9.383585,5.8317347,10.93445,8.024792,13.768835,14.32117,17.631023,20.525658,23.675411,25.264198,22.633003,20.765366,18.901342,15.043324,15.768456,11.647533,14.6821785,12.119675,12.817706,12.358035,11.128476,10.363832,5.940596,8.131817,6.268863,12.056557,12.392269,17.178062,17.589458,22.33864,23.508795,20.859566,23.00122,18.442009,20.682852,17.827816,12.87927,13.157214,8.942583,10.405304,8.467506,10.968645,10.479709,10.642465,13.587576,10.213392,6.647932,6.2123647,7.234786,7.358904,9.9342,11.516563,15.680115,17.20595,22.669132,22.178593,18.567806,22.912767,22.091183,20.027079,16.742065,17.971447,13.790336,13.58708,11.580686,11.252127,11.724325,12.5698395,15.149645,15.044331,18.86853,17.35969,21.492609,21.268862,25.455795
33,30.073322,27.013615,30.288458,27.437317,23.41521,24.39696,19.756777,22.408514,18.43758,20.67841,18.7973,22.228453,20.390602,18.37384,18.844507,16.261353,21.206253,18.085857,23.370644,23.294926,27.237404,27.07346,25.019932,29.436563,24.275427,29.169338,23.603197,20.842222,18.25705,14.732964,13.7057905,8.855083,6.7488027,0.0,6.5836844,5.925255,9.784169,12.803219,14.465728,13.925697,12.026589,17.38131,14.545324,20.433905,20.491674,23.925383,26.415144,29.435673,30.968063,28.845161,26.699505,25.181711,20.894817,21.106272,17.525753,18.544111,15.500096,14.761146,12.809315,9.622618,9.959531,5.7912173,8.655777,10.959686,15.356952,16.95485,20.870708,22.174337,26.123934,27.989197,25.822897,27.858332,23.437101,25.908817,23.412598,18.464647,19.406687,15.192466,16.856337,14.140961,16.023424,14.270957,14.311468,15.525639,11.195317,9.109396,6.4272437,9.897421,6.479944,12.304977,12.330175,16.950035,18.306498,23.584635,21.80384,17.927189,21.39456,20.566687,18.165073,14.920311,17.262873,11.128574,13.173172,9.063153,11.711741,11.16367,12.266492,15.839649,15.305526,20.651566,17.909832,22.438148,22.225157,26.250162
34,34.18913,30.73079,33.30947,29.93089,25.420063,26.034443,21.114563,22.785673,18.767372,19.630518,17.193499,19.472496,17.33433,14.371291,15.598865,14.243098,19.558092,17.562233,22.813843,23.714624,27.689432,28.267084,26.21517,30.641518,25.318424,30.599771,25.176365,22.2122,19.460558,16.7168,14.132566,11.961119,4.662484,6.5836844,0.0,5.9630914,6.4640937,7.7299447,8.048015,7.6843023,6.7913933,12.195266,11.175143,16.628443,18.013548,21.254692,24.427216,27.726656,29.141485,26.034197,24.294376,21.735868,18.191269,18.241749,13.7827425,16.245934,11.855434,13.4529915,13.034602,10.990561,7.8694067,5.292856,9.75259,9.08971,15.231526,16.305912,20.67087,21.511559,26.304363,27.560951,25.010363,27.404,22.873306,25.02496,21.990633,17.1709,16.743544,12.490667,12.543416,9.37259,10.318576,8.760765,10.754819,12.542213,8.041975,6.7871895,7.47743,10.7521,10.46526,14.386352,15.605981,19.981787,21.259912,26.877829,25.740465,21.701288,25.935392,25.415123,23.301477,19.99108,21.782064,16.65799,17.082855,13.372388,14.295364,13.181913,13.065285,16.563332,17.112438,21.716917,20.647423,24.977875,25.18689,29.374575
