,0,1,2,3,4,5,6,7,8,9,10,11,12,13,14,15,16,17,18,19,20,21,22,23,24,25,26,27,28,29,30,31,32,33,34,35,36,37,38,39,40,41,42,43,44,45,46,47,48,49,50,51,52,53,54,55,56,57,58,59,60,61,62,63,64,65,66,67,68,69,70,71,72,73,74,75,76,77,78,79,80,81,82,83,84,85,86,87,88,89,90,91,92,93,94,95,96,97,98,99,100,101,102,103,104,105,106,107,108,109,110,111,112,113,114
0,0.0,4.3116136,5.7698092,8.525186,11.923608,13.379971,17.315296,19.934795,23.16939,26.346424,31.172224,33.000946,35.403416,36.42893,32.82206,29.173792,25.923498,23.219645,21.190487,16.645332,16.070065,11.728408,13.92739,11.676925,14.594354,17.061617,18.816038,22.606459,21.856087,25.677082,25.655216,29.393877,34.08294,35.601494,39.101433,40.160275,44.386745,45.882042,43.712006,41.05255,36.162262,36.854767,32.02612,32.132866,28.276371,27.735344,25.603907,23.391594,26.173515,29.759027,28.843533,32.943695,31.304708,34.36089,35.35232,36.986935,40.99227,38.989258,37.018387,38.122414,41.621925,36.679066,33.78383,30.689169,29.897957,27.032637,27.639124,24.487082,23.63194,23.790575,23.357185,19.884737,21.039436,20.855497,23.50571,25.156168,28.808455,30.326948,34.415894,36.88026,40.581448,41.66187,40.089638,43.04747,39.94514,36.088127,34.75502,30.922035,30.214823,25.77476,25.70724,21.528896,23.125109,18.958656,24.806076,29.403486,27.862566,26.014597,28.93882,31.641457,28.769655,28.328081,25.600279,22.739216,20.326742,17.249107,15.019319,13.993342,16.12607,16.241728,22.030409,21.526575,25.188305,27.215002,29.5081
1,4.3116136,0.0,5.0829597,4.8068185,8.776524,11.176828,14.370081,17.828142,20.481009,24.101326,28.592224,30.833693,32.929043,33.743946,30.316227,26.414558,23.815111,20.536259,19.379433,14.579162,14.993343,10.222914,13.094822,10.5653,11.891924,15.165457,15.892489,19.455273,18.531183,21.976933,22.216923,25.487652,30.40597,31.593117,35.34166,36.353092,40.567486,42.24909,40.28544,37.717937,32.86055,33.998775,28.985617,29.744032,25.880102,25.864408,24.045324,22.503616,25.221289,28.39487,27.121445,30.935516,28.759523,31.694958,32.40842,33.857212,37.61225,35.432327,33.28817,34.16493,37.765152,32.788166,29.92765,27.178497,26.518467,23.947176,24.783028,21.942776,21.464788,22.116957,21.503433,18.594303,18.950674,19.439741,21.691357,22.550817,26.4238,27.452818,31.690155,33.87588,37.593834,38.481003,37.135647,39.902126,36.52551,32.760944,31.165903,27.522623,26.381506,22.178448,21.759533,17.607752,19.131416,15.187488,20.753012,25.393494,23.67173,21.750523,24.76434,27.363813,24.463697,24.099613,21.331312,18.64741,16.034842,13.329838,10.722678,9.761513,12.017734,12.175208,18.076603,17.849752,21.58566,23.714828,26.28601
2,5.7698092,5.0829597,0.0,5.969147,7.173733,8.725546,12.24501,15.197285,18.56879,21.524889,26.539139,28.088915,30.533623,31.302528,27.627663,24.024784,20.623383,17.87679,15.885196,11.006467,11.259862,5.9997845,8.450027,7.052853,9.641512,13.246836,14.318089,18.106394,16.901781,21.165167,20.5407,24.928131,29.186804,31.457516,34.341946,35.774925,39.792633,41.036915,38.57127,35.748455,30.874577,31.259722,26.533792,26.398615,22.553127,21.969473,19.935616,17.891638,20.883993,24.172573,23.255283,27.249966,25.70763,28.891886,29.831469,31.853455,35.818172,34.19541,32.448105,33.816486,36.94608,32.08485,29.24384,25.613117,25.009058,21.78051,22.771715,19.23701,19.034428,18.889141,17.969007,14.425066,15.31985,15.155513,17.806564,19.544897,23.198864,24.921824,28.946463,31.62746,35.2599,36.534195,35.14051,38.31819,35.222576,31.624268,30.364134,26.1719,26.031803,21.012667,21.383108,17.254028,19.281818,15.824195,22.074104,26.266031,25.847048,22.982428,25.399477,28.668245,26.071526,25.105412,23.018454,19.30203,17.654865,13.336363,12.580129,12.864559,15.0550375,14.10556,20.19867,18.290014,22.367037,23.60126,26.3241
3,8.525186,4.8068185,5.969147,0.0,4.717318,7.293821,9.981524,13.66618,15.883455,19.73743,23.989016,26.470568,28.382113,29.174576,25.86188,21.875607,19.706217,16.222462,15.610419,11.167166,11.988297,8.066318,11.876415,10.549672,9.891605,14.897553,13.970194,17.144358,15.3000145,18.638142,18.229607,21.546917,26.071775,27.155127,30.888443,31.706974,36.021038,37.644344,35.766983,33.411663,28.505346,29.918022,24.923056,26.0187,22.427225,22.690565,21.511162,20.45554,23.588646,26.010601,24.647913,27.974163,25.545633,28.592644,28.739515,30.692919,33.93055,32.05262,29.861145,30.522596,33.724617,28.644302,26.157694,23.224373,23.316132,20.656925,22.373661,19.43617,20.076298,20.763279,19.437494,16.848614,16.067852,16.62117,18.281843,18.57528,22.393435,23.072044,27.342058,29.312824,33.0647,33.835537,32.431164,35.12495,31.766453,27.957462,26.39907,22.78886,21.73094,17.617117,17.523949,13.768878,15.903068,13.24889,18.432142,22.839283,21.31492,18.438019,21.33142,24.064747,20.91739,20.051353,17.600782,14.274896,12.435985,8.843016,7.5994616,7.979139,9.239248,8.245074,14.309642,13.2048235,17.111189,18.981665,21.6981
4,11.923608,8.776524,7.173733,4.717318,0.0,4.490681,5.6599402,10.238686,12.488814,16.098963,20.558498,22.712688,24.672586,25.1672,21.761007,17.788544,15.496843,11.818472,11.507457,6.7101526,9.061567,5.1213293,8.92973,8.963878,6.873963,13.017578,11.089605,14.041377,11.509488,15.380996,14.132659,18.318178,22.323263,24.342735,27.33847,28.611265,32.689854,34.024616,31.78938,29.225657,24.301914,25.37028,20.450462,21.31306,17.741505,18.030464,17.080288,16.379892,19.637678,21.607311,20.236408,23.369448,21.019403,24.210825,24.278284,26.6836,29.887442,28.436733,26.507578,27.488369,30.274248,25.278877,22.846115,19.238388,19.593803,16.499239,18.738733,15.418746,16.906702,17.285992,15.397649,13.003887,11.556723,12.277102,13.712822,13.912513,17.794615,18.676998,22.919436,25.157074,28.85345,29.858622,28.649992,31.61475,28.261934,24.746399,23.278034,19.192907,18.862947,13.936288,14.460638,10.807473,13.560152,12.023182,17.405716,21.20692,21.035091,17.084547,19.27743,22.656033,19.927485,18.43989,16.871342,12.503692,11.861103,6.462862,8.003225,10.012571,11.16528,8.962389,14.7145405,11.766892,16.088934,16.872547,20.08248
5,13.379971,11.176828,8.725546,7.293821,4.490681,0.0,5.184435,6.6820116,9.938122,13.030476,17.889069,19.729403,22.037992,23.10003,19.51474,15.94706,12.889418,10.393824,8.590669,5.741849,5.1981554,5.5006948,9.594659,11.553274,10.360315,16.536657,14.630589,17.323175,14.106063,18.07267,15.442308,20.19393,22.976086,25.084637,27.72403,28.522444,32.829716,33.767838,31.439339,29.212194,24.199558,24.959343,20.532738,20.679218,17.73935,17.385542,17.052807,15.784122,20.026505,21.473082,20.673447,23.47149,21.748495,25.299929,24.875961,28.382837,31.088228,30.378448,28.641092,29.52923,31.51624,26.5026,24.736212,20.468237,21.81466,18.24895,21.29391,17.46307,19.73113,19.400295,16.841364,13.861796,12.11951,11.107156,12.218952,13.251622,16.38305,17.63639,21.589619,23.909698,27.649591,28.744556,26.839037,29.968622,27.27406,23.389286,22.598295,18.397432,19.057158,14.298627,16.108644,13.486968,16.813221,16.236761,21.195301,24.694468,24.50927,20.037422,22.022612,25.358114,22.27001,20.170958,18.966597,13.999361,14.675935,8.720304,11.702558,13.71103,13.730374,10.954514,15.875536,11.655404,15.596749,15.902838,18.45288
6,17.315296,14.370081,12.24501,9.981524,5.6599402,5.184435,0.0,6.130066,7.456129,10.934737,15.237663,17.347515,19.168484,19.517048,16.139511,12.132522,10.264961,6.253756,7.228525,4.578365,7.916861,7.726969,10.584256,12.5096,9.128666,15.5003,12.050367,13.798681,9.887186,13.506206,10.332522,15.243374,17.859604,20.448792,22.744919,23.996813,28.037687,29.015738,26.615349,24.234598,19.235365,20.304491,15.626807,16.568783,13.644857,14.18236,14.47505,14.576579,18.27349,18.874062,17.598625,19.797329,17.426365,20.833252,20.047855,23.557713,25.984417,25.343388,23.634905,24.541475,26.376785,21.417068,19.693935,15.308536,17.053576,13.607129,17.305737,13.817191,17.055523,17.090916,14.161981,12.510328,9.223885,9.668955,9.660745,8.935406,12.546858,13.1703,17.383718,19.58338,23.300373,24.362228,23.070122,26.18351,23.01132,19.602156,18.42713,13.988417,14.7014885,9.348551,11.373805,9.259012,12.904043,13.843351,18.041466,20.862806,21.59955,16.442398,17.790043,21.451683,18.857225,16.416544,16.033922,10.646692,12.265993,6.0297456,10.80087,13.720394,13.722761,10.562984,14.659629,9.594564,13.739359,13.096045,16.54938
7,19.934795,17.828142,15.197285,13.66618,10.238686,6.6820116,6.130066,0.0,4.52831,6.417068,11.569186,13.087017,15.53614,16.935728,13.309173,10.270388,7.0287204,6.3592505,4.2638845,7.140934,5.8378925,10.605074,13.328864,16.662579,14.566038,20.754469,17.780174,19.413298,15.287745,18.681505,14.264615,19.304674,20.013151,22.505732,24.202291,24.625385,28.913849,29.260714,26.799889,25.06029,20.136904,20.697416,17.117739,16.867052,15.259742,14.762092,16.043098,15.374617,20.151815,19.964003,19.584324,21.144278,19.830046,23.54887,22.072802,26.980255,28.607021,29.001665,27.592566,28.309675,28.987043,24.193277,23.497059,18.55174,21.46907,17.710903,22.042946,18.167992,21.926867,21.158869,17.691936,15.405485,12.280791,10.210344,9.3584175,10.03753,11.703816,12.86657,16.281443,18.490812,22.177149,23.340393,20.86509,24.20183,22.213127,18.276974,18.326807,13.991844,16.302755,11.980217,15.485196,14.75322,18.554472,19.962627,23.815739,26.369164,26.873993,21.457754,22.623732,26.001049,23.000435,19.99075,19.965588,14.427926,17.13385,11.231273,16.098204,18.732203,17.800236,14.402974,17.394943,11.36592,14.368669,12.945289,15.05059
8,23.16939,20.481009,18.56879,15.883455,12.488814,9.938122,7.456129,4.52831,0.0,4.6342807,8.127919,10.956104,12.536296,13.783065,10.680229,7.190243,6.82988,5.6026473,7.124345,10.124062,10.328995,14.106074,16.802612,19.665396,16.481377,22.700594,18.787125,19.612553,15.158002,17.44065,12.687925,16.76663,16.68376,18.523872,20.376541,20.295797,24.767654,25.213293,23.142473,21.9047,17.042406,18.524643,15.061841,16.023785,15.114525,15.544072,17.640118,18.012377,22.309797,21.322943,20.60956,21.289703,19.347435,22.76527,20.430353,25.487123,26.214989,26.772732,25.22498,25.420906,25.634777,20.836344,20.840101,16.286808,20.186356,17.01209,21.945013,18.737757,23.075724,22.774445,19.209423,17.934874,13.941515,12.929058,11.013889,9.587992,10.768796,10.35638,13.790383,15.141626,18.922752,19.64001,17.147003,20.159729,17.973944,13.862062,13.885425,9.832352,12.276825,9.008276,12.98882,13.6556225,17.445107,20.128332,22.74531,24.778126,25.207432,19.484247,20.338352,23.386461,20.350706,16.961748,17.557215,12.134021,15.906664,10.941254,16.370115,19.262854,17.667192,14.1432705,15.616972,9.110913,11.339055,8.950742,11.275746
9,26.346424,24.101326,21.524889,19.73743,16.098963,13.030476,10.934737,6.417068,4.6342807,0.0,5.6287656,6.751417,9.151601,10.896219,7.4289865,5.6572843,4.280711,6.8418684,7.03055,12.110555,11.535133,16.533104,18.496408,22.156513,19.422602,25.304737,21.611767,22.252897,17.826338,20.21943,14.81325,19.312653,17.748009,20.45318,20.9751,20.97693,25.040468,24.735806,22.230635,21.16947,16.638998,17.125511,14.8564825,14.51287,14.728083,14.466535,17.271566,17.53959,22.056461,20.289005,20.178778,20.22263,19.209925,22.717226,20.108187,26.099707,26.436274,27.903116,26.848932,27.306074,26.608377,22.299377,22.787123,17.673061,21.939083,18.4903,23.620886,20.186764,24.891657,23.992914,20.122782,18.849846,14.9778185,12.960667,10.365061,9.803493,9.037445,9.395771,11.628609,13.36237,16.855755,18.002577,14.931841,18.46204,17.315481,13.597901,14.696974,10.669411,14.748233,11.760725,16.257465,17.307682,21.024738,23.8974,26.6057,28.201342,29.298384,23.392963,23.72445,26.922756,24.250055,20.662262,21.753273,16.406378,20.360912,15.301228,20.776623,23.70809,22.275923,18.751764,20.095158,13.582019,15.185157,12.071935,13.508261
10,31.172224,28.592224,26.539139,23.989016,20.558498,17.889069,15.237663,11.569186,8.127919,5.6287656,0.0,4.8209968,4.818544,7.2324204,5.6991744,5.7962685,8.734634,10.730744,12.51618,17.21276,17.04412,21.729824,23.784248,27.15,23.803743,29.62767,25.332802,25.289986,20.80989,22.016968,16.631464,19.63044,16.499025,18.162025,18.31506,17.216156,21.328815,20.754957,18.874104,18.981644,15.088264,16.515533,15.289456,16.02883,17.397217,17.867315,21.29836,22.289135,26.340155,23.81264,23.552473,22.550032,21.211065,24.190338,20.570484,26.764946,25.729643,27.703114,26.661194,26.44226,24.720331,20.826578,22.515022,18.151342,23.385218,20.726173,26.204693,23.500307,28.5725,28.01004,24.144958,23.622805,19.341528,18.003222,14.953592,13.0332,11.303884,9.701716,10.568143,10.4394655,13.633516,14.030708,10.1392355,13.2226515,12.810781,8.925417,11.120933,8.643076,13.238318,12.659227,17.10848,19.549595,22.981638,26.868979,28.32435,29.275667,30.231827,24.275463,24.1877,26.778244,24.188456,20.34423,22.136078,17.497932,22.158413,18.284058,23.806961,26.784067,24.738184,21.30078,21.043978,14.897055,14.993273,11.003293,11.442423
11,33.000946,30.833693,28.088915,26.470568,22.712688,19.729403,17.347515,13.087017,10.956104,6.751417,4.8209968,0.0,3.6448421,6.339825,4.3473063,7.205887,8.248737,12.075096,12.6873255,18.152884,17.648197,22.843506,24.20936,28.169594,25.34071,30.794344,26.903786,26.906847,22.58018,24.268147,18.555788,22.370735,18.69108,21.656374,20.522749,20.187471,23.52202,22.203499,19.572691,19.388458,15.939008,15.759941,15.677701,14.703076,16.855333,16.52254,20.245392,21.022556,25.089628,22.062885,22.408243,21.037418,20.774237,23.83339,20.415312,27.23131,26.319996,28.988361,28.476646,28.822971,26.65733,23.26438,24.829588,19.838247,24.804792,21.744158,27.085539,24.063082,29.210356,28.055027,24.057266,23.44153,19.542223,17.468412,14.254383,13.43381,10.412624,10.231524,9.663234,10.598186,13.107124,14.400275,10.4636345,14.29526,14.924128,12.291441,14.7936535,11.989166,17.225756,15.711311,20.335009,22.407597,25.842894,29.479193,31.487677,32.277122,33.966576,27.900354,27.508368,30.499619,28.297432,24.471495,26.356886,21.456167,25.906427,21.425566,27.020502,30.063137,28.46513,24.959633,25.403934,19.045912,19.619886,15.705915,16.18583
12,35.403416,32.929043,30.533623,28.382113,24.672586,22.037992,19.168484,15.53614,12.536296,9.151601,4.818544,3.6448421,0.0,3.9514303,4.623169,7.83588,10.897426,13.804153,15.491292,20.557322,20.571575,25.357548,26.850037,30.513502,27.19618,32.62093,28.315443,27.891306,23.57277,24.520863,18.969368,21.815495,17.345972,19.706156,18.277134,17.399328,20.610483,19.142965,16.927866,17.496517,14.546257,15.150478,15.5650835,15.61445,18.167404,18.49427,22.41533,23.723843,27.414244,24.094217,24.155193,22.265184,21.550705,24.204401,20.217373,26.918531,25.179348,28.04263,27.511967,27.442978,24.72367,21.646038,23.870358,19.468637,24.89312,22.395712,27.87264,25.37404,30.685892,29.855711,25.923853,25.820068,21.605873,20.170452,16.78318,14.977368,11.956384,10.453173,9.203109,8.582564,10.764714,11.4642105,7.0230994,10.676499,11.762005,9.515386,12.509276,10.785709,16.001942,15.745652,20.165638,22.955278,26.165648,30.379179,31.613428,31.991776,33.65146,27.619324,26.952192,29.583105,27.543146,23.658756,25.94574,21.517815,26.257511,22.481287,28.073587,31.15977,29.300842,25.87273,25.518278,19.463884,19.399775,15.171202,15.403608
13,36.42893,33.743946,31.302528,29.174576,25.1672,23.10003,19.517048,16.935728,13.783065,10.896219,7.2324204,6.339825,3.9514303,0.0,3.9862163,7.3929286,11.458391,13.679626,16.301992,20.842974,21.89476,25.885498,26.978888,30.449364,26.76723,31.74379,27.220247,26.298647,22.206396,22.673227,17.23488,19.727695,14.535623,17.769867,15.26612,15.282232,17.80642,16.093958,13.332278,13.658123,11.04216,11.555336,12.64928,13.127115,16.173412,17.040419,21.150469,23.145548,26.180601,22.455523,22.284325,19.823095,18.913046,21.175293,16.892456,23.604843,21.501137,24.688536,24.423729,24.519457,21.432653,18.784035,21.154667,16.854752,22.346193,20.217123,25.629292,23.596367,29.034676,28.336617,24.51497,25.112814,20.75015,20.023884,16.43729,13.88115,10.591421,8.39487,6.0399456,4.8225775,6.91849,8.089402,4.9495997,9.306722,9.583344,8.893969,11.341236,9.559734,15.000827,14.71142,18.883509,21.982117,24.85735,29.44116,30.292425,30.131702,32.50679,26.463203,25.256357,28.014767,26.609928,22.788567,25.513071,21.301401,26.001665,22.555923,28.116385,31.337435,29.808064,26.458336,26.136148,20.22291,20.409252,15.980698,17.045174
14,32.82206,30.316227,27.627663,25.86188,21.761007,19.51474,16.139511,13.309173,10.680229,7.4289865,5.6991744,4.3473063,4.623169,3.9862163,0.0,4.381621,7.4892545,10.19851,12.369571,17.098854,18.022184,22.129807,23.177261,26.822893,23.442842,28.539188,24.301605,23.803635,19.605774,20.84045,15.137279,18.75949,14.70167,18.513435,16.781311,17.335136,20.299685,19.070127,16.01564,15.297034,11.668964,11.585273,11.467373,11.140478,13.547911,13.973357,17.92984,19.5556,22.976706,19.643822,19.568108,17.791094,17.03472,19.865314,16.19973,22.9833,21.978886,24.687578,24.289373,24.798716,22.603685,19.33619,20.84334,15.8138275,20.891436,18.108498,23.507534,20.911682,26.248388,25.33861,21.41607,21.568634,17.318712,16.212633,12.677387,10.635272,7.372602,6.2358356,5.446231,6.807844,9.7805605,11.417454,8.785676,13.001642,12.418496,10.616485,12.414946,9.075843,14.634841,12.844679,17.345488,19.72671,22.88718,26.935764,28.563368,28.902771,31.233355,25.117,24.262974,27.43162,25.782602,21.999407,24.284523,19.523804,23.972523,19.832212,25.446148,28.657331,27.389385,23.954033,24.426844,18.165518,19.064983,14.881699,16.409569
15,29.173792,26.414558,24.024784,21.875607,17.788544,15.94706,12.132522,10.270388,7.190243,5.6572843,5.7962685,7.205887,7.83588,7.3929286,4.381621,0.0,5.710661,6.396627,9.821279,13.709306,15.321717,18.696838,20.091387,23.308332,19.592386,24.92712,20.492882,20.122736,15.764015,17.093647,11.431174,15.302602,12.5239725,16.152613,15.662072,16.443233,19.98685,19.613823,16.82737,15.541033,10.990684,11.97261,9.834916,10.787422,11.753776,12.755183,16.207645,17.898901,21.364431,18.765734,18.140137,17.181122,15.482424,18.529753,15.211437,21.328478,21.021296,22.808264,21.944586,22.40398,21.207512,17.205414,18.084179,13.002695,17.941813,15.078138,20.553894,17.926966,23.145348,22.625973,18.797087,18.902967,14.368568,13.905705,10.586299,7.600476,6.1247544,4.179507,6.6912565,8.223739,11.931068,13.146687,11.271307,14.965196,12.8996,10.277572,10.869397,6.3425574,11.424799,8.706281,13.317006,15.472337,18.76068,22.720123,24.437212,25.1128,27.161316,21.051426,20.499651,23.792046,21.944221,18.235342,20.261875,15.31022,19.643408,15.4831705,21.088362,24.314396,23.126505,19.720596,20.44953,14.188789,15.613271,11.674389,14.112251
16,25.923498,23.815111,20.623383,19.706217,15.496843,12.889418,10.264961,7.0287204,6.82988,4.280711,8.734634,8.248737,10.897426,11.458391,7.4892545,5.710661,0.0,5.031713,4.9377656,10.127639,10.75359,15.014436,16.047802,20.019108,17.424969,22.763796,19.311357,19.881592,15.693375,18.573675,13.030859,18.465479,17.069302,21.205162,20.91325,22.092735,25.555164,25.08553,21.893766,19.978792,15.429576,14.805075,12.471004,10.987495,10.955621,10.253669,13.1397295,13.603738,17.956036,16.020023,16.03555,16.209198,15.641117,19.32369,17.270344,23.344616,24.343628,25.92258,25.22265,26.35217,25.835627,21.750816,21.644293,15.934262,19.58769,15.718013,20.626965,16.92709,21.69282,20.425215,16.460302,15.371038,11.571874,9.427759,6.392276,6.5801516,5.5669465,7.7094717,10.0829935,13.074874,16.406746,18.221012,16.074219,20.05706,18.534004,15.717918,16.37616,11.658598,15.960029,11.616568,15.993631,16.494167,20.053543,22.669228,25.887619,27.277246,29.32774,23.392452,23.347984,27.081007,25.025835,21.599838,22.82294,17.33026,20.846209,15.40247,20.795593,23.852856,23.219337,19.76791,21.979424,15.533548,17.91185,14.84547,17.102726
17,23.219645,20.536259,17.87679,16.222462,11.818472,10.393824,6.253756,6.3592505,5.6026473,6.8418684,10.730744,12.075096,13.804153,13.679626,10.19851,6.396627,5.031713,0.0,5.3463707,7.430851,10.277604,12.43642,13.867786,16.92648,13.399914,18.972404,14.95782,15.440966,11.064684,13.918864,8.682752,14.240588,14.387254,18.290464,18.97139,20.529306,24.163801,24.444275,21.548292,19.22525,14.272164,14.76738,10.811435,11.25192,9.62858,10.292109,12.346776,13.457428,17.193308,16.03372,15.085136,15.90048,13.935639,17.500866,15.757464,20.760973,22.288347,22.888212,21.741755,22.80388,23.269842,18.73142,17.930368,12.516327,15.762912,12.050973,16.963127,13.536477,18.207146,17.680315,13.965988,13.345194,8.91143,8.765396,6.4060054,4.083265,6.5650635,7.2682962,11.258922,13.818776,17.45235,18.87064,17.608646,21.15342,18.385283,15.527741,14.987613,9.978166,12.89437,7.4655128,11.405931,11.473668,15.067048,17.755074,20.875877,22.447927,24.416882,18.554918,18.682728,22.538486,20.554272,17.371498,18.397606,12.9018755,16.104519,10.7844095,16.185774,19.367096,18.98941,15.649197,18.155443,12.051056,15.124924,12.568426,15.899389
18,21.190487,19.379433,15.885196,15.610419,11.507457,8.590669,7.228525,4.2638845,7.124345,7.03055,12.51618,12.6873255,15.491292,16.301992,12.369571,9.821279,4.9377656,5.3463707,0.0,5.885352,5.9881616,10.32778,11.651354,15.743066,13.917118,19.46971,16.7715,18.262686,14.347086,18.194283,13.444931,19.345402,19.658878,23.490152,24.125492,25.423502,29.142168,29.121471,26.041584,23.756159,18.97193,18.456215,15.192375,13.732445,12.063151,10.886777,12.19549,11.464959,16.350521,15.912213,15.841392,17.471195,16.82864,20.699562,19.659628,24.84053,26.874794,27.640234,26.679907,28.008114,28.501421,24.053837,23.082632,17.51712,20.032822,15.8320875,20.011707,15.781358,19.724895,18.381178,14.681014,12.413824,9.390045,6.479227,5.346504,7.5763326,8.954099,11.436411,14.543891,17.601131,21.049223,22.774914,20.761051,24.563267,22.6293,19.413412,19.527746,14.6956215,17.792645,12.617472,16.271025,15.347034,18.97159,20.324076,24.57271,26.72809,28.33118,22.782633,23.384932,27.248161,24.916851,21.906572,22.296448,16.682886,19.243612,13.153305,17.988163,20.77739,20.606987,17.308416,20.714087,14.666609,17.871937,15.89342,18.375277
19,16.645332,14.579162,11.006467,11.167166,6.7101526,5.741849,4.578365,7.140934,10.124062,12.110555,17.21276,18.152884,20.557322,20.842974,17.098854,13.709306,10.127639,7.430851,5.885352,0.0,5.847097,5.164163,6.739651,10.065045,8.186109,13.907439,11.691804,13.996039,10.727194,15.324087,12.118875,17.98665,20.301779,24.012642,25.410131,27.26786,30.913218,31.497377,28.525501,25.676489,20.80674,20.660294,16.35573,15.736613,12.43636,11.87634,11.324561,10.48295,14.56633,15.770049,14.941907,17.857424,16.458076,20.118677,20.152454,23.820694,26.955513,26.61189,25.369192,26.961407,28.710161,24.074009,22.001215,16.990925,17.929182,13.81916,16.871624,12.575648,15.420974,14.539523,11.508844,8.766444,6.5143504,5.7516017,7.156904,8.786475,12.199721,14.274173,18.085348,21.101595,24.60983,26.21152,24.97727,28.543808,25.708529,22.638615,21.80441,16.977219,18.552458,12.671555,14.833531,12.228859,15.470373,15.436462,20.623571,23.344288,24.891438,19.9508,20.9736,25.012228,22.898014,20.591091,20.287899,15.0286045,16.12803,9.969568,13.701046,16.290224,17.169256,14.344081,19.037012,14.124136,18.204395,17.297888,20.52654
20,16.070065,14.993343,11.259862,11.988297,9.061567,5.1981554,7.916861,5.8378925,10.328995,11.535133,17.04412,17.648197,20.571575,21.89476,18.022184,15.321717,10.75359,10.277604,5.9881616,5.847097,0.0,6.8864317,9.323841,13.132672,13.009264,18.585955,17.179605,19.757444,16.446724,20.812023,17.20059,22.824074,24.43743,27.483973,29.093103,30.070826,34.150833,34.48588,31.67605,29.392355,24.49724,24.23935,20.563751,19.265526,16.850067,15.419944,15.287063,13.146813,18.161016,19.297129,19.273169,21.96881,21.345346,25.17845,24.806993,29.20184,31.867844,31.9506,30.68745,31.95751,33.23231,28.492107,27.014599,21.926064,23.558405,19.421072,22.678543,18.270834,20.9061,19.613321,16.619852,13.024443,11.741742,8.686285,9.9368925,12.732719,14.846659,17.17061,20.49559,23.367563,26.911882,28.44951,26.179323,29.748339,27.76615,24.037333,23.950989,19.40369,21.430397,16.379438,19.157755,17.04091,20.512587,20.268839,25.421791,28.486929,29.098726,24.240908,25.692215,29.34069,26.510027,24.010092,23.373627,18.041134,19.420355,13.206551,16.7227,18.811293,18.905096,16.016356,20.466055,15.399686,18.930452,18.299517,20.404251
21,11.728408,10.222914,5.9997845,8.066318,5.1213293,5.5006948,7.726969,10.605074,14.106074,16.533104,21.729824,22.843506,25.357548,25.885498,22.129807,18.696838,15.014436,12.43642,10.32778,5.164163,6.8864317,0.0,4.3710756,6.4352503,7.0709047,12.21618,11.819173,15.173291,13.04453,17.771946,15.952094,21.24238,24.602757,27.767855,29.811214,31.567919,35.354843,36.22102,33.411148,30.487268,25.631107,25.58814,21.10259,20.529766,16.85,16.103666,14.454527,12.648278,16.238201,18.815521,18.00715,21.699324,20.381021,23.82259,24.508799,27.307299,31.02684,30.055696,28.622223,30.234602,32.699005,27.968418,25.405897,20.991758,20.950022,17.167187,18.994461,14.881716,16.0192,15.313767,13.38758,9.750147,9.803089,9.272168,11.807765,13.808835,17.318855,19.37313,23.242256,26.192509,29.732897,31.246172,29.950138,33.390194,30.44901,27.143116,26.113892,21.52284,22.296701,16.684404,17.910315,14.289539,16.969742,15.057147,21.133978,24.60591,25.40851,21.37221,23.055004,26.861479,24.560537,22.8834,21.710402,17.045689,16.747301,11.097413,12.788284,14.502752,16.14675,14.049273,19.71882,16.08904,20.338392,20.46637,23.495846
22,13.92739,13.094822,8.450027,11.876415,8.92973,9.594659,10.584256,13.328864,16.802612,18.496408,23.784248,24.20936,26.850037,26.978888,23.177261,20.091387,16.047802,13.867786,11.651354,6.739651,9.323841,4.3710756,0.0,5.019478,7.2175193,10.391759,11.187191,14.526213,13.193715,18.22419,16.59349,22.30333,25.505278,29.620518,30.885633,33.336315,36.642113,37.27428,34.03102,30.64678,26.040186,25.185383,20.989204,19.595463,15.658756,14.438212,11.830548,9.564157,12.527143,15.8618765,15.232578,19.466621,18.778667,22.112703,23.584866,26.108505,30.425844,29.583582,28.566713,30.7704,33.229656,28.868057,25.960743,21.281168,20.443768,16.460453,17.465567,13.097752,13.58409,12.119926,10.557978,6.289829,8.300725,7.938205,11.267269,14.024492,17.358458,20.050072,23.59029,27.008879,30.285912,32.16552,31.28245,34.98464,32.045956,29.249893,28.233442,23.382637,24.597582,18.5363,19.718493,15.9888735,18.242922,16.070139,22.449364,25.491623,27.349829,23.384457,24.54204,28.705574,27.059467,25.44193,24.624193,20.011276,19.653975,14.229751,15.78604,17.50187,19.763641,17.824858,23.47588,19.706694,24.00686,23.674528,26.938213
23,11.676925,10.5653,7.052853,10.549672,8.963878,11.553274,12.5096,16.662579,19.665396,22.156513,27.15,28.169594,30.513502,30.449364,26.822893,23.308332,20.019108,16.92648,15.743066,10.065045,13.132672,6.4352503,5.019478,0.0,5.5049005,6.9147243,9.277061,13.155516,13.071106,17.681646,17.6505,22.417273,26.800474,30.368355,32.268833,34.82811,38.098675,39.19174,36.23367,32.736485,28.200632,27.907703,23.259989,22.801819,18.474962,18.0351,15.109877,13.6383705,15.175048,19.030893,17.785147,22.204176,20.774746,23.610296,25.480122,26.733524,31.469479,29.750141,28.444698,30.582022,33.895557,29.519327,26.060617,22.30403,20.482758,17.24882,17.094603,13.611818,12.45661,12.139787,11.9818945,8.956666,11.097616,12.395945,15.413156,17.079084,20.948065,23.02084,26.86317,29.977478,33.29594,34.93366,34.424854,37.85617,34.403606,31.65693,30.113514,25.55374,25.735209,19.941809,19.97207,15.509998,16.91483,13.2456875,20.005812,23.460829,24.948746,21.936367,23.449959,27.371386,25.940908,25.028805,23.6823,19.912518,18.315763,14.060116,13.788122,14.82841,18.010115,16.896969,22.877062,20.407484,24.806578,25.166105,28.67788
24,14.594354,11.891924,9.641512,9.891605,6.873963,10.360315,9.128666,14.566038,16.481377,19.422602,23.803743,25.34071,27.19618,26.76723,23.442842,19.592386,17.424969,13.399914,13.917118,8.186109,13.009264,7.0709047,7.2175193,5.5049005,0.0,6.471431,4.8886724,8.566824,7.8120866,12.311017,12.525037,16.944506,21.609255,25.004568,27.0556,29.671537,32.8737,34.173004,31.442434,28.03547,23.50458,23.875118,18.874159,19.535093,15.182276,15.802195,13.683924,13.745741,15.222484,17.913013,16.000616,19.741146,17.27217,19.986929,21.313877,22.43328,26.773748,24.871243,23.324717,25.223251,28.592848,24.133701,20.689209,17.19822,15.61323,12.640905,13.180869,10.057539,10.246787,11.011847,10.128188,8.793243,8.527112,11.413736,13.394754,13.4530945,17.725191,18.99092,23.059574,25.77713,29.109716,30.494083,30.351576,33.53483,29.70873,27.190744,25.30096,20.928331,20.679064,14.978826,14.580691,10.0805235,11.556171,8.865043,15.2888,18.502285,20.337912,16.778236,18.06278,22.11612,20.862339,19.843662,18.863327,15.094208,13.776776,9.714891,10.210474,12.1810665,15.053807,13.59575,19.05481,16.454584,20.836298,20.950827,24.86424
25,17.061617,15.165457,13.246836,14.897553,13.017578,16.536657,15.5003,20.754469,22.700594,25.304737,29.62767,30.794344,32.62093,31.74379,28.539188,24.92712,22.763796,18.972404,19.46971,13.907439,18.585955,12.21618,10.391759,6.9147243,6.471431,0.0,5.5851455,8.703143,10.951673,14.54045,16.388363,20.073051,25.16753,29.080399,30.632015,34.028786,36.570385,37.915348,34.967926,31.038204,27.039677,26.865492,22.143843,22.500473,17.910366,18.5164,15.338323,15.587938,14.907513,18.633314,16.510412,20.76323,18.582973,20.460243,23.11881,22.582335,27.961782,25.470005,24.293894,26.857824,30.853827,27.036932,22.856623,20.093033,16.623528,14.492367,12.368467,10.47455,7.1676426,8.600689,10.261692,10.1070795,11.936276,15.348309,17.710083,18.001009,22.065636,23.568806,27.291954,30.21878,33.197254,34.78229,35.306137,38.532265,34.46902,32.5512,30.41937,26.128082,25.7045,20.100763,18.946571,14.405793,14.322536,10.227949,16.51739,19.2132,22.099483,19.781696,20.584667,24.61191,24.429066,24.101158,23.157833,20.321184,18.199505,15.574721,14.664588,15.778152,19.608131,18.960602,24.318066,22.49914,26.800491,26.939993,31.03662
26,18.816038,15.892489,14.318089,13.970194,11.089605,14.630589,12.050367,17.780174,18.787125,21.611767,25.332802,26.903786,28.315443,27.220247,24.301605,20.492882,19.311357,14.95782,16.7715,11.691804,17.179605,11.819173,11.187191,9.277061,4.8886724,5.5851455,0.0,3.951613,5.513039,9.096495,11.049742,14.523648,19.720533,23.500973,25.157658,28.483473,31.062769,32.525936,29.790619,26.050201,21.971518,22.459179,17.430403,18.832624,14.38534,15.923123,13.812173,15.207515,15.184817,17.477783,14.906978,18.293911,15.110227,17.065577,18.875597,18.6628,23.430109,20.962807,19.492258,21.754894,25.604258,21.57913,17.545076,14.807384,11.856169,9.806,8.980555,7.26415,6.769896,9.033814,9.0581455,10.097864,9.444461,13.732523,15.0830555,13.976949,18.229336,18.974665,22.851261,25.378828,28.394472,29.73362,30.433659,33.438534,29.169434,27.391462,25.067154,20.961363,20.299374,14.84928,13.451799,9.101997,9.161343,6.821816,12.572167,14.959766,18.236143,14.967659,15.452472,19.730165,19.575449,18.931448,18.481377,15.494141,14.007044,11.531074,11.752216,13.801675,16.898596,15.762756,20.40537,18.24058,22.37624,22.17814,26.48309
27,22.606459,19.455273,18.106394,17.144358,14.041377,17.323175,13.798681,19.413298,19.612553,22.252897,25.289986,26.906847,27.891306,26.298647,23.803635,20.122736,19.881592,15.440966,18.262686,13.996039,19.757444,15.173291,14.526213,13.155516,8.566824,8.703143,3.951613,0.0,4.5219684,6.198161,9.393273,11.87151,17.155884,21.247526,22.464043,26.276958,28.35443,29.893925,27.20132,23.315334,19.637463,20.358526,15.416433,17.61303,13.445856,15.805141,14.248844,16.676146,16.00046,17.384054,14.416156,16.997988,13.111388,14.39739,16.19085,15.106865,19.906013,17.126492,15.696217,18.193436,22.198015,18.52618,14.1939535,12.052666,8.222645,7.2548404,5.814692,6.074794,6.5327816,9.541855,9.576192,12.149893,10.629384,15.410496,15.997552,13.836819,17.827377,17.974255,21.594265,23.82683,26.555258,27.795666,29.12129,31.926193,27.389324,26.22893,23.645494,19.852062,18.996555,13.975397,12.024424,8.564335,7.667322,7.464401,11.183497,12.348927,16.971203,13.559776,13.088487,17.55336,18.2593,17.664959,17.910416,15.404403,14.368167,12.862351,13.56697,15.845124,18.544294,17.371569,21.089022,18.954622,22.7367,22.12333,26.620464
28,21.856087,18.531183,16.901781,15.3000145,11.509488,14.106063,9.887186,15.287745,15.158002,17.826338,20.80989,22.58018,23.57277,22.206396,19.605774,15.764015,15.693375,11.064684,14.347086,10.727194,16.446724,13.04453,13.193715,13.071106,7.8120866,10.951673,5.513039,4.5219684,0.0,5.064625,5.5458994,9.683202,14.313324,18.435268,19.791796,23.113413,25.714851,27.086266,24.395903,20.843424,16.61366,17.635817,12.390803,14.798246,10.8320465,13.290424,12.669937,15.064253,15.729123,16.336205,13.6490345,15.779033,11.826903,14.006135,14.5684395,15.413464,19.201792,17.298388,15.716329,17.685001,20.840313,16.574245,13.027871,9.57803,8.170671,5.6671925,7.9407473,6.2912126,9.469923,11.177951,9.470759,11.288701,8.186572,12.6278305,12.603463,9.869433,14.034633,13.975676,17.896757,20.087017,23.111473,24.3021,25.142733,28.035515,23.6919,22.132624,19.773977,15.695141,15.286805,9.754472,8.713433,5.5449367,6.7264256,8.559539,12.078487,13.520685,17.229918,12.511654,12.241946,16.853203,16.653627,15.200792,15.733933,12.166554,12.349948,9.624706,12.050917,14.961548,16.741531,14.835765,18.315966,15.188927,18.976465,17.990562,22.442524
29,25.677082,21.976933,21.165167,18.638142,15.380996,18.07267,13.506206,18.681505,17.44065,20.21943,22.016968,24.268147,24.520863,22.673227,20.84045,17.093647,18.573675,13.918864,18.194283,15.324087,20.812023,17.771946,18.22419,17.681646,12.311017,14.54045,9.096495,6.198161,5.064625,0.0,5.7839975,5.703731,11.63613,15.115916,16.732977,20.345833,22.490475,24.357122,22.201605,18.814749,15.173881,17.349915,12.262058,16.352646,13.228121,16.516346,16.563606,19.578703,19.714733,19.606956,16.664127,17.689806,12.9198475,13.941027,13.828093,13.23712,16.311913,13.518925,11.34855,12.918796,16.775896,12.653923,8.573136,7.325461,5.53998,6.332354,8.278954,9.360187,12.188932,14.671229,13.479091,16.100351,12.840291,17.229216,16.550024,12.692382,16.24782,14.883537,18.462273,19.72696,22.41473,23.100134,24.716064,27.000242,22.118961,21.244457,18.274803,15.182289,13.571291,9.705938,6.803535,5.6566563,4.5541134,9.134157,9.3862505,9.326911,14.085241,9.387696,7.8793635,12.601243,13.504146,12.448984,13.733015,11.614743,11.890178,11.591125,13.506821,16.27491,17.611338,16.103243,18.11423,15.933217,18.972404,17.937857,22.512117
30,25.655216,22.216923,20.5407,18.229607,14.132659,15.442308,10.332522,14.264615,12.687925,14.81325,16.631464,18.555788,18.969368,17.23488,15.137279,11.431174,13.030859,8.682752,13.444931,12.118875,17.20059,15.952094,16.59349,17.6505,12.525037,16.388363,11.049742,9.393273,5.5458994,5.7839975,0.0,6.526757,9.163342,13.965876,14.668986,17.955658,20.589153,21.740541,19.053377,15.809142,11.31952,13.130972,7.7643642,11.627666,9.011813,12.243265,13.442344,16.446339,17.700848,16.634722,14.203791,14.646815,10.342736,12.586226,11.217307,13.763377,15.873241,15.043197,13.518835,14.942559,16.779352,12.283854,9.955845,5.1306663,7.523582,5.2984886,10.347657,9.192492,13.890044,14.973408,12.323698,14.322684,9.93211,13.425914,11.849582,7.314571,10.638993,9.232788,13.084361,14.757479,17.789757,18.804432,19.801397,22.584312,18.20271,16.97434,14.670022,10.597462,10.912858,5.517366,5.9495864,6.523717,8.564592,12.908845,14.334285,14.6658945,18.35819,12.647185,11.480897,15.9168625,15.625235,13.163854,14.957381,11.005674,13.276833,10.680865,14.741608,17.98938,18.480837,15.99479,17.933834,13.806423,16.813412,14.715748,19.135036
31,29.393877,25.487652,24.928131,21.546917,18.318178,20.19393,15.243374,19.304674,16.76663,19.312653,19.63044,22.370735,21.815495,19.727695,18.75949,15.302602,18.465479,14.240588,19.345402,17.98665,22.824074,21.24238,22.30333,22.417273,16.944506,20.073051,14.523648,11.87151,9.683202,5.703731,6.526757,0.0,6.929601,9.476405,11.483556,14.796018,17.028048,19.207062,17.70544,15.102444,11.719521,15.481134,10.938942,16.41436,14.701599,18.322536,19.599737,22.849236,23.540012,22.347235,19.653824,19.394499,14.525256,15.254273,13.236308,13.57555,14.231132,12.068761,9.425913,9.354591,12.298073,7.5076833,4.8176227,5.356057,7.7571507,9.327124,12.75879,13.849541,17.548845,19.635794,17.808481,20.314966,16.251242,19.921638,18.286306,13.486172,16.031746,13.212509,16.324251,16.367332,18.865505,18.885365,20.802683,22.454948,17.282444,16.86259,13.529454,11.563107,9.187127,7.787094,4.735865,7.8815765,7.6647363,13.604238,11.689894,10.454563,14.321879,8.91034,6.228655,10.223373,11.16809,9.253532,12.063561,10.524559,12.559152,13.137042,15.989778,18.880009,18.902946,17.11711,17.222713,14.911559,16.790537,15.108872,19.494558
32,34.08294,30.40597,29.186804,26.071775,22.323263,22.976086,17.859604,20.013151,16.68376,17.748009,16.499025,18.69108,17.345972,14.535623,14.70167,12.5239725,17.069302,14.387254,19.658878,20.301779,24.43743,24.602757,25.505278,26.800474,21.609255,25.16753,19.720533,17.155884,14.313324,11.63613,9.163342,6.929601,0.0,7.4418674,5.531779,9.8813095,11.518717,12.841046,10.86068,8.655394,5.496269,10.533488,7.813404,13.744974,14.107393,17.668463,20.271418,23.824837,24.811886,22.186583,20.035769,18.178398,13.9924755,14.557044,10.526905,13.31476,11.276154,11.89517,10.538298,10.146234,9.004871,4.7713633,6.791733,5.5108666,11.004773,11.834781,16.34449,16.915817,21.652609,22.841372,20.27844,22.842402,18.304977,21.01045,18.355307,13.264563,13.828743,9.964455,11.510418,10.432014,12.335015,12.158713,14.834785,16.369114,11.284596,12.317462,9.554832,8.348262,8.510194,8.910194,9.302565,13.436547,14.328415,20.116116,18.59156,16.902803,20.614273,15.183199,12.482536,15.284261,15.948637,13.087926,16.714727,14.530436,18.072603,17.490904,21.572456,24.687368,24.045473,21.668789,21.018597,17.390242,18.30977,15.130567,18.800081
33,35.601494,31.593117,31.457516,27.155127,24.342735,25.084637,20.448792,22.505732,18.523872,20.45318,18.162025,21.656374,19.706156,17.769867,18.513435,16.152613,21.205162,18.290464,23.490152,24.012642,27.483973,27.767855,29.620518,30.368355,25.004568,29.080399,23.500973,21.247526,18.435268,15.115916,13.965876,9.476405,7.4418674,0.0,6.731317,6.359909,9.784965,12.8559065,13.672653,13.911023,11.914973,17.430103,14.931045,20.667372,20.804913,24.15959,26.620592,29.710556,31.229555,29.078186,26.893856,25.465685,21.17692,21.766478,17.934078,19.642908,16.982292,16.467262,14.127326,11.288908,10.645114,6.6889095,10.004744,11.842497,16.416155,17.769897,21.879866,22.633795,26.849072,28.563591,26.17037,28.198896,23.610619,26.113974,23.630411,18.622011,19.506987,15.282704,16.994322,14.598524,16.432957,14.765193,16.593063,16.434343,11.142302,11.464295,7.74702,9.982355,6.4660754,11.354718,10.489885,15.296691,15.831118,21.769844,18.597376,17.060665,18.396008,13.724412,11.722572,12.209313,12.115869,9.396039,13.432684,13.293567,16.953363,18.359179,21.730639,24.414394,22.717821,20.815956,18.09841,16.169394,15.480108,13.099307,16.042608
34,39.101433,35.34166,34.341946,30.888443,27.33847,27.72403,22.744919,24.202291,20.376541,20.9751,18.31506,20.522749,18.277134,15.26612,16.781311,15.662072,20.91325,18.97139,24.125492,25.410131,29.093103,29.811214,30.885633,32.268833,27.0556,30.632015,25.157658,22.464043,19.791796,16.732977,14.668986,11.483556,5.531779,6.731317,0.0,5.9535103,6.0113215,7.736441,7.34699,7.545282,7.397191,12.720369,12.104517,17.557808,18.885067,22.27373,25.251453,28.842962,29.834436,26.742643,24.795864,22.248953,18.485056,18.462233,13.936217,16.375647,12.177928,13.647879,12.643615,10.883797,6.952434,5.3524942,9.989038,10.831897,15.801841,17.174221,21.36104,22.287834,26.964472,28.16911,25.625713,28.236937,23.66171,26.038301,23.112703,18.13473,17.829502,13.634404,13.757857,11.005957,11.566658,10.102882,13.736415,13.863056,8.774778,11.704491,9.266104,10.758142,10.690115,13.514645,13.8740225,18.42729,19.062546,25.03288,22.55682,20.282557,23.49454,18.632391,15.768673,17.244982,18.16761,15.468837,19.474556,18.24336,22.028034,22.145998,26.135696,29.12189,27.971872,25.707249,23.936354,20.78049,20.61815,17.263262,20.049374
