,0,1,2,3,4,5,6,7,8,9,10,11,12,13,14,15,16,17,18,19,20,21,22,23,24,25,26,27,28,29,30,31,32,33,34,35,36,37,38,39,40,41,42,43,44,45,46,47,48,49,50,51,52,53,54,55,56,57,58,59,60,61,62,63,64,65,66,67,68,69,70,71,72,73,74,75,76,77,78,79,80,81,82,83,84,85,86,87,88,89,90,91,92,93,94,95,96,97,98,99,100,101,102,103,104,105,106,107,108,109,110,111,112,113,114,115,116,117,118,119,120,121,122,123,124,125,126,127,128,129,130,131,132,133,134,135,136,137,138,139,140,141,142,143,144,145,146,147,148,149,150,151,152,153,154,155,156,157,158,159,160,161,162,163,164,165,166,167,168,169,170,171,172,173,174,175,176,177,178,179,180,181,182,183,184,185,186,187,188,189,190,191,192,193,194,195,196,197,198,199,200,201,202,203,204,205,206,207,208,209,210,211,212,213
0,0.0,4.1922307,8.23074,9.02881,12.828662,15.924785,14.982703,20.86197,22.218433,25.868729,28.85005,31.481133,34.196724,35.855896,34.018982,30.380568,26.411694,26.343994,20.792234,22.7913,16.683962,18.709719,16.6877,16.388063,16.960018,20.301125,23.235516,22.491371,25.920015,22.516867,28.044394,24.618025,30.333498,29.78785,34.327324,36.146248,37.61866,41.179314,41.385983,38.70545,36.943455,38.469643,34.738125,38.877113,35.945686,39.218555,37.932713,41.01717,39.078815,39.706196,36.508812,37.8521,33.391747,32.634903,32.036438,27.87202,31.670305,26.577261,26.00587,25.24032,31.252998,28.719294,24.833515,29.037256,24.501066,27.953627,25.40851,29.248371,27.614643,31.49896,32.65273,35.967678,35.39703,40.203686,40.61793,37.458927,40.898144,39.42758,42.07581,42.6972,44.973682,45.068504,45.96739,47.688934,42.917015,40.686134,38.133766,37.32536,34.195618,32.867752,28.936848,28.811338,26.782064,29.710926,26.063362,26.668177,27.895159,29.241905,30.70287,33.772144,33.070137,39.0816,39.03953,42.67502,44.23673,44.012497,41.21511,40.13192,37.570656,37.26956,40.803093,38.84538,44.60368,43.23885,46.547634,49.40963,50.329567,47.680832,51.25351,46.2192,49.873093,45.912872,49.906467,46.727818,46.925594,46.953445,46.841328,44.746353,42.897984,42.56991,39.697567,40.667034,40.107254,40.79275,44.52693,43.335476,47.468216,44.73374,50.12297,51.28691,52.35645,51.50988,47.000824,48.763645,44.3407,45.77685,43.15549,43.08918,42.957653,41.40717,45.64942,47.896397,47.0572,50.145393,48.395924,52.055424,51.488148,54.27287,57.924168,55.88233,52.30565,52.66633,52.571663,47.928493,47.53137,45.849556,46.446487,43.44102,46.131317,44.668247,42.55771,42.150993,39.774208,37.197216,36.083904,35.406322,36.810074,37.456566,40.101273,40.16876,43.852497,43.965347,47.131123,46.52438,41.579426,41.510586,43.069878,40.728645,38.090942,36.289963,35.709473,34.48032,35.1796,33.365986,35.574997,31.440044,36.109188,37.296463,36.098557,32.106667,32.355145,30.687368,33.946133,28.510853,29.399115,27.472815,24.515877,27.198841,29.524847,29.411583,32.026073,34.96048,36.19578,39.921284
1,4.1922307,0.0,4.2943945,6.784355,9.494657,13.085436,13.500034,18.838917,20.920815,24.376183,28.032621,30.641619,33.49613,35.50548,33.77782,30.093159,25.853863,25.495174,19.839108,21.228685,15.376433,16.418985,15.055702,13.77347,15.431258,18.039104,21.455782,20.966696,24.283932,21.228321,26.870573,23.875338,30.028093,29.521723,34.399883,35.85482,37.863667,41.50172,41.812077,39.07225,36.837116,38.4666,34.304707,38.48014,35.270996,38.446404,37.089256,39.89059,38.358852,39.355503,36.176945,37.920662,33.448105,33.183594,32.944164,29.026726,33.23818,28.170965,27.114174,26.4982,32.29327,29.180782,25.28914,29.121279,24.604897,27.478304,25.098862,28.578331,26.484753,30.385569,31.454386,34.37898,33.8263,38.572205,39.17536,36.168774,39.878277,38.500755,41.477898,42.189808,44.743088,44.807255,45.227364,46.93955,42.34307,39.854427,37.029007,36.06086,32.661102,31.19224,27.031902,26.558193,24.345615,26.649477,23.414984,23.578644,24.572733,26.317133,28.099148,31.15921,30.475044,36.40063,36.297802,39.832718,41.10703,40.932026,38.0174,37.170452,34.579124,34.810345,38.37992,36.824318,42.693726,41.679417,45.069695,48.12086,48.875214,46.04404,49.3181,44.186203,47.474957,43.401585,47.158913,43.680653,43.767414,43.53766,43.386692,41.033615,39.208588,39.06134,36.28349,37.513245,37.077084,38.30694,42.075924,41.374058,45.457058,43.14124,48.520565,49.751335,50.52641,49.33497,44.75434,46.219357,41.648106,42.998165,40.098373,40.021732,39.615837,38.04761,42.09779,44.57825,43.698246,46.997154,45.27083,48.918285,48.645836,51.19773,55.101727,53.088005,49.55389,50.153976,50.301067,45.631077,44.904564,43.12607,43.3586,40.24309,42.663517,41.107002,38.80241,38.40811,36.228115,33.566505,32.7364,32.152794,33.795727,34.57747,37.44682,37.730293,41.563946,41.99028,45.320026,44.9182,40.010773,40.34257,41.68655,38.97244,36.253613,34.05018,33.500313,31.690777,32.287956,30.110086,32.138252,27.784025,32.28309,33.497963,32.143246,28.170181,28.320683,26.817616,30.183525,24.774681,26.088778,24.034542,21.1456,24.200628,26.520403,27.083487,29.528173,32.69753,34.188366,37.906185
2,8.23074,4.2943945,0.0,6.365087,7.610046,11.349691,13.156334,17.815939,20.36758,23.758106,27.776825,30.589024,33.48253,35.856663,34.455193,30.915335,26.324041,26.119398,20.4281,21.480865,16.158546,16.48596,16.177753,14.025132,16.91065,18.61515,22.410942,22.115683,25.09849,22.33401,27.904459,25.039557,31.512024,30.640303,35.9266,36.817432,39.237656,43.002842,43.59675,40.993332,38.4094,40.32303,35.84288,40.134895,36.798485,39.902645,38.588776,41.119743,40.05246,41.309986,38.168747,40.163467,35.67121,35.812325,35.64458,32.064922,36.380543,31.279522,29.863083,29.089428,34.646996,31.100367,27.446373,31.103708,26.875353,29.28814,27.264957,30.39018,27.972271,31.808718,32.68902,35.187065,34.539936,39.178562,39.89715,36.962547,40.87903,39.46214,42.72238,43.35124,46.104343,46.015656,46.024536,47.563656,43.10791,40.541424,37.402985,36.51623,32.70352,31.435925,27.042461,26.366268,24.122763,25.625439,23.180006,22.733887,23.35154,25.705881,27.910042,30.87904,30.172668,35.917923,35.644115,39.00989,39.863625,39.63725,36.483734,35.90943,33.10219,34.071568,37.511463,36.41272,42.274704,41.551678,45.08705,48.34433,49.042065,46.13558,49.12335,43.953125,46.78166,42.675297,46.008,42.235,42.02893,41.5415,41.16186,38.52465,36.515347,36.55685,33.751415,35.473354,34.88332,36.964855,40.51883,40.52545,44.293694,42.469753,47.78511,48.910717,49.262005,47.73063,43.074364,44.060646,39.487736,40.47624,37.360638,37.065506,36.373062,34.577927,38.54683,41.2934,40.52972,44.045734,42.570786,46.258945,46.343082,48.867405,52.96838,51.194,47.73591,48.733917,48.936703,44.37954,43.36954,41.2404,41.195503,37.779606,39.962467,38.107765,35.687973,35.08222,33.09465,30.141323,29.717457,28.909739,30.839231,32.049793,34.97343,35.676033,39.535343,40.39238,43.828743,43.736492,38.81058,39.583275,40.936523,37.85581,35.257095,32.52272,32.361214,29.78189,30.545662,27.936478,29.832308,25.39524,29.466385,30.931236,29.253914,25.384329,25.140345,23.801065,27.099543,21.54097,23.346445,20.786293,17.821787,21.162329,23.659647,24.687777,27.362106,30.49965,32.436443,35.96578
3,9.02881,6.784355,6.365087,0.0,5.1100464,7.236511,7.034507,12.532411,14.412403,18.082623,21.666426,24.579576,27.406815,29.680756,28.380028,24.981276,20.266705,20.704235,14.880738,16.91024,11.481594,13.811319,13.962504,13.84166,16.457832,19.749866,22.140982,20.802958,23.06722,19.374493,24.659122,20.465586,26.881403,25.089724,30.6369,31.189293,33.44224,37.335583,38.294594,36.09849,33.689716,36.226185,31.943525,36.708294,33.920803,37.33862,36.674084,39.596733,38.87238,39.38008,36.170616,37.53482,32.761887,32.89844,31.774315,28.830353,32.53812,27.186436,25.527021,24.050625,29.440374,25.825565,22.669348,26.870264,23.461145,26.342495,25.306799,28.721733,27.185114,30.89802,31.040253,33.90818,32.452618,37.201775,37.373795,33.82822,37.48736,35.516,38.615715,38.735825,41.305412,40.93017,41.207043,42.439278,37.790718,35.62018,32.47627,32.19793,28.163311,27.826902,23.460623,23.72209,22.24377,25.00936,22.935717,23.341114,24.786053,27.179949,29.132069,31.365349,29.94063,35.915154,34.94781,38.444767,39.667694,38.660107,35.30846,34.111427,30.784327,31.136625,34.20108,32.589546,38.19431,36.9738,40.62404,43.81844,44.909527,42.397305,45.818764,40.84566,44.020977,40.288956,43.60333,40.51573,40.10386,40.432243,39.6987,37.99846,35.450897,34.84944,31.600504,32.876842,31.718023,33.051804,36.355183,35.886177,39.521748,37.27414,42.61385,43.58132,44.193577,43.077515,38.48752,39.94003,35.58523,36.8043,34.22469,34.095886,34.105225,32.65442,37.026184,39.021553,38.21718,41.19434,39.56755,43.287,42.75582,45.838066,49.414444,47.718758,44.187416,44.948032,44.593994,40.163055,39.722458,37.510677,38.28329,34.97457,37.91421,36.26394,34.549736,33.888298,31.220734,28.694016,27.294619,26.539663,27.811659,28.501926,31.103645,31.338543,35.037666,35.4361,38.712322,38.384007,33.395332,33.818314,35.37847,32.627213,30.163301,27.849436,27.858368,26.07123,27.300035,25.46902,28.002361,24.579664,29.001118,30.840164,29.68569,25.880178,25.69625,23.34318,26.024355,20.38732,20.731949,18.79897,15.875612,18.298931,20.533613,20.547731,23.08705,26.077803,27.517324,31.200016
4,12.828662,9.494657,7.610046,5.1100464,0.0,4.0803905,7.663063,10.666872,13.993864,16.749334,21.462894,23.877121,26.858273,29.463152,28.119513,24.642729,19.994492,19.536047,14.092407,14.699803,10.33635,10.639112,12.005012,10.890801,14.69326,17.042988,19.488033,18.393764,20.274908,17.240152,22.379656,19.151659,25.82114,24.502209,30.133081,30.402227,33.33803,37.145027,38.02721,35.660072,32.67727,35.13579,30.405552,35.035778,31.939512,35.14996,34.416805,36.95861,36.7498,37.65093,34.537724,36.35536,31.70969,32.446114,31.910587,29.299545,33.481342,28.427332,26.283815,25.317692,30.204546,26.014688,22.86093,26.221855,22.91153,24.875078,24.111568,26.932743,24.983196,28.549559,28.51644,30.85921,29.416372,34.002506,34.39394,31.124168,35.055714,33.3079,36.763992,37.107327,40.008297,39.70366,39.34451,40.67794,36.37297,33.78286,30.405634,29.7483,25.56787,24.849058,20.313131,20.06166,18.417929,20.473814,19.064629,19.085445,20.435017,23.234774,25.433678,27.415836,25.912666,31.714533,30.610651,33.98126,34.95562,33.954727,30.52169,29.545036,26.269274,27.16341,30.324282,29.21536,34.95998,34.25106,37.894352,41.26228,42.05695,39.285347,42.305885,37.236885,40.006195,36.139698,39.254932,35.865223,35.42184,35.51007,34.83095,32.9419,30.520893,30.079084,27.03065,28.41567,27.660965,29.415058,32.964836,32.93594,36.716393,34.974155,40.27088,41.48967,41.862915,40.316402,35.69028,36.94596,32.26935,33.68944,30.691828,30.81368,30.494339,29.321144,33.293957,35.50049,34.450603,37.658573,35.796623,39.429893,39.19043,41.767967,45.686783,43.822906,40.325283,41.228203,41.34831,36.788048,35.894173,33.81294,34.046246,30.795815,33.388905,31.842154,29.855307,29.440887,26.985106,24.628815,23.417736,23.231195,24.746458,25.226227,28.323298,28.599592,32.595108,33.267277,36.769592,36.591595,31.83253,32.730305,33.703514,30.50891,27.768824,25.076778,24.752354,22.34517,23.169971,20.926296,23.214294,19.528578,23.96171,25.736448,24.600115,20.788889,20.703724,18.368526,21.27579,15.85072,16.650778,15.084465,12.5950165,15.672345,17.516048,18.95785,20.526827,24.142834,25.654707,29.452808
5,15.924785,13.085436,11.349691,7.236511,4.0803905,0.0,5.481268,6.7909846,10.350526,12.948565,17.782385,20.26812,23.219473,26.01397,24.968218,21.752457,16.895868,16.938423,11.731924,12.627691,9.388369,10.569126,12.9652,12.937698,16.673904,19.361015,20.93,19.314753,20.345936,17.028957,21.590979,17.653772,24.246058,22.079111,28.043005,27.66455,30.772745,34.683853,35.970905,33.98975,30.929323,33.945847,29.237251,34.165176,31.429869,34.740944,34.489468,37.089542,37.36941,37.907295,34.83331,36.346268,31.61255,32.567863,31.493427,29.555113,33.322506,28.25659,25.808853,24.380627,28.800358,24.36931,21.842777,25.267685,22.836256,24.721437,24.857391,27.5566,26.082193,29.404642,28.769512,31.051716,29.016657,33.508602,33.573742,29.976446,33.785698,31.649885,35.13072,35.06706,37.946465,37.354675,36.892567,37.892986,33.599575,31.244452,27.676897,27.524591,22.935787,23.106096,18.551678,18.931019,17.990099,20.408478,19.879732,20.170666,21.824436,24.82463,26.974154,28.3327,26.35699,32.044605,30.35914,33.652287,34.63353,33.030693,29.353947,28.076391,24.284695,25.181206,27.909508,26.737892,32.23172,31.368366,35.16735,38.607056,39.633514,37.114815,40.2384,35.33382,38.038616,34.469124,37.27147,34.25157,33.47062,34.03373,32.9476,31.648811,28.722672,27.878004,24.477762,25.795263,24.490355,26.207335,29.431206,29.51902,33.007767,31.299149,36.565895,37.630527,37.924927,36.445515,31.814377,33.13777,28.585674,30.013638,27.274874,27.44781,27.507349,26.544846,30.719168,32.479004,31.43219,34.348278,32.47841,36.148487,35.656364,38.606968,42.261776,40.581528,37.07691,38.044174,37.80791,33.40465,32.748596,30.396112,31.076212,27.743694,30.780348,29.244564,27.769777,27.213043,24.337193,22.229584,20.426962,20.254004,21.382725,21.616201,24.557459,24.693382,28.631683,29.231726,32.711464,32.552628,27.7677,28.738169,29.781195,26.55095,23.955168,21.199902,21.247004,18.922182,20.246372,18.397764,21.12492,18.390144,22.70856,24.903154,24.036453,20.487844,20.219467,17.188393,19.40178,14.0048485,13.680696,12.545632,10.289001,12.626518,14.1683655,15.303061,16.610535,20.232435,21.598185,25.443872
6,14.982703,13.500034,13.156334,7.034507,7.663063,5.481268,0.0,6.3488436,7.4281898,11.206488,14.674139,17.5894,20.403921,22.795958,21.739935,18.605276,13.59606,14.862576,9.243415,12.273408,8.267098,12.429752,13.838153,15.542928,18.02447,22.027704,22.884853,20.628546,21.600586,17.344318,21.709745,16.233871,22.443153,19.3466,25.362537,25.08777,27.504614,31.551754,33.067364,31.437057,28.976309,32.359497,28.192026,33.425133,31.274036,34.88245,35.014923,38.11277,38.101643,37.92785,34.777172,35.57307,30.651604,31.11526,29.071444,27.29041,30.303276,24.9629,22.742292,20.516779,25.14583,21.136566,18.968525,23.336664,21.380028,24.21431,24.666346,27.924923,27.26684,30.582909,29.753174,32.65293,30.259026,34.891438,34.48852,30.386353,33.76296,31.17533,34.211052,33.704414,36.179615,35.40159,35.667847,36.457523,31.756735,29.98181,26.686653,27.17654,22.734238,23.703558,19.475555,20.824371,20.428928,24.097486,23.00186,24.04895,26.129913,28.65423,30.408522,31.66518,29.487288,35.364944,33.555145,37.00243,38.436478,36.5359,32.975388,31.189669,27.288097,27.178478,29.629288,27.65859,32.836178,31.216095,35.017677,38.21499,39.690926,37.617065,41.326527,36.650913,39.94592,36.712524,39.755836,37.41955,36.682545,37.86503,36.687836,36.044838,32.94114,31.656065,28.020468,28.808117,27.020395,27.627623,30.553507,29.76509,33.15361,30.645296,35.96191,36.784492,37.558533,36.766037,32.272076,34.17603,30.055683,31.581188,29.580675,29.739552,30.494583,29.60642,34.170475,35.297714,34.385674,36.733547,34.894756,38.56343,37.417633,40.987267,44.015163,42.426723,38.872284,39.455486,38.5546,34.31757,34.42002,32.099155,33.695076,30.566961,34.236885,32.87127,31.97729,31.318308,28.012312,26.158035,23.695314,23.228636,23.679623,23.595238,25.870949,25.519447,29.06232,29.000751,32.149487,31.616802,26.648365,26.86429,28.469257,25.93664,23.610544,21.689468,21.934387,20.979092,22.739553,21.861732,24.992516,22.986526,27.446522,29.659662,29.102484,25.623032,25.470415,22.174479,23.947987,18.742142,17.30409,16.502775,14.202319,15.250039,16.73607,15.864701,17.644693,20.578545,21.32615,25.210127
7,20.86197,18.838917,17.815939,12.532411,10.666872,6.7909846,6.3488436,0.0,4.586465,6.1649365,11.376224,13.587111,16.528162,19.471802,18.713085,15.90426,10.945082,11.857689,7.791278,9.450066,9.049905,11.840447,14.858059,16.695436,19.618496,23.023115,23.03401,20.57305,20.276402,16.535692,19.747822,14.585124,20.529184,16.956535,23.25195,21.922476,25.192041,29.19054,31.04803,29.711994,26.684505,30.55036,26.123138,31.44167,29.489948,32.950268,33.548878,36.34544,37.246708,37.00973,34.048805,34.88044,30.105148,31.287683,29.278133,28.518658,31.448645,26.572695,23.728346,21.657295,25.064693,20.409946,19.096182,22.493147,21.693682,23.51387,25.103016,27.628565,27.170395,30.002686,28.430695,30.781271,27.803831,32.082233,31.480885,27.30841,30.685925,27.880283,31.195864,30.425299,33.142834,32.11675,31.68575,32.18512,27.845564,25.975742,22.272326,23.06143,18.045319,19.875761,15.701397,17.475737,17.908281,21.374567,21.70989,22.780924,25.041002,27.860455,29.631899,30.02028,27.350527,32.802345,30.300621,33.498066,34.783447,32.237583,28.45629,26.456089,22.09102,22.244308,24.17214,22.48581,27.412727,26.019917,29.979776,33.387695,34.874084,32.897636,36.39245,31.880789,34.790897,31.851334,34.388042,32.348083,31.252708,32.86439,31.324764,31.338808,27.876348,26.188301,22.388224,22.946306,20.86614,21.443531,24.227463,23.79387,27.049873,24.943052,30.225273,31.149544,31.708826,30.66638,26.144255,28.136494,23.865263,25.775341,23.830097,24.421598,25.46005,25.2443,29.556639,30.207777,29.027441,31.104153,28.936302,32.51286,31.199083,34.741413,37.692715,36.094826,32.547398,33.223278,32.310024,28.107174,28.180393,25.757511,27.533972,24.522528,28.482765,27.380852,26.95531,26.45405,22.850304,21.709906,18.558714,18.830648,18.79776,17.861408,20.354916,19.601927,23.362757,23.297493,26.631563,26.165754,21.411312,22.10497,23.126589,20.161085,17.657377,15.466017,15.748253,14.7370205,16.767591,16.393389,19.828829,19.030556,23.229115,25.697807,25.595478,22.575474,22.436546,18.560114,19.536318,15.171732,12.388822,13.086217,12.009993,12.17463,12.425454,12.326078,12.155124,15.767545,16.046467,20.221
8,22.218433,20.920815,20.36758,14.412403,13.993864,10.350526,7.4281898,4.586465,0.0,4.5495877,7.509437,10.702375,13.410755,16.205038,15.906089,13.625301,8.321715,11.445686,8.065861,11.47745,11.157876,15.402978,17.80598,20.392189,22.706429,26.734104,26.4021,23.602665,23.169554,18.96196,21.70454,15.420764,20.58472,15.65022,22.044636,20.267368,22.942757,27.114433,29.484938,28.75601,26.272577,30.664434,26.797382,32.343636,31.009537,34.63831,35.64108,38.73546,39.56225,38.75688,35.80138,36.018074,31.173382,32.0373,29.115608,28.759916,30.849564,25.876724,23.191664,20.258167,23.405102,19.145853,18.663134,22.704437,22.676239,25.082533,27.06167,29.869802,30.009037,32.753857,30.968231,33.641098,30.345732,34.58623,33.577137,29.034742,31.95607,28.689651,31.588285,30.231295,32.543945,31.173859,31.298143,31.353018,26.734262,25.617393,22.111738,23.791908,18.848143,21.759195,18.082548,20.59471,21.474926,25.486073,25.650875,27.044157,29.451693,32.090584,33.68272,33.966946,31.167421,36.61406,33.952965,37.150097,38.629963,35.788296,32.051468,29.743849,25.244408,24.827314,26.24044,24.040525,28.371267,26.314865,30.296135,33.496838,35.46378,34.01621,37.90934,33.74144,36.926785,34.415012,36.86301,35.430046,34.196007,36.293507,34.517876,35.066315,31.33661,29.319555,25.319237,25.632832,22.89783,22.804266,24.893204,23.97513,26.705837,24.028193,29.224552,29.718555,30.531784,30.110622,25.765642,28.100266,24.464605,26.185968,25.053478,25.47243,27.149784,26.913479,31.551804,31.597187,30.657866,32.156994,30.226137,33.778015,31.930191,36.176563,38.46512,37.184948,33.687115,34.196255,32.492622,28.68361,29.485903,26.854126,29.517748,26.586077,31.046736,29.95078,30.126276,29.37602,25.47174,24.454819,20.899834,20.679586,20.01387,19.006504,20.599615,19.538403,22.711596,22.10715,25.055387,24.355433,19.376795,19.438185,21.236969,18.936708,17.038446,15.589512,16.599936,16.725317,19.352505,19.748682,23.377419,23.259014,27.239185,29.848053,29.857164,26.992405,26.73256,22.744263,23.231329,19.008623,15.619406,16.187998,15.018803,14.093499,14.350033,12.170195,12.646619,15.113809,14.822065,18.834957
9,25.868729,24.376183,23.758106,18.082623,16.749334,12.948565,11.206488,6.1649365,4.5495877,0.0,6.1017933,7.554637,10.454945,13.579424,13.276627,11.264589,6.668625,9.153471,8.141122,10.181565,12.309886,15.643807,18.551083,21.3975,23.59548,27.369768,26.305346,23.35035,22.061657,18.286535,19.939034,14.05412,18.524952,13.389187,19.711678,17.209442,20.52788,24.554752,27.064827,26.527237,23.702919,28.371996,24.480844,29.989845,28.929169,32.42042,33.805687,36.73208,38.11978,37.15264,34.37672,34.506542,29.853214,31.158333,28.275227,28.67498,30.645498,26.159853,23.117706,20.495375,22.592379,18.010141,18.203493,21.350203,22.231638,23.93076,26.69324,28.986017,29.430347,31.753613,29.456572,31.820417,28.122988,32.03871,30.798092,26.201876,28.956617,25.520884,28.491318,26.925913,29.353212,27.837812,27.529657,27.415157,23.04624,21.889814,18.187918,20.177387,15.008233,18.717894,15.4697695,18.443504,20.016232,24.096386,24.963013,26.567442,29.167074,31.727997,33.147194,32.80923,29.701687,34.78005,31.698719,34.71685,36.26468,32.98506,29.290745,26.697865,22.088793,21.370455,22.308653,20.047596,24.050642,21.980341,26.016537,29.2827,31.298994,30.002754,33.86256,29.905737,33.00414,30.812155,33.04448,32.077324,30.749632,33.318108,31.437582,32.6577,28.891743,26.506847,22.576103,22.279972,19.529533,18.577562,20.66274,19.435272,22.320095,19.60147,24.854614,25.581297,26.547522,26.143362,21.881718,24.714588,20.990892,23.39757,22.49765,23.500624,25.494253,25.990637,30.226921,29.779692,28.525576,29.635462,27.234028,30.57365,28.356464,32.468372,34.54925,33.062283,29.548643,29.825905,28.103521,24.243872,25.248629,22.877878,25.86665,23.391981,28.107494,27.49978,28.072063,27.652853,23.6073,23.414484,19.32508,19.962952,18.78915,16.665436,18.34543,16.474018,19.748049,18.710941,21.727818,20.794823,16.151306,16.294071,17.32245,14.913123,12.649725,11.684908,12.270227,13.402691,15.975045,17.244215,20.958675,21.821533,25.654457,28.17879,28.682522,26.178633,26.159626,21.95803,21.95004,18.77224,14.595454,16.534782,16.319935,15.024964,14.1932535,12.776114,10.92448,13.823392,12.449101,16.779152
10,28.85005,28.032621,27.776825,21.666426,21.462894,17.782385,14.674139,11.376224,7.509437,6.1017933,0.0,4.7480297,6.5037055,9.380383,10.433257,10.101686,6.4798894,11.692552,11.858909,15.057633,16.736347,21.072264,23.396696,26.737068,28.451794,32.74589,31.463902,28.264883,26.937258,22.840422,23.993078,17.35412,20.414242,13.773192,19.615381,16.318642,18.535492,22.667013,26.008041,26.48981,24.539518,29.789684,26.793442,32.380352,32.130196,35.717022,37.56071,40.762325,42.066845,40.45578,37.747486,37.137714,32.53102,33.43722,29.489328,30.451172,31.262268,26.864138,24.143282,20.54705,21.93239,18.211332,19.652468,23.321657,25.126335,27.39367,30.486912,33.026615,34.070637,36.27567,33.800056,36.45176,32.490852,36.256824,34.572327,29.687147,31.777529,27.86516,30.171547,27.801413,29.56201,27.529667,27.987362,27.126318,22.5534,22.665771,19.47162,22.641258,17.972273,22.733223,20.230612,23.698433,25.560955,29.99141,30.672825,32.500103,35.182747,37.609474,38.884453,38.48056,35.293495,40.30997,37.102207,40.06452,41.764256,38.206635,34.601715,31.773275,27.14239,25.93029,26.188942,23.481192,26.420582,23.55032,27.432564,30.293453,32.94163,32.4334,36.673244,33.293232,36.590572,34.997566,37.000877,36.762592,35.258934,38.30822,36.154137,37.918236,33.88519,31.216852,27.168177,26.707123,23.27038,21.682423,22.583046,20.836782,22.634714,19.211023,24.043175,24.001509,25.311047,25.892065,22.103378,25.294434,22.708462,24.68681,24.93524,25.646025,28.353012,28.79059,33.29735,32.10902,31.212904,31.536396,29.55854,32.756958,29.898796,34.870586,35.982967,35.02175,31.697067,31.788029,28.958162,25.880342,27.846582,25.23722,29.250877,26.92554,32.062336,31.425621,32.673107,31.93347,27.675686,27.561594,23.243126,23.239794,21.41808,19.409441,19.74766,17.58772,19.689142,17.823168,20.020475,18.715597,13.948889,12.84828,15.290989,14.273033,13.39788,13.743488,15.398521,17.637115,20.698141,22.5546,26.299238,27.714941,31.238176,33.916637,34.459595,32.111813,31.908688,27.65886,27.206318,24.088985,19.629862,21.162987,20.775427,18.623575,17.925022,14.51894,13.607616,14.527143,12.306757,15.877396
11,31.481133,30.641619,30.589024,24.579576,23.877121,20.26812,17.5894,13.587111,10.702375,7.554637,4.7480297,0.0,3.0732071,6.087758,6.6483502,6.926194,5.7725058,9.699522,12.200336,14.356655,17.52023,21.312891,23.64528,27.38595,28.672882,32.91742,30.87474,27.512032,25.531555,21.805244,21.843245,15.672087,17.483055,10.715527,16.057325,12.068634,14.8076315,18.761755,22.17773,22.874641,20.792048,26.267347,23.52385,28.978676,29.16873,32.618237,34.861572,37.999474,39.66123,37.74184,35.236176,34.373657,30.02233,31.207674,27.215538,28.939447,29.501827,25.706919,22.750237,19.567116,19.769733,15.956578,18.156986,20.900867,23.653648,25.38008,29.144762,31.263554,32.766613,34.53352,31.642372,34.154552,29.88627,33.31334,31.32257,26.381615,28.082024,23.987667,26.115705,23.477201,25.196629,23.03909,23.361338,22.387712,17.882788,18.15584,15.077169,18.703892,14.383681,19.800976,18.108484,21.981913,24.39286,29.109756,30.00363,32.188667,35.106743,37.221455,38.183228,37.27684,33.884453,38.56922,35.130775,37.96931,39.92675,36.099297,32.771107,29.615267,25.247381,23.24335,23.105839,19.998596,22.41418,19.207573,22.971361,25.692993,28.477514,28.239264,32.64355,29.574675,33.08087,31.862255,33.929325,34.32323,33.00092,36.52179,34.530033,36.918858,33.15461,30.216906,26.4884,25.164293,22.17143,19.012321,20.09178,17.168955,19.472343,15.372322,20.298687,20.71673,22.733206,23.671522,20.240515,24.299715,21.701162,24.604288,25.071384,26.451319,29.312187,30.43136,34.435562,32.89747,31.628159,31.580976,29.001532,31.836836,28.50799,33.072777,33.87113,32.45289,29.131063,28.595003,25.81241,22.63203,25.023579,23.198347,27.493786,25.971327,31.18052,31.207397,32.651985,32.400085,28.177809,28.810467,24.219063,25.087717,23.027584,20.010414,20.518124,17.439499,19.47908,16.807978,18.817917,16.867592,12.959437,11.255728,12.357755,12.015029,10.645813,12.612841,13.02841,16.914211,19.348827,22.041273,25.648102,27.631817,31.211412,33.554153,34.59569,32.457085,32.65606,28.381285,27.817629,25.548714,20.855444,23.354097,23.481335,21.516563,20.217463,17.796589,15.230809,16.599016,13.387862,17.001484
12,34.196724,33.49613,33.48253,27.406815,26.858273,23.219473,20.403921,16.528162,13.410755,10.454945,6.5037055,3.0732071,0.0,3.6751103,5.9860067,8.069224,8.356722,12.216648,15.125647,17.26314,20.494884,24.327475,26.590605,30.420128,31.59316,35.88491,33.684616,30.272125,28.136547,24.499891,24.140205,18.10803,19.068941,12.126631,16.617247,11.996705,14.183948,17.928425,21.832891,23.179407,21.484404,27.169744,24.915365,30.227081,30.84827,34.214615,36.723736,39.861633,41.650703,39.462746,37.0775,35.90929,31.722927,32.86032,28.529789,30.670177,30.70497,27.190466,24.358906,20.995344,20.498465,17.213005,20.026854,22.58526,25.840519,27.53666,31.527208,33.563892,35.310223,36.911957,33.86559,36.339832,31.933506,35.129913,32.928223,27.97649,29.286737,25.030333,26.804022,23.730856,25.089613,22.610567,23.131702,21.624968,17.290436,18.337662,15.634969,19.82924,15.934759,21.76198,20.528172,24.508678,27.097324,31.799746,32.82402,35.06158,37.999573,40.076847,40.97036,39.903275,36.4457,40.949375,37.379745,40.096638,42.075798,38.05092,34.794987,31.544409,27.206514,25.058868,24.45293,21.29658,22.92954,19.430182,22.997301,25.456997,28.546722,28.788515,33.24917,30.603773,34.054626,33.24481,35.05191,35.89088,34.450558,38.247696,36.107098,38.864613,35.00091,31.902142,28.205093,26.728493,23.491953,19.983992,20.365734,17.21554,18.795328,14.397046,18.894337,18.922384,21.204348,22.711819,19.708118,24.015543,22.053106,24.873215,25.91649,27.29537,30.471052,31.7337,35.676735,33.715786,32.537395,32.028545,29.559229,32.202324,28.51978,33.373585,33.609882,32.42551,29.26428,28.587889,25.252592,22.590912,25.481098,23.652924,28.416615,27.113705,32.460136,32.587315,34.400818,34.08583,29.814325,30.651968,25.949198,26.739555,24.373165,21.23987,21.183964,17.875414,19.248522,16.0615,17.500061,15.231334,11.756239,9.187827,10.6568575,11.404215,10.926002,13.627021,14.418232,18.703785,21.250546,24.246178,27.799322,30.18785,33.531452,35.918575,37.056725,35.089676,35.234634,30.93368,30.084284,28.064651,23.202131,25.74276,25.980946,23.694672,22.273546,19.459677,16.865303,17.52088,13.881377,16.914135
13,35.855896,35.50548,35.856663,29.680756,29.463152,26.01397,22.795958,19.471802,16.205038,13.579424,9.380383,6.087758,3.6751103,0.0,4.092723,7.762409,9.893172,13.425362,16.90245,19.168034,22.329212,26.417044,28.262527,32.46754,33.150715,37.71762,35.176258,31.62804,29.42931,25.755335,24.964636,18.93256,18.751678,11.763005,15.100042,10.389306,11.488742,15.078799,19.323942,21.252363,20.216383,26.00521,24.462168,29.606482,30.76508,34.10844,36.87505,40.171146,41.8445,39.222282,36.947613,35.295315,31.284985,32.195007,27.383808,29.979399,29.313019,26.189346,23.572615,20.0729,18.73153,16.200037,19.718405,22.137442,25.969591,27.818924,32.00308,34.062115,36.254116,37.67603,34.540325,37.205433,32.730293,35.788948,33.328205,28.311277,29.113134,24.722673,25.930088,22.499908,23.339104,20.685116,21.897873,20.17694,15.716432,17.55129,15.602352,20.093931,17.054413,22.864536,22.177319,26.322838,29.022995,34.089584,34.79466,37.314697,40.39916,42.1957,42.857204,41.711792,38.236404,42.690506,39.166264,41.897717,44.140526,40.102726,37.094288,33.673164,29.633883,26.872093,26.174091,22.619776,23.75231,19.801983,22.957792,24.93989,28.288006,28.946764,33.686543,31.384993,35.178608,34.640972,36.649803,37.92299,36.703915,40.713917,38.74591,41.732,38.05797,34.894188,31.365124,29.533596,26.566763,22.30074,22.673067,18.678839,20.291826,15.301534,19.310493,19.334269,22.308128,24.452362,21.97336,26.625528,24.987705,27.965672,29.247526,30.723406,33.98777,35.33848,39.217396,37.10242,35.896637,35.15877,32.601955,35.039154,31.08249,35.821835,35.66046,34.34354,31.289606,30.131569,26.64713,24.211672,27.491627,26.175251,31.092224,30.18293,35.515095,35.87771,37.740314,37.56035,33.314598,34.27155,29.54844,30.406868,27.99991,24.771921,24.592735,21.1238,22.151545,18.57184,19.455902,16.779089,14.120099,10.7314205,11.938891,13.842847,13.544886,16.896772,17.142683,21.972555,24.181194,27.387985,30.860779,33.22632,36.722893,38.92461,40.20908,38.19995,38.5187,34.246346,33.513153,31.543058,26.739262,29.31293,29.455254,27.267742,25.923172,22.991356,20.537886,21.054674,17.32224,20.031492
14,34.018982,33.77782,34.455193,28.380028,28.119513,24.968218,21.739935,18.713085,15.906089,13.276627,10.433257,6.6483502,5.9860067,4.092723,0.0,4.2347417,8.179955,10.495988,14.648438,16.654129,19.962435,23.982111,25.463657,29.96724,30.19179,34.889774,32.028126,28.403091,26.177645,22.513292,21.47049,15.499415,14.78699,7.8527756,11.121368,6.8986187,8.342845,12.323561,16.06285,17.492811,16.37633,22.10547,20.579742,25.769808,26.951496,30.359966,33.107616,36.535107,38.020298,35.289116,33.001675,31.26424,27.243715,28.11216,23.326855,26.01416,25.429317,22.44822,19.728613,16.546711,14.979951,12.228529,15.905654,18.099146,22.132076,23.984894,28.246357,30.296743,32.712185,34.049053,30.93146,33.78563,29.367994,32.51381,30.02096,24.940987,25.697004,21.342184,22.489586,19.292595,20.24491,17.914568,19.424097,18.396477,13.443024,14.789981,13.058626,17.162933,14.603226,19.927063,19.47141,23.676046,26.362171,31.816242,32.081295,34.87937,38.111332,39.582397,40.01866,38.88253,35.44936,39.980297,36.644615,39.509964,42.035343,38.21793,35.44798,31.93482,28.269764,24.907507,24.668964,20.700916,22.318666,18.270132,21.302107,23.216156,26.364513,26.742737,31.718662,29.195017,33.458344,32.6855,35.282116,36.49211,35.711998,39.63296,38.096497,40.927498,37.6704,34.622505,31.326063,29.162392,26.917576,22.052374,23.40433,18.666622,21.499407,16.251652,20.592623,21.381144,24.673048,26.555168,23.951944,28.783861,26.529179,29.98986,30.747257,32.475357,35.423267,36.830082,40.595486,38.846764,37.39249,37.00807,34.06302,36.496353,32.685944,36.796627,37.035477,35.126835,31.933506,30.38289,27.61453,24.57441,27.591764,26.953577,31.408958,30.770168,35.886494,36.49627,37.938282,38.09681,33.978626,34.955387,30.329187,31.559504,29.46621,26.0781,26.554834,23.023209,24.63901,21.213692,22.473034,19.76115,17.171524,14.2119055,14.4285965,15.858654,14.509564,17.921612,16.94064,22.083754,23.627275,26.79963,30.16895,32.094315,36.018238,37.87061,39.284454,37.083187,37.74292,33.577908,33.307022,31.306046,26.789326,29.53639,29.581406,27.953524,26.696781,24.397095,21.749504,23.094006,19.563501,22.795687
15,30.380568,30.093159,30.915335,24.981276,24.642729,21.752457,18.605276,15.90426,13.625301,11.264589,10.101686,6.926194,8.069224,7.762409,4.2347417,0.0,5.332089,6.552682,10.787367,12.794166,15.957441,20.01386,21.293623,25.90068,25.984297,30.76475,27.946995,24.309036,22.301258,18.426018,17.79746,11.409346,11.577839,4.3296366,9.530914,7.0522385,9.372262,13.499391,16.166275,16.388742,14.708734,20.104914,17.906149,23.373558,23.996958,27.587387,29.984999,33.513702,34.717087,32.25227,29.773806,28.36357,24.05947,24.92309,20.503294,22.644165,22.777071,19.38194,16.421627,13.507547,12.978666,9.194526,12.153792,14.720981,18.2214,20.260452,24.284336,26.519222,28.769686,30.309345,27.403181,30.451288,26.22905,29.738323,27.492033,22.372488,23.616909,19.490427,21.074371,18.598166,20.065563,18.34345,19.667019,19.556847,14.4097595,14.470765,12.3620825,15.45648,12.642958,17.116941,16.20859,20.316816,22.753468,28.439018,28.280521,31.157291,34.428387,35.79003,36.20702,35.299286,31.97261,36.779484,33.699577,36.771072,39.381996,35.90164,33.152817,29.734636,26.21928,22.790894,23.291555,19.249939,21.9444,18.266396,21.452362,23.642597,26.325525,26.022465,30.98635,27.888523,32.370102,31.03564,34.132935,34.803062,34.312843,37.865307,36.647396,38.98912,36.001434,33.197975,29.975754,27.901627,26.163622,21.56037,23.849606,19.25157,23.008057,18.085386,22.899801,24.14308,27.162014,28.434677,25.384613,29.974628,27.014061,30.599018,30.683645,32.432095,34.965122,36.202072,39.989407,38.778305,37.199196,37.36633,34.26292,36.88348,33.48653,37.16259,38.0744,35.815956,32.438126,30.966505,28.940434,25.259789,27.661278,27.187319,31.003836,30.208332,35.071747,35.626614,36.54175,36.852234,32.866013,33.600727,29.1939,30.553345,28.88306,25.656116,26.787424,23.51877,25.815493,22.892878,24.726597,22.304228,19.229164,16.96206,16.973595,17.377615,15.156633,17.851751,16.188322,20.89188,22.037891,24.80453,28.139267,29.397455,33.71608,35.37776,36.70643,34.24258,35.07979,31.033363,31.259348,28.972506,24.848175,27.504879,27.354305,26.287836,25.254131,23.513,21.010736,23.121124,20.089392,23.845446
16,26.411694,25.853863,26.324041,20.266705,19.994492,16.895868,13.59606,10.945082,8.321715,6.668625,6.4798894,5.7725058,8.356722,9.893172,8.179955,5.332089,0.0,5.8241725,7.1145773,10.402841,12.514337,17.099293,18.77319,22.90414,23.739038,28.442482,26.499136,23.053827,21.665894,17.37389,18.271832,11.263163,14.209775,7.897395,14.130564,12.194139,14.62908,18.796988,21.274488,20.967741,18.899303,23.83272,20.782156,26.416498,26.132738,29.83415,31.632034,35.063793,36.059093,34.261253,31.51788,30.789272,26.136951,26.960583,23.10557,24.074303,25.10026,20.813951,17.892595,14.736143,16.25251,12.056474,13.245757,16.883614,18.780935,21.181181,24.400148,27.008245,28.447803,30.550577,28.086197,31.097178,27.20027,31.139004,29.397787,24.414051,26.467543,22.680046,24.912064,22.986872,24.869724,23.343365,24.137814,24.140114,19.186096,18.62118,15.735863,18.166767,14.133829,18.055199,15.785477,19.472542,21.3613,26.65947,26.526943,28.94716,31.978704,33.80835,34.66369,34.24097,31.072937,36.26069,33.330673,36.530613,38.755978,35.507805,32.33094,29.277815,25.293066,22.94531,23.906824,20.499054,24.079672,21.047335,24.6828,27.372248,29.751856,28.906391,33.486454,29.847973,33.885815,32.003223,34.93196,34.73787,33.96992,36.99273,35.565884,37.232414,33.94388,31.395962,27.818197,26.58542,24.435244,21.438643,23.763039,20.559166,24.015976,19.898485,25.053934,25.980349,28.130295,28.744907,25.072506,28.903263,25.602478,28.575022,28.217825,29.517645,31.789516,32.51613,36.652668,35.885742,34.521595,35.18401,32.47022,35.494408,32.63323,36.6008,38.075165,36.170483,32.67928,31.98788,30.059244,26.223707,28.014503,26.655413,30.10824,28.471575,33.279964,33.231106,33.86939,33.809414,29.795395,29.920988,25.73716,26.586494,25.225498,22.679573,24.000574,21.415627,24.120335,21.976871,24.321379,22.516903,18.458914,17.006111,17.902494,17.136482,14.890306,16.06634,15.354067,18.576078,20.317446,22.302818,25.849684,26.583078,30.912235,32.924274,33.789284,31.11494,31.601078,27.523706,27.888592,24.887415,20.941032,22.988762,22.502232,21.49966,20.85395,18.919199,17.262327,19.550861,17.294895,21.322409
17,26.343994,25.495174,26.119398,20.704235,19.536047,16.938423,14.862576,11.857689,11.445686,9.153471,11.692552,9.699522,12.216648,13.425362,10.495988,6.552682,5.8241725,0.0,5.8403354,6.3041,10.398708,13.613737,15.212965,19.629372,19.97895,24.438389,21.758286,18.221436,16.290575,12.372904,12.531631,5.979902,9.389363,5.4606824,11.487393,10.907825,14.400091,18.028913,19.35976,17.946077,14.96258,19.343328,15.60035,21.207703,20.54041,24.202003,25.923296,29.27283,30.421686,28.7819,26.072657,25.67691,21.080435,22.403786,19.449562,20.500845,22.393463,18.6004,15.209573,13.630954,14.886028,9.832941,10.11374,12.338018,14.266849,15.839298,19.463137,21.630371,23.195324,25.034054,22.375546,25.320213,21.385948,25.357641,23.689325,18.756098,21.086645,17.60116,20.241074,19.073338,21.514317,20.61567,20.872791,21.800488,17.08749,15.224249,12.305307,13.405355,9.760303,12.531673,10.463068,14.288037,16.401915,22.134214,21.810984,24.629484,27.896147,29.289936,29.817707,29.095676,25.85779,30.951595,28.10479,31.374615,33.907375,30.845785,28.032845,24.861122,21.496761,18.368105,19.935225,16.26299,20.554062,17.921515,21.342823,24.093073,25.921803,24.506172,29.048334,25.087969,29.459192,27.27259,30.811644,30.548985,30.34963,33.287525,32.457127,34.08612,31.484888,29.06936,26.055277,24.164614,23.263916,19.36734,22.909662,19.038643,23.80221,19.812634,25.059921,26.8738,29.272942,29.501038,25.900906,29.957834,26.014307,29.764122,28.813316,30.671347,32.500553,33.635,37.20402,36.76283,34.949215,35.9041,32.554966,35.348255,32.670563,35.562454,37.50238,34.807556,31.240088,30.067099,29.200188,24.724009,26.023336,25.729012,28.421505,27.433708,31.771626,32.28979,32.445793,33.044743,29.37114,29.90816,25.916586,27.67914,26.659048,23.588398,25.74309,22.915718,26.141071,24.085857,26.70056,24.803545,21.374645,20.32568,19.78102,18.668951,15.388831,16.745562,14.073401,17.691273,18.074543,20.153536,23.313305,23.725122,28.458048,29.839964,31.090193,28.389978,29.487635,25.652153,26.496374,24.13164,20.652485,23.408453,23.262287,23.084879,22.155273,21.814905,19.094324,22.402529,20.169895,24.45748
