,0,1,2,3,4,5,6,7,8,9,10,11,12,13,14,15,16,17,18,19,20,21,22,23,24,25,26,27,28,29,30,31,32,33,34,35,36,37,38,39,40,41,42,43,44,45,46,47,48,49,50,51,52,53,54,55,56,57,58,59,60,61,62,63,64,65,66,67,68,69,70,71,72,73,74,75,76,77,78,79,80,81,82,83,84,85,86,87,88,89,90,91,92,93,94,95,96,97,98,99,100,101,102,103,104,105,106,107,108,109,110,111,112
0,0.0,4.398721,5.92652,10.639144,12.016326,13.253387,12.341136,8.500601,6.857331,8.633344,9.926541,13.4487295,14.564092,17.130236,14.882794,12.598775,12.329167,12.281504,12.351367,15.109815,12.705495,17.631617,21.55452,22.609955,19.87675,25.452051,21.41533,22.938066,19.732347,20.857506,19.606504,19.994787,22.478954,22.616497,26.841703,25.683773,30.755697,32.019897,31.574583,30.20519,25.490849,28.255182,23.870028,26.40311,24.51869,25.615833,26.69375,26.847052,30.517973,31.044949,29.522528,31.534924,28.605556,31.708176,31.630846,33.319263,35.288845,33.874683,30.453703,30.130592,31.297407,26.253069,25.708096,24.931143,25.873602,23.808329,27.449736,26.983448,27.308628,27.671675,24.71932,23.690596,20.521261,20.499453,20.11227,18.788166,21.535883,20.334715,24.186213,24.240559,27.757408,27.507956,22.964804,24.476646,24.58083,21.030605,18.394688,17.582848,15.991934,13.9403105,16.233454,16.018631,19.030626,20.355299,19.091204,15.571168,14.160523,11.387153,11.3364105,7.8259215,13.097352,11.871658,14.539003,16.188036,19.2367,22.427872,22.58494,19.449575,22.85685,17.850218,19.147274,17.735079,18.484682
1,4.398721,0.0,4.9883056,6.936974,9.359132,10.538503,9.549458,8.061549,6.31062,10.097689,12.065337,15.909402,16.86623,18.617172,16.218336,12.906486,12.87977,11.045342,12.025388,13.142836,12.015976,15.343817,19.528938,19.972729,16.518732,21.924988,17.775215,19.058104,16.1595,16.898325,16.423925,16.373571,20.093573,20.15148,24.677923,24.023746,28.88814,30.477253,29.876524,28.065817,23.346813,26.2475,21.469017,24.51717,22.226946,23.801584,24.606886,25.255474,28.315765,28.927763,27.055016,29.155647,25.814964,28.707949,28.70388,29.890377,32.215897,30.376589,26.889767,26.57253,28.341805,23.212027,22.152115,21.813353,22.15767,20.446049,23.729906,23.682322,23.825632,24.624798,21.926846,21.445135,18.203964,19.161448,18.841442,16.908096,20.219133,18.863789,23.008718,23.157255,26.825129,26.597723,22.619646,24.444004,23.676815,19.815481,16.679869,15.699108,13.142298,10.753256,12.2453575,11.942701,14.943912,16.273615,14.697144,11.252889,9.868019,7.2966332,7.8127074,5.2804413,11.297908,10.751896,14.15623,15.96764,19.780067,23.111364,23.200603,19.852974,23.100384,17.319023,19.107965,16.869257,18.204311
2,5.92652,4.9883056,0.0,6.6357474,6.8256593,9.319158,10.284211,7.96951,8.908844,11.813051,14.984485,17.921656,19.638718,21.851532,18.98904,16.028633,14.243297,13.180233,12.058379,12.777056,9.756614,13.642332,17.909449,18.04411,16.088112,21.546694,18.37547,20.504372,18.162771,19.666174,19.670786,20.28887,24.596085,24.955256,29.374891,28.967909,33.750626,35.280136,34.41967,32.31797,27.480536,29.821424,24.917364,27.365799,24.469173,25.543407,25.6671,25.590483,28.752575,30.202131,28.509893,31.292387,28.337915,31.434795,32.25336,33.001663,35.956078,34.013897,30.55289,30.520493,32.74303,27.609104,26.034786,25.575724,25.016052,22.991484,25.594353,25.14539,24.4001,25.041515,22.763315,21.437466,19.143467,19.648357,20.21059,19.381632,22.948133,22.394325,26.637358,27.324728,31.080425,31.118301,27.038498,29.04623,28.523218,24.546165,21.533798,20.162735,17.79983,14.452647,15.4060135,13.58106,15.860414,16.080666,16.26107,12.296801,12.829743,10.94189,12.041163,10.254258,16.26897,15.442972,18.985638,20.358286,24.09794,27.38778,27.139723,23.773357,26.375046,20.72531,21.663244,19.177965,19.504356
3,10.639144,6.936974,6.6357474,0.0,3.8844326,5.1607046,6.2436166,8.689863,9.5826235,13.78633,17.44009,20.51145,22.038658,23.161814,20.150879,16.235552,14.770324,11.5698,11.759285,9.618189,9.696244,9.937793,14.373716,13.688138,10.26693,15.516116,12.129505,14.090768,12.3405285,13.766797,14.856516,15.605335,21.29249,22.149044,26.30033,26.922165,31.104006,32.828518,31.51332,28.71958,23.988718,26.10559,20.858646,23.661827,20.180054,21.799206,21.464058,22.11801,24.300156,25.83846,23.71412,26.635899,23.304033,26.122538,27.335854,27.34582,30.917091,28.613335,25.211899,25.562243,28.521545,23.500551,21.06481,20.81693,19.161728,17.4306,19.358892,19.317207,18.299221,19.486446,17.61604,17.147764,14.880634,16.854809,17.523064,16.070408,20.235468,19.769884,24.188139,25.224298,29.070831,29.32455,26.120264,28.667202,27.218216,22.883404,19.656935,17.75286,14.897729,10.601508,10.111715,7.246548,9.238341,9.864292,10.353845,6.732704,8.378357,7.090507,10.175733,9.9727125,15.487949,14.818348,19.150948,20.02089,24.534245,27.854967,27.27967,23.76052,25.77027,19.454798,20.777838,17.301441,18.318733
4,12.016326,9.359132,6.8256593,3.8844326,0.0,3.9816296,7.3369174,8.799968,11.304664,14.754616,19.138517,21.556894,23.605082,25.00483,21.660206,18.064074,15.38732,12.977286,11.494414,8.995457,7.5582557,7.811231,12.289024,11.45761,9.889662,15.115281,12.842829,15.640948,14.301649,16.574335,17.560291,19.116894,24.656105,25.915977,29.780687,30.574354,34.70083,36.253315,34.682957,31.72199,26.915243,28.474403,23.294792,25.405169,21.556623,22.606936,21.727144,21.66108,23.988888,26.221556,24.36506,27.818668,24.999298,28.020704,29.94166,29.756853,33.72607,31.564001,28.27515,28.955128,32.01033,27.05738,24.414513,23.795826,21.668665,19.520977,20.960257,20.34618,18.640814,19.463287,17.935844,16.567503,15.266932,16.636507,18.048376,17.668098,21.839922,22.068975,26.46627,27.946138,31.834406,32.338028,28.9803,31.701435,30.581144,26.150913,23.145947,20.92478,18.593716,13.779651,13.472784,9.809141,10.902409,10.657033,13.037509,9.518376,12.117617,10.895154,13.950778,13.320844,19.107601,17.932285,22.401201,22.833841,27.272316,30.565033,29.669628,26.143578,27.610394,21.518887,22.11392,18.576576,18.7184
5,13.253387,10.538503,9.319158,5.1607046,3.9816296,0.0,4.2390747,7.53192,10.304953,13.579783,18.370586,20.364098,22.506634,23.380209,19.861685,16.135767,13.19298,10.291677,8.987559,5.218438,6.116423,4.9280143,9.316369,9.5177145,7.1497326,12.741367,9.967423,13.01834,11.289273,14.486569,14.797735,17.579937,22.61308,24.80816,27.878952,29.272675,33.04024,34.3012,32.281178,29.05381,24.234743,25.244282,20.155851,21.820621,17.804037,18.70356,17.749939,17.754465,20.117859,22.257328,20.467283,23.98986,21.42385,24.608112,26.946802,26.879356,30.972637,29.232887,26.111492,27.341824,30.15389,25.366804,22.616495,21.236622,19.074913,16.37837,18.024147,16.89066,15.548722,15.952537,14.125031,12.710081,11.306007,12.817627,14.323814,14.208553,18.429539,19.114891,23.448696,25.370617,29.260881,30.08789,26.975325,30.101526,29.026072,24.404953,21.768774,18.945429,17.48739,11.820861,11.956261,8.092081,9.244275,10.6261635,13.10932,10.40101,12.426141,10.481281,14.578117,13.456934,18.908298,16.85002,21.76551,21.247717,25.873638,29.068333,27.705946,24.185308,24.949644,18.890337,19.205559,15.362713,15.466253
6,12.341136,9.549458,10.284211,6.2436166,7.3369174,4.2390747,0.0,6.1465983,7.5500083,11.02378,15.474087,17.591782,19.413954,19.812304,16.42504,12.440931,10.318589,6.4523582,7.1015954,4.3822813,7.536185,7.571931,11.031862,12.325427,8.396128,13.850475,9.653659,11.871478,8.860228,12.17265,11.236262,14.608407,18.727184,21.398829,24.024189,25.529242,29.217224,30.286171,28.198307,25.083769,20.200216,21.325974,16.283823,18.139101,14.558651,15.759302,15.635986,16.25403,18.914314,20.094906,18.251669,21.17461,18.421608,21.706032,23.558268,24.124573,27.704899,26.371855,23.264278,24.575085,26.787909,22.026577,19.685598,17.761097,16.548086,13.56152,16.34552,15.178596,15.15834,15.343361,12.628011,11.939693,9.038565,10.753029,11.291159,10.335755,14.538662,14.92479,19.286152,21.1345,25.02586,25.878706,22.8163,26.06165,25.028246,20.35597,17.956938,14.877115,14.113105,8.091694,9.388152,6.825863,9.151424,12.267566,13.03989,10.871154,11.220313,8.234469,12.786451,11.006564,15.930233,13.215561,18.32378,17.292242,22.01024,25.150475,23.694527,20.180515,20.963995,14.7719755,15.4467125,11.5744505,12.449606
7,8.500601,8.061549,7.96951,8.689863,8.799968,7.53192,6.1465983,0.0,4.527776,6.2782865,11.46337,13.021779,15.425398,16.856323,13.252996,10.249923,6.819683,6.3336997,4.1891885,7.1411343,5.540204,10.617092,13.813601,16.035526,13.8484,19.403505,15.676621,17.98238,14.642217,17.673716,15.709191,18.805864,21.375647,23.76346,26.460285,27.047815,31.279928,32.019745,30.268068,27.872633,22.890995,24.114286,19.624285,20.865711,18.146519,18.523344,19.00877,18.621487,22.495583,23.513325,22.300161,24.971035,22.82064,26.364557,27.803394,29.205736,32.088497,31.238127,28.108274,29.090628,30.492336,25.64058,24.186771,21.985624,21.992376,18.803751,22.20281,20.638506,20.875563,20.447784,17.403849,15.632522,12.955737,12.344835,12.708872,12.828655,16.02995,16.456902,20.541695,22.139687,25.93875,26.68923,22.644629,25.521105,25.593744,21.195738,19.170387,16.469282,16.469053,11.462708,14.134036,12.504234,15.073958,17.41295,17.963966,14.959284,14.725679,11.159761,14.324556,10.8682785,16.38084,12.938146,17.576628,16.499386,20.51149,23.623203,22.212042,18.796545,19.921663,14.521768,14.454645,11.869994,11.593576
8,6.857331,6.31062,8.908844,9.5826235,11.304664,10.304953,7.5500083,4.527776,0.0,4.624507,8.16434,11.051694,12.544096,13.766765,10.701443,7.209814,6.700841,5.450352,7.0909414,10.104166,10.01572,14.104298,17.392984,19.359081,15.931917,21.36865,16.839802,18.242056,14.423529,16.448538,13.9767885,16.203697,17.948486,19.896318,22.799103,22.88893,27.353754,28.167778,26.838175,24.9051,19.994898,22.021284,17.65794,19.697184,17.800173,18.800205,20.128302,20.549282,24.253504,24.369486,22.94277,24.812439,22.16266,25.466047,25.856733,27.779987,29.905777,29.1003,25.900265,26.436092,27.320492,22.439623,21.650904,19.670378,20.768309,18.022528,22.130722,21.138083,22.171434,22.068596,18.701244,17.909672,14.254057,14.218533,13.40444,11.991448,14.7938,14.057286,18.090319,18.92259,22.664043,23.030012,18.829683,21.396109,21.39628,17.156345,15.04248,12.80891,12.835506,8.969937,12.423159,12.381727,15.580299,18.42985,17.396158,14.684938,12.98233,8.991636,11.400862,7.171532,12.170001,8.540183,13.052457,12.384025,16.419191,19.64088,18.717937,15.26311,17.485586,11.8733425,12.991089,10.990022,12.122834
9,8.633344,10.097689,11.813051,13.78633,14.754616,13.579783,11.02378,6.2782865,4.624507,0.0,5.6201715,6.8465667,9.169258,10.932622,7.502024,5.7379813,4.220075,6.8551993,7.065703,12.144063,11.22968,16.506557,19.104233,21.933388,19.254017,24.614033,20.283201,21.85165,17.814274,20.293465,16.9288,19.866117,20.045881,22.52043,24.595325,24.52115,28.901114,29.148422,27.704073,26.161512,21.370985,22.846323,19.223913,20.25465,19.005394,19.231266,20.96186,20.769958,25.179575,25.035894,24.164371,25.811073,23.898045,27.409155,27.8687,30.391045,32.115643,31.995413,29.001944,29.753998,29.90471,25.287676,24.99064,22.29771,24.033295,20.84676,25.278656,23.702738,25.085129,24.351896,20.714005,19.341938,15.892242,14.441572,13.4089,13.084986,14.778397,14.5697365,17.984106,19.000433,22.490305,23.086887,18.405697,20.940994,22.034761,18.103842,16.905273,14.594617,16.08116,12.62336,16.600729,16.631767,19.707073,22.692038,21.970047,19.268333,17.550856,13.510572,15.541456,10.894336,14.939432,10.413592,14.160379,12.330774,15.463269,18.370924,16.980028,13.80432,15.499389,11.190671,11.161565,10.535743,10.646184
10,9.926541,12.065337,14.984485,17.44009,19.138517,18.370586,15.474087,11.46337,8.16434,5.6201715,0.0,4.8670697,4.802895,7.312673,5.8258023,5.994889,8.737382,10.797497,12.561314,17.318365,16.69912,21.768425,24.509163,27.142366,23.837069,29.105492,24.338642,25.23072,21.010233,22.480234,18.794485,20.561794,19.167374,20.825455,22.893627,21.756796,26.414755,26.535791,25.848751,25.296398,20.92815,23.215345,20.26932,21.827648,21.716171,22.321953,24.786398,25.107874,29.403067,28.464365,27.551508,28.33448,26.17276,29.343605,28.595205,31.788963,32.448524,32.543266,29.601484,29.760113,29.023129,24.636215,25.386816,23.004913,25.991941,23.348276,28.272665,27.182682,29.159859,28.648088,24.842188,24.105558,20.16436,19.00841,17.181225,15.823701,16.530146,15.086407,17.74112,17.519356,20.535204,20.52428,15.362469,16.96575,18.73661,15.628543,14.89006,13.780243,15.629869,14.378633,18.597683,19.874687,23.245451,26.350048,24.43372,21.960548,19.170134,15.326845,15.879847,11.087105,13.122383,8.900032,10.649912,9.36306,11.144977,13.940753,13.461657,10.707325,14.215422,11.1477785,12.237484,13.134448,14.229416
11,13.4487295,15.909402,17.921656,20.51145,21.556894,20.364098,17.591782,13.021779,11.051694,6.8465667,4.8670697,0.0,3.6620467,6.421444,4.469672,7.3563375,8.339804,12.221675,12.804822,18.31498,17.442423,22.919884,24.95944,28.307875,25.69832,30.84441,26.373287,27.581497,23.281738,25.498346,21.252493,24.127867,22.03454,24.61494,25.673328,24.990671,29.193487,28.71606,27.546598,26.997417,22.763472,24.05351,21.73831,22.065771,22.245602,22.0214,24.584562,24.269886,29.053452,28.0519,27.69447,28.464083,27.145166,30.541376,30.321157,33.790855,34.452953,35.170734,32.468502,33.131466,32.05308,27.94955,28.671206,25.50552,28.513063,25.320631,30.28325,28.533796,30.650063,29.529003,25.611052,24.309462,20.780535,18.528181,16.76486,16.650951,16.545902,16.117937,18.14079,18.60421,21.327711,21.863169,16.716602,18.627218,21.265404,18.31809,18.413494,16.707836,19.612421,17.60201,22.03945,22.87638,26.052631,29.347584,28.114094,25.635256,23.255207,19.221258,20.41887,15.587153,17.742105,12.974692,14.787186,11.9956665,12.936187,15.013699,13.454221,11.275221,12.99723,11.674489,11.044272,13.011454,12.906699
12,14.564092,16.86623,19.638718,22.038658,23.605082,22.506634,19.413954,15.425398,12.544096,9.169258,4.802895,3.6620467,0.0,4.0694957,4.7324963,7.940787,10.959587,13.887212,15.565913,20.704674,20.306469,25.435217,27.663828,30.796623,27.614513,32.684,27.895786,28.642998,24.268074,25.853235,21.49707,23.674244,20.701876,22.832117,23.776873,22.551003,26.79847,26.253109,25.545662,25.581173,21.676222,23.509396,21.573204,22.377672,23.172472,23.355438,26.306389,26.500175,31.02923,29.535545,29.030281,29.2597,27.661749,30.780193,29.785414,33.591984,33.613903,34.42275,31.779808,32.1033,30.516449,26.623003,27.93066,24.993279,28.684721,25.884405,31.091412,29.719507,32.197826,31.302923,27.312119,26.548388,22.637661,20.870697,18.649406,17.67746,17.176655,15.894101,17.453028,17.06909,19.449003,19.568687,14.264078,15.568832,18.565212,16.193491,16.636215,15.634731,18.719982,17.904348,22.381508,23.93307,27.262703,30.702856,28.741259,26.50317,23.528095,19.645897,20.195858,15.517421,16.411808,11.991176,12.585436,9.982506,9.847879,11.745318,10.830079,9.040019,12.134474,11.477683,11.894655,14.318897,15.123574
13,17.130236,18.617172,21.851532,23.161814,25.00483,23.380209,19.812304,16.856323,13.766765,10.932622,7.312673,6.421444,4.0694957,0.0,3.9888873,7.395841,11.536666,13.737454,16.372421,21.035217,21.725819,26.05468,27.94896,31.224606,27.621223,32.310722,27.364824,27.702383,23.25972,24.726831,19.859608,22.363634,18.234304,21.088203,20.994047,20.246367,23.981964,23.03917,22.021433,22.172485,18.551304,20.140505,18.852623,19.431265,20.938892,21.203135,24.58633,25.210678,29.48416,27.37509,26.933651,26.580038,25.130081,28.063568,26.783178,30.958435,30.552681,31.834833,29.453909,30.01867,27.915043,24.418058,26.007055,22.613834,26.839869,24.075539,29.483543,28.111885,31.137575,30.143517,26.058748,25.779799,21.653503,20.084307,17.324106,15.947488,14.627657,13.099423,13.943858,13.451298,15.603765,15.953819,10.789704,12.614929,15.839615,13.553251,14.831771,13.579932,17.735676,17.208775,21.809597,23.819277,27.080492,31.013313,28.79546,27.071142,23.818336,19.931572,20.810081,16.40194,16.362825,11.536922,12.072805,7.8552284,7.3896155,8.959194,7.0466404,5.3324237,8.324207,8.783443,9.558126,12.671887,14.138251
14,14.882794,16.218336,18.98904,20.150879,21.660206,19.861685,16.42504,13.252996,10.701443,7.502024,5.8258023,4.469672,4.7324963,3.9888873,0.0,4.398409,7.5740414,10.283984,12.450865,17.290892,17.892963,22.294453,24.105427,27.495481,24.225597,29.01296,24.270676,25.013643,20.59323,22.669313,17.913408,21.14406,18.231546,21.530731,21.834332,21.725506,25.537603,24.87619,23.352173,22.661545,18.489079,19.646515,17.61409,17.936163,18.614452,18.6408,21.64671,21.942404,26.404772,24.810259,24.368385,24.650518,23.277649,26.53883,26.09548,29.805637,30.219862,31.234554,28.708717,29.607246,28.231245,24.36839,25.218487,21.650673,25.083427,21.921663,27.125261,25.448011,28.118698,26.996212,22.94585,22.272556,18.335087,16.510103,14.059958,13.255617,12.588282,11.867649,13.679874,14.247763,17.068256,17.842154,12.924252,15.51572,17.895878,14.692104,15.252919,13.10335,16.949833,15.069742,19.705744,21.071775,24.229568,28.088385,26.497284,24.579332,21.848007,17.762966,19.365278,14.768896,16.08862,10.725069,12.906083,8.689134,10.242791,12.402896,10.136618,7.5094085,8.91789,7.3450007,7.2340593,9.678617,10.650997
15,12.598775,12.906486,16.028633,16.235552,18.064074,16.135767,12.440931,10.249923,7.209814,5.7379813,5.994889,7.3563375,7.940787,7.395841,4.398409,0.0,5.727674,6.4145737,9.856313,13.877803,15.184177,18.874895,21.025122,23.992094,20.250816,25.057789,20.160942,20.819008,16.415352,18.40859,13.928276,17.148893,15.401013,18.715982,19.6698,19.979332,23.937475,23.819788,22.166021,20.815212,16.195145,17.757048,14.729602,15.902571,15.795353,16.437616,19.132952,19.876677,23.932562,22.629509,21.711317,22.346205,20.341526,23.615416,23.34098,26.554287,27.507814,27.972904,25.236397,26.140076,25.448383,21.225863,21.552036,18.249762,21.181898,18.117565,23.21991,21.82447,24.304852,23.541132,19.573935,19.253403,15.023695,14.100585,11.717748,10.005093,10.564569,9.478253,12.524043,13.300453,16.756397,17.464937,12.945007,15.959964,17.055481,13.062543,12.697829,10.012424,13.269706,10.729285,15.3461075,16.705366,19.896673,23.809145,22.138336,20.339676,17.655062,13.5423155,15.612498,11.213302,13.104958,7.52153,11.193084,7.46375,10.990989,13.8148775,11.977915,8.589047,10.394552,5.691056,7.0097766,7.3124146,9.3519335
16,12.329167,12.87977,14.243297,14.770324,15.38732,13.19298,10.318589,6.819683,6.700841,4.220075,8.737382,8.339804,10.959587,11.536666,7.5740414,5.727674,0.0,5.0881834,4.9232903,10.196067,10.574499,15.036529,16.789413,20.291508,17.823303,22.807617,18.657616,20.3496,16.269293,19.53132,15.623072,19.889475,19.750473,23.352688,24.47213,25.300676,29.11407,29.026077,26.892384,24.88005,20.089083,20.583776,17.175291,17.245483,15.849554,15.525762,17.246197,16.819546,21.443134,21.238037,20.657192,22.416662,21.079916,24.788082,25.946743,28.466337,30.47564,30.79302,28.045841,29.447247,29.554033,25.192335,24.581093,21.097872,22.585398,18.86199,23.258997,21.090538,22.724363,21.472416,17.698051,16.094446,12.789801,10.639035,9.54096,10.251022,11.716343,12.630396,15.938131,17.887997,21.408512,22.59237,18.365074,21.591608,22.654818,18.45685,17.745678,14.562423,16.999882,12.568096,16.625853,16.328499,19.078524,22.569769,22.435118,20.162092,18.795837,14.683114,17.702208,13.411758,17.175447,12.064202,16.344757,13.170724,16.579361,19.245861,16.953114,13.81054,13.793002,9.566956,8.291212,7.2059155,6.4789333
17,12.281504,11.045342,13.180233,11.5698,12.977286,10.291677,6.4523582,6.3336997,5.450352,6.8551993,10.797497,12.221675,13.887212,13.737454,10.283984,6.4145737,5.0881834,0.0,5.382407,7.617633,10.233023,12.640647,14.847425,17.627018,13.945343,18.830238,14.190036,15.500185,11.327727,14.4490185,10.822624,15.167973,16.184866,19.824295,21.28232,22.633795,26.296427,26.66507,24.442245,21.880163,16.91941,17.831902,13.564691,14.730776,12.617963,13.362223,14.861692,15.511628,19.227983,19.00545,17.72781,19.578077,17.375704,20.92979,22.058626,24.081078,26.488392,26.294712,23.419756,24.85504,25.55549,21.046421,19.917395,16.723654,17.70622,14.183036,18.550983,16.868074,18.558126,17.872568,14.137916,13.534514,9.475586,9.35388,8.053055,6.8278656,9.857696,10.186906,14.303182,16.221033,20.04808,21.114351,17.565035,21.024834,20.915535,16.309555,14.938378,11.404346,13.106765,7.8261647,11.698341,11.563519,14.389604,18.300482,17.795435,15.994406,14.53973,10.525076,14.280205,10.785818,14.511824,9.875373,14.93736,12.2847805,16.714811,19.652401,17.701788,14.252924,14.701276,8.790818,9.236989,6.0427203,7.5763783
18,12.351367,12.025388,12.058379,11.759285,11.494414,8.987559,7.1015954,4.1891885,7.0909414,7.065703,12.561314,12.804822,15.565913,16.372421,12.450865,9.856313,4.9232903,5.382407,0.0,5.844565,5.9448085,10.280869,12.2059555,15.586661,13.826427,18.939455,15.410147,17.839642,14.346199,18.212004,15.412025,19.851118,21.554596,25.0061,26.663948,27.895247,31.659737,31.954266,29.636438,26.998743,22.078718,22.355997,18.26939,18.430656,15.701439,15.359037,15.842854,14.992768,19.329395,20.279806,19.48633,22.239857,20.815863,24.590569,26.641312,28.238342,31.212057,30.9644,28.11837,29.712011,30.788618,26.241442,24.738096,21.633734,21.682352,17.87662,21.375832,19.060379,19.683445,18.519728,15.2169285,12.943658,10.48065,8.685533,9.260856,10.731441,13.534152,14.994466,18.784946,21.11576,24.83508,26.084555,22.26696,25.62471,25.995934,21.49611,20.122276,16.755856,18.00602,12.461448,15.502377,13.833864,16.070412,19.052645,20.075613,17.611132,17.420826,13.706774,17.44358,13.909044,18.745148,14.420448,19.253868,16.858006,20.813055,23.668339,21.511534,18.225082,18.02863,13.123869,11.968497,9.245696,7.9153814
19,15.109815,13.142836,12.777056,9.618189,8.995457,5.218438,4.3822813,7.1411343,10.104166,12.144063,17.318365,18.31498,20.704674,21.035217,17.290892,13.877803,10.196067,7.617633,5.844565,0.0,5.8689165,5.182932,7.432792,10.20488,8.098003,13.126493,10.038773,13.052936,10.469026,14.872858,13.464198,18.057817,21.527946,25.00107,26.836859,28.795315,32.160873,32.842384,30.251255,26.885675,22.064665,22.11902,17.471794,17.988962,13.9994755,14.166109,13.336224,12.952551,16.061916,17.943272,16.600716,20.150051,18.368275,21.95141,24.825256,25.31439,29.270288,28.428741,25.61817,27.53342,29.617157,25.134518,22.635534,19.946295,18.346142,14.66741,16.986479,14.7321615,14.378285,13.588783,10.934595,8.792424,7.125557,7.6436787,9.437456,10.527455,14.425542,16.07038,20.124826,22.734535,26.548132,27.870083,24.860235,28.450142,27.842152,23.111876,21.249285,17.691866,17.926516,11.652865,13.087332,10.06826,11.355207,14.262382,16.404428,14.457648,15.444313,12.597513,17.156101,15.0504465,19.928352,16.518816,21.70724,19.760633,24.306032,27.261122,25.187227,21.79158,21.408197,15.824292,15.277329,11.312492,10.7851925
20,12.705495,12.015976,9.756614,9.696244,7.5582557,6.116423,7.536185,5.540204,10.01572,11.22968,16.69912,17.442423,20.306469,21.725819,17.892963,15.184177,10.574499,10.233023,5.9448085,5.8689165,0.0,6.9206223,9.755067,12.053004,12.007288,17.22446,14.930969,18.160318,15.777337,19.569052,18.426996,22.07631,25.559366,28.253975,30.809633,31.921852,35.879803,36.628574,34.479946,31.58145,26.63476,27.108582,22.550247,23.091192,19.520672,19.3147,18.611502,17.322035,20.979776,23.20037,22.193085,25.753056,24.133627,27.751787,30.29847,30.970419,34.697674,33.70008,30.694632,32.109734,34.144028,29.38276,27.210388,24.968616,23.701748,20.291368,22.57662,20.514921,19.612799,18.90426,16.615103,13.75625,12.821548,11.905747,13.788269,15.313051,18.774132,20.166037,24.204212,26.439903,30.256376,31.330076,27.581251,30.731085,30.677559,26.131504,24.089731,21.064192,20.859007,15.185248,16.807863,13.703871,15.168322,16.619009,19.06348,16.05632,17.403526,14.59803,18.225006,15.643991,21.375511,18.218412,23.008556,21.742619,25.83678,28.874252,27.10543,23.73619,23.944923,18.762688,17.88592,14.822591,13.395837
21,17.631617,15.343817,13.642332,9.937793,7.811231,4.9280143,7.571931,10.617092,14.104298,16.506557,21.768425,22.919884,25.435217,26.05468,22.294453,18.874895,15.036529,12.640647,10.280869,5.182932,6.9206223,0.0,4.511089,5.4472656,5.953174,10.534213,9.510335,13.312699,12.387077,16.519495,16.734016,20.616877,25.4076,28.394056,30.707766,32.74679,36.068535,37.0569,34.49406,30.85935,26.17592,26.185791,21.392738,22.012426,17.490452,17.658916,15.708971,14.953994,17.008692,20.098127,18.647385,22.84658,21.09622,24.370026,27.817606,27.347944,32.023003,30.59405,27.802456,29.700743,32.62536,28.15997,25.028795,23.057869,20.14279,16.98394,17.736137,15.726315,13.611457,13.295375,12.14875,9.644168,10.166035,11.288131,13.869247,15.1183815,19.140821,20.828299,24.887346,27.50429,31.317959,32.584072,29.762575,33.273056,32.321148,27.589973,25.34901,22.027224,21.300146,15.201494,15.219517,10.98172,10.874633,12.095478,16.077263,14.104667,16.64715,14.889673,19.27958,18.120062,23.338015,20.75802,25.868444,24.544838,29.174063,32.213577,30.300524,26.872173,26.563936,20.929491,20.408272,16.382202,15.601147
22,21.55452,19.528938,17.909449,14.373716,12.289024,9.316369,11.031862,13.813601,17.392984,19.104233,24.509163,24.95944,27.663828,27.94896,24.105427,21.025122,16.789413,14.847425,12.2059555,7.432792,9.755067,4.511089,0.0,5.0562453,7.839535,10.357911,10.719142,14.52626,14.014801,18.678215,18.476261,23.247818,27.464178,31.18051,32.69831,35.27985,38.165573,38.83384,35.792988,31.887571,27.411879,26.496758,22.176678,21.75892,17.063236,16.46064,13.702861,12.145466,13.896689,17.75802,16.787783,21.421432,20.595812,23.901232,28.22253,27.592245,32.563904,31.599445,29.169847,31.6505,34.438972,30.329279,27.061283,24.462454,21.257765,17.71719,17.923153,15.052723,12.732381,11.368405,10.805751,7.2135572,9.782851,10.246488,13.533093,15.904987,19.45121,21.955202,25.611094,28.788902,32.449417,34.106457,31.587593,35.4079,34.614254,29.855186,28.052114,24.344484,24.38356,18.095568,18.272257,14.232042,13.616169,15.119507,19.4745,18.072523,20.543337,18.703104,23.318161,21.980453,26.901045,23.819288,29.02841,26.955004,31.506865,34.35014,31.951721,28.67947,27.402285,22.329275,21.121214,17.153767,15.714154
23,22.609955,19.972729,18.04411,13.688138,11.45761,9.5177145,12.325427,16.035526,19.359081,21.933388,27.142366,28.307875,30.796623,31.224606,27.495481,23.992094,20.291508,17.627018,15.586661,10.20488,12.053004,5.4472656,5.0562453,0.0,6.2534113,7.688634,9.721521,13.571147,14.361055,18.193653,19.531809,23.17841,28.704712,31.672653,33.878098,36.374737,39.294727,40.42819,37.65707,33.630356,29.26083,28.886087,24.202436,24.664793,19.756529,19.92612,17.005396,16.278046,16.789371,20.79473,19.273134,23.904335,22.37946,25.206814,29.379145,27.927053,33.30371,31.538832,29.013876,31.18492,34.773384,30.62474,26.889875,25.292664,21.154688,18.485159,17.554,15.692683,12.039855,12.097114,12.7278385,10.586005,12.816765,14.613182,17.515345,18.833033,22.802431,24.701204,28.579372,31.389297,35.107445,36.480923,34.15781,37.781727,36.421524,31.694885,29.374584,26.05017,24.96576,19.064117,18.025406,13.433097,11.835076,11.781343,17.171766,16.013092,19.454367,18.626333,22.960932,22.621284,27.562649,25.437088,30.528769,29.289452,34.043987,37.050194,35.072727,31.678753,31.049295,25.460087,24.938433,20.733973,19.98167
24,19.87675,16.518732,16.088112,10.26693,9.889662,7.1497326,8.396128,13.8484,15.931917,19.254017,23.837069,25.69832,27.614513,27.621223,24.225597,20.250816,17.823303,13.945343,13.826427,8.098003,12.007288,5.953174,7.839535,6.2534113,0.0,5.649348,3.9935439,7.8346715,8.382293,11.960211,13.660475,16.957941,22.775196,25.584204,27.877722,30.42081,33.25298,34.571518,31.992008,28.010366,23.680645,23.915125,18.929354,20.39759,15.642059,16.888176,14.795013,15.610428,16.027369,18.716118,16.484802,20.453043,17.87575,20.56179,23.96072,22.65764,27.752602,25.758797,23.041792,25.031961,28.608301,24.406992,20.676569,19.33997,15.315683,12.92861,12.572933,11.534184,8.860961,10.023603,9.66604,9.554754,9.560427,12.976349,14.796533,14.519368,18.789616,19.911983,23.91383,26.305334,30.014227,31.149206,29.136452,32.65637,30.837603,26.177624,23.706758,20.535255,19.131327,13.471325,11.961614,7.5258327,5.9316006,7.918407,11.945983,11.389321,14.124432,13.383813,17.925173,18.007257,22.275105,20.496597,25.488518,24.480747,29.379005,32.391495,30.71446,27.310295,27.221735,21.209198,21.602179,17.20355,17.723019
25,25.452051,21.924988,21.546694,15.516116,15.115281,12.741367,13.850475,19.403505,21.36865,24.614033,29.105492,30.84441,32.684,32.310722,29.01296,25.057789,22.807617,18.830238,18.939455,13.126493,17.22446,10.534213,10.357911,7.688634,5.649348,0.0,5.448906,7.895473,10.737359,13.609231,16.189644,19.342087,25.359795,28.36291,30.107466,33.31355,35.44582,36.79389,33.898487,29.497618,25.738903,25.359833,20.809866,21.939909,17.030508,18.290123,15.357783,16.547108,15.077161,18.282835,15.923796,20.074371,17.81546,19.78345,24.019861,21.56074,27.395702,25.204126,23.001932,25.49137,29.607399,26.045927,21.756853,20.654295,15.338868,13.67595,10.988711,10.246759,5.596716,7.818258,9.81456,10.757464,12.228987,16.041878,17.97178,17.799217,21.685686,23.067457,26.62645,29.24276,32.702736,34.012558,32.73358,36.399258,34.170475,29.632475,27.326841,24.131695,22.76481,17.604546,15.340041,11.50301,8.635748,9.638497,14.1491165,14.93222,17.913792,17.933672,22.298073,22.984976,26.620838,25.10943,29.97949,28.789536,33.708023,36.567787,34.737633,31.475496,30.869839,25.136984,25.476889,21.035042,21.602146
26,21.41533,17.775215,18.37547,12.129505,12.842829,9.967423,9.653659,15.676621,16.839802,20.283201,24.338642,26.373287,27.895786,27.364824,24.270676,20.160942,18.657616,14.190036,15.410147,10.038773,14.930969,9.510335,10.719142,9.721521,3.9935439,5.448906,0.0,3.9473763,5.427023,8.843021,10.939256,14.345185,20.139969,23.218054,25.041677,28.054352,30.420275,31.755827,29.039066,24.85414,20.815336,21.005575,16.091852,17.937588,13.269404,15.199784,13.365319,15.289125,14.921579,16.825851,14.15626,17.67014,14.591499,16.943708,20.277037,18.707798,23.921719,21.88481,19.293613,21.573,25.214092,21.308058,17.351969,15.975218,11.475837,9.353293,8.628549,8.167964,6.216213,8.219658,7.8318906,9.658648,8.843555,13.269765,14.352136,13.13194,17.236052,18.065348,21.827957,24.144285,27.692608,28.839254,27.423893,31.007778,28.784218,24.226591,21.898884,18.70476,17.441517,12.2066,10.204986,6.7728505,4.8116837,8.584794,11.067777,11.749191,13.610586,13.091434,17.65741,18.103958,21.416616,19.784117,24.618662,23.432297,28.360622,31.230715,29.56678,26.290035,26.11062,20.145752,20.995619,16.573397,17.8706
27,22.938066,19.058104,20.504372,14.090768,15.640948,13.01834,11.871478,17.98238,18.242056,21.85165,25.23072,27.581497,28.642998,27.702383,25.013643,20.819008,20.3496,15.500185,17.839642,13.052936,18.160318,13.312699,14.52626,13.571147,7.8346715,7.895473,3.9473763,0.0,4.448439,5.9632573,9.142769,11.800125,17.813225,20.781088,22.367569,25.705988,27.636568,29.137674,26.477058,22.189243,18.551886,19.052927,14.24948,16.874962,12.697357,15.438224,14.183008,17.045631,16.073477,16.976347,13.922646,16.552277,12.697018,14.386962,17.171951,15.202885,20.450024,18.0721,15.509872,17.885601,21.77183,18.157715,13.916715,12.983187,7.803808,6.8152246,5.5049067,6.9492984,6.532781,9.322436,8.951754,12.174589,10.571689,15.379376,15.65413,13.326989,17.085058,17.266615,20.730824,22.686167,26.017878,27.010002,26.21759,29.690271,26.949574,22.619585,20.31769,17.396013,15.9281,11.718739,8.996584,7.2802124,5.5143924,9.768716,10.301471,12.187582,13.139618,13.133771,17.3164,18.336636,20.571484,19.442616,23.892387,22.860826,27.72774,30.4588,29.009727,25.891684,25.926687,20.040642,21.525354,17.286005,19.375315
28,19.732347,16.1595,18.162771,12.3405285,14.301649,11.289273,8.860228,14.642217,14.423529,17.814274,21.010233,23.281738,24.268074,23.25972,20.59323,16.415352,16.269293,11.327727,14.346199,10.469026,15.777337,12.387077,14.014801,14.361055,8.382293,10.737359,5.427023,4.448439,0.0,5.115088,5.5130544,9.835154,14.770927,18.30507,19.742252,22.833614,25.170652,26.395226,23.73348,19.70732,15.508013,16.24448,11.076952,13.877405,9.9459305,12.810213,12.543037,15.378923,15.701175,15.883519,13.055513,15.313838,11.397821,13.908428,16.053524,15.591282,19.915289,18.283127,15.46931,17.697054,20.55394,16.499357,13.053185,10.985591,7.9729385,5.258889,7.766891,7.828307,9.256734,10.567697,8.335245,11.124401,7.9338946,12.49512,12.126542,9.201276,13.15926,13.160199,16.926418,18.896349,22.428698,23.458252,22.206533,25.773857,23.441362,18.915241,16.782284,13.485459,12.793719,7.8222914,6.5892425,5.8346553,6.434483,11.56667,11.08715,11.966272,11.71444,10.424315,14.941004,15.041123,17.317142,15.432339,20.085276,18.627626,23.512138,26.268892,24.7193,21.544579,21.672161,15.6576395,17.254665,13.077859,15.510396
29,20.857506,16.898325,19.666174,13.766797,16.574335,14.486569,12.17265,17.673716,16.448538,20.293465,22.480234,25.498346,25.853235,24.726831,22.669313,18.40859,19.53132,14.4490185,18.212004,14.872858,19.569052,16.519495,18.678215,18.193653,11.960211,13.609231,8.843021,5.9632573,5.115088,0.0,5.7516365,5.853938,12.670345,14.890484,17.116829,20.041216,22.241627,24.101583,22.068918,18.27112,14.605719,16.696375,11.706711,16.035536,13.205234,16.703217,16.958664,20.222818,20.084408,19.672768,16.621372,17.839426,13.076589,14.417339,14.801822,13.922939,17.742817,15.018179,11.785377,13.205081,16.827438,12.674641,8.739395,8.831008,5.6822553,6.400371,8.326338,10.723811,12.233118,14.504106,12.920035,16.158585,12.944536,17.37875,16.498734,12.568444,15.965114,14.603877,18.048658,18.937935,22.194662,22.611998,21.932934,24.959438,21.756882,17.671278,15.032419,12.814289,10.520259,8.107313,4.7842913,6.7811866,7.389856,11.808906,8.841757,11.02988,9.727334,9.86666,13.222262,14.705149,15.565899,15.259335,19.063873,18.733667,23.448486,26.147053,25.335142,22.328785,23.460045,17.47161,20.084902,16.400656,19.532856
30,19.606504,16.423925,19.670786,14.856516,17.560291,14.797735,11.236262,15.709191,13.9767885,16.9288,18.794485,21.252493,21.49707,19.859608,17.913408,13.928276,15.623072,10.822624,15.412025,13.464198,18.426996,16.734016,18.476261,19.531809,13.660475,16.189644,10.939256,9.142769,5.5130544,5.7516365,0.0,6.787265,9.377259,13.721583,14.429157,17.66508,19.90935,20.960934,18.38001,14.62906,10.210737,11.951657,6.6345687,11.004365,8.96865,12.504773,13.989645,17.324156,18.172018,16.733751,14.10382,14.62409,10.199755,12.480244,12.61997,13.824077,16.571222,15.613305,12.711925,14.703841,16.23574,12.103026,9.811688,6.5568633,7.2676215,5.10896,10.20944,10.701854,13.8718195,14.687665,11.732418,14.683024,10.418675,14.066229,12.208075,7.53999,10.417553,8.8779125,12.423104,13.730604,17.192207,18.031029,17.091389,20.610584,18.095434,13.656924,11.926098,8.525664,9.0789385,5.8059425,6.538287,9.128335,10.98443,15.99369,13.569716,14.5012245,12.260607,10.359107,14.002702,13.660925,14.192871,12.063314,16.152058,14.3066845,18.995417,21.533392,20.172445,17.226519,17.80133,12.014659,14.66884,11.316608,14.949251
31,19.994787,16.373571,20.28887,15.605335,19.116894,17.579937,14.608407,18.805864,16.203697,19.866117,20.561794,24.127867,23.674244,22.363634,21.14406,17.148893,19.889475,15.167973,19.851118,18.057817,22.07631,20.616877,23.247818,23.17841,16.957941,19.342087,14.345185,11.800125,9.835154,5.853938,6.787265,0.0,8.304796,9.094405,12.376961,14.509418,17.184175,19.44892,18.321304,15.4447,11.9932375,15.867512,11.424356,16.822659,15.580424,19.24126,20.630674,23.96957,24.490551,23.171463,20.337626,20.437405,15.523614,16.50288,14.49149,15.101017,16.820211,14.188377,10.636644,10.405552,12.957815,8.052367,5.7823915,7.4010215,8.604259,10.007656,13.305649,15.648917,17.933914,19.850077,17.646646,20.671202,16.669975,20.393276,18.65666,13.86307,16.386003,13.511429,16.55281,16.043491,19.038612,18.700474,18.123652,20.47615,16.778427,13.156436,10.122594,9.284742,5.8550334,7.518762,5.7089486,10.267211,12.138654,15.98115,11.18152,12.8911495,9.347966,9.368656,10.872524,12.588928,11.251688,12.100056,14.6943,15.292206,19.567547,22.13632,22.121912,19.384912,21.74677,16.100185,19.718225,16.97801,20.794167
32,22.478954,20.093573,24.596085,21.29249,24.656105,22.61308,18.727184,21.375647,17.948486,20.045881,19.167374,22.03454,20.701876,18.234304,18.231546,15.401013,19.750473,16.184866,21.554596,21.527946,25.559366,25.4076,27.464178,28.704712,22.775196,25.359795,20.139969,17.813225,14.770927,12.670345,9.377259,8.304796,0.0,6.596942,5.320715,8.598799,10.709016,11.909885,10.495696,8.568041,5.313165,10.723974,8.538603,13.740083,15.131789,18.457794,21.348454,24.815815,25.944424,23.081861,20.905554,19.305138,15.177733,15.984703,11.93138,15.452695,14.3213,14.263828,11.80941,11.964043,10.061254,6.3935633,8.70257,6.7035336,12.624497,12.922802,17.682428,18.946758,22.757679,23.570974,20.544344,23.475048,18.930822,21.466043,18.557959,13.523078,13.695543,9.586058,10.7427025,8.700843,11.066537,10.472554,10.917152,13.354807,9.563406,6.307137,5.858607,5.500736,7.721633,10.911599,12.484448,16.868587,19.195456,23.6395,19.310595,20.364935,16.303038,14.744398,15.681118,15.384591,12.006356,11.191978,12.174102,10.923874,14.069076,15.815097,15.73594,13.852825,16.189995,12.373147,16.54691,15.53436,19.867645
33,22.616497,20.15148,24.955256,22.149044,25.915977,24.80816,21.398829,23.76346,19.896318,22.52043,20.825455,24.61494,22.832117,21.088203,21.530731,18.715982,23.352688,19.824295,25.0061,25.00107,28.253975,28.394056,31.18051,31.672653,25.584204,28.36291,23.218054,20.781088,18.30507,14.890484,13.721583,9.094405,6.596942,0.0,6.8526707,5.991862,9.712873,12.686295,13.761599,13.436909,11.664707,17.19111,14.900436,20.271074,21.141218,24.573038,27.114729,30.456573,31.561773,29.174253,26.758963,25.512012,21.021776,21.451256,16.91295,19.412558,17.922815,16.362598,13.654783,11.37986,10.026228,6.1791,9.607092,11.428175,16.038502,17.505594,21.46074,23.584478,26.630093,28.128866,25.43219,28.274424,23.771828,26.5336,23.93774,18.891115,19.721157,15.496535,16.918785,14.050189,15.771368,13.914336,14.035806,14.581167,9.8925495,8.614362,6.3068757,9.372239,7.4671507,13.3775835,13.8223095,18.580553,20.961187,24.456482,18.98265,20.076803,15.436609,15.064181,13.944829,15.015336,9.918495,12.272927,11.301308,13.249428,15.597877,17.372047,18.867678,17.18892,21.13161,17.251062,21.677576,20.69795,24.907896
34,26.841703,24.677923,29.374891,26.30033,29.780687,27.878952,24.024189,26.460285,22.799103,24.595325,22.893627,25.673328,23.776873,20.994047,21.834332,19.6698,24.47213,21.28232,26.663948,26.836859,30.809633,30.707766,32.69831,33.878098,27.877722,30.107466,25.041677,22.367569,19.742252,17.116829,14.429157,12.376961,5.320715,6.8526707,0.0,5.6206136,5.510447,7.081301,6.996573,7.157612,7.3521686,12.58105,12.425672,17.039782,19.345194,22.581726,25.691978,29.33919,30.181461,26.803133,24.757292,22.336432,18.49376,18.391386,12.8499775,16.792559,13.611775,14.124106,12.5777,11.843231,7.4339967,6.4315424,10.742818,10.044405,16.15511,17.260841,21.525679,23.149971,27.184975,28.081375,25.23782,28.411316,23.957058,26.398987,23.31465,18.414816,17.830734,13.718393,13.3676405,10.1457405,10.64134,9.011458,11.5227585,12.652609,7.9457583,7.650909,8.661824,10.118883,11.90272,16.120754,17.319212,21.863407,24.016447,28.26978,23.491653,24.86717,20.594606,19.505388,19.616173,19.666101,15.143258,15.243983,14.578883,13.863117,15.462327,16.272545,16.918877,16.060135,18.593586,16.299623,20.44139,20.144146,24.461018
35,25.683773,24.023746,28.967909,26.922165,30.574354,29.272675,25.529242,27.047815,22.88893,24.52115,21.756796,24.990671,22.551003,20.246367,21.725506,19.979332,25.300676,22.633795,27.895247,28.795315,31.921852,32.74679,35.27985,36.374737,30.42081,33.31355,28.054352,25.705988,22.833614,20.041216,17.66508,14.509418,8.598799,5.991862,5.6206136,0.0,5.5008206,7.9129667,10.532086,12.362343,12.01744,17.387573,16.773373,21.37073,23.491344,26.554062,29.738358,33.020798,34.444195,31.354296,29.347677,27.30371,23.44076,23.72364,18.419062,22.099257,19.044764,18.948277,17.076881,15.141725,11.258956,9.73347,14.221785,14.642039,20.369518,21.386518,25.796444,27.456202,31.093693,32.110085,29.083633,31.80774,27.147242,29.245565,26.180489,21.336542,20.955423,16.524519,16.527748,12.556762,12.911904,10.168246,11.278343,10.514581,5.437264,7.3125305,7.8784003,11.368195,12.0924225,17.578844,19.040167,23.726377,26.286175,30.081884,24.820581,25.658068,20.932531,19.922138,18.734596,18.759003,13.178974,14.501403,11.985241,13.092464,13.5640955,14.23691,16.32441,15.757212,19.877512,17.8047,22.182133,22.364208,26.565434
