,0,1,2,3,4,5,6,7,8,9,10,11,12,13,14,15,16,17,18,19,20,21,22,23,24,25,26,27,28,29,30,31,32,33,34,35,36,37,38,39,40,41,42,43,44,45,46,47,48,49,50,51,52,53,54,55,56,57,58,59,60,61,62,63,64,65,66,67,68,69,70,71,72,73,74,75,76,77,78,79,80,81,82,83,84,85,86,87,88,89,90,91,92,93,94,95,96,97,98,99,100,101,102,103,104,105,106,107,108,109,110,111,112
0,0.0,4.350655,5.689061,8.514077,11.9042,13.298012,17.142544,19.885805,23.006369,26.345987,31.06853,33.03726,35.37832,36.44426,32.885757,29.16425,26.104244,23.2283,21.41684,16.755398,16.200048,12.268088,14.566131,11.453247,14.03596,16.340889,17.277756,20.69846,20.449602,23.82535,24.541088,27.845587,33.078514,34.863667,38.268314,39.23159,43.600285,45.244385,43.555286,40.550114,35.842194,36.859886,31.811228,32.592648,28.501123,28.554401,26.30977,25.127848,26.411015,30.317337,28.685225,32.96265,30.690321,33.10139,36.3841,35.087265,39.951588,37.69988,34.799713,36.05854,40.227005,35.51814,32.221542,29.604492,28.26913,25.853518,26.19345,25.156267,22.121061,23.11764,22.981003,20.2016,21.170834,21.351448,23.868284,25.25824,29.042753,30.319344,34.49609,36.749783,40.494183,41.43844,39.794567,42.8273,40.089943,35.670063,34.249702,30.353682,29.694149,24.89134,24.217766,19.71215,20.231308,14.521606,17.549644,19.396372,21.486324,25.499641,24.543455,21.64343,25.847029,21.48739,27.338537,25.095976,29.617085,32.50875,29.98029,26.919294,25.648525,20.878942,19.079529,15.093866,13.454453
1,4.350655,0.0,5.079444,4.5735517,8.760449,10.934577,14.109039,17.543732,20.081022,23.845905,28.222038,30.598997,32.63163,33.514942,30.136158,26.186205,23.781952,20.39318,19.427544,14.695052,14.924719,10.898907,14.197448,11.217778,11.774021,14.795821,14.51703,17.560041,17.052795,20.02649,20.93125,23.777498,29.207222,30.695057,34.31946,35.221798,39.576077,41.37997,39.874256,36.945812,32.28569,33.708904,28.525972,29.918562,25.88785,26.42248,24.57432,24.02939,25.328442,28.712872,26.769022,30.698965,27.926651,30.213886,33.00284,31.781883,36.41701,33.993385,30.967823,31.98972,36.205654,31.459892,28.223955,25.93451,24.772507,22.636894,23.256962,22.65366,20.043144,21.479998,21.083607,18.927944,19.02263,19.812431,21.875587,22.488586,26.435732,27.222864,31.511019,33.47678,37.224552,37.97647,36.534348,39.397427,36.398346,32.11732,30.435102,26.711058,25.663338,21.095804,20.104673,15.656367,16.208069,10.447741,13.924935,15.430091,17.66448,21.527075,20.383614,17.404068,21.511885,17.180756,23.025105,21.005463,25.632462,28.64171,26.388435,23.214699,22.6521,17.382204,16.151583,11.980747,11.061115
2,5.689061,5.079444,0.0,5.9573503,7.27288,9.147834,12.362383,15.693295,18.8984,22.07604,27.011944,28.678307,31.069176,31.809029,28.169212,24.469791,21.262093,18.257048,16.563358,11.428239,12.016857,6.8228493,9.337056,6.4341183,8.766129,11.843786,12.336389,16.0211,15.51327,19.467705,19.712887,23.772543,28.561155,31.199154,33.91747,35.37779,39.504295,40.886826,38.821976,35.615265,30.936663,31.551317,26.613016,27.071035,22.924837,22.92349,20.633257,19.626143,20.908434,24.664984,23.023293,27.29951,25.168182,27.710108,31.224129,30.107307,34.98946,33.146275,30.407034,32.08239,35.91973,31.315235,27.993313,24.775585,23.482595,20.671606,21.244436,19.810656,17.157703,17.84738,17.393301,14.605295,15.505105,15.873741,18.457184,19.935534,23.768652,25.295635,29.408249,31.940374,35.605076,36.789883,35.39246,38.6961,35.919403,31.633074,30.436556,26.1692,26.087208,20.680532,20.404964,15.810898,16.457134,11.537343,14.575609,17.238365,19.919245,23.447662,22.982887,20.182835,23.439299,19.198763,24.86136,22.044783,26.78725,29.588762,27.401289,24.446623,23.613735,18.381334,17.643717,13.237545,13.393312
3,8.514077,4.5735517,5.9573503,0.0,4.7252264,7.4696326,9.8335085,13.770651,15.867402,19.841677,24.027624,26.567335,28.41984,29.151428,25.868172,21.814629,19.826777,16.140633,15.815952,11.267916,12.2285795,8.638629,12.751537,10.780185,9.411894,13.597312,11.720857,14.463663,13.152557,16.161192,16.564505,19.580168,24.75097,26.35888,29.83625,30.758879,35.104717,36.837135,35.328125,32.47678,27.783514,29.375017,24.167046,25.851593,21.98053,22.781338,21.422844,21.332561,22.928602,25.697685,23.622328,27.186462,24.143953,26.526976,28.90193,28.09141,32.393036,30.184744,27.100168,28.085318,31.997063,27.170425,24.145124,21.644243,21.003067,18.75788,20.092682,19.54089,17.793205,19.243746,18.24307,16.521053,15.6399145,16.707275,18.269827,18.327177,22.294973,22.801971,27.122765,28.964705,32.711704,33.41827,32.06021,34.922085,31.856806,27.624212,25.950155,22.161222,21.235352,16.529541,15.73885,11.337152,12.443946,7.336215,11.650923,13.138889,15.8842125,19.17847,17.931927,14.82049,18.118887,13.46182,19.23752,16.751896,21.487297,24.468874,22.424858,19.271673,19.203857,13.486674,13.156501,8.732874,9.528236
4,11.9042,8.760449,7.27288,4.7252264,0.0,4.513852,5.5009565,10.202601,12.420772,16.124704,20.59621,22.738686,24.709332,25.197557,21.777601,17.78546,15.53576,11.760127,11.55583,6.7380376,9.082253,5.4388514,9.762696,9.2555,6.772126,11.916417,9.034338,11.876507,9.696788,13.602629,12.905626,17.1359,21.521334,24.13465,26.77054,28.136337,32.28735,33.650726,31.724216,28.72032,23.965776,25.095568,20.006073,21.259901,17.402676,18.07856,16.888214,16.952686,18.832075,21.246416,19.246008,22.725435,19.87506,22.55416,25.109749,24.729675,28.932775,27.32849,24.423347,25.864517,29.231745,24.468777,21.568968,18.142555,17.879656,14.977822,16.977938,15.8532095,14.954019,15.877871,14.215285,12.545486,11.08797,12.187107,13.594694,13.737522,17.722834,18.557163,22.820122,25.004002,28.707144,29.703096,28.44908,31.642424,28.687992,24.497633,23.216862,18.941668,18.934938,13.412562,13.487291,9.152226,10.839786,7.722472,11.6746235,13.895259,17.084505,19.632015,18.876562,16.010786,17.9304,13.406119,18.65216,15.234931,20.017178,22.753784,20.965937,18.087255,18.191698,12.404985,13.222325,8.923153,11.504674
5,13.298012,10.934577,9.147834,7.4696326,4.513852,0.0,5.136647,6.694252,9.920098,13.108306,17.952255,19.81717,22.125862,23.199697,19.621033,16.021948,13.023126,10.416681,8.736762,5.7259445,5.1438193,5.659438,9.835166,11.189442,10.317684,15.516501,12.761164,15.49636,12.491375,16.528276,14.313546,19.12674,22.371141,24.878397,27.278187,28.077162,32.50216,33.499977,31.618954,29.036718,24.095562,25.097654,20.341425,21.024069,17.698866,17.715708,17.062637,16.359503,19.447361,21.590422,20.103868,23.417486,21.052582,24.215239,26.475588,26.983273,30.62056,29.661245,26.795073,28.127163,30.747177,25.855457,23.650879,19.598215,20.451178,17.047346,19.972158,18.271542,18.13473,18.282331,15.894689,13.490611,11.777748,11.096667,12.228552,13.204357,16.488802,17.660177,21.690123,23.924654,27.695345,28.755774,26.770008,30.057516,27.808577,23.201542,22.530182,18.175045,19.089159,13.653478,15.04067,11.568317,14.218617,11.857326,16.03208,17.891111,21.058949,23.361835,22.104225,19.002882,20.478325,15.128935,20.057707,15.582891,19.665886,21.943771,19.476576,16.973505,15.670669,10.953233,11.0710945,7.294054,10.071339
6,17.142544,14.109039,12.362383,9.8335085,5.5009565,5.136647,0.0,6.1495304,7.5171533,11.086134,15.450239,17.50421,19.369076,19.71522,16.301184,12.297842,10.378077,6.315229,7.270811,4.5887055,7.8551273,7.6386266,11.113688,12.667082,9.399386,14.525187,10.336339,12.084968,8.251469,12.173616,9.243994,14.522218,17.425053,20.606365,22.50092,23.865385,27.974981,28.9476,26.859674,24.058655,19.167341,20.2577,15.337749,16.58076,13.2648,14.034327,14.005212,14.5540695,17.261686,18.445044,16.580416,19.298296,16.417631,19.494654,21.383373,22.102875,25.51665,24.716108,21.921055,23.414911,25.80243,21.018696,18.838003,14.494759,15.710465,12.272878,15.884968,14.435466,15.4177885,15.746169,12.90589,11.860685,8.5663,9.346837,9.396077,8.757281,12.5150585,13.199142,17.429724,19.639921,23.361074,24.457123,23.098228,26.47179,23.748096,19.518076,18.702372,14.084166,15.19963,9.198943,10.885103,7.915489,10.811506,10.702652,14.147738,16.02395,19.306856,20.784565,19.981308,17.336323,17.547163,13.047359,17.14894,12.574092,16.878975,19.152763,17.61282,15.233045,15.599828,10.318571,12.542531,9.43977,13.450822
7,19.885805,17.543732,15.693295,13.770651,10.202601,6.694252,6.1495304,0.0,4.4581246,6.4758205,11.61267,13.155777,15.605142,16.998486,13.381483,10.300115,7.0959363,6.286909,4.317497,7.048741,5.723096,10.519613,13.284371,16.318577,14.775972,19.862988,16.204607,17.985067,13.919456,17.49984,13.235129,18.519112,19.620308,22.396894,23.872313,24.280603,28.69061,29.077871,27.136944,25.113966,20.149197,21.036528,16.969004,17.2701,15.15064,14.855418,15.765353,15.230995,19.43368,20.107967,19.080719,21.347237,19.323992,22.862057,24.18954,26.09786,28.586092,28.667755,26.016129,27.260199,28.54638,23.769545,22.6798,17.865211,20.436922,16.72504,21.060402,19.059948,20.65788,20.164118,16.755873,14.905109,11.803203,9.936338,9.138556,9.844575,11.72418,12.8572,16.393578,18.551382,22.27513,23.429287,20.861275,24.338007,22.8413,18.047527,18.324373,13.858504,16.445002,11.378187,14.648842,13.046359,16.487036,16.381594,20.190834,21.693632,24.88656,26.21632,24.814236,21.93395,21.804281,16.55907,20.016489,14.395854,17.23793,18.626528,16.133608,14.587938,12.808169,9.954069,11.284891,9.824359,13.577093
8,23.006369,20.081022,18.8984,15.867402,12.420772,9.920098,7.5171533,4.4581246,0.0,4.6249113,8.209411,10.977289,12.574061,13.763971,10.624301,7.0705957,6.6744184,5.3566704,6.9927945,10.049507,10.153607,14.011731,16.942541,19.613043,16.847208,21.839945,17.343264,18.186277,13.731437,16.198563,11.381751,15.846751,16.13044,18.390715,19.921505,19.92579,24.449053,24.898378,23.3012,21.677015,16.73551,18.461332,14.470227,15.904751,14.517694,15.048932,16.928974,17.394604,21.284653,20.984695,19.70703,21.032322,18.431293,21.718273,21.86463,24.351477,26.024296,26.202843,23.49463,24.28343,25.074743,20.273645,19.862963,15.3746395,18.962599,15.7858305,20.741144,19.35943,21.738232,21.614115,18.065311,17.284555,13.256165,12.4340515,10.473225,9.0387535,10.402488,10.027473,13.59654,14.976949,18.780905,19.546705,17.006023,20.241253,18.530972,13.692937,13.889929,9.563887,12.431941,8.141304,12.0836735,11.932159,15.656132,16.888609,20.4397,21.299994,24.327251,24.962738,23.355667,20.724852,19.601221,14.728145,17.07233,11.180758,13.352683,14.459378,12.397963,11.208351,10.651435,8.195933,11.078701,10.774012,15.067496
9,26.345987,23.845905,22.07604,19.841677,16.124704,13.108306,11.086134,6.4758205,4.6249113,0.0,5.621133,6.7576013,9.167482,10.903276,7.4466233,5.653298,4.239141,6.8237324,7.0310163,12.147391,11.511944,16.476717,18.518206,22.044622,19.901175,24.660765,20.4825,21.339956,16.933525,19.560661,14.155933,18.969402,17.695932,20.530508,20.84698,20.815147,24.981894,24.679123,22.756386,21.50023,16.818586,17.67707,14.799368,14.916459,14.582098,14.270688,16.806322,16.839457,21.339361,20.429781,19.806799,20.6546,18.965807,22.49064,22.56787,25.808485,26.92506,28.010645,25.692617,26.731544,26.586472,22.206053,22.368914,17.327948,21.37066,17.89298,23.062908,21.140528,24.047518,23.25083,19.380573,18.424047,14.591992,12.642912,10.049741,9.581358,8.954293,9.382616,11.754247,13.491484,17.010473,18.187004,14.997692,18.651268,18.056751,13.32051,14.836612,10.760596,15.085758,11.4735365,15.879782,16.137136,19.684763,21.187092,24.518091,25.65088,28.71338,29.169079,27.74887,25.244333,23.74738,19.187237,20.947657,15.034136,16.188494,16.412376,14.429063,14.223484,12.780945,12.250387,14.554026,14.744028,18.672617
10,31.06853,28.222038,27.011944,24.027624,20.59621,17.952255,15.450239,11.61267,8.209411,5.621133,0.0,4.8120437,4.792375,7.2006836,5.6651154,5.778226,8.685277,10.767231,12.520788,17.315058,16.97999,21.718908,23.953575,27.249763,24.44459,29.111921,24.435678,24.56322,20.076536,21.52192,16.039064,19.358864,16.538994,18.25484,18.220854,17.103754,21.251637,20.650343,19.405664,19.284595,15.136593,16.926867,15.041861,16.148983,17.078548,17.396202,20.712122,21.409359,25.602686,23.795996,23.125574,22.868952,20.917734,23.997177,22.529776,26.60044,26.393757,27.844545,25.647964,26.021051,24.828472,20.78455,22.169405,17.882019,22.925833,20.211811,25.70794,24.375612,27.871786,27.341148,23.459452,23.242071,18.989548,17.696653,14.626495,12.779403,11.085754,9.559605,10.538101,10.472212,13.672312,14.14683,10.137783,13.360923,13.522522,8.791162,11.278666,8.715623,13.542235,12.344394,16.809238,18.514877,22.05842,24.468092,27.578676,28.046324,30.832296,30.603197,28.9006,26.703173,24.271252,20.321749,20.563063,14.973357,14.304127,13.382985,12.046063,13.115857,12.531082,13.764317,16.605133,17.957268,21.889534
11,33.03726,30.598997,28.678307,26.567335,22.738686,19.81717,17.50421,13.155777,10.977289,6.7576013,4.8120437,0.0,3.6869678,6.344586,4.3786273,7.229373,8.199291,12.095347,12.677081,18.205664,17.669031,22.75796,24.16445,28.088179,25.89447,30.290697,26.071123,26.417171,22.090733,24.091341,18.346443,22.50717,19.098886,21.961147,20.730045,20.335146,23.764635,22.433115,20.45517,20.223087,16.463358,16.7249,15.885404,15.218767,16.812588,16.204191,19.728916,19.957426,24.459513,22.307495,22.289759,21.830528,20.947653,24.241589,23.330034,27.686344,27.449862,29.654497,27.872362,28.822014,27.190918,23.607353,24.900364,19.934164,24.755465,21.592867,26.9791,25.021158,28.73759,27.560957,23.537155,23.081339,19.264025,17.170734,13.986146,13.303942,10.354458,10.333699,9.958524,10.997298,13.527783,14.888355,10.862167,14.6947,15.857368,12.01349,15.143797,12.407641,17.727758,15.791798,20.388163,21.691715,25.04883,27.39518,30.33248,31.343699,34.28611,34.152756,32.84399,30.67355,28.302025,24.460125,24.963516,19.356745,19.01959,18.042305,16.820158,17.86774,16.65805,17.823277,20.247112,21.171875,24.981804
12,35.37832,32.63163,31.069176,28.41984,24.709332,22.125862,19.369076,15.605142,12.574061,9.167482,4.792375,3.6869678,0.0,3.9409544,4.6481314,7.8639574,10.891617,13.870987,15.524327,20.690142,20.596474,25.337313,27.012218,30.657211,27.885918,32.230988,27.648436,27.516779,23.178606,24.437227,18.789692,21.992603,17.790546,20.00734,18.49202,17.569803,20.826021,19.321663,17.777285,18.262054,14.953097,15.932888,15.621861,15.88593,18.007984,18.033401,21.867573,22.677711,26.802813,24.211748,23.975088,22.898201,21.638542,24.553514,22.64757,27.386894,26.361172,28.686737,26.984104,27.520294,25.306808,22.005215,23.973618,19.593092,24.88743,22.27308,27.778967,26.291014,30.304125,29.41768,25.449953,25.531036,21.372032,19.927683,16.54388,14.844598,11.838759,10.474604,9.356485,8.896966,11.074189,11.886184,7.3806005,11.033051,12.64461,9.233862,12.858516,11.192434,16.471643,15.830002,20.282034,22.350641,25.634768,28.549564,31.292048,31.908998,34.66575,34.09887,32.700035,30.773245,27.848715,24.51624,24.150095,18.928196,17.751848,16.239283,15.704881,17.277975,16.945333,18.510052,21.36928,22.696674,26.625713
13,36.44426,33.514942,31.809029,29.151428,25.197557,23.199697,19.71522,16.998486,13.763971,10.903276,7.2006836,6.344586,3.9409544,0.0,3.9783309,7.4258366,11.466348,13.770897,16.351849,21.045303,21.990673,25.895485,27.357975,30.85027,27.570286,31.51694,26.835098,26.233795,22.121908,22.944359,17.379444,20.299932,15.261354,18.313042,15.698839,15.699266,18.258179,16.460125,14.290983,14.588077,11.6339035,12.319727,12.784185,13.19998,15.958252,16.412485,20.545143,22.030027,25.576773,22.405218,22.073837,20.327513,19.052267,21.646282,19.295486,24.327988,22.86798,25.589304,24.203741,24.944736,22.284224,19.444847,21.593702,17.237171,22.626303,20.326418,25.753204,24.461603,28.877415,28.02669,24.15174,24.901352,20.589136,19.82668,16.224152,13.791364,10.431267,8.448759,6.1271944,5.283279,7.275767,8.635878,5.354651,9.800375,10.629087,8.33026,11.930478,10.283155,15.723709,15.202956,19.450027,21.885366,24.781874,28.380337,30.572737,31.269049,33.947025,33.007927,32.055664,30.493744,27.084297,24.572977,23.74815,18.980108,18.025198,16.639307,17.10136,18.474396,19.333433,19.926128,23.368355,24.248919,28.471441
14,32.885757,30.136158,28.169212,25.868172,21.777601,19.621033,16.301184,13.381483,10.624301,7.4466233,5.6651154,4.3786273,4.6481314,3.9783309,0.0,4.3915052,7.50101,10.255334,12.420373,17.267172,18.148523,22.112083,23.473194,27.096148,24.146683,28.202282,23.733482,23.556395,19.367735,20.919565,15.1600065,19.16244,15.2204685,18.939127,17.030361,17.555922,20.600935,19.310339,16.816236,16.07251,12.226724,12.409014,11.653201,11.4107,13.382785,13.442725,17.340635,18.48525,22.338184,19.66554,19.338282,18.347471,17.130772,20.21062,18.981459,23.472454,23.081589,25.420479,23.799507,24.948338,23.189323,19.805613,21.08477,16.032825,20.989075,18.081884,23.507114,21.814547,25.940756,24.931353,20.96835,21.305168,17.109268,15.99393,12.44502,10.520944,7.226406,6.3303456,5.6508803,7.1698713,10.092674,11.828331,9.034936,13.390734,13.374336,10.018624,12.88944,9.733566,15.3245535,13.286665,17.773632,19.470354,22.481173,25.590439,27.978882,29.031433,31.90397,31.409233,30.526056,28.707495,25.857082,22.805532,22.901592,17.669035,17.696209,16.975513,16.738478,17.493847,17.803596,17.709589,20.953646,21.36253,25.584183
15,29.16425,26.186205,24.469791,21.814629,17.78546,16.021948,12.297842,10.300115,7.0705957,5.653298,5.778226,7.229373,7.8639574,7.4258366,4.3915052,0.0,5.732871,6.465164,9.875984,13.913029,15.410159,18.71165,20.568666,23.71776,20.336391,24.558508,19.840092,19.663666,15.331973,16.920279,11.174322,15.443073,12.716988,16.480398,15.675397,16.479637,20.088383,19.646526,17.330635,15.852738,11.201408,12.316492,9.68783,10.796582,11.382812,12.169013,15.583259,17.038612,20.626196,18.585669,17.63242,17.323208,15.155338,18.30101,17.41653,21.219097,21.62826,23.113863,21.063555,22.178549,21.397963,17.382957,18.001373,12.898671,17.674492,14.722037,20.220844,18.802603,22.617836,22.04922,18.187637,18.610725,14.088603,13.676023,10.299404,7.374394,5.8520803,4.077459,6.638317,8.280118,11.9782,13.287468,11.248964,15.207764,13.719733,9.70615,11.261536,6.891855,12.115821,9.074169,13.610588,15.092946,18.18387,21.237444,23.690817,24.681229,27.579126,27.24117,26.327612,24.434032,21.819487,18.625128,19.158928,13.82553,14.746175,14.794055,14.4779625,14.496959,15.431118,14.091531,17.688812,17.669846,22.072378
16,26.104244,23.781952,21.262093,19.826777,15.53576,13.023126,10.378077,7.0959363,6.6744184,4.239141,8.685277,8.199291,10.891617,11.466348,7.50101,5.732871,0.0,5.042079,4.975313,10.233104,10.928273,14.960162,16.174677,20.033987,17.95092,22.261593,18.410568,19.312605,15.1853075,18.329231,12.859721,18.600735,17.289822,21.523989,20.992575,22.125715,25.72985,25.233505,22.538364,20.542753,15.919404,15.588117,12.787683,11.647706,11.047961,10.191965,12.7339115,12.828261,17.30727,16.25363,15.822376,16.834343,15.687556,19.420292,20.386662,23.417402,25.019474,26.407623,24.392406,26.124931,26.07261,21.981348,21.619312,15.916077,19.396498,15.473511,20.433468,18.000143,21.116846,19.869633,15.889276,15.0363245,11.3134575,9.173249,6.1416955,6.5417376,5.662866,7.916729,10.35148,13.335363,16.688396,18.533476,16.21748,20.35457,19.396826,15.241578,16.705158,12.078515,16.5865,11.942172,16.174309,15.971819,19.042118,20.776567,23.57685,25.340391,28.519402,28.993519,28.241096,25.951397,24.436714,20.434721,22.425507,16.802576,18.725315,19.254852,17.882343,17.345354,16.598555,14.858013,17.346294,16.525085,20.55173
17,23.2283,20.39318,18.257048,16.140633,11.760127,10.416681,6.315229,6.286909,5.3566704,6.8237324,10.767231,12.095347,13.870987,13.770897,10.255334,6.465164,5.042079,0.0,5.321912,7.5884857,10.339079,12.3863125,14.388784,17.2741,14.019881,18.441965,14.006084,14.646511,10.337404,13.451511,8.228793,14.2098,14.359504,18.62636,18.9306,20.529453,24.268484,24.502375,21.966345,19.383936,14.471451,15.005423,10.765014,11.384298,9.320546,9.952671,11.773955,12.911655,16.327938,15.772144,14.367905,15.810375,13.371902,16.859673,17.967793,20.16875,22.456501,22.94585,20.591032,22.298004,23.195448,18.76672,17.658224,12.19113,15.17269,11.376222,16.334179,14.465875,17.34368,16.854511,13.114704,12.924939,8.472637,8.450364,6.026796,3.8190756,6.4599113,7.332885,11.316383,13.913138,17.555508,19.027277,17.622595,21.429169,19.187109,15.13679,15.347912,10.339336,13.608641,7.909067,11.625894,11.035027,14.00342,16.027567,18.647715,20.354845,23.52578,24.005035,23.420216,21.235102,19.82366,16.113152,18.439796,13.209635,16.21585,17.547077,16.601162,15.273423,15.877454,12.31978,15.471982,13.892847,18.251307
18,21.41684,19.427544,16.563358,15.815952,11.55583,8.736762,7.270811,4.317497,6.9927945,7.0310163,12.520788,12.677081,15.524327,16.351849,12.420373,9.875984,4.975313,5.321912,0.0,5.860686,6.188134,10.21904,11.587636,15.477503,14.220158,18.774302,15.534995,17.349152,13.543813,17.625666,13.052164,19.210543,19.66458,23.72175,24.09745,25.361073,29.232355,29.207739,26.588945,24.148668,19.34762,19.091297,15.451365,14.402604,12.238492,11.1592245,11.979266,11.146614,15.68092,16.20105,15.559526,17.958744,16.715214,20.487944,22.554743,24.515287,27.21199,27.85225,25.593815,27.487604,28.483614,24.087652,22.816212,17.283104,19.545193,15.3376875,19.553083,16.862494,18.835709,17.631073,13.953978,11.973387,9.051417,6.1774325,5.16279,7.5890746,9.111783,11.620222,14.791199,17.81996,21.304354,23.041262,20.877968,24.838495,23.445606,19.057978,19.781246,14.946963,18.318129,12.739972,16.18088,14.544101,17.475748,17.884233,21.013422,23.178951,26.471243,27.663216,26.938139,24.356697,23.904291,19.377184,22.58826,17.12537,20.070248,21.297276,19.381405,18.069902,16.780031,13.924466,15.576844,13.727204,17.370321
19,16.755398,14.695052,11.428239,11.267916,6.7380376,5.7259445,4.5887055,7.048741,10.049507,12.147391,17.315058,18.205664,20.690142,21.045303,17.267172,13.913029,10.233104,7.5884857,5.860686,0.0,5.804063,4.933232,7.081937,9.979565,8.486164,13.20885,10.416272,13.038407,10.031772,14.829419,11.942097,18.00031,20.372673,24.472715,25.539726,27.381254,31.185537,31.747406,29.11434,26.026966,21.25579,21.169203,16.723097,16.329472,12.7281065,12.338659,11.3521595,10.8242,13.895662,15.875767,14.518156,18.01476,16.221811,19.610466,22.652758,23.215775,27.083166,26.767344,24.353193,26.482147,28.689392,24.223778,21.842758,16.84938,17.423382,13.337689,16.323557,13.775994,14.3629055,13.683208,10.747463,8.34374,6.324142,5.618124,7.1980233,9.050941,12.471201,14.602002,18.403334,21.403368,24.94142,26.55962,25.148626,28.93894,26.636086,22.468725,22.231007,17.346073,19.283175,13.083632,15.005095,11.864285,13.999355,13.300585,16.220718,18.956635,22.280287,24.049269,23.765085,21.220955,21.702389,17.486101,21.655235,17.090935,21.214853,23.245596,21.561155,19.428556,18.948357,14.337501,15.774028,12.455237,15.746008
20,16.200048,14.924719,12.016857,12.2285795,9.082253,5.1438193,7.8551273,5.723096,10.153607,11.511944,16.97999,17.669031,20.596474,21.990673,18.148523,15.410159,10.928273,10.339079,6.188134,5.804063,0.0,6.877898,9.04599,12.41364,13.04629,17.82742,15.681173,18.529236,15.3786,19.841156,16.566998,22.247065,24.217146,27.423735,28.902905,29.752441,34.035442,34.43864,32.1789,29.719778,24.808678,24.95602,20.862839,20.195148,17.345123,16.279097,15.7427,13.934264,18.053993,20.13053,19.394997,22.736073,21.380354,24.965637,27.549957,28.667913,32.058254,31.93297,29.376728,31.071035,32.948742,28.245625,26.43308,21.530893,22.852709,18.841576,22.103544,19.541492,19.91608,19.032297,16.171417,12.94904,11.745882,8.9493265,10.247142,12.944314,15.223071,17.410994,20.856623,23.597858,27.2114,28.681723,26.24251,29.893518,28.430792,23.720098,23.929459,19.345205,21.56966,16.022736,18.477224,15.603385,18.364092,16.670303,20.463371,22.689058,25.92851,28.03447,26.962349,23.945002,24.90898,19.609533,24.017622,18.902668,22.333282,24.02737,21.322527,19.446125,17.054323,13.873395,13.732707,11.050407,13.43335
21,12.268088,10.898907,6.8228493,8.638629,5.4388514,5.659438,7.6386266,10.519613,14.011731,16.476717,21.718908,22.75796,25.337313,25.895485,22.112083,18.71165,14.960162,12.3863125,10.21904,4.933232,6.877898,0.0,4.5147786,5.8585424,6.7980866,11.264842,10.21379,13.798574,12.056708,16.861826,15.438665,20.844976,24.309916,27.972134,29.643414,31.424566,35.3431,36.19183,33.689243,30.469854,25.747253,25.747562,21.14799,20.835484,16.892979,16.442766,14.4507,13.298154,15.499346,18.724737,17.356066,21.49108,19.796469,22.851921,26.427864,26.151947,30.641329,29.731033,27.22889,29.32731,32.258533,27.750095,24.852646,20.4829,20.013634,16.325851,18.023598,15.673915,14.527708,14.1807375,12.451805,9.221576,9.484793,9.102123,11.709256,13.811122,17.355888,19.441122,23.31011,26.243132,29.807604,31.336191,29.909864,33.57351,31.134544,26.888443,26.311058,21.60126,22.757807,16.722214,17.685223,13.637676,15.08498,12.419977,15.432566,18.475317,21.662863,24.238525,23.999323,21.306316,22.997324,18.671032,23.648476,19.711353,24.207642,26.582594,24.595922,22.084227,21.239748,16.30176,16.661407,12.612244,14.673392
22,14.566131,14.197448,9.337056,12.751537,9.762696,9.835166,11.113688,13.284371,16.942541,18.518206,23.953575,24.16445,27.012218,27.357975,23.473194,20.568666,16.174677,14.388784,11.587636,7.081937,9.04599,4.5147786,0.0,5.0380044,8.262228,11.014462,11.559896,15.220847,14.167524,19.200747,17.713287,23.580381,26.525797,31.004646,31.907545,34.208405,37.77008,38.29049,35.31132,31.822294,27.319715,26.396976,22.293179,20.835796,16.880474,15.660974,12.801536,10.754764,12.574033,16.592339,15.757307,20.355225,19.661879,22.743029,27.172062,26.733826,31.508085,31.036077,28.929672,31.565176,34.280693,30.11775,27.095207,22.294172,21.370192,17.405666,18.483639,15.374485,13.956956,12.560906,11.175977,6.9115314,9.315409,8.228126,11.69067,14.920223,18.022276,20.898462,24.337936,27.784237,31.10668,33.03443,31.784693,35.74614,33.50839,29.463602,29.252813,24.343298,26.078823,19.828014,21.025696,17.150585,18.162039,15.9469795,18.090649,21.667965,24.802319,27.302351,27.616398,25.18178,26.661549,22.79893,27.5407,23.565252,27.988745,30.193405,28.355858,26.045994,25.075687,20.452871,20.883503,16.995148,18.906202
23,11.453247,11.217778,6.4341183,10.780185,9.2555,11.189442,12.667082,16.318577,19.613043,22.044622,27.249763,28.088179,30.657211,30.85027,27.096148,23.71776,20.033987,17.2741,15.477503,9.979565,12.41364,5.8585424,5.0380044,0.0,6.2125864,7.8331323,9.912262,13.879144,14.038904,18.627998,18.662043,23.632618,27.746288,31.782242,33.31568,35.721737,39.276863,40.255817,37.4923,33.80685,29.394083,28.93942,24.433952,23.829042,19.496037,19.047827,15.926392,14.783342,15.156747,19.465878,18.061039,22.741074,21.420063,23.931963,28.458302,27.091698,32.383446,31.089035,28.857822,31.36456,34.895077,30.749645,27.177622,23.24638,21.319641,18.065147,17.971607,15.66891,12.72994,12.482373,12.465263,9.29684,11.797154,12.439004,15.63293,17.806545,21.500063,23.783594,27.552023,30.710594,34.098156,35.78396,34.881157,38.6154,35.83429,31.912205,31.09489,26.393845,27.137495,21.092896,21.208492,16.786856,16.938992,13.617922,15.229113,18.980967,21.84491,24.833853,25.413752,23.138678,25.414982,22.03919,27.146553,24.076906,28.928215,31.546339,29.880262,27.17401,26.776917,21.453365,21.734362,17.391808,18.719286
24,14.03596,11.774021,8.766129,9.411894,6.772126,10.317684,9.399386,14.775972,16.847208,19.901175,24.44459,25.89447,27.885918,27.570286,24.146683,20.336391,17.95092,14.019881,14.220158,8.486164,13.04629,6.7980866,8.262228,6.2125864,0.0,5.2971435,3.9047778,7.862328,8.099507,12.455622,13.179026,17.647764,22.188753,26.18615,27.815132,30.481766,33.829338,35.07656,32.466675,28.687765,24.40532,24.507545,19.665464,20.204744,15.737346,16.46471,14.001499,14.622313,14.573127,17.69156,15.438707,19.495428,17.051043,19.224363,23.187454,21.6281,26.856838,25.17702,22.799139,25.198854,28.943766,24.847588,21.09175,17.592424,15.410921,12.568463,12.579379,11.121303,8.740209,9.873292,9.525255,8.56194,8.842275,11.64888,13.807267,14.199941,18.406956,19.827719,23.824125,26.58656,29.937551,31.370571,31.045578,34.54973,31.193428,27.664824,26.391716,21.887634,22.066051,16.196499,15.675174,11.333299,10.982792,8.875722,9.966083,13.84153,16.897707,19.321182,20.189953,18.245453,19.832462,17.25058,21.888718,19.326418,24.36704,27.133049,26.173977,23.397675,24.349638,18.399576,19.875824,15.653675,18.071365
25,16.340889,14.795821,11.843786,13.597312,11.916417,15.516501,14.525187,19.862988,21.839945,24.660765,29.111921,30.290697,32.230988,31.51694,28.202282,24.558508,22.261593,18.441965,18.774302,13.20885,17.82742,11.264842,11.014462,7.8331323,5.2971435,0.0,5.5775566,8.458022,11.014151,14.435869,16.413666,20.223011,24.92975,29.359003,30.571962,33.902008,36.720345,38.0011,35.110672,30.926996,27.13446,26.703081,22.219936,22.418762,17.866096,18.620758,15.405014,16.305367,14.455248,18.076729,15.789862,20.010715,18.013416,19.419065,24.224604,21.557343,27.460503,25.516104,23.60357,26.470186,30.595474,27.092634,22.830223,19.867077,16.261797,14.156478,11.985248,10.808316,6.2788477,7.9966564,9.878627,9.856779,11.688697,14.965857,17.351587,17.805983,21.848145,23.421923,27.130978,30.058502,33.12167,34.71339,34.962017,38.513832,34.89566,31.810822,30.430164,26.023499,26.013508,20.365492,19.297451,15.219474,13.6633,11.920956,10.8727045,15.238378,17.745724,20.149023,22.051105,20.778496,22.458582,21.091955,25.395649,23.617294,28.726564,31.560377,30.996788,28.200956,29.546001,23.475845,25.019726,20.741135,22.83238
26,17.277756,14.51703,12.336389,11.720857,9.034338,12.761164,10.336339,16.204607,17.343264,20.4825,24.435678,26.071123,27.648436,26.835098,23.733482,19.840092,18.410568,14.006084,15.534995,10.416272,15.681173,10.21379,11.559896,9.912262,3.9047778,5.5775566,0.0,3.982111,5.501098,9.216522,10.98271,14.825782,19.590311,23.834352,25.236046,28.369791,31.329712,32.712093,30.068192,26.085955,22.111391,22.350014,17.493702,18.674978,14.227077,15.768729,13.649854,15.430562,14.627029,16.920399,14.185505,17.679646,14.621901,16.263084,20.074577,18.057644,23.443245,21.48041,19.172987,21.735306,25.680868,21.858482,17.803406,14.73369,11.817291,9.557959,8.937831,8.364361,6.3472567,8.63463,8.56987,9.600949,8.843091,12.908034,14.325183,13.508383,17.790668,18.663,22.585627,25.129982,28.292181,29.633562,29.918722,33.285236,29.510134,26.472599,24.925362,20.636032,20.45727,14.899762,13.777012,9.902576,8.588378,8.43495,8.005532,12.010849,14.985946,16.752735,18.240536,16.857615,17.702229,16.28082,20.22211,18.285002,23.335777,26.132666,25.841927,23.125738,25.06282,18.925972,21.191795,17.270966,20.169634
27,20.69846,17.560041,16.0211,14.463663,11.876507,15.49636,12.084968,17.985067,18.186277,21.339956,24.56322,26.417171,27.516779,26.233795,23.556395,19.663666,19.312605,14.646511,17.349152,13.038407,18.529236,13.798574,15.220847,13.879144,7.862328,8.458022,3.982111,0.0,4.526256,6.1665688,9.376829,12.038538,16.9988,21.364048,22.55379,26.117235,28.648262,30.199957,27.604387,23.485266,19.908337,20.43736,15.652229,17.696087,13.549989,15.943741,14.459702,17.197912,15.944897,17.190355,14.101721,16.664951,12.883107,13.783475,17.087914,14.596191,20.029821,17.675964,15.393326,18.070463,22.238075,18.732496,14.381404,12.026221,8.242234,7.1700172,5.828475,7.0721865,6.451169,9.511325,9.531291,12.070443,10.3663,15.020726,15.63988,13.603425,17.723269,17.872778,21.620657,23.79534,26.71749,27.888386,28.800573,31.939098,27.750525,25.28087,23.435879,19.524437,18.900288,13.980652,12.197618,9.30293,6.9934807,9.335853,7.4959345,10.955741,13.655223,14.454691,16.544992,15.833701,15.6983595,15.630366,18.608028,17.422396,22.30763,25.07587,25.489183,22.900154,25.78518,19.651953,22.597467,19.093945,22.349653
28,20.449602,17.052795,15.51327,13.152557,9.696788,12.491375,8.251469,13.919456,13.731437,16.933525,20.076536,22.090733,23.178606,22.121908,19.367735,15.331973,15.1853075,10.337404,13.543813,10.031772,15.3786,12.056708,14.167524,14.038904,8.099507,11.014151,5.501098,4.526256,0.0,5.080584,5.5128994,9.866872,14.20642,18.56179,19.84928,22.900803,25.915705,27.289904,24.812216,21.046452,16.907019,17.836178,12.682385,15.036211,11.078295,13.528675,12.972033,15.583906,15.733321,16.392984,13.496813,15.755827,11.7301655,13.587159,15.991077,15.062038,19.532139,17.863277,15.239768,17.506195,20.90111,16.776176,13.170823,9.613441,8.220388,5.67072,8.056939,8.160488,9.48688,11.256559,9.529237,11.445352,8.172211,12.40942,12.361457,9.7576275,14.006362,13.925772,17.95083,20.050434,23.24331,24.358223,24.78379,27.985332,24.058247,21.184536,19.554358,15.364156,15.253991,9.775897,8.922579,6.1580815,5.850918,8.999539,9.369362,11.92735,15.008799,15.613062,16.572678,15.235932,14.510231,13.189941,16.164793,13.838309,18.613094,21.216322,21.401112,18.95935,21.653454,15.766198,19.021065,15.884304,19.661182
29,23.82535,20.02649,19.467705,16.161192,13.602629,16.528276,12.173616,17.49984,16.198563,19.560661,21.52192,24.091341,24.437227,22.944359,20.919565,16.920279,18.329231,13.451511,17.625666,14.829419,19.841156,16.861826,19.200747,18.627998,12.455622,14.435869,9.216522,6.1665688,5.080584,0.0,5.788899,5.899379,11.62314,15.283881,17.002594,20.30746,22.911377,24.822088,22.802437,19.098135,15.5627985,17.54194,12.555103,16.528757,13.387978,16.659704,16.784554,20.002682,19.70693,19.547018,16.450338,17.518087,12.721401,13.353749,14.130619,12.707164,16.716145,14.026222,11.00705,12.793327,16.924725,12.958515,8.797628,7.5037346,5.536666,6.2942405,8.05356,10.381487,12.115179,14.633207,13.475095,16.203377,12.820137,17.115957,16.456547,12.716527,16.409544,15.029824,18.745054,19.921469,22.79877,23.386972,24.581472,27.196924,22.597544,20.51794,18.155993,14.934031,13.425448,9.735552,7.0449553,6.4301605,4.480193,10.188324,9.216374,10.301418,12.764662,12.040122,13.448644,13.044856,10.993721,11.8802,13.360309,12.721838,17.18718,19.877901,21.039421,18.685331,22.729269,16.944414,20.761967,18.223095,22.011112
30,24.541088,20.93125,19.712887,16.564505,12.905626,14.313546,9.243994,13.235129,11.381751,14.155933,16.039064,18.346443,18.789692,17.379444,15.1600065,11.174322,12.859721,8.228793,13.052164,11.942097,16.566998,15.438665,17.713287,18.662043,13.179026,16.413666,10.98271,9.376829,5.5128994,5.788899,0.0,6.6591744,9.093036,13.9051,14.677896,17.650831,20.708845,21.917294,19.553576,16.122313,11.715251,13.532847,8.1936,12.05359,9.3875475,12.520357,13.769382,16.815567,17.822315,16.919655,14.268315,14.953383,10.447499,12.452128,12.7784195,13.664984,16.509747,15.618604,12.88275,14.67588,16.854347,12.424608,9.991185,5.314662,7.623975,5.464206,10.442219,10.76398,13.965325,15.089577,12.457602,14.630916,10.138732,13.530988,11.930182,7.4787397,10.901427,9.386695,13.362362,14.858951,18.061201,18.946928,19.536867,22.597965,18.570091,15.929874,14.376253,10.25534,10.723699,5.5894237,6.171155,6.7188916,8.055017,12.727448,13.595376,14.825757,17.62737,17.12197,17.448053,16.266356,13.790736,12.633378,13.913968,10.92924,14.83691,16.948486,17.76983,15.916494,19.314917,14.301319,18.444412,16.460567,20.819649
31,27.845587,23.777498,23.772543,19.580168,17.1359,19.12674,14.522218,18.519112,15.846751,18.969402,19.358864,22.50717,21.992603,20.299932,19.16244,15.443073,18.600735,14.2098,19.210543,18.00031,22.247065,20.844976,23.580381,23.632618,17.647764,20.223011,14.825782,12.038538,9.866872,5.899379,6.6591744,0.0,7.0560246,9.415802,11.814869,14.675851,17.378738,19.666233,18.404432,15.43956,12.168161,15.80465,11.281204,16.745934,15.011131,18.582546,19.973396,23.330902,23.757645,22.568586,19.712912,19.537062,14.542583,14.951347,12.99104,13.269498,14.964382,12.470677,9.022497,9.087515,12.449244,7.7741714,4.923656,5.8630238,7.902488,9.522347,12.704302,14.978359,17.706583,19.815948,18.02703,20.70657,16.544703,20.160526,18.5307,13.825422,16.492731,13.625362,16.858574,16.747566,19.41014,19.273516,20.772774,22.705797,17.719755,16.251667,13.335285,11.3279915,8.733844,7.813841,4.94181,8.288817,8.191646,14.03291,13.893634,13.332081,15.1808405,13.185475,13.486581,13.40604,9.139385,10.937984,9.792009,9.777681,13.013679,15.347569,17.516788,15.714559,20.853943,16.043179,20.504759,19.179462,23.236736
32,33.078514,29.207222,28.561155,24.75097,21.521334,22.371141,17.425053,19.620308,16.13044,17.695932,16.538994,19.098886,17.790546,15.261354,15.2204685,12.716988,17.289822,14.359504,19.66458,20.372673,24.217146,24.309916,26.525797,27.746288,22.188753,24.92975,19.590311,16.9988,14.20642,11.62314,9.093036,7.0560246,0.0,7.3407664,5.658558,9.909142,11.834879,13.250241,11.430463,8.682045,5.55544,10.337994,7.4409566,13.454547,13.763636,17.260742,19.991592,23.557867,24.483232,21.869894,19.582659,17.844362,13.460234,13.900273,9.599892,12.830689,11.76516,11.833057,9.589355,9.772686,8.993339,4.772627,6.5021534,5.395009,10.709567,11.570051,15.884794,17.26239,21.401453,22.509562,19.986013,22.833305,18.22079,21.047308,18.400394,13.28693,14.034382,10.168266,11.866985,10.77882,12.799102,12.558196,14.977496,16.871319,11.840263,11.643421,9.6533785,8.467103,8.438857,9.253889,9.781609,13.709826,14.647221,20.271791,20.514807,20.344086,22.229082,19.983425,20.125301,19.99013,15.251667,16.289984,13.925956,12.534812,13.526149,14.32196,17.273306,16.768063,21.673923,18.512472,23.258362,22.777271,27.20812
33,34.863667,30.695057,31.199154,26.35888,24.13465,24.878397,20.606365,22.396894,18.390715,20.530508,18.25484,21.961147,20.00734,18.313042,18.939127,16.480398,21.523989,18.62636,23.72175,24.472715,27.423735,27.972134,31.004646,31.782242,26.18615,29.359003,23.834352,21.364048,18.56179,15.283881,13.9051,9.415802,7.3407664,0.0,6.6389475,6.1280913,9.560752,12.679443,13.706338,13.339322,11.476716,16.981665,14.477688,20.360788,20.568825,23.86846,26.521938,29.70038,31.04243,28.866758,26.515577,25.12838,20.642937,20.986805,16.370764,18.89494,17.17257,15.9890585,13.38702,10.807716,10.26939,6.315426,9.626285,11.822685,16.179014,17.609245,21.508987,23.420092,26.816416,28.470284,26.087751,28.47432,23.808098,26.345543,23.803196,18.833876,19.705484,15.459684,17.119045,14.613583,16.414074,14.65206,16.345509,16.475523,11.167372,11.427299,7.7257943,9.897682,6.335678,11.495927,10.881288,15.605196,16.785753,21.88082,22.57539,20.970585,22.194998,19.512386,18.36453,18.436172,13.1218,14.758756,10.170163,10.788717,9.609014,10.087606,14.190756,14.074979,20.08173,17.880878,22.475924,23.038757,27.01536
34,38.268314,34.31946,33.91747,29.83625,26.77054,27.278187,22.50092,23.872313,19.921505,20.84698,18.220854,20.730045,18.49202,15.698839,17.030361,15.675397,20.992575,18.9306,24.09745,25.539726,28.902905,29.643414,31.907545,33.31568,27.815132,30.571962,25.236046,22.55379,19.84928,17.002594,14.677896,11.814869,5.658558,6.6389475,0.0,5.99906,6.2424874,7.9053063,7.4150805,6.9240394,6.7759037,12.021787,11.456811,16.89872,18.347336,21.587994,24.790857,28.320162,29.407812,26.246399,24.258327,21.75118,17.911633,17.890383,12.174298,16.151196,12.772654,13.649321,12.276306,11.06714,7.2618327,5.5490174,10.071299,10.869835,15.774896,17.04695,21.085823,22.57661,26.881723,27.906963,25.346495,28.20892,23.551615,25.990322,23.023062,18.023716,17.759624,13.530727,13.677871,10.892693,11.509556,10.012913,13.5195,14.056793,8.730256,10.947875,9.206848,10.731942,10.575396,13.770296,14.426951,18.809523,19.826845,25.42281,25.678814,24.988695,26.492157,23.724215,23.557981,23.747837,18.483738,20.029459,16.319008,15.66249,14.769323,14.42783,18.27699,18.681408,23.84132,21.921677,26.644278,26.921778,31.267189
35,39.23159,35.221798,35.37779,30.758879,28.136337,28.077162,23.865385,24.280603,19.92579,20.815147,17.103754,20.335146,17.569803,15.699266,17.555922,16.479637,22.125715,20.529453,25.361073,27.381254,29.752441,31.424566,34.208405,35.721737,30.481766,33.902008,28.369791,26.117235,22.900803,20.30746,17.650831,14.675851,9.909142,6.1280913,5.99906,0.0,5.3934507,7.7208486,10.091129,11.866594,11.116852,16.503828,15.675581,20.862627,22.298828,25.169785,28.532457,31.542019,33.39541,30.530626,28.665812,26.569101,22.788939,23.329287,17.99878,21.8917,18.752634,19.18891,17.384693,15.202977,12.078543,9.91904,14.341864,15.228329,20.419014,21.263601,25.699816,27.026827,31.022997,32.101112,29.274036,31.5079,26.679935,28.487541,25.429796,20.66054,20.217667,15.765621,15.952117,12.24538,13.043924,10.369581,12.2297535,11.210727,6.083255,8.567689,6.366477,10.48602,9.614949,14.794781,15.764152,20.395779,22.107004,27.077038,28.13064,26.82414,28.224304,25.634237,24.3766,24.212002,19.086382,19.815023,15.437187,14.746493,11.906427,10.451679,14.75034,15.971581,21.150017,20.62851,25.06437,26.320654,30.375908
