,0,1,2,3,4,5,6,7,8,9,10,11,12,13,14,15,16,17,18,19,20,21,22,23,24,25,26,27,28,29,30,31,32,33,34,35,36,37,38,39,40,41,42,43,44,45,46,47,48,49,50,51,52,53,54,55,56,57,58,59,60,61,62,63,64,65,66,67,68,69,70,71,72,73,74,75,76,77,78,79,80,81,82,83,84,85,86,87,88,89,90,91,92,93,94,95,96,97,98,99,100,101,102,103,104,105,106,107,108,109,110,111,112,113
0,0.0,4.4268103,5.95706,10.84132,12.471546,13.429833,12.2536335,7.799786,6.6100736,7.6967363,9.66301,12.677513,14.233293,16.906948,14.379316,12.191978,11.2931795,11.752339,11.029996,14.390579,12.05288,17.027082,18.919336,23.858852,21.655458,28.199657,25.204659,26.068348,21.673359,23.663822,19.559145,22.145573,20.754755,22.711327,24.432812,23.40387,27.72329,28.144104,27.87033,27.025856,22.596035,24.109968,21.16398,21.724716,21.101763,20.899027,22.726059,21.946745,26.884956,26.225178,26.109825,26.82748,25.323542,28.663054,25.457508,31.166416,30.772118,30.718674,33.606956,30.283884,30.94312,26.074244,26.355495,23.973185,26.375484,23.372992,28.259224,26.256695,28.87936,28.106771,24.57448,22.593351,19.412813,17.34571,15.953855,15.757742,16.29443,16.050709,18.749813,19.135418,22.071987,22.25997,16.93195,18.201672,20.72141,17.843922,17.241749,15.685187,17.708307,15.555388,19.541862,21.327242,25.037802,26.243086,23.098385,26.42128,29.039045,26.090689,24.148403,21.809786,18.49798,17.920725,13.433813,13.431829,10.705745,12.540173,14.168838,12.00866,9.648335,11.455743,9.804441,14.04566,13.934058,18.379868
1,4.4268103,0.0,4.999109,7.142201,9.625249,10.531062,9.301313,7.157685,5.516981,9.033891,11.345455,14.951782,16.18877,18.046194,15.437707,12.173351,11.860119,10.380531,10.844031,12.436184,11.313371,14.678219,16.209717,21.15961,18.66083,25.10017,21.833458,22.702463,18.441778,20.155493,16.710506,18.740887,18.721888,20.099771,22.724949,21.8297,26.40787,27.361511,27.192333,25.987692,21.322199,23.386314,19.663202,21.101217,19.817732,20.232342,21.725325,21.375399,25.887236,25.602486,24.96754,25.952156,23.727413,26.871706,23.790833,28.807747,28.606861,28.000841,30.61582,27.215063,28.59527,23.501703,23.297865,21.582497,23.443274,20.778175,25.452019,23.883348,26.141508,25.847683,22.595621,20.852667,17.539083,16.45823,15.332862,14.345233,15.956813,15.253428,18.685537,18.975878,22.264938,22.250086,17.206022,18.807749,20.264175,16.842361,15.308328,13.763266,14.55417,12.077856,15.659805,17.332355,21.155914,22.181631,18.824173,22.386961,24.780546,21.679026,19.914724,17.479534,14.167885,13.938879,9.669341,10.901109,8.4211445,11.64617,14.12917,11.73817,8.864513,9.134082,5.8764935,10.045237,9.571464,14.0858965
2,5.95706,4.999109,0.0,6.7213955,7.189386,9.3712435,10.017345,7.1279445,8.493227,11.245168,14.822335,17.484694,19.464502,21.658031,18.60828,15.635766,13.511883,12.592652,10.863883,12.063321,8.79177,12.8951,15.498633,19.856945,18.689247,24.692791,22.459614,24.105341,20.155123,22.746054,19.614758,22.406897,23.142914,24.795065,27.386858,26.78595,31.303091,32.14026,31.656366,30.146559,25.35282,26.746784,22.952854,23.466312,21.691563,21.387632,22.120993,20.794971,25.60684,26.125345,25.778502,27.531712,25.788633,29.220587,26.7522,31.750532,32.317734,31.625763,34.327103,31.19822,32.951202,27.839512,27.090286,25.208141,26.18298,23.07395,27.236212,25.126183,26.710388,25.989807,22.915659,20.23605,17.919626,16.008907,15.860057,16.355015,18.192348,18.56276,22.032179,23.006495,26.350021,26.68432,21.587605,23.320381,25.099455,21.614067,20.162094,18.225311,18.922556,15.320123,18.540522,19.163382,23.00528,23.06143,20.827078,25.033604,27.175985,23.49898,22.866417,19.974457,16.817535,17.635519,13.825627,15.75311,13.280363,16.575281,18.84985,16.155708,13.21625,12.537177,9.842134,12.829012,11.153299,15.426744
3,10.84132,7.142201,6.7213955,0.0,3.6004174,4.691429,5.7703934,8.0672,9.082423,13.33766,17.093857,20.04546,21.710947,22.802477,19.681976,15.758844,14.296799,11.070503,11.103984,9.041914,8.952111,9.049634,10.677462,15.00695,13.272424,19.055328,16.457273,18.191793,14.630472,17.092648,15.158255,17.565847,20.420853,21.726597,25.030512,25.124681,29.58604,30.924437,30.278862,28.123913,23.17998,24.942677,20.277058,21.716146,19.009016,19.546509,19.695946,19.166569,23.043789,24.068386,22.962978,25.089396,22.44908,25.522415,23.501919,27.363596,28.484472,27.093227,29.471338,26.558617,29.310373,24.140469,22.454514,21.34877,21.165491,18.49576,22.066425,20.543257,21.500843,21.485703,18.938507,16.786703,14.405626,14.277918,14.56931,14.032161,17.246704,17.251993,21.416086,22.49255,26.167631,26.449284,22.017532,24.342447,24.804024,20.68509,18.348692,16.163815,15.353774,10.722492,12.896982,12.784281,16.646872,16.371208,14.391139,18.893848,20.87874,17.232374,17.437998,14.661473,11.130322,13.386233,10.391026,14.4717,12.1912155,16.936825,20.00279,17.777773,14.827621,13.024695,8.252327,9.909242,6.3358574,10.5071
4,12.471546,9.625249,7.189386,3.6004174,0.0,4.024411,7.2671804,8.924389,11.363973,15.054742,19.43898,21.860947,23.954758,25.228872,21.840454,18.145668,15.643575,12.93971,11.5487795,8.975698,7.468081,7.217712,9.931341,13.50781,13.157067,18.353666,16.815422,19.192085,16.047768,19.189495,17.469555,20.48424,23.576733,25.193226,28.296234,28.629906,33.00332,34.20534,33.299137,30.933989,25.948866,27.18243,22.572424,23.285141,20.275467,20.265549,19.780432,18.528385,22.487932,24.178715,23.285889,25.989141,23.769344,27.009342,25.499352,29.319782,31.020016,29.639765,32.095608,29.467667,32.377987,27.279766,25.272976,23.95507,23.147692,20.162434,23.21706,21.253916,21.611576,21.221226,18.904873,16.005518,14.613295,13.911867,15.024104,15.599014,18.839586,19.5738,23.67534,25.205902,28.901993,29.438763,24.954128,27.396948,28.115717,23.95913,21.797167,19.353603,18.768702,13.659886,15.556752,14.603695,18.218258,17.144558,16.38792,21.120056,22.932377,19.062462,20.163637,17.252634,13.967551,16.732044,13.958405,18.031782,15.585097,20.279379,23.236095,20.897047,17.88296,15.961693,11.674569,12.980949,9.138189,12.606867
5,13.429833,10.531062,9.3712435,4.691429,4.024411,0.0,4.1069374,7.726112,10.264363,13.824714,18.500568,20.527267,22.67761,23.420979,19.89699,16.102724,13.464769,10.198346,9.284918,5.306361,6.368229,4.450546,6.319918,10.748055,9.523012,15.321685,13.460659,15.71548,12.450483,16.089413,14.15949,18.030598,21.203695,23.563826,26.088644,27.19132,31.198458,32.22159,30.85605,28.10032,23.117228,23.974092,19.281826,19.814583,16.517237,16.621601,15.993228,15.144461,18.817837,20.439087,19.374643,22.144247,19.878021,23.12275,21.883352,25.654524,27.734404,26.47771,29.148657,26.891367,29.752743,24.829262,22.52517,20.79646,19.644526,16.406166,19.403053,17.265509,17.85074,17.39557,14.948679,12.328392,10.648736,10.525364,11.711078,12.186242,15.783609,16.78618,20.9576,22.879595,26.644485,27.45921,23.364946,26.297546,26.72873,22.308514,20.30843,17.317968,17.10524,11.228833,13.23508,12.105057,15.453074,15.016919,14.744565,18.902327,21.322578,18.296104,19.458092,17.170877,13.093604,16.252611,13.1597185,17.784094,14.682333,19.906277,23.046442,21.465506,18.684576,17.518902,12.352368,14.133912,10.151129,13.709634
6,12.2536335,9.301313,10.017345,5.7703934,7.2671804,4.1069374,0.0,6.1695256,7.3832364,11.034037,15.362461,17.467762,19.34347,19.710478,16.297422,12.328927,10.440374,6.415566,7.3407984,4.286922,7.627378,7.2035217,7.284038,12.538654,9.459009,16.08104,13.011567,14.308809,10.277406,13.591143,10.653691,14.914279,17.27119,20.133734,22.168673,23.527718,27.348581,28.22785,26.760904,24.027615,19.039303,20.032223,15.349481,16.270216,13.299383,13.897862,14.139736,14.212201,17.848978,18.477001,17.279243,19.327011,16.796703,20.028332,18.26404,22.480213,24.101244,23.140871,26.029337,23.700659,26.087162,21.203772,19.241013,17.083498,16.721605,13.411408,17.244904,15.274223,16.980284,16.672304,13.697537,12.102021,8.925868,9.364347,9.320014,8.54995,12.199812,12.769767,17.013306,18.837526,22.616402,23.447603,19.535679,22.667381,22.935549,18.438272,16.639612,13.38083,13.784449,7.827882,10.785383,10.781831,14.116296,15.125879,13.852224,17.17025,20.242281,18.037521,18.164938,16.451826,11.774622,14.292229,10.511342,15.037943,11.408651,16.824974,20.02136,19.100395,16.630512,16.393635,10.802005,13.413607,10.173143,14.134037
7,7.799786,7.157685,7.1279445,8.0672,8.924389,7.726112,6.1695256,0.0,4.5018497,6.497032,11.69358,13.205839,15.716658,17.134733,13.486348,10.452624,6.9982767,6.2726865,3.879396,6.8206396,5.634296,10.3311405,11.877182,16.860653,14.719115,21.25227,18.733618,19.92394,15.70377,18.912899,14.751781,19.240816,19.178268,22.572962,23.714891,24.529951,28.335207,28.603329,27.138226,25.01149,20.178335,20.59269,17.0147,16.632023,14.905512,14.320249,15.382569,14.449242,19.282883,19.207102,18.988327,20.531237,19.203663,22.827568,20.576263,26.101927,27.111135,26.983316,30.224218,27.717812,28.988846,24.214537,23.28421,20.23461,21.23887,17.534592,21.917505,19.309187,21.696823,20.556173,17.02801,14.815017,11.882346,9.6624565,8.843323,9.742797,11.401865,12.663772,16.12734,18.06939,21.57155,22.620668,17.993364,20.806787,22.437916,18.46051,17.688484,14.522576,16.70019,12.0634985,16.011492,16.786743,20.103884,21.28449,19.655354,22.808313,25.969257,23.593338,22.94156,20.982279,16.590956,17.821009,13.129898,15.782768,11.607271,15.911953,18.465475,17.479866,15.107278,16.14759,11.6919565,15.590819,13.392964,17.963339
8,6.6100736,5.516981,8.493227,9.082423,11.363973,10.264363,7.3832364,4.5018497,0.0,4.611044,8.274398,11.04279,12.696778,13.942303,10.772826,7.2582874,6.5902743,5.2790065,6.7516522,9.606174,10.05774,13.63149,14.35167,19.63686,16.419819,23.184904,19.69252,20.109346,15.594262,17.706926,13.177178,16.696188,15.580624,18.693716,19.858051,20.218918,24.149214,24.52334,23.487305,21.8149,17.064047,18.358185,14.887529,15.696825,14.723166,15.039318,17.038794,17.149267,21.561985,20.62209,20.112965,20.706139,18.817211,22.10359,19.017029,24.652637,24.673494,24.646282,27.773138,24.869774,25.6893,20.87537,20.655733,17.798347,19.963936,16.821108,21.812061,19.888727,22.902424,22.290955,18.687002,17.466686,13.621452,12.485622,10.54574,9.307111,10.459627,10.151915,13.606018,14.650111,18.126797,18.752436,13.971274,16.603113,18.078901,14.195337,13.460648,10.651977,13.218924,9.956221,14.3430195,16.255945,19.610622,21.595284,18.741678,21.35141,24.616215,22.614286,20.850603,19.234322,14.939917,15.044663,10.0018,11.733066,7.3413925,11.476766,14.097868,13.508057,11.437611,13.3600025,9.059429,13.5344515,12.488986,17.058966
9,7.6967363,9.033891,11.245168,13.33766,15.054742,13.824714,11.034037,6.497032,4.611044,0.0,5.6118236,6.811976,9.247824,11.040195,7.5853095,5.760412,4.0868764,6.681497,6.875108,11.857624,11.6696205,16.414968,17.17315,22.326263,19.244701,25.959305,22.69532,22.904099,18.400002,20.667263,15.461365,19.582174,16.72137,20.765692,20.528053,21.15103,24.502117,24.12117,22.66494,21.255476,16.903412,17.242237,14.995475,14.497914,14.639227,14.213043,16.868092,16.799257,21.459091,19.741991,19.864717,19.858612,18.957392,22.366127,19.166473,25.607927,25.409756,26.165262,29.638124,27.00292,26.868658,22.514217,22.849993,19.095352,21.938025,18.505808,23.638088,21.28421,24.869461,23.735651,19.845268,18.707273,14.966146,12.865589,10.262353,9.911552,9.072609,9.52024,11.740053,13.202354,16.265392,17.394766,12.571746,15.287716,17.770525,14.437913,14.987749,12.070365,16.140347,13.486368,18.043705,20.097471,23.117502,25.481726,22.882496,24.968811,28.55947,26.974768,24.988731,23.629406,19.28739,19.044365,13.926104,14.525781,10.027081,12.680567,14.47462,14.765832,13.374148,16.544134,13.1385355,17.801306,17.068382,21.641996
10,9.66301,11.345455,14.822335,17.093857,19.43898,18.500568,15.362461,11.69358,8.274398,5.6118236,0.0,4.8191624,4.8521166,7.3291283,5.7492146,5.7665358,8.506125,10.584229,12.379909,16.922253,17.127472,21.543568,21.972942,27.24663,23.582684,30.330662,26.435085,26.002897,21.469816,22.605637,17.34866,20.073418,15.275264,18.836378,17.996489,17.70764,20.87977,20.242617,19.46731,19.181158,15.543026,16.738314,15.533499,16.055878,17.396704,17.644924,20.995955,21.612661,25.863596,23.358227,23.383905,22.30904,21.197407,24.064817,20.050594,26.524277,24.970928,26.11398,29.393799,26.397755,25.248135,21.246368,22.80113,19.285475,23.533398,20.846733,26.307404,24.599882,28.666096,27.910667,24.042452,23.597029,19.438929,17.984509,14.93895,13.282247,11.506665,10.10594,10.91629,10.583756,12.90276,13.398394,8.184013,10.062308,13.367359,11.115762,12.668147,10.99643,15.699146,15.342626,19.797188,22.762047,25.658333,28.624939,25.029984,26.468401,30.015408,28.823017,25.707306,24.740347,20.891493,19.310486,14.4907675,12.960612,9.369575,9.409726,10.1425085,11.62588,11.416836,16.026016,14.039597,18.690691,19.269411,23.53439
11,12.677513,14.951782,17.484694,20.04546,21.860947,20.527267,17.467762,13.205839,11.04279,6.811976,4.8191624,0.0,3.7047722,6.38715,4.4001045,7.161251,8.042654,11.909801,12.610782,17.90641,17.935225,22.807068,23.20793,28.246376,24.83952,31.41242,27.933022,27.51124,23.114006,24.782043,19.165567,22.933132,17.663828,22.2693,20.201578,20.838148,23.169512,21.757702,20.088835,19.589712,16.401741,16.032816,15.965041,14.775048,16.846931,16.277765,19.857798,20.261332,24.485,21.477907,22.101933,20.70307,20.687021,23.675804,20.029575,27.00976,25.833374,27.60358,31.24482,28.804873,27.158674,23.666182,25.12143,20.755188,24.887104,21.777521,27.046003,24.812178,29.152847,27.862318,23.877268,23.4431,19.630812,17.518782,14.313584,13.707166,10.668195,10.646511,10.105182,10.987885,12.715849,14.220243,9.99671,12.259612,15.940697,14.027354,16.283882,14.020699,19.341991,18.295826,22.809908,25.450716,28.040905,31.134836,28.221542,29.398792,33.277065,32.397076,29.650797,28.813087,24.62249,23.521475,18.590012,17.595606,13.673417,14.023231,14.422767,16.282372,16.1581,20.68774,18.375702,23.085169,23.136229,27.55074
12,14.233293,16.18877,19.464502,21.710947,23.954758,22.67761,19.34347,15.716658,12.696778,9.247824,4.8521166,3.7047722,0.0,4.0023537,4.6822324,7.8153563,10.795832,13.726038,15.501991,20.347008,20.847414,25.310163,25.442842,30.599663,26.754398,33.351166,29.42009,28.600962,24.221983,25.157412,19.664196,22.490755,16.27632,20.482847,18.047623,18.200249,20.29837,18.745134,17.550272,17.804668,15.159551,15.55686,15.975038,15.810722,18.319471,18.406006,22.243902,23.17445,27.062756,23.75399,24.104092,22.16112,21.726252,24.287664,20.162786,26.921288,24.886534,26.797823,30.239449,27.596851,25.39128,22.173767,24.316755,20.254822,25.130531,22.576893,27.984066,26.267878,30.813133,29.884087,25.974342,25.996017,21.856194,20.35831,16.97903,15.398982,12.381791,11.0673485,9.852177,9.232135,10.293366,11.276336,7.116873,8.799627,12.846033,11.757299,14.578058,13.124111,18.539759,18.759378,23.100225,26.232155,28.721174,32.167572,28.671923,29.426155,33.244186,32.655766,29.293726,28.751604,24.862257,23.086493,18.473618,16.5325,13.271484,12.350432,12.12408,14.818773,15.380765,20.383188,18.653675,23.204775,23.892479,28.060396
13,16.906948,18.046194,21.658031,22.802477,25.228872,23.420979,19.710478,17.134733,13.942303,11.040195,7.3291283,6.38715,4.0023537,0.0,3.9832604,7.3876457,11.463657,13.663323,16.43029,20.640934,22.209993,25.847971,25.373741,30.420229,26.118092,32.483353,28.285826,26.991693,22.83789,23.340773,17.886412,20.584858,13.665086,18.52833,15.0660715,16.160215,17.554913,15.66967,13.858762,13.948718,11.693489,11.97526,13.117123,13.349203,16.406656,17.033678,21.135185,22.798737,26.033972,22.284452,22.392452,19.831957,19.232616,21.37366,17.067595,23.718216,21.362497,23.615225,27.117779,24.774763,22.111162,19.351398,21.6948,17.378279,22.64183,20.4441,25.75903,24.385868,29.225029,28.512291,24.736864,25.462929,21.126738,20.359423,16.758486,14.401756,11.106054,9.098267,6.7632194,5.6257305,6.4299173,8.00529,5.102393,8.047306,10.967368,9.801805,13.147466,11.541339,17.291882,17.932234,21.980986,25.278252,27.313845,31.248384,27.792944,27.82392,31.856806,31.952644,28.482435,28.459028,24.481161,22.72791,18.399189,16.751865,13.499105,12.915138,12.984842,16.409369,17.125137,21.94788,19.689219,24.009594,24.612722,28.546894
14,14.379316,15.437707,18.60828,19.681976,21.840454,19.89699,16.297422,13.486348,10.772826,7.5853095,5.7492146,4.4001045,4.6822324,3.9832604,0.0,4.3382416,7.495583,10.12789,12.4991865,16.886051,18.363592,22.108578,21.781258,26.807327,22.777107,29.216902,25.328508,24.419363,20.150543,21.373953,15.717554,19.424082,13.755519,18.98073,16.362938,17.850111,19.857458,18.462692,16.34249,15.376676,12.0479555,11.787869,11.762444,11.231881,13.644106,13.866767,17.786736,19.118227,22.688616,19.325575,19.50263,17.607943,17.08876,19.787462,15.868183,22.789532,21.442633,23.320023,27.012411,24.762667,22.994427,19.672642,21.13799,16.568054,21.007183,18.193707,23.51332,21.673061,26.309975,25.355734,21.473696,21.815853,17.598127,16.495092,12.9416895,11.059955,7.780877,6.736927,5.814301,6.907713,9.232879,11.060199,7.3998733,10.884905,13.419608,10.938316,13.367635,10.702864,16.399652,15.658737,19.96379,22.82622,25.030987,28.628222,25.661728,26.18582,30.272825,30.025126,27.167574,26.82818,22.5108,21.446865,16.729795,16.138443,12.059721,12.992929,13.906296,16.448486,16.419806,20.754639,17.764446,22.249771,22.22592,26.393902
15,12.191978,12.173351,15.635766,15.758844,18.145668,16.102724,12.328927,10.452624,7.2582874,5.760412,5.7665358,7.161251,7.8153563,7.3876457,4.3382416,0.0,5.7586894,6.3945994,9.981424,13.5052595,15.560708,18.621878,18.171473,23.335642,19.130396,25.706123,21.622608,20.852467,16.42995,17.681816,12.128344,15.86182,11.525196,16.447895,15.144795,16.60003,19.394127,18.856068,17.072084,15.505735,11.189599,11.996618,10.007602,10.766659,11.8237095,12.658037,16.13818,17.569899,21.188168,18.54297,18.162306,17.018337,15.49494,18.363768,14.475559,20.985348,20.060635,21.177591,24.727762,22.221926,21.455853,17.445528,18.282066,14.163134,18.07429,15.227007,20.677664,19.029556,23.335052,22.716715,18.91414,19.159866,14.685305,14.1720085,10.804631,8.016119,6.363155,4.449156,6.612551,7.69879,11.121545,12.337715,8.213226,11.915436,13.384042,9.704253,10.875756,7.5454206,12.799588,11.422174,15.830091,18.649755,21.07244,24.494186,21.430182,22.283943,26.263563,25.77695,23.136848,22.671003,18.251112,17.50053,12.689469,13.0003195,8.466683,10.957242,12.882999,14.721854,14.10337,17.715054,14.018516,18.377035,18.087656,22.206964
16,11.2931795,11.860119,13.511883,14.296799,15.643575,13.464769,10.440374,6.9982767,6.5902743,4.0868764,8.506125,8.042654,10.795832,11.463657,7.495583,5.7586894,0.0,5.0059485,5.061656,10.035057,11.079669,15.123532,15.319894,20.251003,17.068542,23.575903,20.53543,20.660753,16.34957,19.131529,13.733714,18.97373,16.412981,21.387827,20.477486,22.221066,25.056324,24.44108,22.194426,20.055887,15.660868,14.947634,12.722942,11.101846,11.055942,10.200286,12.956366,13.125206,17.596714,15.667179,15.89965,15.981928,15.499286,19.09267,16.394234,22.981693,23.502016,24.464077,28.205608,26.142172,26.069393,21.989292,21.809044,17.434826,19.723585,15.8801,20.779911,18.032377,21.825697,20.391989,16.416622,15.553553,11.832393,9.671244,6.601569,6.897457,5.64464,7.7320194,10.028422,12.749282,15.953201,17.714466,13.693461,17.157274,19.107288,15.414688,16.083517,12.393594,16.704535,13.14984,17.540491,19.18352,21.74249,24.324484,22.509882,24.17917,28.109934,27.046291,25.575935,24.545195,19.81492,20.269827,15.268934,16.838226,12.016771,15.423556,17.45587,18.239845,16.879343,19.710697,15.5086975,19.90174,18.490332,22.945547
17,11.752339,10.380531,12.592652,11.070503,12.93971,10.198346,6.415566,6.2726865,5.2790065,6.681497,10.584229,11.909801,13.726038,13.663323,10.12789,6.3945994,5.0059485,0.0,5.4323115,7.179697,10.318141,12.318657,11.807627,17.002758,13.10469,19.805334,16.197107,16.24558,11.773356,14.4469385,9.373141,14.582028,13.785165,18.255802,18.441925,20.348808,23.55547,23.667631,21.689724,19.096802,14.216769,14.590828,10.748052,11.034016,9.493074,10.073824,12.173685,13.118716,16.943745,15.730109,14.97145,15.575195,13.623781,17.04351,14.389891,20.12441,20.938442,21.112326,24.5953,22.399364,23.283539,18.8028,17.91834,14.225985,15.799269,12.151527,17.123549,14.919316,18.395693,17.661985,13.927019,13.462989,9.108337,8.854104,6.3225822,4.0413556,6.2134476,6.852222,10.822759,13.046513,16.748247,18.025677,14.259648,17.860779,18.586119,14.21996,13.720876,9.775071,12.85779,8.347925,12.621214,14.193462,16.849585,19.474976,17.520319,19.27946,23.148577,22.127388,20.897263,19.979868,15.111288,16.087395,11.372632,14.251993,9.533058,14.281899,17.069841,17.512993,15.815166,17.64057,12.562944,16.422108,14.616951,18.796127
18,11.029996,10.844031,10.863883,11.103984,11.5487795,9.284918,7.3407984,3.879396,6.7516522,6.875108,12.379909,12.610782,15.501991,16.43029,12.4991865,9.981424,5.061656,5.4323115,0.0,5.8912005,6.1374474,10.439924,11.347657,16.11797,13.88776,20.273024,18.015713,19.051733,14.979087,18.666935,14.112758,19.64515,19.168812,23.531544,23.725529,25.390148,28.65615,28.517658,26.392483,23.862427,19.156502,18.58575,15.381616,13.837495,12.10789,10.860735,11.947564,10.938678,15.894098,15.546222,15.628074,17.223602,16.541746,20.346622,18.514406,24.336306,25.828197,26.100842,29.653873,27.662897,28.644823,24.223295,23.120478,19.333273,20.116486,15.981544,20.204718,17.08314,19.829878,18.205416,14.451255,12.368684,9.477658,6.4759655,5.281446,7.620755,8.851803,11.326287,14.456295,17.230406,20.66583,22.251554,18.110542,21.431358,23.046223,18.989935,18.724417,14.997054,17.918722,12.926584,16.859268,17.436222,20.226944,21.79895,20.862999,23.412428,26.992512,25.263542,24.834782,23.30217,18.577164,20.081589,15.3608675,18.17067,13.5688505,17.917889,20.38925,20.155863,18.10635,19.639963,14.94,18.828556,16.430466,20.847113
19,14.390579,12.436184,12.063321,9.041914,8.975698,5.306361,4.286922,6.8206396,9.606174,11.857624,16.922253,17.90641,20.347008,20.640934,16.886051,13.5052595,10.035057,7.179697,5.8912005,0.0,5.9254794,5.371989,5.476474,10.475079,8.248255,14.619106,12.637142,14.355502,10.789018,15.153582,12.037803,17.556633,19.55622,23.326536,24.475834,26.520088,29.905746,30.354088,28.248756,25.127102,20.252459,20.082174,15.793034,15.19578,11.84178,11.437124,10.853887,10.18801,14.093839,15.246258,14.404925,17.152636,15.490779,19.046993,18.089788,22.524258,24.98187,24.392511,27.602219,25.887266,28.076328,23.542925,21.304302,18.372986,17.3621,13.361844,16.61664,13.671163,15.239447,14.0492935,10.875864,8.434935,6.012484,5.3995614,6.5833173,8.013542,11.47305,13.460284,17.329638,20.027472,23.723368,25.102057,21.418509,24.902609,25.478352,20.973005,19.73136,15.986747,17.213715,11.022269,13.740044,13.021255,15.644359,16.474903,16.63969,19.564533,22.868816,21.054556,21.805826,20.283726,15.569623,18.387968,14.599406,18.93523,14.877047,20.14856,23.170336,22.580893,20.207571,20.373604,14.927365,17.64514,14.196762,17.956076
20,12.05288,11.313371,8.79177,8.952111,7.468081,6.368229,7.627378,5.634296,10.05774,11.6696205,17.127472,17.935225,20.847414,22.209993,18.363592,15.560708,11.079669,10.318141,6.1374474,5.9254794,0.0,6.763517,9.625769,13.525582,13.278648,18.911127,17.877106,20.036205,16.56438,20.699762,17.43816,22.430054,23.705673,27.112041,28.46893,29.680325,33.42899,33.750603,31.962334,29.364214,24.4964,24.285706,20.522388,19.331612,16.719212,15.4112625,14.946084,12.705415,17.559954,18.93055,18.892199,21.64258,20.769882,24.506111,23.301916,28.255423,30.343672,29.932238,33.130527,31.05713,32.976425,28.252293,26.516119,23.593304,23.180143,19.193851,22.510504,19.366934,20.593737,18.966173,15.938232,12.4406595,11.367534,8.39267,9.773759,12.499929,14.745162,16.979967,20.455128,22.99175,26.528677,27.841978,23.434435,26.397535,27.913023,23.7744,22.758986,19.403637,20.911118,15.311385,18.38152,17.795454,20.863766,20.887815,20.830437,24.508799,27.356989,24.59958,25.293913,23.045383,18.819044,21.191452,17.13974,20.641642,16.759232,21.350376,23.988485,22.638844,20.013739,20.053358,15.552106,18.508656,15.25003,19.329103
21,17.027082,14.678219,12.8951,9.049634,7.217712,4.450546,7.2035217,10.3311405,13.63149,16.414968,21.543568,22.807068,25.310163,25.847971,22.108578,18.621878,15.123532,12.318657,10.439924,5.371989,6.763517,0.0,3.886557,7.107278,7.734959,12.575882,12.217508,15.137191,12.714699,17.176779,15.650714,20.337019,23.830273,26.770048,28.79472,30.562687,34.224056,35.035877,33.154537,29.95617,25.069502,25.11883,20.570686,20.188757,16.410429,15.945905,14.220829,12.743316,15.976894,18.575977,17.627598,21.195818,19.45954,22.7416,22.426968,25.85609,28.858166,27.662373,30.453938,28.808455,31.828743,27.197084,24.382439,22.324635,20.17239,16.616556,18.628366,15.909474,15.667185,14.655852,12.661188,9.199512,9.262244,9.030516,11.489544,13.185606,16.812544,18.680035,22.652102,25.204165,28.942339,30.146635,26.355288,29.623182,30.050982,25.516748,23.745083,20.362589,20.415985,14.110326,15.609881,13.550768,16.112492,15.144462,16.622162,20.455553,22.932571,20.300909,22.368532,20.348871,16.299124,19.985525,17.111673,21.93068,18.557693,23.89309,27.021252,25.713158,22.99541,21.96652,16.771948,18.381428,14.184582,17.168715
22,18.919336,16.209717,15.498633,10.677462,9.931341,6.319918,7.284038,11.877182,14.35167,17.17315,21.972942,23.20793,25.442842,25.373741,21.781258,18.171473,15.319894,11.807627,11.347657,5.476474,9.625769,3.886557,0.0,5.3313203,3.8844776,9.510668,8.505339,11.346662,9.23419,13.941597,12.927916,17.813557,21.85779,24.99167,26.804403,29.137278,32.471226,33.329205,31.227814,27.708052,22.954447,22.958591,18.229595,18.195644,14.034145,14.175981,12.2330675,11.854275,14.067506,16.603561,15.105631,18.692379,16.484173,19.49172,19.540432,22.364103,25.735228,24.395233,27.153265,25.863256,29.08548,24.693653,21.478466,19.503872,16.687143,13.254008,14.821645,12.294986,11.94451,11.345122,9.554603,7.074585,6.804207,8.605626,10.8243265,11.636502,15.672562,17.335043,21.328762,23.940407,27.667103,28.92053,25.673628,29.198704,29.074173,24.417418,22.574083,19.049507,18.881487,12.439331,13.344355,10.928774,12.908819,12.461517,14.463663,17.6244,20.41988,18.607342,20.803848,19.389164,15.113354,19.069214,16.52307,21.687115,18.309156,23.851519,27.117212,26.311674,23.808983,22.970175,17.394253,18.840584,14.719708,17.338427
23,23.858852,21.15961,19.856945,15.00695,13.50781,10.748055,12.538654,16.860653,19.63686,22.326263,27.24663,28.246376,30.599663,30.420229,26.807327,23.335642,20.251003,17.002758,16.11797,10.475079,13.525582,7.107278,5.3313203,0.0,5.604828,6.135637,8.530605,12.234253,12.090333,16.624475,16.929358,21.442675,26.334408,29.290552,31.19742,33.822487,36.98346,37.92004,35.632244,31.817852,27.277067,26.939365,22.325897,21.967781,17.543344,17.457184,14.446932,13.696424,14.443391,18.27453,16.725119,21.021608,19.12909,21.695744,22.787735,24.482296,28.717163,27.073704,29.530504,28.817142,32.561935,28.487104,24.699524,23.142118,19.10973,16.139397,15.904343,13.512361,11.031577,10.416632,10.476577,7.8796372,10.22313,12.11423,15.010551,16.312174,20.222004,22.152924,25.970451,28.78369,32.448788,33.810143,30.822073,34.42629,34.106743,29.422981,27.462917,23.993341,23.377104,17.080542,16.98211,13.57404,14.474179,12.595843,16.63793,19.641024,21.832441,20.149435,23.578047,22.263472,18.60986,23.075974,21.234901,26.608902,23.486855,29.053925,32.361977,31.44697,28.870222,27.572874,22.134388,22.926594,18.5545,20.291271
24,21.655458,18.66083,18.689247,13.272424,13.157067,9.523012,9.459009,14.719115,16.419819,19.244701,23.582684,24.83952,26.754398,26.118092,22.777107,19.130396,17.068542,13.10469,13.88776,8.248255,13.278648,7.734959,3.8844776,5.604828,0.0,6.785572,4.7417407,7.6428986,6.5295305,11.270642,11.380878,16.053307,20.883718,23.992197,25.694822,28.546926,31.525011,32.497303,30.243988,26.422245,21.91537,21.961424,17.108892,17.604408,13.173039,14.081262,11.975489,12.797566,13.604231,16.048996,13.921831,17.423502,14.621757,17.095583,17.665012,19.450165,23.29002,21.660036,24.250465,23.405945,26.978718,22.916885,19.189535,17.564274,13.755133,10.7744665,11.375255,9.401412,8.488414,8.816752,7.8093834,7.218237,6.808833,10.438748,12.190592,11.955616,16.157978,17.440342,21.3365,23.878735,27.521902,28.755054,26.122223,29.799643,29.066744,24.375134,22.40919,18.924568,18.314575,12.12968,12.008819,9.07969,10.005252,10.030275,12.847267,15.127283,18.103554,17.230724,19.697304,18.948658,14.755964,18.921453,16.992212,22.358027,19.209555,24.782297,28.130922,27.729053,25.439556,24.633228,18.921623,19.997667,16.068092,18.072508
25,28.199657,25.10017,24.692791,19.055328,18.353666,15.321685,16.08104,21.25227,23.184904,25.959305,30.330662,31.41242,33.351166,32.483353,29.216902,25.706123,23.575903,19.805334,20.273024,14.619106,18.911127,12.575882,9.510668,6.135637,6.785572,0.0,5.6048555,8.919792,11.084954,14.681742,16.665606,20.385555,26.227335,28.950867,30.760784,33.984825,36.635952,37.756283,35.330013,31.184418,27.112078,26.861757,22.265162,22.592907,18.061121,18.86924,15.806281,16.51943,15.375433,18.974089,16.684996,20.698908,18.180368,19.740505,21.655317,21.540203,26.412138,24.314363,26.30901,26.351389,30.610025,27.14682,22.732454,21.890205,16.572735,14.72226,12.53848,11.427923,7.1294603,8.361376,10.345417,10.37394,12.280262,15.788525,18.070032,18.196993,22.17763,23.586824,27.20999,29.853739,33.35426,34.645,32.469692,36.209793,35.08908,30.433556,28.309599,25.016848,23.776815,18.099108,16.712543,12.862638,11.989511,10.240598,15.62986,17.249344,19.28997,18.997318,22.901762,22.49834,19.232368,23.83994,22.88215,28.417797,25.664427,31.21132,34.608418,34.160366,31.841003,30.529648,24.968264,25.258005,21.174587,22.074766
26,25.204659,21.833458,22.459614,16.457273,16.815422,13.460659,13.011567,18.733618,19.69252,22.69532,26.435085,27.933022,29.42009,28.285826,25.328508,21.622608,20.53543,16.197107,18.015713,12.637142,17.877106,12.217508,8.505339,8.530605,4.7417407,5.6048555,0.0,3.8985417,5.808909,9.105968,11.462246,14.785375,20.848774,23.384619,25.320185,28.497017,31.142881,32.422565,30.244392,26.240843,22.14141,22.577707,17.66554,19.122406,14.763983,16.5434,14.583579,16.3539,15.880758,18.06517,15.371082,18.421373,14.868242,16.322582,17.382187,17.366581,21.571362,19.297806,21.345716,20.984713,25.238863,21.609383,17.241898,16.6663,11.576337,10.058841,8.878379,8.76106,6.594299,8.967045,9.46774,10.725038,10.234852,14.61046,15.868445,14.555524,18.709558,19.290684,23.029976,25.204523,28.690832,29.714611,27.74134,31.389795,29.902855,25.295866,23.034164,19.930328,18.405407,13.093242,11.375177,7.8391137,6.835597,7.121915,11.106877,12.209059,15.006745,15.273425,18.240282,18.268076,14.654536,18.966082,18.123611,23.572462,21.025547,26.452934,29.856174,29.702036,27.616041,26.572306,20.962315,21.332033,17.71402,18.740658
27,26.068348,22.702463,24.105341,18.191793,19.192085,15.71548,14.308809,19.92394,20.109346,22.904099,26.002897,27.51124,28.600962,26.991693,24.419363,20.852467,20.660753,16.24558,19.051733,14.355502,20.036205,15.137191,11.346662,12.234253,7.6428986,8.919792,3.8985417,0.0,4.5725737,6.254141,9.47091,12.271835,18.359732,20.979904,22.518461,26.121447,28.338158,29.624954,27.374634,23.27136,19.522562,20.163942,15.369137,17.567005,13.564119,16.107136,14.835035,17.53626,16.665388,17.852367,14.849449,16.996729,12.814738,13.579412,14.584755,13.736313,17.92086,15.512164,17.55056,17.499771,21.73129,18.47055,13.910286,13.552383,7.928663,7.440577,5.77926,7.3660293,6.714623,9.797729,10.104487,12.688236,11.176012,15.962309,16.430584,14.105786,17.963083,17.95641,21.39827,23.299646,26.581676,27.523026,26.161821,29.834587,27.878256,23.412529,21.249578,18.300821,16.743498,12.312116,10.183321,7.641059,5.3349624,8.249186,10.815448,10.149858,13.639526,15.24263,17.336409,18.143648,14.531835,18.266232,17.654371,22.781729,20.398693,25.547083,28.868002,29.235216,27.483873,26.861675,21.321276,21.794456,18.767769,19.735077
28,21.673359,18.441778,20.155123,14.630472,16.047768,12.450483,10.277406,15.70377,15.594262,18.400002,21.469816,23.114006,24.221983,22.83789,20.150543,16.42995,16.34957,11.773356,14.979087,10.789018,16.56438,12.714699,9.23419,12.090333,6.5295305,11.084954,5.808909,4.5725737,0.0,5.083166,5.656592,10.001975,15.1450205,18.252525,19.730616,22.99817,25.603628,26.743374,24.608242,20.761412,16.475494,17.36307,12.208514,14.572413,10.671652,13.29346,12.83653,15.427768,15.871129,16.386475,13.690756,15.483177,11.251463,13.004518,12.679602,13.994826,17.125107,15.291376,17.933657,16.95915,20.473234,16.526321,12.691897,11.340382,7.645743,5.4378633,7.5663075,7.6085773,9.21527,10.922983,9.449395,11.39658,8.404539,12.908557,12.81268,9.973246,14.030412,13.863915,17.6353,19.50626,22.988714,23.91926,22.05909,25.730686,24.167418,19.571083,17.515453,14.267299,13.322385,8.165581,7.3570895,6.041992,6.2249823,9.714049,10.098701,10.430774,14.468826,15.153748,16.102827,16.458319,12.055354,15.389089,13.83123,18.877138,16.083704,21.338572,24.656717,25.022434,23.261854,23.036886,17.389797,18.524263,15.6535425,17.484745
29,23.663822,20.155493,22.746054,17.092648,19.189495,16.089413,13.591143,18.912899,17.706926,20.667263,22.605637,24.782043,25.157412,23.340773,21.373953,17.681816,19.131529,14.4469385,18.666935,15.153582,20.699762,17.176779,13.941597,16.624475,11.270642,14.681742,9.105968,6.254141,5.083166,0.0,5.7326355,6.034554,12.8341055,14.767049,16.834349,20.093962,22.472961,24.130606,22.509369,18.88341,15.1182995,17.260473,12.225666,16.344831,13.37027,16.73947,17.044502,20.106457,20.278461,20.087555,17.22857,17.900917,13.010529,13.555491,12.505423,12.2109165,14.2394285,11.496846,13.500428,12.202534,16.44855,12.620556,8.251207,8.954748,5.383415,6.5912623,8.445553,10.71576,12.445799,14.971245,13.949582,16.416874,13.193652,17.55025,16.818954,12.902582,16.39638,14.88501,18.316486,19.17278,22.351152,22.716848,21.576515,24.904814,22.408667,18.123373,15.6370945,13.324791,11.005252,8.28529,5.5416045,5.953251,4.778828,10.0317135,8.422163,6.379615,10.961105,13.115911,13.039928,14.506346,10.847286,13.387352,13.148081,17.71277,15.968306,20.596493,23.826443,24.518152,23.160782,22.864595,17.72038,18.200377,16.277641,17.268637
30,19.559145,16.710506,19.614758,15.158255,17.469555,14.15949,10.653691,14.751781,13.177178,15.461365,17.34866,19.165567,19.664196,17.886412,15.717554,12.128344,13.733714,9.373141,14.112758,12.037803,17.43816,15.650714,12.927916,16.929358,11.380878,16.665606,11.462246,9.47091,5.656592,5.7326355,0.0,6.850279,9.64221,13.678956,14.355089,17.775434,20.262186,21.21021,19.151924,15.570954,11.055607,12.785231,7.4326606,11.40553,8.914509,12.290869,13.676614,16.748312,17.910671,16.757872,14.3918495,14.4561,9.969642,11.710352,9.298145,12.356501,13.596936,12.543933,15.735445,14.027406,16.281683,12.028787,9.414982,6.7535734,6.8167853,4.877327,9.92777,10.202978,13.767359,14.939694,12.493426,14.618981,10.298216,13.864061,12.226666,7.6472664,10.807076,9.203118,12.844109,14.110972,17.544334,18.3057,16.70048,20.381535,18.642513,14.096451,12.414242,9.002667,9.215219,5.557817,6.717511,8.7561245,9.677576,14.15555,12.0241,11.422944,15.932899,16.987425,15.813517,16.548296,11.957116,13.49687,11.167037,15.151327,12.183751,16.905884,20.022118,21.139551,19.9003,20.74172,15.443097,17.393736,15.711446,18.13081
31,22.145573,18.740887,22.406897,17.565847,20.48424,18.030598,14.914279,19.240816,16.696188,19.582174,20.073418,22.933132,22.490755,20.584858,19.424082,15.86182,18.97373,14.582028,19.64515,17.556633,22.430054,20.337019,17.813557,21.442675,16.053307,20.385555,14.785375,12.271835,10.001975,6.034554,6.850279,0.0,8.298931,8.765748,11.87751,14.341297,17.091343,19.244007,18.584759,15.872355,12.311029,16.180628,11.585109,17.072084,15.444387,19.00308,20.484144,23.531713,24.522831,23.399963,20.875225,20.447317,15.629955,16.063936,13.221056,13.86671,13.053273,10.533684,12.1943035,8.999632,12.611958,7.8511286,5.0961723,7.4033833,8.555288,10.176421,13.567443,15.633786,18.25527,20.4061,18.69011,20.845047,16.81521,20.362482,18.744919,13.991118,16.609194,13.634232,16.709303,16.173538,19.070724,18.651667,17.72062,20.450674,17.357782,13.449673,10.512549,9.497591,5.959086,7.3170586,5.460389,9.113051,9.575137,14.305388,9.912388,7.6319003,11.671313,13.688456,10.833229,12.829943,9.704956,9.834905,10.058808,13.276167,12.585206,16.168581,19.169474,20.241331,19.432213,19.602037,15.310963,15.845523,15.463558,16.484196
32,20.754755,18.721888,23.142914,20.420853,23.576733,21.203695,17.27119,19.178268,15.580624,16.72137,15.275264,17.663828,16.27632,13.665086,13.755519,11.525196,16.412981,13.785165,19.168812,19.55622,23.705673,23.830273,21.85779,26.334408,20.883718,26.227335,20.848774,18.359732,15.1450205,12.8341055,9.64221,8.298931,0.0,6.6996393,4.9687223,8.615084,10.708646,11.7984,10.889933,9.015158,5.5237346,10.772839,8.210022,13.926562,14.64263,17.926577,20.93296,24.105316,25.701994,23.005705,21.215374,19.157711,15.371347,15.951412,11.348279,14.755263,11.417177,11.739102,14.450038,11.342293,10.281918,6.026333,8.482798,6.5892706,12.51567,12.9282055,17.670666,18.694273,22.882917,24.033478,21.367119,23.535315,18.857435,21.174143,18.34241,13.338615,13.661697,9.44175,10.775579,8.728889,11.067423,10.389975,10.393103,13.1974745,9.937975,6.305453,5.675497,5.073612,7.0781875,10.558428,12.190428,16.204582,17.19455,21.979792,17.682774,15.910655,19.807398,21.428452,17.487694,18.973278,15.669197,13.850397,11.952076,12.103533,10.7564,12.295719,14.390745,17.192953,17.436388,19.863403,16.499344,18.754494,19.415714,21.676733
33,22.711327,20.099771,24.795065,21.726597,25.193226,23.563826,20.133734,22.572962,18.693716,20.765692,18.836378,22.2693,20.482847,18.52833,18.98073,16.447895,21.387827,18.255802,23.531544,23.326536,27.112041,26.770048,24.99167,29.290552,23.992197,28.950867,23.384619,20.979904,18.252525,14.767049,13.678956,8.765748,6.6996393,0.0,6.8217964,6.16948,9.719937,12.83097,14.346254,13.978145,11.918736,17.351303,14.679262,20.496883,20.651855,23.990206,26.588861,29.526354,31.223818,29.095715,27.068172,25.462938,21.25976,21.516659,17.3473,18.948925,15.073204,13.927222,14.822466,10.372573,10.526574,6.283808,9.394419,11.410814,15.96304,17.459574,21.513607,23.307863,26.652895,28.425438,26.155272,28.066576,23.539335,26.061974,23.605667,18.65489,19.668379,15.459113,17.11907,14.369431,16.097183,14.193705,14.083178,15.200796,10.957278,8.9438,6.184912,9.018314,6.4747543,12.675447,12.814912,17.067648,18.149061,22.421371,16.908995,15.043131,17.689037,19.222878,14.009667,16.005136,14.396714,11.1034775,11.570839,10.565783,12.037079,12.271313,14.133894,16.24002,16.785702,18.165043,16.11483,16.916061,18.742615,19.817411
34,24.432812,22.724949,27.386858,25.030512,28.296234,26.088644,22.168673,23.714891,19.858051,20.528053,17.996489,20.201578,18.047623,15.0660715,16.362938,15.144795,20.477486,18.441925,23.725529,24.475834,28.46893,28.79472,26.804403,31.19742,25.694822,30.760784,25.320185,22.518461,19.730616,16.834349,14.355089,11.87751,4.9687223,6.8217964,0.0,5.9541974,6.0141315,7.379022,7.6126375,7.506786,7.0903096,12.429731,11.769359,17.185276,18.686682,21.941345,25.186337,28.53908,29.894255,26.758343,25.054281,22.327106,18.831865,18.681364,14.076624,16.53417,11.49011,12.448913,14.397132,11.34114,7.903489,5.845047,10.425443,9.7158985,15.875313,17.068092,21.309288,22.762794,27.037142,28.327915,25.809416,28.253424,23.608301,25.867228,22.86844,17.96251,17.615505,13.343767,13.293296,10.098285,10.756997,9.07956,11.216007,12.885291,8.412507,7.27429,7.869159,9.288417,10.731699,15.351508,16.497337,20.57391,21.191349,26.106892,21.537266,19.076544,22.568224,24.735195,20.171082,22.117332,19.561268,16.987461,15.860226,14.663013,14.400908,14.190825,15.321103,18.838335,19.823925,22.621565,20.206852,22.189192,23.50866,25.405622
