,0,1,2,3,4,5,6,7,8,9,10,11,12,13,14,15,16,17,18,19,20,21,22,23,24,25,26,27,28,29,30,31,32,33,34,35,36,37,38,39,40,41,42,43,44,45,46,47,48,49,50,51,52,53,54,55,56,57,58,59,60,61,62,63,64,65,66,67,68,69,70,71,72,73,74,75,76,77,78,79,80,81,82,83,84,85,86,87,88,89,90,91,92,93,94,95,96,97,98,99,100,101,102,103,104,105,106,107,108,109,110,111,112,113,114
0,0.0,4.240078,5.6043377,8.353518,11.588082,12.579409,16.689245,18.904007,22.249954,25.176079,30.08943,31.812159,34.185116,35.449116,31.816393,28.31981,24.878284,22.56287,20.22216,15.927599,15.024016,11.006896,13.62189,11.161038,14.804114,15.94308,17.276564,20.944555,20.422047,23.673428,24.66721,27.387249,32.98327,34.37277,37.895584,39.664684,43.46712,45.084923,43.080647,39.509193,35.142082,36.22588,31.02601,32.74049,28.200668,28.726309,26.596846,25.761568,26.829674,30.655,28.942272,33.355057,31.100723,33.55228,36.475597,35.37057,40.477192,38.135357,35.100113,36.14958,39.958878,35.146904,31.951677,29.69427,28.243946,25.958864,26.02694,25.05326,21.558502,21.93756,21.885864,19.658321,20.71155,21.603456,24.189272,25.353737,29.347836,30.761288,35.064842,37.428185,41.345005,42.33511,40.524555,43.394394,41.6605,37.023037,34.29009,30.320692,29.309933,24.465282,23.327267,19.038023,19.856627,14.432355,20.257366,23.978975,23.631447,19.858421,21.034634,17.488419,19.763763,21.347227,25.230804,25.4243,29.47146,30.539326,35.227016,38.433308,37.881924,34.520298,37.429955,31.432129,32.94689,30.185928,30.567823
1,4.240078,0.0,5.0733676,4.6256638,8.688286,10.609612,14.037503,17.204367,19.939053,23.394371,27.961082,30.15781,32.186806,33.231956,29.795376,26.004131,23.255562,20.28508,18.866428,14.26716,14.357739,9.880304,13.210975,10.566788,12.752229,14.434256,14.619455,17.97321,17.32668,20.088438,21.40226,23.563816,29.397713,30.445992,34.24949,35.869995,39.733494,41.52042,39.72083,36.196133,31.939985,33.42607,28.12917,30.414762,26.028427,27.066946,25.277716,25.109259,26.064152,29.369045,27.312906,31.398052,28.628881,30.898296,33.3283,32.24437,37.184757,34.599213,31.462097,32.251198,36.15578,31.322144,28.174208,26.321358,24.994389,23.05565,23.331192,22.864798,19.738342,20.598225,20.216625,18.71053,18.924358,20.512474,22.645245,23.004961,27.179445,28.079348,32.483856,34.522964,38.43179,39.213417,37.5518,40.252293,38.239414,33.665638,30.747263,27.01715,25.565125,21.045204,19.499523,15.278346,16.05305,10.8317795,16.604626,20.13797,19.77547,15.6951275,16.824444,13.29438,15.778006,17.623142,21.427988,22.09872,25.961617,27.408365,32.039112,35.23285,34.97226,31.641768,34.85618,28.749775,30.704874,27.903048,28.830462
2,5.6043377,5.0733676,0.0,6.007918,7.1403613,8.816675,12.164507,15.145717,18.485947,21.343521,26.42794,27.942648,30.290949,31.134392,27.447556,23.875673,20.412174,17.801922,15.757803,10.82502,11.330039,5.769257,8.356338,6.2202926,9.381802,11.743367,12.499237,16.216587,15.376625,19.16762,19.696968,23.129332,28.35406,30.557508,33.437183,35.75752,39.21225,40.541527,38.20905,34.501076,30.13763,30.87022,25.75378,27.235508,22.633574,23.164028,21.050705,20.450249,21.537956,25.150154,23.394365,27.778765,25.606266,28.18808,31.303427,30.38581,35.46338,33.509186,30.572418,32.033108,35.532646,30.814014,27.567858,24.751774,23.342264,20.69987,21.010307,19.71855,16.568163,16.686493,16.331219,14.192959,15.15635,16.353325,18.948193,20.097471,24.134499,25.731503,29.959024,32.545937,36.402317,37.579334,36.062305,39.168785,37.38033,32.692642,30.259163,25.95646,25.4261,20.018362,19.289356,14.8850355,15.869345,11.080075,17.231068,20.907421,21.585222,17.281546,19.434425,15.476636,17.544395,18.240063,22.395731,21.85259,26.390469,26.717543,31.638937,34.788937,33.89751,30.457823,32.845238,26.69988,27.96,24.931831,25.28891
3,8.353518,4.6256638,6.007918,0.0,4.681856,7.186539,9.797153,13.615202,15.820586,19.58464,23.895811,26.352797,28.137342,29.009846,25.713123,21.768555,19.548311,16.17479,15.5109415,11.013805,11.928436,7.8704824,11.8892355,10.320569,10.436325,13.869193,12.345694,15.231293,13.74765,16.401485,17.215378,19.405914,24.997421,26.033993,29.74979,31.345879,35.213474,36.980793,35.25533,31.867561,27.54645,29.318022,23.977798,26.593307,22.490808,23.827713,22.595575,22.88875,24.176584,26.820417,24.58795,28.300526,25.194262,27.548193,29.475033,28.858004,33.429188,31.00254,27.756735,28.45236,32.011555,27.081501,24.209446,22.19476,21.49147,19.47828,20.547867,20.208797,17.953918,18.799786,17.637646,16.576002,15.739967,17.627708,19.222973,18.9925,23.184729,23.743822,28.188936,30.04092,33.956142,34.654804,32.98581,35.649944,33.61603,29.043493,26.133726,22.404425,21.010914,16.48107,15.108151,11.042374,12.494786,8.616872,14.46678,17.56833,17.878317,12.6614685,14.034345,9.753698,11.780716,13.145791,17.089907,17.538551,21.52422,22.852942,27.516996,30.698092,30.456549,27.130724,30.444183,24.329626,26.545782,23.857655,25.156912
4,11.588082,8.688286,7.1403613,4.681856,0.0,4.442552,5.5575967,10.235865,12.445012,16.006899,20.53324,22.674807,24.506886,25.06707,21.66847,17.715986,15.382582,11.799561,11.438665,6.603134,9.055724,5.0475864,8.962759,9.024086,7.346833,12.693139,10.147576,12.76658,10.324763,13.779837,13.438702,16.789534,21.664253,23.651155,26.541552,28.68548,32.222813,33.625317,31.539139,28.094095,23.619398,25.042217,19.754522,22.05998,17.99604,19.250502,18.292467,18.734293,20.380487,22.634445,20.45274,24.060566,21.087751,23.749743,25.79616,25.659302,30.055847,28.217367,25.057562,26.204502,29.19438,24.300436,21.561447,18.631075,18.376118,15.731055,17.524797,16.692581,15.23933,15.562086,13.680355,12.668821,11.219552,13.194963,14.597983,14.387862,18.581228,19.403025,23.797264,25.944237,29.847803,30.790419,29.2381,32.198963,30.305166,25.634708,23.124617,18.902864,18.352425,12.992824,12.561926,8.540115,10.768695,8.707301,14.354573,17.13964,18.632364,12.894481,15.170342,10.560406,11.680983,11.451518,15.685788,14.840509,19.48246,19.747793,24.67882,27.807796,27.082827,23.662508,26.404959,20.18508,22.094238,19.272017,20.49198
5,12.579409,10.609612,8.816675,7.186539,4.442552,0.0,5.056602,6.6400747,9.777734,12.846854,17.711401,19.589336,21.749958,22.88592,19.32676,15.783348,12.76994,10.376426,8.614959,5.741359,5.2870216,5.5093226,9.697104,11.533905,10.513681,16.39238,14.085759,16.526258,13.398351,16.976597,15.279083,19.122358,22.981134,24.823906,27.416138,29.219336,32.89837,34.138054,32.128845,29.106556,24.318827,25.77013,20.659914,22.504704,18.858606,19.51501,19.060368,18.797724,21.536287,23.663908,21.88448,25.41619,22.82185,25.91081,27.728617,28.361153,32.2654,30.938982,27.765676,28.831223,31.110855,26.126463,24.036594,20.520004,21.267126,18.133907,20.737488,19.362062,18.446072,17.98994,15.514966,13.555403,11.908266,12.265556,13.548296,14.181272,17.824314,18.976912,23.245867,25.49028,29.451832,30.487799,28.262127,31.27273,30.074347,25.393343,23.122381,18.770767,19.07519,13.7916975,14.567132,11.451419,14.460101,13.122513,18.62559,21.128405,22.638973,16.479115,18.092901,13.060557,12.981808,11.99,16.070667,14.1585,18.904938,18.630033,23.471422,26.625498,25.581781,22.189428,24.954876,19.180143,20.859554,18.753317,19.512981
6,16.689245,14.037503,12.164507,9.797153,5.5575967,5.056602,0.0,6.2405276,7.4274964,10.988218,15.302738,17.469053,19.120083,19.52237,16.180637,12.164927,10.358092,6.4002852,7.3755803,4.735607,7.9528165,7.80098,10.692179,12.819065,9.503365,16.005676,12.268004,13.653057,9.713348,13.028372,10.439371,14.6618395,18.02052,20.409437,22.53559,24.74523,28.151466,29.265236,27.13247,24.051435,19.28178,20.889112,15.721827,18.032085,14.711105,15.986404,16.225376,16.96243,19.537169,20.678528,18.60965,21.527935,18.49766,21.537594,22.873001,23.889864,27.438421,26.334114,23.191656,24.36624,26.277548,21.360937,19.450878,15.6156645,16.968477,13.809718,17.231295,16.115131,16.38085,16.074352,12.894234,12.181033,8.927005,10.382681,10.550078,9.740007,13.648175,14.287775,18.67339,20.797203,24.74537,25.761404,23.934383,27.035946,25.523785,20.80906,18.686228,14.112799,14.707014,8.95352,10.384256,8.002026,11.490998,12.385839,16.769075,18.581833,20.905298,14.60738,16.783983,12.098526,11.461737,9.169143,13.168228,10.554518,15.687721,14.800839,19.85197,22.920105,21.800207,18.344904,20.897905,14.772765,16.77412,14.397295,15.893718
7,18.904007,17.204367,15.145717,13.615202,10.235865,6.6400747,6.2405276,0.0,4.4883084,6.279546,11.477241,12.980188,15.315952,16.77822,13.152327,10.185946,6.9362206,6.4749126,4.294967,7.1265044,5.58517,10.523507,13.177408,16.661116,14.5600815,21.162943,18.101988,19.617458,15.538425,18.837223,15.146724,19.555126,21.370888,23.467821,25.013588,26.669521,30.141825,30.943842,28.945578,26.589378,21.582994,23.054113,18.516582,19.843935,17.36044,17.556767,18.449045,18.06623,21.996124,23.005646,21.635128,24.384136,22.12134,25.593906,26.692665,28.618359,31.480621,31.089472,28.048313,29.118107,30.06617,25.235092,24.213058,19.855513,22.218039,18.661299,22.610985,20.845736,21.430603,20.258188,16.751892,14.811467,11.961078,10.695292,10.525901,11.403296,13.794814,15.052529,18.890688,21.141619,25.028625,26.207794,23.332031,26.481747,26.1737,21.621286,20.052183,15.567504,17.517197,12.61308,15.308278,13.936406,17.632242,18.31951,22.959076,24.68444,26.848953,20.312807,21.739319,16.78883,15.1667185,12.41262,15.65934,11.641033,16.436941,14.519511,19.152557,22.136126,20.406578,17.109694,19.487623,14.4774275,15.838694,14.913893,15.426168
8,22.249954,19.939053,18.485947,15.820586,12.445012,9.777734,7.4274964,4.4883084,0.0,4.587686,8.116882,10.910316,12.333434,13.596694,10.51333,7.090966,6.744691,5.6056166,7.0529013,10.039903,10.037836,13.993789,16.617672,19.76428,16.661293,23.299992,19.35521,20.05072,15.640216,17.926374,13.711558,17.352907,18.295965,19.8193,21.339256,22.549032,26.142176,27.050915,25.449837,23.550734,18.591694,20.861736,16.516235,18.60134,17.038137,17.845602,19.597734,20.023903,23.788488,23.871439,22.282852,24.204807,21.442062,24.691843,24.714237,27.222107,29.332718,29.01322,25.934376,26.57702,26.96517,22.170563,21.877401,17.796515,21.163963,18.05422,22.661316,21.441381,22.842178,22.013212,18.173765,17.232437,13.385198,12.854047,11.399033,10.51311,12.390974,12.39804,16.19747,17.722204,21.617828,22.455624,19.34319,22.256548,21.963636,17.49076,15.880864,11.7126045,13.931864,10.041475,13.331479,13.351085,17.2701,19.37416,23.080439,24.075745,26.410343,19.767744,20.85291,16.29352,13.796444,10.205301,12.593869,7.7636228,12.3579235,10.078302,14.666791,17.669458,16.147993,12.854478,15.980246,11.164146,13.519762,13.30545,14.81084
9,25.176079,23.394371,21.343521,19.58464,16.006899,12.846854,10.988218,6.279546,4.587686,0.0,5.6784697,6.7771187,9.0794325,10.884278,7.4073076,5.7620425,4.3520207,6.99945,6.988491,12.056793,11.161821,16.387226,18.250278,22.199055,19.378061,26.09402,22.487574,23.176048,18.737534,21.351885,16.473545,20.710733,20.413876,22.548315,22.938734,24.330845,27.436949,27.77869,25.924362,24.421885,19.50846,21.083902,17.523466,18.42472,17.534313,17.494558,19.711382,19.56069,24.02054,23.791588,22.763556,24.442469,22.45622,25.976665,26.133429,29.207039,30.896114,31.341204,28.532318,29.487757,29.122835,24.683084,24.776638,20.074442,23.78005,20.27576,25.089952,23.299189,25.080002,23.615402,19.594471,18.182098,14.638221,12.709311,10.850271,11.200111,11.551614,12.400693,15.313706,17.249035,20.871351,22.09592,18.56206,21.750528,22.419193,18.251762,17.599178,13.490149,16.97363,13.333872,17.22916,17.414804,21.219742,23.312635,27.105787,28.119587,30.7171,24.168287,25.413366,20.86612,18.356638,14.653258,16.610416,11.24505,15.207652,11.491164,15.387756,17.968092,15.4681635,12.469875,14.292068,10.738217,11.779795,12.667265,13.155916
10,30.08943,27.961082,26.42794,23.895811,20.53324,17.711401,15.302738,11.477241,8.116882,5.6784697,0.0,4.7982144,4.630251,7.1718826,5.7113056,6.008554,8.858675,10.890039,12.515085,17.22974,16.70305,21.655548,23.636715,27.358767,24.020756,30.681286,26.514507,26.568457,22.039278,23.633251,18.533497,21.62513,19.88721,21.045843,21.02009,21.46963,24.525606,24.8102,23.664608,23.216188,18.709204,21.082571,18.379604,19.731846,20.163012,20.510935,23.488907,23.88318,28.201344,27.104458,26.041512,26.762735,24.53742,27.719452,26.595554,30.422693,30.991497,31.712427,29.01168,29.408178,28.070765,23.992353,25.19672,21.023832,25.719048,22.79533,28.049732,26.742758,29.175177,27.95695,23.780306,23.049536,19.024546,17.560993,14.968222,14.019487,13.192872,12.504805,14.38902,15.010671,18.227186,18.946209,14.5707655,17.2293,18.738808,15.212525,15.079952,12.283913,16.205324,14.658914,18.737993,20.194374,23.981453,27.059662,30.057562,30.378267,32.99772,26.518673,27.2381,23.222826,20.011929,16.036535,16.561514,11.125489,13.300455,8.842336,11.183369,13.30984,10.647622,8.281229,10.874302,9.618834,11.407393,13.944839,15.170822
11,31.812159,30.15781,27.942648,26.352797,22.674807,19.589336,17.469053,12.980188,10.910316,6.7771187,4.7982144,0.0,3.684427,6.467375,4.486769,7.410299,8.405933,12.255261,12.697357,18.190565,17.326876,22.779509,24.031887,28.345028,25.326696,31.966988,28.252388,28.461153,24.004414,26.198431,20.743484,24.727074,22.521534,24.744013,23.718494,24.858915,27.240707,26.884504,25.154161,24.705904,20.313126,21.529297,19.484947,19.453526,20.172497,19.635761,22.73984,22.534481,27.30407,26.100288,25.607985,26.293022,24.959787,28.398104,27.877125,31.896164,32.44408,33.825825,31.405506,32.354664,30.701681,26.941587,27.996222,23.141401,27.639248,24.244389,29.4189,27.49564,30.062214,28.261168,24.085268,22.902624,19.38847,16.914959,14.328222,14.680461,12.833119,13.448465,14.425611,15.931739,18.73045,20.101152,15.925925,19.02851,21.170546,17.93295,18.614857,15.475646,20.048836,17.746384,22.1116,23.16171,26.839905,29.621826,32.914143,33.490784,36.39077,29.989063,31.154615,26.93849,24.051783,20.046343,21.008133,15.369354,17.944736,12.972133,15.060465,16.651747,13.077434,11.200285,11.131892,10.98347,10.667464,13.747575,13.636367
12,34.185116,32.186806,30.290949,28.137342,24.506886,21.749958,19.120083,15.315952,12.333434,9.0794325,4.630251,3.684427,0.0,4.0274405,4.6851544,7.887979,10.954503,13.816036,15.398344,20.488174,20.160492,25.202978,26.61774,30.672947,27.205656,33.800106,29.6629,29.44572,24.966913,26.497982,21.026438,24.261154,21.287622,22.969944,21.669575,22.320038,24.583893,24.202497,22.920586,23.086094,19.029251,20.818602,19.237415,19.718365,21.124704,21.06398,24.52984,24.876673,29.342001,27.628244,26.95976,27.06079,25.407845,28.547075,27.191236,31.574295,31.463026,32.927727,30.582628,31.186537,29.007687,25.514061,27.179443,22.74694,27.750565,24.794565,30.179707,28.664555,31.604227,30.082638,25.83471,25.21593,21.292538,19.432041,16.470463,15.766261,13.61007,13.076697,13.480001,13.985879,16.484745,17.46797,12.878281,15.648876,18.20649,15.433609,16.47339,14.193141,18.85332,17.71074,22.067942,23.82195,27.434313,30.852924,33.585632,33.718876,36.651432,30.37103,31.307117,27.472082,24.28396,20.15697,20.385435,14.901514,16.520618,11.311649,12.342128,13.489094,9.755067,8.486299,8.63914,10.078064,10.487012,14.221401,14.914918
13,35.449116,33.231956,31.134392,29.009846,25.06707,22.88592,19.52237,16.77822,13.596694,10.884278,7.1718826,6.467375,4.0274405,0.0,4.0363564,7.3851614,11.520618,13.662236,16.227074,20.837183,21.586023,25.841091,26.839006,30.799887,26.848412,33.214737,28.873034,28.190363,23.847183,25.049639,19.413078,22.592419,18.728317,21.148724,18.849602,20.161133,21.771772,20.965666,19.313637,19.57161,15.792596,17.322252,16.432667,16.737741,18.889238,19.03517,22.877026,23.763037,27.852816,25.508385,24.83631,24.314972,22.724882,25.655788,23.979486,28.66764,28.118622,29.997602,27.920273,28.738691,26.100065,23.02023,24.89203,20.352541,25.560228,22.797928,28.24975,26.856754,30.307653,28.841362,24.58858,24.579847,20.457518,19.076101,15.696043,14.298055,11.4370775,10.403563,9.887162,10.276786,12.587611,13.856048,9.710704,13.095706,15.479996,12.847503,14.654372,12.43984,17.608068,16.689066,21.174168,23.312027,26.621935,30.611788,32.77337,32.61428,35.89496,29.971119,31.273651,27.785025,24.755867,20.436968,20.521769,15.026442,16.642834,10.812203,11.77124,12.529589,8.184862,7.027953,4.8044004,7.529508,7.4848995,11.734999,12.844104
14,31.816393,29.795376,27.447556,25.713123,21.66847,19.32676,16.180637,13.152327,10.51333,7.4073076,5.7113056,4.486769,4.6851544,4.0363564,0.0,4.3831067,7.5108113,10.197897,12.2642765,17.07439,17.70422,22.06596,22.986227,27.098013,23.416237,29.882996,25.828043,25.53805,21.144974,23.003637,17.335135,21.34346,18.545494,21.507217,19.836452,21.675005,23.661728,23.111172,20.99847,20.324968,15.949654,17.063099,15.229548,15.305377,16.511055,16.382038,19.88605,20.424034,24.746944,22.95679,22.280834,22.47836,20.961939,24.254162,23.491343,27.680305,28.024782,29.60526,27.336933,28.48642,26.634203,23.077522,24.176224,19.1698,23.864332,20.627014,25.942804,24.21074,27.285446,25.644829,21.39306,20.965025,17.013325,15.2901945,12.08358,11.374061,8.979313,9.133457,9.965389,11.710757,14.716765,16.31025,12.74979,16.390505,17.921186,14.466658,15.506904,12.061819,17.122288,14.813355,19.378633,20.831118,24.24856,27.691847,30.377157,30.658466,33.904884,27.82229,29.379242,25.512756,22.779625,18.514217,19.392536,13.622986,16.429487,10.781617,13.316363,14.878312,11.015348,8.716036,7.6290784,6.7506876,6.327171,9.68313,10.319971
15,28.31981,26.004131,23.875673,21.768555,17.715986,15.783348,12.164927,10.185946,7.090966,5.7620425,6.008554,7.410299,7.887979,7.3851614,4.3831067,0.0,5.7265778,6.355645,9.715759,13.670141,15.051346,18.645706,19.910006,23.603378,19.659754,26.143515,21.854313,21.570194,17.102562,18.911255,13.394976,17.438986,15.634926,18.574356,17.81907,19.85106,22.360338,22.360666,20.245506,18.840858,14.024846,15.743784,12.694842,13.913164,14.180359,14.782516,17.899088,18.875305,22.784018,21.379292,20.172361,20.80982,18.5533,21.819315,21.19424,24.87357,25.838337,26.75354,24.19375,25.270555,24.177303,20.13104,20.736198,15.834113,20.324028,17.148836,22.453352,21.022642,23.852488,22.600325,18.358585,18.22455,13.883137,13.059381,9.947108,8.180545,7.386244,6.9792457,9.729129,11.529269,15.226147,16.548141,13.540354,17.12115,17.426971,13.228309,13.281304,8.988668,13.621314,10.596159,15.122823,16.461975,19.930103,23.420002,26.067196,26.399164,29.567738,23.450874,25.093393,21.233065,18.650534,14.380652,15.62879,9.864034,13.522501,8.337586,12.292342,14.558957,11.602837,8.401305,9.333681,4.9903445,6.7370825,8.124888,9.941687
16,24.878284,23.255562,20.412174,19.548311,15.382582,12.76994,10.358092,6.9362206,6.744691,4.3520207,8.858675,8.405933,10.954503,11.520618,7.5108113,5.7265778,0.0,5.0951686,4.8196287,10.061501,10.488689,14.909828,15.765909,20.105581,17.123346,23.712479,20.367289,21.016224,16.732708,19.908978,14.785198,20.017262,19.625063,23.105251,22.729095,25.16937,27.70124,27.648233,25.068195,23.017998,18.112438,18.631676,15.163338,15.124307,13.918274,13.39443,15.58039,15.3326235,19.89954,19.607906,18.796343,20.632967,19.161732,22.889507,23.83298,26.755333,28.779757,29.595545,27.025618,28.64038,28.346977,24.12414,23.733696,18.373734,21.613874,17.672216,22.331776,20.047966,22.036797,20.169939,16.098982,14.638138,11.239352,8.827017,6.682811,8.131079,8.357005,10.59972,13.482753,16.418295,19.996914,21.756798,19.032967,22.743622,23.072567,18.78565,18.54243,13.798676,17.681444,12.992302,17.04521,16.816776,20.271912,22.324701,26.076668,27.271002,30.294565,24.09225,26.096226,21.623549,19.719282,15.975713,18.420223,13.03611,17.589916,13.380877,17.649858,20.085382,17.139286,14.023839,14.304851,10.023697,9.751498,9.656486,9.362512
17,22.56287,20.28508,17.801922,16.17479,11.799561,10.376426,6.4002852,6.4749126,5.6056166,6.99945,10.890039,12.255261,13.816036,13.662236,10.197897,6.355645,5.0951686,0.0,5.3784723,7.4772987,10.23145,12.49527,13.777683,17.260132,13.404382,19.995691,16.009066,16.37091,11.946127,14.902186,10.009037,15.217255,15.882415,19.387604,19.745823,22.431473,25.202318,25.603104,23.08369,20.439114,15.448404,16.589258,12.110986,13.543979,11.512632,12.317621,14.118131,15.002028,18.524158,18.305567,16.70728,18.672068,16.171986,19.641676,20.476295,22.852953,25.347237,25.481276,22.688848,24.21416,24.629562,20.122353,19.219141,14.149577,17.100895,13.405398,18.096827,16.411718,18.360537,17.204916,13.126913,12.684416,8.362482,8.357334,6.35708,5.11069,7.811829,8.912249,12.971253,15.552126,19.435373,20.862635,18.851522,22.405966,21.592852,16.962137,15.9622345,10.892146,13.835086,8.330825,12.119345,11.807812,15.226901,17.757704,21.119493,22.188034,25.27004,19.173399,21.43405,17.201525,15.593742,11.882011,14.692003,9.883391,14.98444,11.6926,16.63778,19.368137,17.229103,13.793322,15.104208,9.193438,10.518423,8.751778,10.209313
18,20.22216,18.866428,15.757803,15.5109415,11.438665,8.614959,7.3755803,4.294967,7.0529013,6.988491,12.515085,12.697357,15.398344,16.227074,12.2642765,9.715759,4.8196287,5.3784723,0.0,5.8493223,5.9115453,10.280017,11.415331,15.753924,13.50831,20.084274,17.352642,18.791182,14.818579,18.71889,14.543057,19.978142,21.215948,24.576302,25.106455,27.624697,30.485102,30.791155,28.168467,25.532558,20.579458,21.023916,16.81647,17.053934,14.410059,13.929466,14.773624,14.036983,18.336363,19.289244,18.276012,21.154694,19.57825,23.302061,25.100449,27.082676,30.06755,30.245575,27.502068,29.218134,29.923336,25.399513,24.157824,19.053936,21.153177,17.081238,20.971807,18.548021,19.459381,17.653112,13.991637,11.708575,9.105348,6.7164726,6.708519,9.113494,11.187988,13.616834,17.13291,20.1606,23.899244,25.570347,23.160004,26.765654,26.518349,21.975742,21.033403,16.095644,18.849165,13.275124,16.416187,14.915945,18.237839,19.043823,23.56065,25.385727,28.075119,21.917332,24.082157,19.321714,18.122158,15.107148,18.411585,13.9219,18.97695,16.005676,20.733934,23.493711,21.102985,17.792679,18.77374,13.694722,13.853975,12.435296,12.059151
19,15.927599,14.26716,10.82502,11.013805,6.603134,5.741359,4.735607,7.1265044,10.039903,12.056793,17.22974,18.190565,20.488174,20.837183,17.07439,13.670141,10.061501,7.4772987,5.8493223,0.0,5.8712196,5.179583,6.6464653,10.201404,7.825396,14.395702,11.939383,14.021258,10.655941,15.137782,12.480615,17.804724,20.785372,24.250425,25.529835,28.40514,31.339,31.996769,29.273565,25.910566,21.177378,21.578074,16.734224,17.631615,13.684058,13.949474,13.369904,13.176038,16.079546,18.00542,16.404879,20.054523,18.011696,21.395174,23.936735,24.718222,28.710922,28.105906,25.279821,27.164066,29.016634,24.391977,22.115795,17.561111,18.142792,14.272199,17.070597,14.878787,14.669246,13.426422,10.410792,8.298442,6.384039,6.7702017,8.424144,9.832125,13.510556,15.56324,19.582045,22.542664,26.353132,27.87838,26.248432,29.75714,28.535185,23.831083,22.273932,17.326773,18.711287,12.502917,14.195191,11.29635,13.976659,13.692794,18.599613,20.969276,23.49769,17.79859,20.526209,15.9463625,15.939139,13.888999,17.86804,14.814711,20.068554,18.32134,23.39638,26.332357,24.566227,21.103298,22.510784,16.524786,17.242603,14.444819,14.699497
20,15.024016,14.357739,11.330039,11.928436,9.055724,5.2870216,7.9528165,5.58517,10.037836,11.161821,16.70305,17.326876,20.160492,21.586023,17.70422,15.051346,10.488689,10.23145,5.9115453,5.8712196,0.0,6.9221263,9.347493,13.051582,12.735641,18.733707,17.107738,19.580975,16.284859,20.456545,17.675688,22.541197,25.25559,27.870523,29.477383,31.593054,34.92948,35.661705,33.278866,30.425013,25.495253,26.179523,21.553894,22.168287,18.742346,18.340084,17.979858,16.636766,20.376118,22.62561,21.517853,25.178612,23.508526,27.04036,29.308918,30.450594,34.145924,33.606857,30.663622,32.171116,33.77528,28.977022,27.171694,22.743956,23.850136,20.038378,22.921999,20.641113,20.057379,18.562948,15.843076,12.717974,11.755655,9.984872,11.681026,14.085347,16.866535,19.051933,22.845514,25.668667,29.507067,30.968718,28.449102,31.794714,31.323544,26.693277,25.104239,20.403316,21.987612,16.41967,18.327168,15.646616,18.70749,17.589228,23.100258,25.628963,27.5313,21.460804,23.280294,18.246288,17.763922,16.009172,19.819414,16.606667,21.519384,19.947182,24.688679,27.680588,25.853088,22.527924,24.332256,19.127478,19.725206,18.043987,17.66791
21,11.006896,9.880304,5.769257,7.8704824,5.0475864,5.5093226,7.80098,10.523507,13.993789,16.387226,21.655548,22.779509,25.202978,25.841091,22.06596,18.645706,14.909828,12.49527,10.280017,5.179583,6.9221263,0.0,4.542964,6.359546,6.8132777,12.057136,11.237921,14.445371,12.353676,16.821402,15.822427,20.373087,24.551426,27.515852,29.542374,32.22359,35.39346,36.341255,33.73735,30.149422,25.588186,26.02048,21.047155,22.08857,17.670813,17.933367,16.304203,15.671568,17.662031,20.72253,19.102596,23.32115,21.345911,24.38253,27.42257,27.297178,31.94482,30.719025,27.846544,29.630966,32.323273,27.636711,24.788553,20.98964,20.41939,17.030054,18.45769,16.50947,14.6043,13.845211,12.275156,9.719381,9.974438,10.718247,13.22038,14.740828,18.58123,20.534864,24.626757,27.486998,31.312105,32.720303,31.154179,34.510284,33.038414,28.31726,26.345613,21.649267,22.106176,16.14284,16.580456,12.648555,14.529278,11.887875,17.710764,20.848389,22.616571,17.448132,20.068697,15.583433,16.629543,15.907158,20.139814,18.282022,23.288347,22.533375,27.58094,30.639864,29.24579,25.777435,27.594849,21.540775,22.413692,19.457819,19.597195
22,13.62189,13.210975,8.356338,11.8892355,8.962759,9.697104,10.692179,13.177408,16.617672,18.250278,23.636715,24.031887,26.61774,26.839006,22.986227,19.910006,15.765909,13.777683,11.415331,6.6464653,9.347493,4.542964,0.0,5.1637673,6.3122873,10.615411,10.985255,14.181514,12.721984,17.662876,16.53755,21.784578,25.488659,29.470392,30.662832,34.048183,36.680714,37.22061,34.09643,30.231735,25.882544,25.33554,20.78613,20.82621,16.10372,15.747612,13.286149,12.144204,13.742204,17.437712,16.198597,20.835571,19.700314,22.797255,26.757042,26.393011,31.311974,30.559147,28.053404,30.481764,33.0397,28.71915,25.608057,21.310322,20.132732,16.394218,17.186373,14.433183,12.283731,10.635888,9.662446,6.2367415,8.564238,9.084821,12.324943,14.701257,18.225178,20.892172,24.588732,27.963217,31.57433,33.34735,32.235447,35.893085,34.43084,29.766977,28.265303,23.317713,24.324167,18.020248,18.761734,14.935485,16.209095,13.745338,19.030104,22.236221,24.49353,20.019997,23.266476,19.165997,20.375736,19.29636,23.456491,21.132605,26.32233,24.824003,29.92504,32.82816,30.988272,27.53696,28.388859,22.414873,22.446644,19.061626,18.51341
23,11.161038,10.566788,6.2202926,10.320569,9.024086,11.533905,12.819065,16.661116,19.76428,22.199055,27.358767,28.345028,30.672947,30.799887,27.098013,23.603378,20.105581,17.260132,15.753924,10.201404,13.051582,6.359546,5.1637673,0.0,5.52674,6.765948,8.82177,12.661891,12.657103,17.034004,17.645887,21.84254,26.689466,30.202553,32.104603,35.385574,38.1444,39.039104,36.10628,31.980051,27.941505,27.70848,22.961874,23.729042,18.787334,19.156689,16.293135,15.931801,15.975783,19.924835,18.245071,22.885355,21.26256,23.717253,27.760895,26.414257,31.874947,30.331842,27.80646,30.06271,33.501446,29.228573,25.549953,22.26106,19.971146,17.098688,16.538763,14.681507,11.040068,10.853307,11.397165,9.600225,11.825113,13.751144,16.655025,17.981375,21.945988,24.003223,27.903263,30.934214,34.55196,36.066475,35.288578,38.723164,36.69368,32.05584,30.106216,25.496164,25.457262,19.521803,19.020008,14.628336,14.826597,10.697135,16.02759,19.7252,21.3973,17.897795,21.252356,17.815996,19.999947,19.942394,24.101574,22.973068,27.864384,27.309845,32.401352,35.377766,34.0587,30.59235,31.965374,25.687923,26.282578,22.5927,22.652445
24,14.804114,12.752229,9.381802,10.436325,7.346833,10.513681,9.503365,14.5600815,16.661293,19.378061,24.020756,25.326696,27.205656,26.848412,23.416237,19.659754,17.123346,13.404382,13.50831,7.825396,12.735641,6.8132777,6.3122873,5.52674,0.0,6.717696,4.7870436,8.040873,7.202616,11.853632,12.172896,16.58023,21.211521,25.037407,26.666601,30.162264,32.733337,33.591335,30.66036,26.507446,22.535578,22.520365,17.653635,18.978727,14.150097,15.314541,13.121528,14.084872,14.159457,16.893414,14.632524,18.762056,16.403498,18.85938,22.43102,21.394999,26.613518,25.148321,22.545654,24.852207,28.044529,23.800041,20.201746,16.734968,14.721001,11.732697,11.953242,10.391735,8.095504,8.396518,7.5917797,7.6112976,7.825278,11.290594,13.292899,13.39303,17.589777,19.142115,23.085268,25.8983,29.467289,30.87942,30.415068,33.8011,31.512184,26.9405,25.07343,20.513453,20.494986,14.529775,14.124867,10.052984,10.35579,8.425314,12.968275,16.044142,18.607157,14.602566,18.433273,15.110985,16.87601,16.14896,20.11254,18.803175,23.672628,22.889639,27.945364,30.806242,29.557457,26.13905,27.452477,21.046268,21.949745,18.04968,18.816725
25,15.94308,14.434256,11.743367,13.869193,12.693139,16.39238,16.005676,21.162943,23.299992,26.09402,30.681286,31.966988,33.800106,33.214737,29.882996,26.143515,23.712479,19.995691,20.084274,14.395702,18.733707,12.057136,10.615411,6.765948,6.717696,0.0,5.5905504,8.737539,11.119429,14.403736,16.75533,19.958632,25.236364,29.081308,30.83501,34.600723,36.850197,37.77115,34.73161,30.210905,26.93828,26.47111,22.055408,23.210112,18.304523,19.513445,16.376534,17.467983,15.500667,18.91534,16.71643,20.904844,18.956244,20.415995,24.769747,22.22157,28.206587,26.184137,24.032038,26.588882,30.6716,26.97901,22.648188,20.302256,16.444332,14.725689,12.16671,11.407565,6.6180005,8.616681,10.83385,11.671629,13.478756,16.984934,19.232983,19.278717,23.301336,24.771807,28.438717,31.197569,34.50758,35.89113,36.0614,39.36336,36.58509,32.20946,30.265486,26.067362,25.363419,19.976404,18.526596,14.434549,12.875426,9.227028,12.247997,15.84384,17.86501,16.252396,20.363997,18.34783,21.136072,21.343042,25.070368,24.69757,29.211199,28.923225,33.86391,36.64767,35.624172,32.27606,33.427692,27.029112,27.805483,23.570698,24.252413
26,17.276564,14.619455,12.499237,12.345694,10.147576,14.085759,12.268004,18.101988,19.35521,22.487574,26.514507,28.252388,29.6629,28.873034,25.828043,21.854313,20.367289,16.009066,17.352642,11.939383,17.107738,11.237921,10.985255,8.82177,4.7870436,5.5905504,0.0,3.9327085,5.7135344,8.959775,11.399155,14.417796,19.799473,23.500765,25.37563,29.019424,31.366165,32.425484,29.6179,25.221907,21.854223,22.05342,17.324945,19.415419,14.826288,16.888565,14.803411,16.85816,15.670025,17.741096,14.978833,18.479443,15.443806,16.986877,20.365845,18.37932,23.975237,21.82653,19.309015,21.613071,25.508205,21.575218,17.4081,15.072709,11.754259,10.092876,8.807026,8.908285,6.335451,8.774947,8.96702,11.028864,10.659344,15.005743,16.336334,15.144743,19.354116,20.106987,23.930206,26.280766,29.640316,30.787546,30.977749,34.110348,31.166767,26.826242,24.775787,20.751373,19.835777,14.6441965,13.04456,9.228204,7.6818914,6.3878465,8.9687605,11.966803,14.838013,12.1009445,16.4873,14.403111,16.739906,16.508547,20.00783,19.685678,24.027615,23.818096,28.64612,31.370178,30.565483,27.286043,28.743517,22.300175,23.634193,19.492052,20.971148
27,20.944555,17.97321,16.216587,15.231293,12.76658,16.526258,13.653057,19.617458,20.05072,23.176048,26.568457,28.461153,29.44572,28.190363,25.53805,21.570194,21.016224,16.37091,18.791182,14.021258,19.580975,14.445371,14.181514,12.661891,8.040873,8.737539,3.9327085,0.0,4.5293536,6.022666,9.407678,11.677502,16.918139,20.944859,22.488571,26.436546,28.409426,29.431145,26.610613,22.096039,19.191448,19.46642,14.999882,17.609613,13.523746,16.285294,14.7762985,17.730667,16.165169,17.119007,14.032672,16.634977,12.973944,13.915594,16.882702,14.61366,20.225569,17.913343,15.468483,17.981464,21.941446,18.318237,13.925617,12.030003,8.01149,7.3328066,5.6316957,7.3360286,6.73457,9.67186,9.496181,12.832613,11.511089,16.282333,16.842464,14.61755,18.568829,18.702341,22.255436,24.267885,27.384827,28.394611,29.131401,32.125977,28.809359,24.713795,22.797377,19.14554,18.016802,13.461766,11.601489,8.919938,6.5685267,8.315286,8.200661,9.990059,13.76861,11.646134,16.26229,14.958781,16.970797,16.406784,19.332815,19.171127,23.11818,22.840229,27.401793,29.904594,29.248306,26.14748,27.419333,21.13542,22.647736,18.43047,20.46462
28,20.422047,17.32668,15.376625,13.74765,10.324763,13.398351,9.713348,15.538425,15.640216,18.737534,22.039278,24.004414,24.966913,23.847183,21.144974,17.102562,16.732708,11.946127,14.818579,10.655941,16.284859,12.353676,12.721984,12.657103,7.202616,11.119429,5.7135344,4.5293536,0.0,5.055271,5.6896014,9.653709,14.339491,18.436642,19.894665,23.645105,25.945818,26.922913,24.172903,19.955267,16.316677,17.070112,12.046649,14.990392,11.038224,13.877279,13.263053,16.082191,15.908078,16.41258,13.411778,15.902355,11.970765,13.884921,16.070923,15.365064,20.113056,18.405973,15.584896,17.78868,20.851555,16.651466,13.029026,9.80363,8.164503,5.8124294,7.8113246,8.195109,9.112475,10.546164,8.462713,11.287133,8.479619,13.143915,13.188182,10.547532,14.711554,14.749939,18.633707,20.68899,24.08481,25.126005,25.32198,28.421877,25.482826,21.140343,19.246775,15.1746235,14.639479,9.336592,8.459954,5.9507937,5.8100967,9.04253,10.468031,11.833471,15.572772,11.489559,15.660362,13.302146,14.375244,12.917014,16.017744,15.031919,19.325317,18.610392,23.335623,25.933825,25.092245,21.89465,23.339762,16.940958,18.668886,14.687856,16.95554
29,23.673428,20.088438,19.16762,16.401485,13.779837,16.976597,13.028372,18.837223,17.926374,21.351885,23.633251,26.198431,26.497982,25.049639,23.003637,18.911255,19.908978,14.902186,18.71889,15.137782,20.456545,16.821402,17.662876,17.034004,11.853632,14.403736,8.959775,6.022666,5.055271,0.0,5.8170547,5.678241,11.62152,14.957858,17.043167,20.591076,22.825409,24.231518,21.999342,17.841232,14.971185,16.745686,12.110592,16.367027,13.565708,17.086584,17.10779,20.478943,19.88894,19.542015,16.350388,17.611948,12.870465,13.56936,14.068686,12.972894,17.324867,14.611267,11.461007,13.078027,16.852451,12.727787,8.638395,7.673473,5.766174,6.6162076,8.271719,10.767382,12.298321,14.540723,12.882053,16.21692,13.123339,17.6985,17.078096,13.303644,16.962065,15.664706,19.247547,20.295292,23.395786,23.871475,24.626226,27.186922,23.525581,19.591423,17.360687,14.4020405,12.456654,9.213781,6.6261897,6.3283877,4.5254154,10.340793,8.846781,8.4025545,12.660768,9.469621,13.544949,12.718335,13.713419,12.643284,14.643836,14.975691,18.162703,18.333439,22.465466,24.820873,24.704733,21.836288,23.759155,17.729923,20.229002,16.607668,19.725355
30,24.66721,21.40226,19.696968,17.215378,13.438702,15.279083,10.439371,15.146724,13.711558,16.473545,18.533497,20.743484,21.026438,19.413078,17.335135,13.394976,14.785198,10.009037,14.543057,12.480615,17.675688,15.822427,16.53755,17.645887,12.172896,16.75533,11.399155,9.407678,5.6896014,5.8170547,0.0,6.4559455,9.074666,13.828365,14.5104,18.443117,20.60631,21.452713,18.79663,14.887563,10.896397,12.634394,7.389938,11.729102,9.453431,12.914145,14.109294,17.367233,18.060595,16.982893,14.115824,15.052274,10.499614,12.522821,12.691817,13.844563,17.050701,16.036776,13.06725,14.953443,16.652054,12.24636,9.840652,5.2733603,7.4813924,5.369092,10.266854,10.845,13.748662,14.490865,11.345754,14.198337,9.925969,13.82711,12.307157,7.8548007,11.282402,9.94142,13.759423,15.243029,18.644217,19.503483,19.786074,22.816486,19.833824,15.525138,13.928448,9.886485,10.080675,5.226251,6.236455,7.224508,8.538437,13.723718,14.173475,14.0578575,18.048277,13.4932165,16.85555,14.6395445,14.216881,11.427013,13.483131,11.60796,15.484631,13.999708,18.42165,20.774918,19.905472,16.892452,18.26967,12.091121,14.435058,10.945683,14.308316
31,27.387249,23.563816,23.129332,19.405914,16.789534,19.122358,14.6618395,19.555126,17.352907,20.710733,21.62513,24.727074,24.261154,22.592419,21.34346,17.438986,20.017262,15.217255,19.978142,17.804724,22.541197,20.373087,21.784578,21.84254,16.58023,19.958632,14.417796,11.677502,9.653709,5.678241,6.4559455,0.0,7.111662,9.283872,11.993219,15.000283,17.5266,19.352852,17.882183,14.403472,11.764417,15.236321,11.088389,16.46546,15.2447405,18.97786,20.199072,23.690386,23.81959,22.527357,19.48836,19.617512,14.57196,15.032689,12.964923,13.524338,15.852331,13.19009,9.652336,9.76238,12.609387,7.8102,5.1956196,5.9921813,8.089712,9.58164,12.793063,15.184928,17.650602,19.445314,17.0588,20.194357,16.200603,20.16485,18.592697,13.870166,16.67793,13.939629,17.171515,17.00012,19.92491,19.756971,20.539957,22.544521,18.528267,14.900842,12.378177,10.633169,7.666855,7.3934183,5.0151143,8.411036,8.357564,14.724088,12.887009,11.00822,14.737356,11.170034,13.779056,13.443099,12.978316,11.194255,11.575427,12.283777,14.186402,14.731019,18.09945,20.168362,20.658133,18.194792,20.71154,15.388858,18.776999,16.121067,20.022202
32,32.98327,29.397713,28.35406,24.997421,21.664253,22.981134,18.02052,21.370888,18.295965,20.413876,19.88721,22.521534,21.287622,18.728317,18.545494,15.634926,19.625063,15.882415,21.215948,20.785372,25.25559,24.551426,25.488659,26.689466,21.211521,25.236364,19.799473,16.918139,14.339491,11.62152,9.074666,7.111662,0.0,7.2816677,5.6072536,10.441218,11.682358,12.707187,10.8444195,7.776778,5.4625106,10.265996,8.027045,13.452978,14.550857,18.110773,20.659666,24.343119,24.999401,22.308212,19.74793,18.312525,13.716811,14.091277,9.741073,13.121608,12.699892,12.252578,9.673221,10.035586,8.79553,4.724969,6.5783405,5.4483447,10.846165,11.728187,16.087635,17.716768,21.58177,22.505247,19.4859,22.648182,18.185413,21.282227,18.667051,13.528793,14.414793,10.543151,12.242024,10.952798,13.260764,12.903521,14.594818,16.586554,12.399451,9.285494,8.421739,7.788512,7.5778337,9.331156,10.314635,14.216872,15.039429,21.271633,19.802032,17.805767,21.635023,18.173946,20.300833,19.583017,18.057196,15.042568,14.395853,13.1903925,14.182489,12.695299,14.908438,16.123823,16.151506,14.375104,15.669594,11.848948,15.0534315,13.4578285,17.744183
33,34.37277,30.445992,30.557508,26.033993,23.651155,24.823906,20.409437,23.467821,19.8193,22.548315,21.045843,24.744013,22.969944,21.148724,21.507217,18.574356,23.105251,19.387604,24.576302,24.250425,27.870523,27.515852,29.470392,30.202553,25.037407,29.081308,23.500765,20.944859,18.436642,14.957858,13.828365,9.283872,7.2816677,0.0,6.755036,6.2351503,10.036177,13.08379,14.003177,13.083456,11.791087,17.200886,14.957006,20.399654,21.205765,24.667002,27.081928,30.446636,31.40265,29.211435,26.53907,25.509014,20.778269,20.996758,16.32724,18.870584,17.969297,16.12851,13.35562,10.884449,10.108094,6.2555666,9.623818,11.798721,16.159927,17.619293,21.496546,23.639038,26.697489,28.077862,25.13161,27.874323,23.294731,26.246965,23.76143,18.726393,19.901241,15.670389,17.542133,15.011175,17.04792,15.3796215,15.968926,16.306433,11.733868,9.679193,6.7771325,9.620265,5.9778247,11.76724,11.354733,15.937113,16.921911,23.009998,21.155361,18.547192,21.18967,17.79128,18.23643,18.468508,16.265379,14.057514,11.4847355,12.633374,10.941775,12.320206,12.94471,13.965377,16.02855,14.922814,18.432373,15.575868,19.821854,19.197508,23.528532
34,37.895584,34.24949,33.437183,29.74979,26.541552,27.416138,22.53559,25.013588,21.339256,22.938734,21.02009,23.718494,21.669575,18.849602,19.836452,17.81907,22.729095,19.745823,25.106455,25.529835,29.477383,29.542374,30.662832,32.104603,26.666601,30.83501,25.37563,22.488571,19.894665,17.043167,14.5104,11.993219,5.6072536,6.755036,0.0,6.0557284,6.1321154,7.4338317,7.2668552,6.9703417,7.1271615,12.332937,12.114417,16.74776,19.026035,22.248205,25.317434,28.898075,29.847958,26.659807,24.393322,22.250399,18.154448,18.183695,12.603324,16.737476,14.170569,14.4521675,12.713323,11.79784,7.7622623,6.170504,10.574837,10.906851,16.093092,17.183731,21.446476,23.066923,27.120262,27.919323,24.779016,27.777824,23.188334,25.756687,22.757105,17.741165,17.565144,13.174867,13.403364,10.26859,11.274632,9.629968,12.00845,12.78822,7.8889065,6.7857533,7.226184,9.656166,9.757934,13.681297,14.900805,19.204922,20.212036,26.488262,24.788404,22.371248,25.832273,22.593393,23.95872,23.598125,21.490025,18.435883,16.651403,15.591488,14.846565,13.362231,13.546072,13.656592,14.35794,13.797902,15.004613,13.482205,16.739738,16.540537,20.763296
