,0,1,2,3,4,5,6,7,8,9,10,11,12,13,14,15,16,17,18,19,20,21,22,23,24,25,26,27,28,29,30,31,32,33,34,35,36,37,38,39,40,41,42,43,44,45,46,47,48,49,50,51,52,53,54,55,56,57,58,59,60,61,62,63,64,65,66,67,68,69,70,71,72,73,74,75,76,77,78,79,80,81,82,83,84,85,86,87,88,89,90,91,92,93,94,95,96,97,98,99,100,101,102,103,104,105,106,107,108,109,110,111,112,113,114,115
0,0.0,4.3311553,5.676655,8.434222,12.056718,13.021871,17.584187,18.962576,22.48405,25.08686,30.088148,31.514057,34.13559,35.68644,32.14543,28.746454,24.981138,23.152737,20.325052,16.524023,14.8244095,11.439988,14.587993,11.000606,11.588511,17.484982,17.338186,20.531687,20.945173,23.692076,25.249523,27.630974,33.67834,34.975056,38.503998,40.260548,44.30421,45.920853,44.38884,40.961468,36.83895,37.537148,32.446995,33.782543,29.00721,29.506807,26.785429,26.04526,26.496063,30.540833,28.726103,33.109165,30.767319,32.551384,36.367447,34.399635,39.541435,37.26367,34.475613,35.98859,40.809113,36.441315,32.62219,32.604443,28.419483,26.379192,25.840403,24.383368,21.653595,22.308876,22.530657,20.13123,21.482412,22.301348,25.079084,26.042051,30.207027,31.175007,35.44134,37.73549,41.34223,42.69767,40.22322,43.957905,43.214428,38.638065,36.199085,32.045483,30.523338,25.957777,24.623867,20.053358,19.610258,14.265412,17.540192,13.327693,15.258711,17.298044,14.790315,18.273535,16.75128,21.341753,20.66352,26.031836,25.194632,31.946295,30.411285,35.53094,38.730133,38.250923,34.738834,36.55218,30.578941,30.634705,26.833681,26.596598
1,4.3311553,0.0,5.094594,4.4740515,8.839036,10.391677,14.548032,16.664743,19.644001,22.81049,27.5611,29.464167,31.781033,33.121586,29.7539,26.067661,22.938248,20.496082,18.503557,14.4510145,13.573008,9.763191,13.283793,10.373385,9.502017,15.158839,14.20859,16.990335,17.430191,19.728909,21.656992,23.53747,29.812197,30.897486,34.643475,36.301258,40.36873,42.125607,40.72666,37.310978,33.315407,34.318455,29.14183,30.971281,26.271553,27.253931,24.871456,24.776922,25.168776,28.7179,26.59057,30.645168,27.829447,29.427591,32.861134,30.81801,35.835194,33.34349,30.457603,31.799635,36.711685,32.361473,28.520412,28.825686,24.67348,22.954494,22.516937,21.496298,19.07883,20.274328,20.403164,18.688717,19.252785,20.753567,23.10879,23.310825,27.635145,28.156868,32.514153,34.55182,38.150433,39.352566,37.096485,40.78792,39.712994,35.119167,32.560867,28.545797,26.664686,22.360525,20.65055,16.153648,15.539071,10.098498,13.681076,9.715472,11.79831,13.415319,10.655335,13.956487,12.4868965,17.061005,16.901934,22.118977,21.788704,28.410618,27.110994,32.239304,35.45042,35.26128,31.74138,33.95872,27.760315,28.347593,24.550611,25.00371
2,5.676655,5.094594,0.0,5.9231544,7.4848633,9.164429,12.977105,15.264358,18.84069,21.454853,26.69736,27.89566,30.546705,31.66165,28.013836,24.50214,20.700083,18.492647,15.892717,11.368913,11.021157,6.053584,8.944537,5.8897557,6.9760084,12.963901,12.447216,16.00253,16.111094,19.526278,20.5666,23.805433,29.348888,31.523642,34.34163,36.693745,40.35655,41.642563,39.7448,36.171894,32.026024,32.31284,27.36002,28.32641,23.502823,23.880491,21.108807,20.475065,20.953506,24.890455,23.104856,27.51806,25.353586,27.33465,31.355095,29.673107,34.78357,32.975708,30.35057,32.296017,36.759365,32.46049,28.653173,27.97655,23.840883,21.357147,21.03381,19.101675,16.720848,17.02638,16.944561,14.496099,15.869258,16.837646,19.65253,20.768774,24.895882,26.167883,30.349882,32.91574,36.423786,38.003944,35.747166,39.68377,39.033676,34.470875,32.424755,27.977386,27.101555,21.941078,20.917501,16.261795,15.835925,11.163761,14.267762,10.928549,13.986657,16.061836,13.73478,16.32737,14.513929,18.967318,17.83405,23.257166,22.020802,28.82026,26.7275,31.901455,35.010883,34.19733,30.674751,32.001747,25.926683,25.898378,21.855783,21.7407
3,8.434222,4.4740515,5.9231544,0.0,4.8076777,6.9513083,10.392045,13.291281,15.822666,19.353916,23.973999,26.09646,28.207546,29.273735,26.002882,22.121813,19.468975,16.523464,15.285263,11.108461,11.267717,7.384612,11.070321,9.7189245,7.997901,13.024169,10.746579,13.245538,13.197138,15.48426,17.215927,19.203949,25.358606,26.63255,30.200642,32.006535,35.97553,37.673855,36.253494,32.865665,28.862967,30.005445,24.781918,26.879602,22.302835,23.590918,21.611258,21.986315,22.596613,25.586838,23.302296,27.03992,23.922108,25.5794,28.661879,26.888798,31.659441,29.31217,26.364426,27.724758,32.434093,28.018642,24.269735,24.435434,20.559221,18.782232,18.856705,17.893444,16.23738,17.618376,17.291183,16.085867,15.752722,17.685507,19.600666,19.238476,23.620275,23.876064,28.262316,30.189793,33.775116,34.938858,32.81168,36.5287,35.34401,30.744257,28.256504,24.197355,22.407381,17.976458,16.260942,11.715707,11.272209,6.1998177,10.554408,7.8163295,10.692494,11.644807,8.651769,10.772247,8.74101,13.295876,12.886667,18.110756,17.795725,24.383326,22.973728,28.124832,31.309889,31.156843,27.635185,29.956358,23.626976,24.543537,20.758865,21.755758
4,12.056718,8.839036,7.4848633,4.8076777,0.0,4.4898458,6.1250663,10.312665,12.766877,16.21438,21.022844,22.846972,24.986008,25.640518,22.265818,18.309263,15.664443,12.292614,11.507052,6.743154,8.840523,4.5643077,7.642156,8.560758,7.1632223,11.039567,7.525547,10.275049,9.237125,12.54399,13.235773,16.49109,21.904545,24.155424,26.86362,29.28749,32.875935,34.19473,32.41382,28.941223,24.801388,25.580994,20.423738,22.197134,17.610409,18.820219,17.019512,17.56606,18.498074,21.123842,18.894531,22.556036,19.552496,21.570263,24.719774,23.482313,28.07115,26.350021,23.544996,25.342007,29.511911,25.087168,21.484337,20.762863,17.205456,14.737166,15.509095,13.8997,13.199585,14.136695,13.091605,12.017202,11.043452,13.166083,14.878525,14.518228,18.8946,19.419525,23.75328,25.960545,29.491459,30.884604,28.861116,32.77587,31.790064,27.206192,25.156237,20.743011,19.829966,14.618912,13.523705,8.892683,8.91073,5.9108753,9.81108,9.018733,12.596987,13.340758,10.916503,11.379998,8.895857,12.744748,11.249022,16.412354,15.375712,21.960402,19.86281,25.044165,28.123363,27.5639,24.037811,25.836277,19.430214,20.249027,16.266182,17.478258
5,13.021871,10.391677,9.164429,6.9513083,4.4898458,0.0,5.269585,6.46867,9.69835,12.654682,17.659002,19.327732,21.675755,22.850304,19.393095,15.77774,12.618626,10.3463125,8.504897,5.867815,5.2417946,5.5533247,9.408422,11.324619,11.224876,15.265278,11.422391,13.777046,11.495805,14.685584,13.911284,17.490332,22.251041,23.997854,26.637856,28.654701,32.505707,33.77952,32.28606,29.314774,24.813765,26.003502,20.7792,22.64133,18.500402,19.41701,18.195004,18.115519,20.269974,22.611967,20.754025,24.214115,21.327448,23.8281,26.313007,25.92874,29.818077,28.49155,25.533403,26.958761,30.572308,25.806616,22.860754,21.834572,19.49661,16.665165,18.645916,16.678753,16.953026,17.36389,15.476795,13.730521,12.116035,12.856575,14.331377,14.277092,18.329521,18.716206,22.990473,25.028814,28.732885,29.988031,27.244364,30.974545,30.488836,25.964119,23.813423,19.412542,18.906448,13.641046,13.685824,9.39786,11.15682,9.209583,13.773172,13.134426,16.462006,16.745005,13.767629,13.699367,10.16241,13.747101,9.943039,15.421984,13.136265,19.990252,17.737783,22.875395,26.003057,25.282152,21.762375,23.657656,17.658699,18.08068,14.564942,15.311997
6,17.584187,14.548032,12.977105,10.392045,6.1250663,5.269585,0.0,6.1814556,7.5017896,10.950324,15.532025,17.350626,19.278147,19.63042,16.321,12.261236,10.254957,6.2870812,7.1802053,4.6547766,7.994817,7.889696,9.579076,13.049316,12.27106,14.244023,9.398785,10.78044,7.3044972,10.77431,8.845398,13.403399,17.416191,20.092329,21.973297,24.612787,28.027332,29.0446,27.261324,24.152468,19.663116,20.74958,15.5137415,17.580095,13.610705,15.017841,14.507268,15.362355,17.546698,18.869894,16.840511,19.696642,16.508162,19.110823,21.215103,21.296383,24.831326,23.932394,21.1079,22.811785,25.950403,21.279623,18.486462,16.82084,15.001494,11.8497715,14.766239,12.756765,14.445828,14.877328,12.366018,11.804816,8.545379,10.253286,10.634072,9.360965,13.585347,13.710296,18.057623,20.15206,23.780325,25.149437,22.843954,26.779104,26.095222,21.558737,19.80543,15.144456,15.30066,9.4038925,9.897868,6.1803575,8.450367,9.379982,12.700916,13.898911,17.24752,17.104994,14.837002,13.355994,10.191553,12.346147,8.495002,13.02709,10.68929,17.04651,14.272445,19.397503,22.383745,21.539501,18.022549,19.735163,13.328568,14.374441,10.650042,12.680218
7,18.962576,16.664743,15.264358,13.291281,10.312665,6.46867,6.1814556,0.0,4.509509,6.2253866,11.475892,12.86627,15.31279,16.739868,13.247755,10.089988,6.806171,6.2794294,4.478685,7.271735,5.844999,10.61806,13.119767,16.618431,16.960735,19.944714,15.430384,16.94083,13.262173,16.127438,13.088443,17.286646,20.241018,21.9112,23.69303,25.550909,29.305782,30.247232,28.957472,26.694239,21.872892,23.461832,18.48567,20.40273,17.3105,18.016504,18.086712,17.805597,21.332613,22.560358,21.164164,23.823507,21.100193,24.12271,25.47334,26.466608,29.135948,28.67345,25.754461,26.896847,29.313463,24.360687,22.525286,20.688053,20.307278,17.07561,20.701662,18.425507,20.374695,20.2714,17.31465,15.699636,12.707204,12.092683,12.273048,12.003917,15.1078825,15.118107,19.02616,20.782082,24.554943,25.676022,22.184858,25.714565,25.932003,21.633366,19.766148,15.38476,16.20495,10.935898,13.069703,10.4209585,13.761866,14.181887,18.36908,18.880955,22.11143,21.80469,18.901285,17.545631,13.636995,15.69529,9.555189,13.918461,9.575965,15.970839,13.0212145,17.844416,20.844166,19.680264,16.257687,18.030567,12.738858,12.791975,10.306553,11.068059
8,22.48405,19.644001,18.84069,15.822666,12.766877,9.69835,7.5017896,4.509509,0.0,4.6364827,8.311142,10.990104,12.510529,13.621823,10.70036,7.075254,6.770884,5.523345,7.3647094,10.301917,10.322646,14.162533,16.286863,19.97172,19.567469,21.674088,16.627718,17.0955,13.029651,14.745165,11.093285,14.512651,16.744844,17.866793,19.66129,21.188896,25.053726,26.129929,25.215141,23.3369,18.574526,20.982063,16.04928,18.900856,16.590067,17.96903,18.981014,19.515207,22.960836,23.227686,21.665493,23.448408,20.231209,23.04521,23.261883,24.731394,26.601683,26.200863,23.206457,23.884054,25.821386,20.789059,19.580214,17.911833,18.691097,15.9478035,20.289175,18.62926,21.405285,21.700027,18.614244,17.997765,14.047503,14.12323,13.133439,11.226173,13.888706,12.624132,16.452215,17.449902,21.270086,21.998226,18.47517,21.819523,21.738314,17.42652,15.337966,11.159331,12.025106,7.3045707,10.282781,9.223684,13.150539,15.122292,18.885078,20.335732,23.233736,22.286108,19.618784,17.241259,13.49377,14.196301,7.5802865,10.466686,5.4534106,11.514576,8.563956,13.476254,16.557737,15.842647,12.379934,15.223035,9.902031,11.245341,9.744185,11.982843
9,25.08686,22.81049,21.454853,19.353916,16.21438,12.654682,10.950324,6.2253866,4.6364827,0.0,5.6218805,6.75898,9.10533,10.851913,7.5370364,5.574134,4.2392445,6.865059,7.2355514,12.242307,11.289728,16.529184,18.278118,22.382912,22.744272,24.95238,20.158237,20.920696,16.684753,18.818726,14.381672,18.379698,19.241713,20.628695,21.37558,22.920166,26.416342,26.990484,26.030699,24.675629,19.809917,21.882135,17.56316,19.564701,17.92999,18.53103,19.905169,19.69845,23.969236,24.02963,23.04912,24.687515,22.168951,25.380827,25.452604,27.668213,29.015423,29.339117,26.579744,27.346584,28.48419,23.598701,23.004614,20.605162,22.119728,18.95573,23.625084,21.412859,24.495373,24.166142,20.68471,19.518827,15.776028,14.471401,13.233952,12.427898,13.875299,13.149011,16.175419,17.29036,20.960361,21.795403,17.514965,20.649263,21.655743,17.815504,16.394215,12.5042,14.847228,10.685764,14.439461,13.7268505,17.567522,19.395414,23.152191,24.420773,27.504536,26.765017,24.02358,21.843496,18.036228,18.800795,12.087766,14.300689,8.753952,13.048268,9.491894,13.326445,15.998403,14.334939,11.199128,12.953922,9.232494,9.030887,8.920703,9.949397
10,30.088148,27.5611,26.69736,23.973999,21.022844,17.659002,15.532025,11.475892,8.311142,5.6218805,0.0,4.7281065,4.6030617,7.003189,5.6917877,5.946247,8.73948,10.973084,12.731411,17.532782,16.823954,21.89193,23.595873,27.73157,27.706066,29.474434,24.415428,24.461916,20.148512,21.208775,16.549011,19.282719,18.70982,18.96343,19.321728,19.93864,23.409996,23.981514,23.79537,23.475111,18.953949,21.94795,18.306044,20.940823,20.513273,21.476097,23.691916,23.939636,28.21315,27.438292,26.498806,27.222486,24.523333,27.482542,26.210846,29.10587,29.274525,29.854687,27.157225,27.239305,27.418867,22.697561,23.250612,21.08789,24.035416,21.483227,26.609688,24.931793,28.575603,28.489779,24.952063,24.38531,20.197004,19.186468,17.211277,15.449722,15.822588,13.855661,15.880109,15.649098,19.041527,19.141443,14.2740555,16.541468,17.884249,14.641269,13.249043,10.752821,13.559523,11.686274,15.82174,16.63817,20.60756,23.27083,26.777054,28.567753,31.33431,30.082468,27.467514,24.641325,21.052155,20.726284,14.250155,14.361647,9.131409,10.128664,7.1704516,9.083058,11.395675,10.058897,7.5542536,10.754651,9.368853,10.131326,12.05498,13.721756
11,31.514057,29.464167,27.89566,26.09646,22.846972,19.327732,17.350626,12.86627,10.990104,6.75898,4.7281065,0.0,3.6978147,6.375171,4.317992,7.095588,8.099588,12.041637,12.679048,18.196436,17.244148,22.803766,24.016537,28.477093,29.124226,30.916132,26.182518,26.662903,22.265472,24.093555,18.958918,22.755213,21.613104,22.888432,22.220709,23.474247,26.288567,26.20901,25.515709,25.251625,20.68778,22.744307,19.653797,21.069693,20.926311,21.043406,23.295467,22.833822,27.646273,26.854174,26.466354,27.269655,25.372234,28.707033,27.861214,31.148438,31.300255,32.51904,30.096476,30.657314,30.468187,25.972853,26.515566,23.546469,26.460482,23.33824,28.492931,26.178152,29.902735,29.199213,25.4105,24.33976,20.544306,18.500834,16.544212,16.011179,15.550417,14.686743,16.001427,16.46799,19.542448,20.13081,15.013534,17.309895,19.77127,17.032938,16.632677,13.951177,17.717657,15.051935,19.40654,19.74573,23.587702,25.984318,29.449003,31.033218,34.10594,33.242577,30.60512,28.113546,24.430662,24.582865,17.996048,18.749037,13.338967,14.588837,11.117675,12.356422,13.917245,11.160246,9.345911,9.653841,10.015273,8.675394,11.463552,11.744723
12,34.13559,31.781033,30.546705,28.207546,24.986008,21.675755,19.278147,15.31279,12.510529,9.10533,4.6030617,3.6978147,0.0,3.9580002,4.657865,7.8747206,10.900786,13.906737,15.585021,20.76392,20.232407,25.456219,26.681503,31.147604,31.393482,32.830612,27.889547,27.873642,23.469414,24.61095,19.474003,22.45769,20.529934,21.18613,20.245974,20.985275,23.681274,23.60612,23.40234,23.749481,19.506971,22.1751,19.482979,21.445766,21.940964,22.477634,25.180084,25.231462,29.821556,28.51882,28.011274,28.235312,26.085474,29.160387,27.475357,31.069695,30.529701,31.83123,29.465158,29.620228,28.882532,24.56589,25.751106,23.005066,26.687021,24.020422,29.378017,27.493862,31.532612,31.096193,27.344082,26.790901,22.632566,21.102991,18.743834,17.358124,16.53631,14.7832365,15.553136,15.050413,17.883537,17.936981,12.601306,14.275208,16.852228,14.564881,14.290094,12.585497,16.487213,15.097393,19.486364,20.656246,24.51227,27.466394,30.706747,32.684757,35.54701,34.35558,31.860117,28.943373,25.457033,24.950886,18.677317,18.314642,13.384911,12.812559,9.892221,9.650936,10.730743,8.156391,7.082825,8.513721,10.207039,10.048894,13.39311,14.546347
13,35.68644,33.121586,31.66165,29.273735,25.640518,22.850304,19.63042,16.739868,13.621823,10.851913,7.003189,6.375171,3.9580002,0.0,3.9924011,7.3909216,11.619466,13.799711,16.463501,21.19377,21.716137,26.226316,26.89719,31.613968,31.658909,32.368996,27.477436,27.095793,22.710842,23.655394,18.22033,21.293367,18.244991,19.70415,17.627504,19.044815,21.031204,20.476849,19.922792,20.404373,16.347717,18.844364,16.785057,18.586443,19.818281,20.451147,23.642115,24.134724,28.507301,26.566423,26.139702,25.756836,23.757933,26.726582,24.607958,28.642773,27.594803,29.387358,27.325146,27.664036,26.325932,22.357775,23.885864,20.65481,24.91303,22.350382,27.849209,26.070318,30.528652,30.044525,26.26042,26.233696,21.848606,20.627361,17.753181,15.904818,14.311982,12.258342,12.215654,11.434226,14.041686,14.208323,8.88094,10.966382,13.79791,11.735025,12.442664,10.854721,15.718755,14.487775,18.9729,20.671385,24.263157,27.84659,30.49926,32.958584,35.808094,34.59378,32.441803,29.245972,26.08451,25.18309,19.475138,18.585983,14.142851,12.77811,9.43478,8.422135,8.876241,5.1224546,4.5791616,4.847808,8.1573515,8.520407,12.432489,14.279629
14,32.14543,29.7539,28.013836,26.002882,22.265818,19.393095,16.321,13.247755,10.70036,7.5370364,5.6917877,4.317992,4.657865,3.9924011,0.0,4.3862724,7.6735053,10.351015,12.5639305,17.461094,17.928604,22.511322,23.145744,27.88785,28.18856,29.164463,24.395472,24.440506,20.009874,21.625538,16.123863,20.108686,18.086636,20.224035,18.708696,20.701702,23.019945,22.641695,21.535004,21.120235,16.570532,18.48614,15.67585,17.101192,17.48493,17.844202,20.612383,20.771214,25.30561,23.874264,23.440369,23.701334,21.78357,25.035353,23.85933,27.464027,27.29451,28.861969,26.666668,27.44627,26.880854,22.60826,23.317377,19.890663,23.262709,20.210087,25.562576,23.38477,27.573997,26.904596,23.072395,22.659103,18.458792,16.934328,14.311263,13.024123,11.956343,10.709524,11.714035,12.232622,15.362036,16.185255,11.34239,14.304066,16.54458,13.652692,13.879075,10.880996,15.557712,12.791181,17.336393,18.2422,21.847176,24.998276,27.829037,29.98387,33.029198,32.10676,29.848146,27.005661,23.672634,23.367432,17.359179,17.563427,12.571587,13.253525,9.111625,10.280052,11.706907,8.391028,6.223432,5.797415,6.107999,5.414484,8.95197,10.522207
15,28.746454,26.067661,24.50214,22.121813,18.309263,15.77774,12.261236,10.089988,7.075254,5.574134,5.946247,7.095588,7.8747206,7.3909216,4.3862724,0.0,5.7175055,6.472521,9.871579,14.003663,15.157837,19.01656,19.772324,24.371317,24.27632,25.167488,20.250536,20.187883,15.758847,17.346867,11.976922,16.142225,15.12203,17.52025,16.833069,19.15057,21.917519,22.017849,20.723883,19.501186,14.664065,16.784077,12.966673,15.1403885,14.623554,15.587823,18.023148,18.683455,22.747126,21.617159,20.68873,21.287523,18.761822,21.900179,21.104315,24.112175,24.606007,25.614416,23.194551,24.103771,24.31833,19.751953,19.801155,16.634426,19.380583,16.35325,21.619947,19.639593,23.681059,23.348627,19.678751,19.552584,15.086319,14.38714,11.868477,9.702439,9.914412,8.251184,10.819091,11.7298765,15.389036,16.339575,12.306561,15.87465,16.824274,13.021418,12.494534,8.373652,12.494817,8.678904,13.167892,13.889316,17.461784,20.722343,23.466366,25.722198,28.714176,27.766724,25.597895,22.717936,19.478027,19.209543,13.407296,14.002467,9.119321,11.284848,6.71626,9.950687,12.253073,10.032829,6.7334275,8.163057,3.8498828,5.3006897,6.619315,9.578906
16,24.981138,22.938248,20.700083,19.468975,15.664443,12.618626,10.254957,6.806171,6.770884,4.2392445,8.73948,8.099588,10.900786,11.619466,7.6735053,5.7175055,0.0,5.088681,4.9347777,10.273628,10.476266,15.174507,15.9702215,20.595705,21.390987,23.147997,18.717588,19.786386,15.541242,18.509747,13.648932,18.897573,19.348629,22.149136,21.982439,24.51392,27.394918,27.478207,25.779274,23.983677,19.057089,20.063665,15.979366,16.866255,15.067507,15.018735,16.29813,15.737577,20.300447,20.350803,19.698416,21.526129,19.630152,23.154331,23.910254,26.255924,27.879961,28.700983,26.254683,27.694038,28.71212,24.07856,23.188475,19.951836,21.123625,17.368479,21.959167,19.130432,22.358978,21.465057,17.749922,16.360123,12.784937,10.767222,9.412107,9.711354,10.866841,11.427103,14.355841,16.468685,20.001074,21.462795,17.583693,21.21799,22.473888,18.667915,18.00864,13.58901,16.769976,11.627085,15.379627,14.275554,17.65611,19.523104,22.777258,24.114523,27.486366,27.177925,24.705864,22.76197,19.184437,20.252668,14.11211,16.708141,11.536411,15.868758,11.660265,15.433676,17.821201,15.370316,12.29342,12.190189,8.117182,6.4779754,5.3875237,5.7405267
17,23.152737,20.496082,18.492647,16.523464,12.292614,10.3463125,6.2870812,6.2794294,5.523345,6.865059,10.973084,12.041637,13.906737,13.799711,10.351015,6.472521,5.088681,0.0,5.334749,7.7068825,10.254684,12.805937,13.387963,17.954454,17.88757,18.973219,14.217263,14.857966,10.531514,13.470099,8.753938,14.336667,15.62779,18.945782,19.229538,22.20507,25.128788,25.514708,23.59786,21.096046,16.2288,17.303003,12.51157,14.1924515,11.563192,12.52574,13.618109,14.265833,17.831232,17.813,16.46532,18.326624,15.652899,18.899776,19.900185,21.647497,23.807653,24.154985,21.622316,23.277613,24.901926,20.259407,18.72889,15.707486,16.191925,12.5227585,17.06142,14.591024,17.934202,17.569212,14.056023,13.613311,9.292045,9.240841,7.7081404,6.0461,8.949842,9.001284,12.983795,15.193883,18.867136,20.374474,17.484983,21.48857,21.627802,17.353617,16.389915,11.502572,13.909506,7.8953686,11.039628,9.779276,12.874368,15.376683,18.108786,19.981764,23.25567,22.839552,20.72406,18.501114,15.310919,16.148754,10.936259,13.668713,9.564185,14.578756,10.584025,15.186591,17.851719,16.151548,12.736355,13.597425,7.4734445,8.126464,4.9476337,7.9399033
18,20.325052,18.503557,15.892717,15.285263,11.507052,8.504897,7.1802053,4.478685,7.3647094,7.2355514,12.731411,12.679048,15.585021,16.463501,12.5639305,9.871579,4.9347777,5.334749,0.0,5.819816,5.9132037,10.376885,11.455603,15.845879,16.959402,19.382576,15.3396635,17.208118,13.44527,17.199883,13.421111,18.905594,20.918407,23.87241,24.50238,27.188251,30.30718,30.676186,28.7655,26.305038,21.433058,22.018642,17.46069,18.145432,15.041632,14.894069,14.836644,13.912195,18.009098,19.253588,18.339327,21.19222,19.275206,22.70281,24.625036,25.987522,28.704533,28.945196,26.401155,28.162657,30.145287,25.464806,23.636429,20.801476,20.417412,16.505302,20.181345,17.102337,19.338194,18.415663,15.046559,12.924786,10.184661,8.260358,8.616577,9.927328,12.559346,13.819237,17.382183,19.927832,23.504692,25.144299,21.79307,25.627743,26.345882,22.217045,21.15148,16.433949,18.485714,12.629492,15.22082,12.684473,15.531499,16.200495,19.67698,20.320217,23.866035,24.024397,21.470686,20.290003,16.728035,18.793037,13.204143,17.191975,12.716194,18.471224,14.706633,19.210669,21.894482,19.87842,16.5925,16.79188,11.772116,10.576916,7.4774156,7.08142
19,16.524023,14.4510145,11.368913,11.108461,6.743154,5.867815,4.6547766,7.271735,10.301917,12.242307,17.532782,18.196436,20.76392,21.19377,17.461094,14.003663,10.273628,7.7068825,5.819816,0.0,5.8349123,5.3662243,6.0837355,10.437395,11.231874,13.696804,10.048414,12.660525,9.811929,14.287901,12.13924,17.552916,20.941212,24.352665,25.513971,28.591766,31.658707,32.257095,30.025312,26.785578,22.23632,22.331133,17.514374,18.146746,13.85583,14.065525,12.635007,12.279236,14.870611,17.107317,15.608071,19.27065,17.142971,20.153326,23.246956,23.409025,27.268206,26.882421,24.397295,26.61432,29.544283,25.090208,22.248587,19.86383,17.6919,13.884494,16.225529,13.125171,14.221627,13.539566,10.828746,8.660816,6.823321,7.0143976,8.841785,9.986651,13.832185,15.371209,19.36097,22.187157,25.66684,27.47296,25.038906,29.13837,29.05454,24.669432,23.417494,18.555016,19.571283,13.426766,14.383347,10.700645,12.197236,11.904129,14.87928,15.197298,18.90491,19.582615,17.387691,16.871647,13.922296,16.685606,12.93489,17.596916,14.65287,20.943844,17.637035,22.572748,25.399004,23.849276,20.422081,20.906946,14.969136,14.663852,10.50038,10.923648
20,14.8244095,13.573008,11.021157,11.267717,8.840523,5.2417946,7.994817,5.844999,10.322646,11.289728,16.823954,17.244148,20.232407,21.716137,17.928604,15.157837,10.476266,10.254684,5.9132037,5.8349123,0.0,6.842923,9.724052,12.532445,14.125679,18.185133,14.867384,17.592674,14.835134,18.666502,16.553087,21.20354,24.79417,27.03461,28.793474,31.034288,34.63972,35.455944,33.74938,31.037264,26.27407,26.978693,22.108238,23.012175,19.173136,19.112642,17.90014,16.614052,19.837555,22.35743,21.192165,24.834326,22.788517,25.859905,28.491795,28.847141,32.404438,31.845299,29.088,30.742931,33.67548,28.892736,26.403742,24.46658,22.805357,19.267178,21.755453,18.90788,19.576227,18.95896,16.48145,13.58812,12.4918785,11.191377,13.05649,14.587175,17.908632,19.113724,22.969725,25.409323,29.059862,30.56968,27.283926,31.00915,31.385912,27.078035,25.408857,20.842756,21.569794,15.966073,17.28441,13.543287,15.751292,14.288414,18.485548,17.725145,21.228642,21.835722,18.898706,18.92006,15.308725,18.592716,13.686679,18.811758,15.160144,21.749086,18.79076,23.614557,26.553812,25.063204,21.687904,22.546734,17.352865,16.47669,13.249285,12.433415
21,11.439988,9.763191,6.053584,7.384612,4.5643077,5.5533247,7.889696,10.61806,14.162533,16.529184,21.89193,22.803766,25.456219,26.226316,22.511322,19.01656,15.174507,12.805937,10.376885,5.3662243,6.842923,0.0,4.497999,6.048062,7.348659,11.793564,9.563991,13.099446,11.882545,16.0767,15.741856,20.124897,24.730816,27.627403,29.614985,32.405094,35.749813,36.674778,34.549976,31.072157,26.74047,26.834291,21.95442,22.668657,17.986359,18.232141,15.85835,15.281079,16.630812,19.99036,18.316256,22.54092,20.444431,22.93098,26.68969,25.829384,30.458601,29.356508,26.808191,28.99063,32.75004,28.37514,24.941961,23.390526,20.004755,16.80326,17.610147,14.961192,14.069644,13.793759,12.486099,9.875129,10.289631,11.035841,13.660227,14.910459,18.92764,20.41047,24.494469,27.242384,30.717064,32.44809,30.155235,34.201828,33.822178,29.331068,27.690163,22.99309,23.01919,17.275524,17.089743,12.645424,13.018916,10.306997,13.500388,12.157631,15.868492,17.262121,14.973783,15.902223,13.39001,17.205544,14.769762,20.030273,17.972733,24.654457,21.939068,27.046814,30.028162,28.831251,25.344288,26.20948,20.187693,19.998241,15.8625345,15.888883
22,14.587993,13.283793,8.944537,11.070321,7.642156,9.408422,9.579076,13.119767,16.286863,18.278118,23.595873,24.016537,26.681503,26.89719,23.145744,19.772324,15.9702215,13.387963,11.455603,6.0837355,9.724052,4.497999,0.0,5.2281933,7.2985406,9.856078,8.6845255,12.431669,11.549473,16.307571,15.682548,20.818886,24.697453,28.659174,29.778551,33.27654,36.042126,36.556873,33.896206,30.12033,25.984388,25.168835,20.762981,20.49568,15.657442,15.363767,12.304418,11.594636,12.32749,16.123198,14.655788,19.245155,17.87822,20.446552,24.951733,24.10714,28.950336,28.358677,26.243877,29.031279,32.493828,28.499977,24.980894,22.722134,19.0558,15.469007,15.8148575,12.449842,11.437863,10.175148,8.875483,5.661778,7.683411,8.607824,11.683574,13.702283,17.392994,19.64625,23.395687,26.635113,29.824875,31.925758,30.09496,34.354473,34.07183,29.71221,28.635254,23.772293,24.492569,18.45653,18.449738,14.417885,14.26641,12.53803,14.219133,13.549817,17.312185,19.045036,17.487696,18.190884,16.248135,19.552164,17.544424,22.322203,20.233147,26.515862,23.345154,28.276821,31.041452,29.441507,26.071955,26.07333,20.183336,19.681376,15.278168,15.138215
23,11.000606,10.373385,5.8897557,9.7189245,8.560758,11.324619,13.049316,16.618431,19.97172,22.382912,27.73157,28.477093,31.147604,31.613968,27.88785,24.371317,20.595705,17.954454,15.845879,10.437395,12.532445,6.048062,5.2281933,0.0,4.4761047,8.988652,9.876279,13.850503,14.386911,18.50562,19.303738,23.429752,28.262459,31.699156,33.548264,36.75355,39.763493,40.59585,38.083973,34.144836,30.219784,29.557703,25.07853,25.11205,20.14077,20.099386,16.708694,16.116371,15.676999,20.008282,18.373354,23.077574,21.604288,23.567183,28.403246,26.65419,32.058243,30.776081,28.624668,31.295027,35.459576,31.570662,27.608099,26.161713,21.620493,18.769203,17.830853,15.281874,12.4479685,11.950169,12.317374,9.778247,12.481684,13.794635,16.890512,18.548922,22.423162,24.40095,28.284151,31.353706,34.566547,36.544796,34.832417,39.040306,38.442806,33.98058,32.545033,27.838312,27.728254,22.075762,21.223507,16.827442,15.846755,12.397241,13.758185,11.479865,14.899652,17.378502,16.026142,18.017145,16.724371,20.599895,19.769146,24.811403,23.459677,29.98148,27.304335,32.390373,35.297432,34.04845,30.602589,31.058136,24.993832,24.737665,20.358515,20.212852
24,11.588511,9.502017,6.9760084,7.997901,7.1632223,11.224876,12.27106,16.960735,19.567469,22.744272,27.706066,29.124226,31.393482,31.658909,28.18856,24.27632,21.390987,17.88757,16.959402,11.231874,14.125679,7.348659,7.2985406,4.4761047,0.0,6.0150676,6.8381743,10.482026,11.969158,15.348682,17.322693,20.480581,25.925623,29.042255,31.366793,34.410656,37.474617,38.596024,36.264668,32.20326,28.570839,28.286928,23.675436,24.45718,19.466015,20.258783,17.217518,17.77444,16.749496,20.424297,18.187805,22.457907,20.225023,21.6208,26.213314,23.856764,29.46599,27.585579,25.349031,27.866608,32.47269,28.730532,24.481535,23.738857,18.672642,16.559944,14.978203,13.420243,10.095193,11.025036,11.998574,11.092765,12.663586,15.322129,17.77,18.192057,22.374582,23.68739,27.736538,30.438461,33.626324,35.38251,34.0711,38.214317,37.043293,32.533302,30.86272,26.403551,25.581852,20.420805,18.7353,14.452541,12.624789,8.9229355,9.471893,7.212137,10.673269,13.135057,12.226064,14.236392,13.680718,17.334057,17.828043,22.512573,22.127117,28.405416,26.197903,31.293613,34.234116,33.480217,30.01944,31.117245,24.697279,25.241474,20.861528,21.679436
25,17.484982,15.158839,12.963901,13.024169,11.039567,15.265278,14.244023,19.944714,21.674088,24.95238,29.474434,30.916132,32.830612,32.368996,29.164463,25.167488,23.147997,18.973219,19.382576,13.696804,18.185133,11.793564,9.856078,8.988652,6.0150676,0.0,5.339523,7.7637634,10.689891,13.624008,16.156658,19.157848,23.976187,28.026707,29.629929,33.31875,35.67761,36.539375,33.778248,29.33106,26.316723,25.350803,21.35827,21.765646,16.913305,18.02081,14.931027,16.687124,14.140789,17.183556,14.595059,18.469982,16.368862,17.039433,22.24524,19.272354,25.296501,23.538843,21.866417,25.009306,29.497261,26.449118,21.974192,21.002033,15.225637,13.6008835,10.46315,9.417849,4.708634,6.6802807,9.183094,10.471818,11.942202,15.747694,17.556898,17.365065,21.185581,22.54763,26.20945,28.994347,31.750784,33.67197,33.263912,37.497013,35.95871,31.64976,30.459494,26.144442,25.579655,20.67685,18.686607,15.32432,12.59101,11.079921,8.716071,8.990726,11.669064,13.871349,14.368605,15.339014,15.80324,18.237022,19.796598,23.492409,23.679678,29.175364,26.876146,31.66256,34.333927,33.57092,30.301762,31.039682,24.667112,25.59979,21.2238,22.70765
26,17.338186,14.20859,12.447216,10.746579,7.525547,11.422391,9.398785,15.430384,16.627718,20.158237,24.415428,26.182518,27.889547,27.477436,24.395472,20.250536,18.717588,14.217263,15.3396635,10.048414,14.867384,9.563991,8.6845255,9.876279,6.8381743,5.339523,0.0,3.9980774,5.628679,9.104394,11.194648,14.470104,19.450663,23.212212,25.016188,28.467081,31.128832,32.13068,29.675846,25.49969,22.095581,21.885483,17.317533,18.62048,13.811663,15.5469265,13.410152,15.513081,14.487223,16.58196,13.769598,17.181438,14.090423,15.317385,19.464947,17.283201,22.69176,20.981941,18.773144,21.542479,25.834797,22.244354,18.013632,16.986727,11.8953,9.811756,8.592056,7.4313283,5.962685,8.041051,8.22214,9.737642,8.943354,13.149459,14.313768,13.180157,17.357727,18.107061,22.076105,24.550365,27.560238,29.258022,28.527428,32.677902,31.12763,26.717167,25.32572,20.989607,20.37271,15.3759,13.5041065,10.085895,7.7586846,7.551315,6.529902,8.3914,11.637739,12.646814,12.301974,11.994675,11.664775,13.819995,14.705088,18.3238,18.37686,23.847614,21.589817,26.418915,29.15573,28.556581,25.240519,26.452616,19.919033,21.25849,17.03082,19.11101
27,20.531687,16.990335,16.00253,13.245538,10.275049,13.777046,10.78044,16.94083,17.0955,20.920696,24.461916,26.662903,27.873642,27.095793,24.440506,20.187883,19.786386,14.857966,17.208118,12.660525,17.592674,13.099446,12.431669,13.850503,10.482026,7.7637634,3.9980774,0.0,4.4329996,5.8926826,9.378583,11.431198,16.531965,20.31131,22.179142,25.663534,28.129694,29.272076,26.914824,22.646633,19.677435,19.800768,15.361569,17.445017,13.127937,15.716136,14.418757,17.403778,16.186342,17.144579,14.02289,16.383085,12.496833,12.992716,16.486288,13.877994,19.285925,17.152727,14.890915,17.682533,22.165287,18.82021,14.372322,13.870398,8.2847185,7.380023,5.709534,6.599493,6.581061,9.5970125,9.793684,12.556981,10.670268,15.295546,15.569628,13.159132,17.101461,17.064892,20.889557,22.903402,25.721872,27.201126,27.028564,31.045431,28.970882,24.667086,23.278666,19.339617,18.307995,14.101074,11.549108,9.285336,6.156959,8.330956,5.756376,9.646494,12.01114,12.102071,12.429754,10.9257965,11.389794,12.20394,14.273629,16.781414,17.752028,22.39185,20.535004,25.057735,27.648436,27.454744,24.301416,25.920486,19.426859,21.510612,17.650927,20.529478
28,20.945173,17.430191,16.111094,13.197138,9.237125,11.495805,7.3044972,13.262173,13.029651,16.684753,20.148512,22.265472,23.469414,22.710842,20.009874,15.758847,15.541242,10.531514,13.44527,9.811929,14.835134,11.882545,11.549473,14.386911,11.969158,10.689891,5.628679,4.4329996,0.0,4.9860177,5.5766144,9.605739,14.019374,18.01414,19.499552,23.028778,25.665573,26.646141,24.3528,20.404827,16.770987,17.266878,12.311597,14.716721,10.483643,13.165578,12.651797,15.440548,15.598333,16.057577,13.197788,15.372879,11.313801,12.902849,15.524083,14.466285,18.854439,17.519476,14.9866295,17.505144,21.173214,17.220198,13.453856,11.959524,8.212128,5.605455,7.6155543,6.883203,9.229705,10.893787,9.331072,11.546623,8.151898,12.436564,12.140094,9.202638,13.35504,13.123732,17.207914,19.255,22.35114,23.839865,23.136303,27.209028,25.516079,21.10554,19.77763,15.487297,15.158409,10.180421,8.644357,6.4171753,5.2972155,8.908758,8.816386,12.176423,14.993906,14.692254,14.018555,11.801103,10.80777,11.431046,11.4387865,14.023806,14.023466,18.795143,16.476725,21.09633,23.730186,23.291367,20.0653,21.65666,15.096534,17.206837,13.461372,16.620228
29,23.692076,19.728909,19.526278,15.48426,12.54399,14.685584,10.77431,16.127438,14.745165,18.818726,21.208775,24.093555,24.61095,23.655394,21.625538,17.346867,18.509747,13.470099,17.199883,14.287901,18.666502,16.0767,16.307571,18.50562,15.348682,13.624008,9.104394,5.8926826,4.9860177,0.0,5.8412743,5.542213,11.355611,14.438521,16.846119,19.903109,22.657495,24.171762,22.397692,18.53847,15.586139,17.15064,12.424914,16.247526,13.064823,16.480326,16.70624,19.97839,19.831821,19.5477,16.52436,17.541521,12.763461,13.16313,14.158451,12.507824,16.47359,14.053047,11.04118,12.961112,17.324099,13.4372425,9.209116,9.593892,5.7859845,6.339883,7.959035,9.748349,12.01512,14.580427,13.6459875,16.413054,12.933817,17.14644,16.293543,12.311579,15.876855,14.302042,18.106323,19.14012,22.021439,22.943024,22.845806,26.538094,23.97601,19.685621,17.960003,14.548671,12.814032,9.772774,6.4875336,6.53219,4.447699,9.851647,8.766296,13.163604,14.921048,13.556941,13.488192,10.046631,10.182567,8.851094,11.103529,11.926659,13.8053055,17.335184,16.102877,20.255812,22.768703,23.216476,20.235634,22.822533,16.520912,19.612013,16.595293,20.374577
30,25.249523,21.656992,20.5666,17.215927,13.235773,13.911284,8.845398,13.088443,11.093285,14.381672,16.549011,18.958918,19.474003,18.22033,16.123863,11.976922,13.648932,8.753938,13.421111,12.13924,16.553087,15.741856,15.682548,19.303738,17.322693,16.156658,11.194648,9.378583,5.5766144,5.8412743,0.0,6.690618,9.062995,13.524962,14.253991,17.963455,20.495556,21.358383,19.254667,15.724291,11.704685,13.274133,7.96343,11.900988,9.212703,12.529127,13.845747,16.852192,18.058523,17.049143,14.552536,15.211279,10.755272,12.617049,12.919663,13.656672,16.233633,15.661004,12.985632,14.969551,17.407034,13.044538,10.44316,7.9773145,7.7406907,5.3844314,10.298096,9.961226,13.97271,15.141995,12.718228,14.975816,10.3782425,13.682349,11.893889,7.193384,10.450108,8.608899,12.678518,14.052867,17.2584,18.473934,17.765678,21.742641,19.94015,15.536132,14.409689,10.148262,10.650089,5.916893,5.8848634,6.8018394,7.941621,12.978274,13.453517,17.131329,19.620186,18.57109,17.69624,14.380783,12.918689,11.930183,10.595718,11.293488,10.973739,14.322645,11.83145,15.993777,18.427912,18.126125,15.0814,17.090067,10.754306,13.877998,11.203838,15.376554
31,27.630974,23.53747,23.805433,19.203949,16.49109,17.490332,13.403399,17.286646,14.512651,18.379698,19.282719,22.755213,22.45769,21.293367,20.108686,16.142225,18.897573,14.336667,18.905594,17.552916,21.20354,20.124897,20.818886,23.429752,20.480581,19.157848,14.470104,11.431198,9.605739,5.542213,6.690618,0.0,7.2813435,8.907368,12.125285,14.5025215,17.618374,19.597788,18.62526,15.48901,12.79786,16.010944,11.60548,16.75179,15.027013,18.713642,20.06134,23.36469,23.937473,22.789522,20.018291,19.968304,15.021567,15.295269,13.765192,13.433566,15.264918,12.870988,9.415767,9.693091,13.40306,8.825373,5.657278,7.5369024,7.818215,9.311468,12.364552,14.251345,17.341225,19.639738,18.173996,20.836363,16.650078,20.23108,18.575092,13.779506,16.444557,13.431624,16.759798,16.52533,19.30125,19.493956,19.532581,22.706429,19.567415,15.426727,13.299816,10.932168,8.174552,7.8044295,4.510117,8.164465,8.2462845,13.799733,13.580553,17.801552,19.130484,16.997211,16.67268,12.350587,12.148541,8.935869,10.68379,8.788706,11.749495,13.235177,12.978937,16.32037,18.615479,19.87106,17.265959,20.851404,15.264881,19.196611,17.313826,21.61219
32,33.67834,29.812197,29.348888,25.358606,21.904545,22.251041,17.416191,20.241018,16.744844,19.241713,18.70982,21.613104,20.529934,18.244991,18.086636,15.12203,19.348629,15.62779,20.918407,20.941212,24.79417,24.730816,24.697453,28.262459,25.925623,23.976187,19.450663,16.531965,14.019374,11.355611,9.062995,7.2813435,0.0,7.2215075,5.6796246,10.25533,11.745724,12.837808,11.38106,8.513451,6.1140447,10.560065,7.78778,13.379149,13.999314,17.603695,20.345789,23.857313,24.912909,22.29944,20.111204,18.445518,14.055581,14.415238,10.246923,12.76714,11.545157,11.571959,9.31531,9.659215,9.3682575,4.9906416,6.1244135,4.295612,10.089036,11.055019,15.336644,16.6226,21.073711,22.534838,20.409636,23.342993,18.683651,21.549164,18.830439,13.694639,14.318218,10.376986,12.006782,10.628362,12.690233,12.628489,13.84925,16.834726,13.384745,9.804838,9.382482,8.167241,8.557998,9.627685,9.769152,13.825907,14.764609,20.413568,20.090668,24.43026,26.044834,24.135471,23.848272,19.602541,18.984026,15.911241,15.7308235,12.751084,14.092875,12.776114,11.976525,13.362548,14.607878,15.640197,13.9586525,16.862637,12.952212,17.230433,16.740076,21.352797
33,34.975056,30.897486,31.523642,26.63255,24.155424,23.997854,20.092329,21.9112,17.866793,20.628695,18.96343,22.888432,21.18613,19.70415,20.224035,17.52025,22.149136,18.945782,23.87241,24.352665,27.03461,27.627403,28.659174,31.699156,29.042255,28.026707,23.212212,20.31131,18.01414,14.438521,13.524962,8.907368,7.2215075,0.0,6.8290052,5.984167,10.20614,13.291204,14.460029,13.634004,12.213644,17.411976,14.678813,20.325264,20.599009,24.122417,26.606735,29.762774,31.121614,29.049582,26.728086,25.522625,20.950727,21.13628,16.95476,18.464325,17.032425,15.524517,12.785286,10.343709,10.5842905,6.230299,8.689314,10.983629,15.173909,16.779522,20.50901,22.265778,25.983212,27.964052,26.014225,28.498238,23.827398,26.521803,24.090374,19.054691,20.15053,15.855114,17.616417,15.165715,17.195759,15.833461,16.170574,17.806568,13.608635,10.553014,7.853369,9.4331875,6.0155516,11.282605,10.6327,15.272482,16.622581,21.78547,22.192928,26.17291,27.181067,24.534107,23.970972,19.380552,18.82677,14.813782,15.141999,10.179609,13.335484,9.855043,11.861945,12.280133,13.550753,16.463726,15.149605,19.965357,16.677275,21.144365,21.135942,25.58597
34,38.503998,34.643475,34.34163,30.200642,26.86362,26.637856,21.973297,23.69303,19.66129,21.37558,19.321728,22.220709,20.245974,17.627504,18.708696,16.833069,21.982439,19.229538,24.50238,25.513971,28.793474,29.614985,29.778551,33.548264,31.366793,29.629929,25.016188,22.179142,19.499552,16.846119,14.253991,12.125285,5.6796246,6.8290052,0.0,5.86892,6.284763,7.5640955,7.7334538,7.557984,6.9725876,12.362551,11.480365,16.510477,18.370403,21.5942,24.882915,28.163265,29.680355,26.606117,24.788845,22.530676,18.693954,19.014732,13.682983,17.089493,13.879056,14.68911,13.132447,12.090074,9.008138,6.202891,10.295123,9.428243,15.603341,16.58386,20.907545,22.098007,26.699877,27.99241,25.650902,28.384861,23.583443,25.854033,22.790829,17.843012,17.441986,13.095539,13.20772,10.025951,11.049039,9.534035,11.462289,13.155615,8.733066,6.4961524,7.0315347,8.913405,9.871276,13.13542,14.092001,18.490868,19.929,25.481062,25.49551,29.75207,31.242939,29.071747,28.64313,24.214987,23.423891,19.987017,19.254072,15.191562,16.355732,12.516138,12.687996,11.735543,11.796573,13.691062,13.258175,16.543074,14.733907,19.014177,19.78941,24.267746
