,0,1,2,3,4,5,6,7,8,9,10,11,12,13,14,15,16,17,18,19,20,21,22,23,24,25,26,27,28,29,30,31,32,33,34,35,36,37,38,39,40,41,42,43,44,45,46,47,48,49,50,51,52,53,54,55,56,57,58,59,60,61,62,63,64,65,66,67,68,69,70,71,72,73,74,75,76,77,78,79,80,81,82,83,84,85,86,87,88,89,90,91,92,93,94,95,96,97,98,99,100,101,102,103,104,105,106,107,108,109,110,111,112,113
0,0.0,4.4093447,7.2349577,9.170318,11.370701,12.411529,11.107615,14.133713,12.590392,16.974798,16.829655,21.825129,23.251564,20.677675,22.628752,20.050856,22.678995,21.190046,22.682188,24.354988,25.02252,27.901197,27.693827,32.179375,30.166977,35.509335,31.93251,31.669445,27.751488,26.988405,24.525034,22.992853,23.864008,19.418402,24.239227,20.318823,25.609863,28.56684,29.280024,30.140547,26.363901,30.47692,26.805529,30.365175,29.595306,31.010298,32.917667,33.22283,37.43608,36.676556,35.690563,35.93804,33.012756,35.435585,31.462845,36.247025,34.314213,33.730865,32.750347,29.914877,29.271427,25.100653,27.093111,26.153296,30.707865,29.43882,34.41854,33.444702,36.434036,36.867268,33.8509,32.549736,28.85628,28.371141,26.849564,24.514347,25.962833,23.569208,26.517076,25.478622,28.92757,27.897095,25.76578,24.785015,21.939049,20.946764,17.602695,18.827662,16.68738,19.260103,20.838177,22.975643,25.887356,28.27467,27.360018,26.996113,24.235147,24.283934,20.469742,17.630125,19.127663,17.271074,17.469082,20.418427,20.659712,24.830732,26.61305,22.204647,21.574266,16.86629,16.755936,17.353483,15.414397,18.476963
1,4.4093447,0.0,4.7248664,5.616109,9.349962,11.273264,9.278765,14.076857,12.9437685,17.425648,18.02826,22.629677,24.4526,21.916101,23.857735,20.823877,23.872847,21.476217,23.663734,24.388811,25.74213,27.629326,26.98702,31.189201,29.017996,33.952934,30.107683,29.667822,26.087215,24.674746,23.013256,20.45374,22.031908,16.918911,22.509296,18.655224,23.985289,27.323904,28.318493,28.999903,25.384056,29.90375,26.015135,30.225101,29.231947,31.134308,32.930344,33.672733,37.434082,36.733284,35.387043,35.62297,32.192238,34.3219,30.390482,34.453762,32.467884,31.411097,30.043055,26.960878,26.769278,22.605501,24.481636,24.42954,28.693415,28.002373,32.72817,32.299686,35.056522,35.9323,33.20107,32.31732,28.555506,28.822495,27.361313,24.455795,26.340572,23.597364,26.746878,25.53798,28.931557,27.741201,26.35103,25.21641,21.65917,20.547657,16.762478,18.194178,14.864244,18.02559,18.657661,21.051579,23.547947,25.992281,24.349518,23.52956,20.898,20.3497,16.546013,13.627544,15.737468,14.392664,15.480613,18.270918,19.5053,23.653399,25.845163,21.83449,21.370237,17.618853,17.067225,18.730045,16.858559,20.49746
2,7.2349577,4.7248664,0.0,5.4222054,7.804897,11.08215,10.820007,15.936269,16.026402,20.41961,21.65813,26.235676,27.675592,24.856564,26.19648,22.736465,24.94925,22.197084,23.746836,24.060015,24.738567,26.197245,25.963953,29.63216,28.221998,32.520435,29.166914,29.242836,25.909674,24.762722,23.767643,21.360329,24.23013,19.602728,25.512302,22.304495,27.644775,31.049374,31.768492,31.893744,27.988728,32.28429,27.900826,31.951511,30.320288,32.143097,33.374115,33.83105,37.495647,37.449715,35.978706,36.814953,33.274956,35.575134,32.08307,35.778255,34.50916,32.83259,31.269217,28.379766,29.15637,24.66949,25.72726,25.751194,29.293743,28.544682,32.85261,32.400166,34.501514,35.46609,33.0383,31.808224,28.51339,28.867165,27.976898,25.460634,27.955816,25.679386,29.260193,28.593513,32.15507,31.24934,30.158262,29.384869,25.706081,24.052374,20.089897,20.632164,17.040434,18.992697,18.658998,20.322664,22.57642,24.02711,22.795723,22.123323,20.445272,19.09325,16.985416,12.900008,14.371025,12.35759,14.290394,15.78047,17.927986,21.397957,23.255514,19.293343,19.548311,15.965407,16.803572,18.732729,17.954319,21.791298
3,9.170318,5.616109,5.4222054,0.0,5.033687,7.731424,6.261554,12.321171,12.778724,16.876842,18.860468,22.873764,24.516405,21.80682,23.134518,19.453753,22.33396,18.926369,21.549206,21.126884,23.098019,23.830181,22.814287,26.651594,24.479662,28.969059,25.062174,24.679174,21.407059,19.78441,18.929276,16.02364,19.00881,14.533146,20.53796,17.906363,23.17529,26.584549,27.12786,26.953672,23.122253,27.5747,23.162882,27.65063,26.076399,28.314888,29.713852,30.75034,34.000225,33.62954,31.93474,32.48527,28.653324,30.688917,27.145027,30.538116,29.1904,27.437656,25.862572,22.992315,23.887772,19.311024,20.319294,20.60326,24.202425,23.78506,28.119097,28.02012,30.362247,31.57091,29.184711,28.576124,24.947626,25.961517,24.799623,21.61403,24.208359,21.576395,25.181747,24.429695,27.911013,27.019068,26.598507,26.011652,21.924145,19.871794,15.748908,16.176924,11.995158,14.382708,13.824359,16.080633,18.256529,20.617037,18.751015,17.9817,15.574443,15.141281,12.165789,8.608808,10.141676,8.909929,10.513585,13.191048,15.105498,19.150545,21.748436,18.318817,17.899498,15.586216,14.503332,17.34085,15.995709,20.150621
4,11.370701,9.349962,7.804897,5.033687,0.0,4.1511335,6.298996,10.791215,12.923183,16.509783,19.243576,23.11258,23.990715,20.954086,21.40435,17.363853,19.185715,15.553466,17.537306,16.841482,18.3963,18.995588,18.328053,22.098192,20.426416,24.905968,21.495779,21.690891,18.257242,17.649153,16.610292,15.216144,18.97475,16.332432,21.636944,20.180073,25.353214,28.376259,28.070965,27.119246,22.754631,26.49538,21.620605,25.453312,23.264587,25.18832,26.078259,26.747696,30.051615,30.224955,28.572788,29.736717,26.107458,28.552614,25.527681,29.129751,28.793304,26.809618,25.560654,23.400274,24.981695,19.966593,19.971298,19.190243,22.227316,21.14734,25.310942,24.71552,26.713451,27.674921,25.335533,24.272196,21.005535,21.880228,21.203741,18.60334,21.711662,19.851715,23.878733,24.0238,27.728046,27.42533,27.160542,27.369976,23.54969,20.61276,16.670053,15.503061,12.207572,12.131669,11.431421,12.652864,15.20404,16.979351,16.424019,16.69668,14.747599,15.341247,13.964549,10.07909,9.067657,6.2858586,6.5948944,9.134281,10.385865,14.373898,16.825972,13.319901,12.89768,11.034902,10.354811,13.559027,13.241752,17.480925
5,12.411529,11.273264,11.08215,7.731424,4.1511335,0.0,4.757427,7.0135717,10.035852,13.044956,16.221489,19.79439,20.327229,17.23133,17.397444,13.278823,15.19504,11.511353,13.967163,13.445649,15.700389,16.704323,15.740815,20.149122,17.874506,23.1506,19.559433,19.563745,15.658337,15.627819,13.475856,13.343858,16.339558,14.964812,19.327406,18.516123,23.53487,26.145542,25.281952,24.07883,19.46532,22.835941,17.961779,21.482435,19.408556,21.220602,22.343191,23.096428,26.545488,26.413496,24.899807,25.914513,22.515171,25.143934,22.059864,26.27085,26.0604,24.515085,23.764433,22.015081,23.221489,18.118448,18.106804,16.238361,19.674995,18.058882,22.623688,21.627476,24.160616,24.807407,22.126537,21.137056,17.539093,18.2571,17.27509,14.584318,17.582249,15.849512,19.935253,20.398872,24.17724,24.165237,23.929598,24.619532,21.075436,17.663471,14.018384,12.010635,9.794258,8.616213,9.36168,10.726886,13.927509,16.54413,16.518497,17.376482,14.666497,16.922878,14.851934,12.102734,10.447606,8.151953,5.659039,9.936845,8.788791,13.537564,16.182285,12.772831,11.269445,9.752504,6.944138,10.437189,9.650198,13.931946
6,11.107615,9.278765,10.820007,6.261554,6.298996,4.757427,0.0,6.3746395,7.471824,11.020002,13.795685,17.338232,18.747507,16.034443,17.224543,13.511322,17.004406,13.539738,17.085186,16.725346,19.796385,20.76643,19.199648,23.718801,20.635056,26.047823,21.76803,20.964935,17.181992,15.96731,13.754233,12.000482,13.830321,10.925331,15.806057,14.142152,19.340887,22.229227,21.984715,21.460209,17.29293,21.49897,17.13389,21.515625,20.256123,22.523483,24.337831,25.682507,28.938768,28.026701,26.45215,26.626356,22.98578,25.11161,21.367353,25.491112,24.15202,23.003674,22.077644,19.706032,20.033377,15.207127,16.340063,15.3505535,19.653347,18.75794,23.621155,23.195032,26.284632,27.195751,24.432976,24.162203,20.071976,21.096766,19.423815,15.841299,18.132957,15.328822,18.931105,18.374338,21.959484,21.372957,21.157345,21.207735,17.271427,14.4150095,10.408639,9.998069,6.559072,8.784322,10.01381,12.845631,15.669151,19.274939,17.864765,17.844479,14.222774,16.381546,12.372302,10.689691,10.77618,9.928486,8.620563,13.289241,12.877224,17.71362,20.665705,17.48721,15.886851,14.2293415,10.729616,13.736439,11.4658165,15.561174
7,14.133713,14.076857,15.936269,12.321171,10.791215,7.0135717,6.3746395,0.0,4.556026,6.1596594,9.826009,12.936614,13.337631,10.321373,10.938545,7.167239,11.048449,8.345875,12.327883,12.946604,16.463757,18.455538,16.888388,22.07687,18.53987,24.902464,20.859241,20.030048,15.683469,15.8873205,11.620553,12.8877735,12.71889,12.80954,15.096071,14.692404,19.287212,21.158274,19.72162,18.798697,14.1029,17.248352,13.080499,16.359922,15.519408,17.22481,19.50323,20.694191,24.374609,22.978142,21.876945,21.8279,18.974028,21.569164,17.80152,23.29807,22.326963,22.153347,22.24796,20.804237,20.410824,15.765926,16.764658,13.476311,18.295952,16.206783,21.570751,20.189514,24.037342,24.185911,20.854656,20.440342,16.074469,16.310831,14.05149,10.692237,12.273948,9.8320675,13.504969,13.748869,17.598341,17.719929,17.155563,18.313276,15.364677,11.601584,8.772741,6.139072,7.1292605,6.5232544,10.806948,13.041587,16.479008,20.482822,20.326147,21.264248,17.336119,21.12372,17.261953,16.405973,15.375806,14.266289,10.855215,15.915396,12.930538,17.863129,20.525978,17.47948,14.854878,13.371668,7.9994245,9.995915,6.599845,10.12229
8,12.590392,12.9437685,16.026402,12.778724,12.923183,10.035852,7.471824,4.556026,0.0,4.4969177,6.374661,10.412553,11.794108,9.23848,11.476512,9.06936,13.802563,12.265844,15.999737,17.286175,20.50996,22.949158,21.413504,26.61293,22.911224,29.279774,25.010412,23.823004,19.616343,19.154167,14.971404,15.103681,13.394693,11.983987,14.087538,12.206225,16.956018,18.88827,18.138546,18.382423,14.317325,18.03564,14.878625,18.384127,18.53055,20.214712,23.020605,24.30509,28.056808,26.09454,25.18888,24.449099,21.784576,23.99875,19.697355,25.314726,23.220951,23.714754,23.763695,21.807636,20.218245,16.17337,18.399048,15.806704,21.218601,19.591,25.058086,23.93578,28.087704,28.265963,24.856888,24.650232,20.184608,20.166042,17.53267,14.143908,14.593162,11.443215,14.037405,12.987419,16.599468,16.03662,14.612994,14.966195,12.101845,9.37991,6.630609,6.8707986,7.8163905,10.213324,14.298068,17.110498,20.327461,24.566357,23.734858,24.095072,19.827936,23.105234,18.081738,17.689072,17.839386,17.084017,14.523393,19.578245,17.252155,22.22439,24.852444,21.518953,19.092852,16.7205,12.082966,13.184365,9.076343,11.7768755
9,16.974798,17.425648,20.41961,16.876842,16.509783,13.044956,11.020002,6.1596594,4.4969177,0.0,4.6216207,6.7791066,7.74713,5.4023013,7.882614,6.432102,11.982445,11.130764,15.368673,16.683094,20.584328,22.969807,21.09016,26.375511,22.171505,28.802803,24.508924,23.011242,18.84685,18.77187,13.821857,15.198529,11.922696,12.7406435,12.607482,12.189251,15.912414,16.94312,15.244076,15.198405,11.103878,14.141584,11.686812,14.65091,15.58426,17.142412,20.44782,22.056133,25.606007,23.000423,22.31656,20.996847,18.792263,20.917152,16.519604,22.730978,20.60073,21.865776,22.564135,21.212738,19.080168,15.51201,17.708017,14.128211,19.725632,17.806322,23.32918,21.99302,26.642057,26.543768,22.969282,23.185001,18.595478,18.533438,15.3992605,11.877042,11.223545,7.780429,9.702067,8.709784,12.416515,12.307783,11.05646,12.455411,10.327691,6.7271943,5.9211974,4.8813314,8.849255,10.151646,15.078619,17.742107,20.879599,25.527122,24.940243,25.622068,21.099056,25.3219,20.286556,20.651587,20.343246,19.888699,16.646631,21.83775,18.65419,23.47289,26.128145,23.284416,20.395615,18.836313,13.348898,14.089355,9.827131,11.30501
10,16.829655,18.02826,21.65813,18.860468,19.243576,16.221489,13.795685,9.826009,6.374661,4.6216207,0.0,5.157888,6.8845253,5.6452756,9.478341,9.739879,14.702922,15.0231695,18.462189,20.616587,23.83419,26.927597,25.368912,30.717222,26.664644,33.34837,29.122423,27.616055,23.466377,23.274632,18.404112,19.326344,15.445902,15.143396,14.70955,12.930162,16.319416,17.066116,15.9931965,17.201252,14.024756,16.878437,15.531426,17.925966,19.503576,20.638607,24.152237,25.458805,29.271399,26.398611,26.069168,24.414137,22.714699,24.680403,20.166954,26.464994,23.671722,25.504728,26.22391,24.595325,21.597383,18.679821,21.559185,18.394693,24.10507,22.282858,27.781847,26.380144,31.128534,30.863136,27.188875,27.215975,22.73927,22.093945,18.885637,15.969245,14.552948,11.484247,12.082537,10.180331,13.164445,12.492094,9.433016,10.035874,9.175552,7.6979885,8.023236,9.226263,12.42859,14.686834,19.451479,22.206797,25.37276,29.934782,29.22086,29.65325,25.078548,28.818262,23.25447,23.602636,23.923393,23.374928,20.524904,25.644468,22.664518,27.510824,29.960375,26.72971,23.97772,21.502262,16.71894,16.598412,12.139459,12.750481
11,21.825129,22.629677,26.235676,22.873764,23.11258,19.79439,17.338232,12.936614,10.412553,6.7791066,5.157888,0.0,3.99583,5.4465294,9.09857,10.734002,15.797083,16.360645,20.26701,21.975904,25.935883,28.552477,26.523668,31.737757,27.16702,33.81807,29.469633,27.520422,23.701612,23.478376,18.440228,19.826317,14.527475,15.922576,13.233947,12.9588,14.719269,14.2710905,12.29644,13.642241,11.349342,13.383595,13.609196,15.494686,18.127365,19.297415,23.243053,25.089922,28.321201,24.69411,24.501896,21.991373,20.72972,22.183086,17.632135,23.99768,20.806053,23.554617,24.834515,23.71306,20.000025,18.009806,20.995255,17.548086,23.17186,21.517729,26.772186,25.517675,30.631577,30.294022,26.669117,27.382725,22.896154,22.569092,19.036911,15.953443,13.499346,10.311497,9.070196,6.201195,8.384704,7.837614,4.5922093,6.8481007,7.4510403,6.0623803,8.908957,9.845368,14.108984,16.044258,20.929329,23.698689,26.554684,31.536194,30.695045,31.202871,26.390503,30.823977,25.12625,26.334108,26.47533,26.40887,23.259283,28.4852,25.160135,29.853045,32.46452,29.779787,26.737513,25.158443,19.722403,19.762709,15.483323,15.452283
12,23.251564,24.4526,27.675592,24.516405,23.990715,20.327229,18.747507,13.337631,11.794108,7.74713,6.8845253,3.99583,0.0,3.359898,6.0540137,9.043042,13.189536,14.801691,18.05788,20.267221,23.88793,26.920736,25.17237,30.392925,26.045172,32.817387,28.914669,27.270678,23.347115,23.970478,18.499918,21.17052,16.325407,18.768429,16.06517,16.546726,18.333015,17.625727,14.893817,15.292571,12.552,13.109608,13.365111,13.712396,16.4459,16.870823,20.826752,22.282745,25.755857,22.10777,22.338076,19.99995,19.510506,21.396923,17.325527,24.230465,21.929651,24.69418,26.32803,25.734467,22.550732,20.271544,22.551271,18.159084,23.408426,21.058231,26.22152,24.342651,29.474651,28.66327,24.885015,25.277044,21.052532,20.093328,16.53435,14.315717,11.184448,9.16791,7.5427465,6.6684027,8.938628,9.780856,6.8870077,10.233082,11.39687,9.259641,11.68782,10.930009,15.96163,16.3548,21.566586,23.7695,26.79129,31.49616,31.398832,32.389183,27.785133,32.55757,27.42814,28.256876,27.787558,27.347755,23.692469,28.757767,24.742933,29.170399,31.469173,28.89985,25.688131,24.244114,18.857336,18.26474,14.309986,13.306431
13,20.677675,21.916101,24.856564,21.80682,20.954086,17.23133,16.034443,10.321373,9.23848,5.4023013,5.6452756,5.4465294,3.359898,0.0,4.06351,6.120057,10.563791,11.966399,15.171779,17.524323,20.945282,24.129755,22.575605,27.89551,23.797035,30.631834,26.827023,25.471998,21.322205,22.15058,16.635017,19.457071,15.523174,17.655605,16.036247,16.286478,18.960619,18.921083,16.391691,16.320217,12.703568,13.785282,12.69296,13.430321,15.29757,15.771386,19.442373,20.638016,24.458258,21.352356,21.40636,19.735006,18.847338,21.164495,17.15183,24.099316,22.295263,24.389725,25.760279,25.045248,22.525597,19.541588,21.485668,16.95015,22.19544,19.600433,24.93807,22.897089,27.821806,27.040485,23.212822,23.214277,18.9378,17.860617,14.429587,12.193925,9.76025,7.7605867,7.8642178,7.863117,11.061731,11.866613,9.525681,12.267134,12.279788,9.351106,10.577844,9.043396,13.986062,13.877452,19.160414,21.208704,24.422659,28.890331,29.031807,30.14308,25.717436,30.338564,25.545994,25.898504,25.212889,24.489965,20.76149,25.754126,21.695374,26.158327,28.386562,25.659147,22.500063,20.895073,15.576497,14.983786,10.964598,10.269807
14,22.628752,23.857735,26.19648,23.134518,21.40435,17.397444,17.224543,10.938545,11.476512,7.882614,9.478341,9.09857,6.0540137,4.06351,0.0,4.342886,7.190166,9.518143,12.188022,14.6808605,18.038496,21.286123,19.89273,25.117645,21.224817,28.06889,24.736713,23.706669,19.571636,21.278168,15.5511,19.670563,16.456371,19.716852,18.061989,19.239311,21.845692,21.68298,18.542068,17.451859,13.459447,13.288296,11.798273,11.061898,12.535025,12.309328,15.843779,16.740833,20.728178,17.785534,18.096504,16.867458,16.536728,19.323391,15.981365,23.144207,22.415556,24.265718,25.909548,25.771744,23.984032,20.741098,21.806734,16.478886,21.067148,17.822075,22.924501,20.307684,25.139505,23.954409,20.038704,19.776691,15.768942,14.229177,10.774017,9.462042,6.5736547,6.4637623,7.0650063,9.23365,12.3461,14.023685,12.57604,15.875574,15.823147,12.270047,13.205901,10.133333,15.33983,13.422152,18.710527,20.045507,23.279203,27.414759,28.305666,29.927298,25.817411,30.816666,26.798409,26.897673,25.484297,24.518787,20.30272,24.978655,20.251583,24.292028,26.258669,23.89992,20.55581,19.60743,14.220439,13.312977,10.098599,8.601121
15,20.050856,20.823877,22.736465,19.453753,17.363853,13.278823,13.511322,7.167239,9.06936,6.432102,9.739879,10.734002,9.043042,6.120057,4.342886,0.0,5.722362,5.846815,9.651729,11.4353075,15.264551,18.035095,16.502935,21.854778,18.007719,24.868614,21.367651,20.510777,16.167332,17.815117,12.234671,16.261578,14.281722,17.216534,16.75311,17.891014,21.208374,21.765654,18.960337,17.44983,12.773081,13.650023,10.48616,11.209219,11.266934,11.830067,14.825594,15.867012,19.854166,17.664442,17.332714,16.857521,15.442628,18.456888,15.083585,21.83552,21.476826,22.426619,23.636751,23.300953,22.33143,18.409971,19.045477,13.866661,18.416273,15.191991,20.499819,18.070635,22.612682,21.807686,17.983816,17.58708,13.271957,12.376016,9.182511,6.8016143,6.1417785,5.297214,8.388063,10.419882,14.106278,15.41687,14.699422,17.406168,16.080639,11.918134,11.513588,7.5045853,12.1069,9.41909,14.656126,15.940556,19.306507,23.352089,24.230898,25.884336,21.945185,26.808968,23.208122,22.970276,21.30239,20.234407,15.966135,20.645384,16.039368,20.266554,22.44535,20.043297,16.7389,16.06975,10.263065,10.280634,7.056496,7.3255076
16,22.678995,23.872847,24.94925,22.33396,19.185715,15.19504,17.004406,11.048449,13.802563,11.982445,14.702922,15.797083,13.189536,10.563791,7.190166,5.722362,0.0,5.1414046,5.1489267,8.621755,10.964692,14.815455,14.313491,19.443031,16.650951,23.330778,20.99926,21.04963,16.832989,19.860336,14.578562,19.792114,19.00487,22.338312,22.121277,23.522507,26.855984,27.298874,24.17252,22.144434,17.494057,17.112453,13.916977,12.57652,11.510645,10.41053,12.29068,11.821533,16.672216,15.486502,15.742113,16.55878,16.199669,19.835659,17.697104,24.278048,25.216644,25.79827,27.180649,27.378942,27.186487,23.08957,22.821487,17.182375,20.477173,16.424059,21.028809,17.598679,21.510683,19.904541,16.00954,14.334753,10.986764,8.171495,5.667152,7.0698075,7.037259,9.390093,12.068825,15.234672,18.536888,20.383547,19.574009,22.623453,21.718912,17.605244,17.12914,12.816894,16.802195,12.482781,16.96612,16.895924,20.284575,23.254017,25.508865,27.849697,24.64528,29.478516,27.01544,26.080162,23.610561,21.891846,17.272213,21.00609,15.519945,18.779696,20.10784,17.973974,14.580906,14.331167,9.620411,8.115669,7.367187,5.7384973
17,21.190046,21.476217,22.197084,18.926369,15.553466,11.511353,13.539738,8.345875,12.265844,11.130764,15.0231695,16.360645,14.801691,11.966399,9.518143,5.846815,5.1414046,0.0,5.5863633,5.6585283,10.259656,12.2216015,10.765034,16.15143,12.80162,19.597975,16.643848,16.582739,12.186644,14.986065,10.007626,15.115629,15.538314,18.848644,19.399317,21.113482,24.694534,25.647614,22.782272,20.33569,15.391355,15.94154,11.510141,11.986859,9.747188,10.274605,11.747011,12.406175,16.375566,15.610877,14.8122425,15.926283,14.066964,17.59752,15.346331,21.219376,22.368683,22.110968,23.081497,23.171846,23.76439,19.277514,18.49001,13.1856575,16.283579,12.487816,17.307098,14.445247,18.206358,17.370243,13.700873,12.623992,8.466542,7.9805484,5.9292145,4.3117604,7.250774,8.240475,12.203797,14.975351,18.529896,20.04635,20.169373,22.808287,20.827137,16.311657,14.9803295,10.173714,13.119914,7.814342,11.899273,11.792179,15.214033,18.471529,20.402012,22.71912,19.587317,24.507607,22.453295,21.559149,18.796381,17.326569,12.590935,16.484894,11.152405,14.84107,16.89737,15.054558,11.585428,12.550134,6.654704,7.838446,7.2232533,8.546882
18,22.682188,23.663734,23.746836,21.549206,17.537306,13.967163,17.085186,12.327883,15.999737,15.368673,18.462189,20.26701,18.05788,15.171779,12.188022,9.651729,5.1489267,5.5863633,0.0,5.3093696,5.8608828,10.358092,10.902634,15.787761,14.228259,20.429775,18.885378,19.818731,15.761795,19.359606,15.001246,20.180328,21.116919,24.04045,24.897396,26.218306,29.996487,30.909765,27.99964,25.639938,20.768925,20.708971,16.687689,15.78587,13.316529,12.309565,12.540978,11.149139,16.06887,16.52254,16.421167,18.5582,17.773125,21.599503,20.112211,25.880363,27.620056,27.268427,28.26802,28.500835,29.33717,24.783422,23.76804,18.505426,20.839247,16.70205,20.713234,17.12964,19.958567,18.355148,14.837429,11.993911,9.5630665,6.4197564,6.3790464,8.758622,10.810809,13.103364,16.465498,19.598541,23.038734,24.763712,24.2408,27.004498,25.508299,21.238111,19.935555,15.442425,18.142647,12.908827,16.15013,15.028649,18.364922,20.205685,23.368845,26.094124,23.698793,28.087393,26.808588,25.1088,22.013317,19.764957,15.185486,17.887909,12.145373,14.615263,15.386419,13.356578,10.048609,10.581663,7.184499,5.777037,7.9573827,7.712846
19,24.354988,24.388811,24.060015,21.126884,16.841482,13.445649,16.725346,12.946604,17.286175,16.683094,20.616587,21.975904,20.267221,17.524323,14.6808605,11.4353075,8.621755,5.6585283,5.3093696,0.0,6.298194,6.6595573,5.7974024,11.002621,8.960035,15.264029,13.5959635,14.759721,10.954381,15.045812,11.54548,17.055048,19.1679,22.702883,23.70656,25.817608,29.38777,30.459171,27.482916,24.449673,19.627888,19.613989,14.992919,14.727652,11.092292,11.047516,10.342113,10.055803,13.692582,14.785355,13.767181,16.521978,14.832963,18.547167,17.674849,22.419075,24.945133,23.811117,24.654615,25.258223,27.045794,22.433378,20.499758,15.482185,16.673065,12.599144,16.064037,12.678671,15.024176,13.884876,10.679416,8.266134,5.4969144,5.3084235,6.32807,7.3969884,11.091002,13.097898,16.871767,20.066217,23.389149,25.121626,25.649443,28.374607,26.219679,21.6038,20.00955,15.130788,17.02701,10.831264,12.785787,10.804676,13.734686,15.465508,18.917057,21.978182,19.979809,24.71372,24.307384,22.865044,19.160748,17.334826,12.636931,14.869738,8.959782,10.934278,12.392669,11.712354,8.272576,11.653581,7.7116,9.177762,11.064632,12.223165
20,25.02252,25.74213,24.738567,23.098019,18.3963,15.700389,19.796385,16.463757,20.50996,20.584328,23.83419,25.935883,23.88793,20.945282,18.038496,15.264551,10.964692,10.259656,5.8608828,6.298194,0.0,6.4460554,9.144004,12.694077,13.3228,18.158937,18.011137,20.015827,16.62798,20.69131,17.650835,22.57746,24.97803,27.651756,29.246666,30.619501,34.610214,35.822495,33.016907,30.327024,25.431032,25.392872,20.9985,20.174139,16.834639,15.808325,14.484994,12.2407055,16.498533,18.665916,18.340242,21.610767,20.706657,24.513802,23.833817,28.636847,31.224028,30.055485,30.746395,31.143644,32.96091,28.177698,26.40621,21.66025,22.772291,18.772121,21.699375,18.102217,19.376757,17.736967,15.071202,11.070925,10.671594,8.101316,10.319356,13.054433,15.913441,18.28365,21.84934,25.05038,28.479828,30.19793,29.94691,32.58388,30.726465,26.376295,24.59665,20.09246,21.743261,16.08047,17.706,15.385194,18.204206,18.323034,22.665339,25.82629,24.536547,28.327827,28.496727,26.110357,22.382793,19.69439,15.572209,16.501823,11.013878,11.473612,10.946405,9.661401,7.058439,9.426486,9.1682005,8.507798,12.346441,12.734002
21,27.901197,27.629326,26.197245,23.830181,18.995588,16.704323,20.76643,18.455538,22.949158,22.969807,26.927597,28.552477,26.920736,24.129755,21.286123,18.035095,14.815455,12.2216015,10.358092,6.6595573,6.4460554,0.0,4.1935563,6.31491,8.219537,11.892956,12.504976,15.220136,12.829982,17.221455,15.745865,20.540628,24.169537,27.372805,29.070751,31.231785,34.92128,36.25775,33.405056,30.06972,25.391195,25.324636,20.607756,20.298397,16.114847,15.914451,13.588446,12.42971,14.756438,17.810595,16.599321,20.493011,18.84732,22.287832,22.456982,25.814398,29.310162,27.257391,27.73128,28.584675,31.4847,26.792511,24.016293,19.875229,19.41035,15.851606,17.487783,14.363021,14.237193,13.188635,11.582706,8.025657,8.796353,9.252817,12.01364,13.671355,17.445229,19.544323,23.29138,26.512394,29.747047,31.474888,32.236576,34.854084,32.407265,27.787706,25.80554,21.088348,21.918676,15.744527,15.649421,12.257276,14.040472,13.165302,18.265617,21.88409,21.41431,25.353949,26.77633,24.673693,20.28917,18.147879,14.306595,14.0860195,9.098157,7.5470257,7.431014,9.06157,7.043846,12.625029,11.725458,13.271934,16.424046,17.739157
22,27.693827,26.98702,25.963953,22.814287,18.328053,15.740815,19.199648,16.888388,21.413504,21.09016,25.368912,26.523668,25.17237,22.575605,19.89273,16.502935,14.313491,10.765034,10.902634,5.7974024,9.144004,4.1935563,0.0,5.4084496,4.339904,9.656577,8.889419,11.200018,8.697708,13.289752,12.004379,17.018244,20.673204,24.404737,25.754261,28.413006,31.775612,33.037174,30.12609,26.553768,22.038973,22.014164,17.220299,17.3952,13.031801,13.627779,11.5788765,11.840228,13.424096,15.800296,14.004484,17.582388,15.280635,18.522457,18.724295,21.71539,25.297012,23.111822,23.63589,24.686691,27.719309,23.18545,20.152275,16.03448,15.231181,11.757448,13.440917,10.589271,10.96056,10.515855,8.737184,6.755768,6.1898584,8.809148,10.80802,11.21649,15.2999325,17.006935,20.74463,23.846308,26.925514,28.616573,29.917171,32.52611,29.877838,25.170908,23.299955,18.504807,19.276766,12.956207,12.58969,9.181836,10.769954,11.082626,15.580389,19.196985,18.327541,22.936651,24.096205,22.662876,18.277817,16.81778,12.739955,13.29591,8.316885,7.9323316,9.587551,11.177641,8.726841,14.283925,11.623273,14.085428,16.245642,17.919865
23,32.179375,31.189201,29.63216,26.651594,22.098192,20.149122,23.718801,22.07687,26.61293,26.375511,30.717222,31.737757,30.392925,27.89551,25.117645,21.854778,19.443031,16.15143,15.787761,11.002621,12.694077,6.31491,5.4084496,0.0,5.6098347,5.746288,8.181537,11.6958685,11.244586,15.5890665,15.932434,20.345964,24.693794,28.5186,29.951868,32.923443,36.084793,37.367268,34.42975,30.532047,26.33727,26.020184,21.45514,21.39571,16.88791,17.352787,14.385029,14.426675,14.403057,17.952812,16.017044,20.183186,18.083673,20.83257,22.047369,23.655031,28.101927,25.304514,25.673914,27.159542,30.992489,26.69927,23.003792,19.627554,17.31964,14.571195,14.197907,11.944139,9.683169,9.575933,9.908377,8.248034,10.152991,12.850786,15.431707,16.205261,20.117554,21.976719,25.502562,28.680517,31.534298,33.298615,34.959045,37.597847,34.823227,30.106548,28.20101,23.494633,23.815334,17.696905,16.186914,12.284235,12.347137,10.488892,15.977158,19.927744,20.295557,24.41821,26.91495,25.423256,20.721685,19.476593,16.249702,15.229224,11.749371,8.977293,9.566509,13.144647,11.94121,18.059769,16.578663,18.96546,21.50147,23.107523
24,30.166977,29.017996,28.221998,24.479662,20.426416,17.874506,20.635056,18.53987,22.911224,22.171505,26.664644,27.16702,26.045172,23.797035,21.224817,18.007719,16.650951,12.80162,14.228259,8.960035,13.3228,8.219537,4.339904,5.6098347,0.0,6.869722,5.139533,7.3526993,6.051249,10.894862,10.69629,15.700197,19.451502,23.934921,24.734446,28.135502,30.938873,32.029095,28.981905,24.97934,20.90733,20.601961,16.047812,16.43887,11.965874,13.285551,11.124661,12.711076,12.655683,14.737947,12.2872715,15.727285,12.893935,15.601749,16.50588,18.344553,22.564106,20.016785,20.651804,22.265825,25.747849,21.624561,17.985945,14.188351,12.02257,8.972713,9.396264,7.0861344,6.921488,7.4691143,6.573344,7.1421127,6.6130657,10.926253,12.380957,11.848473,15.779474,17.205832,20.605766,23.627756,26.323605,28.054277,30.081408,32.73508,29.944616,25.20746,23.587637,18.842976,19.49052,13.37412,12.310201,8.994756,9.343821,10.316853,14.218034,17.884048,17.05302,22.215366,23.571798,22.933361,18.554928,17.96087,14.189683,14.855661,10.871377,10.506588,12.690401,14.863743,12.656401,18.171328,14.794449,17.64413,19.094465,20.835009
25,35.509335,33.952934,32.520435,28.969059,24.905968,23.1506,26.047823,24.902464,29.279774,28.802803,33.34837,33.81807,32.817387,30.631834,28.06889,24.868614,23.330778,19.597975,20.429775,15.264029,18.158937,11.892956,9.656577,5.746288,6.869722,0.0,5.52875,9.033456,10.885643,14.38483,16.35924,20.023561,24.65767,28.918537,29.991497,33.614765,36.187016,37.383713,34.46662,30.205488,26.620134,26.20277,21.987053,22.358913,17.980148,19.163034,16.277836,17.51602,15.864245,19.012243,16.498358,20.276112,17.677134,19.481018,21.456768,21.261772,26.337137,22.933292,23.185808,25.229918,29.746407,26.013935,21.674822,19.251247,15.393913,13.875274,11.4886,10.850393,6.644813,8.449431,10.577087,11.349867,12.930405,16.811975,18.83938,18.659937,22.435038,23.84993,27.05322,29.989262,32.43059,34.126602,36.55205,39.116375,36.094154,31.434038,29.673468,25.188227,25.102262,19.453087,17.03114,13.384232,11.905649,10.113394,14.652386,18.510632,19.38019,23.67359,26.747034,26.052517,21.424421,21.150093,18.507864,17.406164,15.177622,12.72712,14.067711,17.845299,16.801487,22.897652,20.726099,23.652327,25.55894,27.402882
26,31.93251,30.107683,29.166914,25.062174,21.495779,19.559433,21.76803,20.859241,25.010412,24.508924,29.122423,29.469633,28.914669,26.827023,24.736713,21.367651,20.99926,16.643848,18.885378,13.5959635,18.011137,12.504976,8.889419,8.181537,5.139533,5.52875,0.0,3.825083,5.8378296,8.867122,11.354962,14.590616,19.308765,23.569323,24.6242,28.31171,30.784317,32.08531,29.378035,25.228973,21.697605,21.897793,17.4741,18.96136,14.814266,16.9741,15.172249,17.421467,16.40713,18.123196,15.225075,18.01617,14.346897,15.948646,17.126429,16.976978,21.453587,17.914072,17.995491,19.820793,24.272606,20.498062,16.159739,14.011452,10.251701,9.246944,7.759289,8.222227,6.431728,9.2548485,9.974571,11.883417,11.312759,15.93435,16.963364,15.381225,19.248037,19.831234,23.101114,25.563885,28.003561,29.423618,32.05899,34.36783,31.106588,26.545551,24.731506,20.50201,20.108143,14.875388,12.176238,9.060378,7.3090267,8.113656,11.004762,14.621204,14.534671,19.576014,21.837778,21.719255,17.364841,17.669775,14.906347,14.943332,12.840595,12.159179,14.83063,17.460823,15.886298,21.439062,18.144928,21.619658,22.681292,24.941885
27,31.669445,29.667822,29.242836,24.679174,21.690891,19.563745,20.964935,20.030048,23.823004,23.011242,27.616055,27.520422,27.270678,25.471998,23.706669,20.510777,21.04963,16.582739,19.818731,14.759721,20.015827,15.220136,11.200018,11.6958685,7.3526993,9.033456,3.825083,0.0,4.5060177,6.150204,9.253564,12.073061,16.357082,21.07728,21.59721,25.696587,27.732399,28.903399,26.212421,21.969366,18.808231,19.153858,14.990271,17.132261,13.469316,16.304838,15.292842,18.326696,17.197454,17.823702,14.726156,16.54266,12.249791,13.227961,14.182272,13.418202,17.75721,14.096122,14.270268,16.355286,20.77576,17.336842,12.834138,11.012006,6.573146,6.698868,5.1350965,7.307022,7.345449,10.456805,10.71337,13.643652,12.046882,16.935266,17.186512,14.667249,18.175833,18.169798,21.128405,23.23487,25.40439,26.69387,29.733397,31.941477,28.614088,24.173786,22.601973,18.641521,18.248917,13.63839,11.067704,9.105291,7.241544,10.201842,11.051989,14.008883,12.988548,18.696991,20.117035,20.851562,16.982292,17.945597,15.218742,16.244823,14.318179,14.789211,17.875826,19.86568,17.971266,22.964876,18.832647,22.448915,22.763264,25.083015
28,27.751488,26.087215,25.909674,21.407059,18.257242,15.658337,17.181992,15.683469,19.616343,18.84685,23.466377,23.701612,23.347115,21.322205,19.571636,16.167332,16.832989,12.186644,15.761795,10.954381,16.62798,12.829982,8.697708,11.244586,6.051249,10.885643,5.8378296,4.5060177,0.0,5.069224,5.532661,9.905098,13.85321,18.44666,19.189505,22.832514,25.393974,26.651506,23.930828,20.009045,16.132113,16.83507,12.023551,14.413262,10.632495,13.532717,13.1230545,15.959527,16.122149,16.338573,13.525037,15.212488,10.882019,12.872322,12.59016,14.118695,17.431498,14.609162,14.956492,16.281992,19.773155,15.663421,11.937849,8.615128,6.75636,4.733723,7.1764235,7.173327,9.343915,11.168936,9.802739,11.921002,9.072338,13.675503,13.517101,10.601024,14.422841,14.31456,17.713713,19.899427,22.499271,23.784029,26.299227,28.541258,25.306063,20.71767,19.004248,14.7185545,14.729262,9.441774,7.8194656,6.01231,6.166659,10.347977,11.490341,14.373865,12.299788,18.245512,18.581488,18.904673,15.091399,15.51259,11.97997,14.055701,11.095971,12.756881,16.045773,17.102327,14.738101,19.191978,14.573121,18.157885,18.276615,20.646196
29,26.988405,24.674746,24.762722,19.78441,17.649153,15.627819,15.96731,15.8873205,19.154167,18.77187,23.274632,23.478376,23.970478,22.15058,21.278168,17.815117,19.860336,14.986065,19.359606,15.045812,20.69131,17.221455,13.289752,15.5890665,10.894862,14.38483,8.867122,6.150204,5.069224,0.0,5.7533607,5.954262,11.153301,15.037337,16.29203,19.927944,22.275635,23.930138,21.871778,18.23621,14.916021,16.908936,12.342398,16.439398,13.638995,17.153685,17.526886,20.67551,20.804335,20.351194,17.470936,18.097294,13.169473,14.027709,12.819488,13.046017,15.147851,11.52193,10.895144,11.625141,15.788752,11.73094,7.5394816,6.882519,5.28569,6.798336,9.058884,11.051302,13.101541,15.598137,14.56593,16.979237,13.83708,18.199776,17.454088,13.526496,16.900124,15.459228,18.6375,19.754438,22.15528,22.816454,25.739883,27.352137,23.550045,19.366623,17.349579,14.10643,12.672243,9.443624,6.3149095,6.7257633,5.713337,11.162966,9.449939,11.152928,8.190909,14.5527,14.450611,15.750123,12.620586,14.229272,11.82968,14.250577,13.088444,15.363664,19.065464,19.687872,17.683527,21.407078,16.692476,20.697634,20.062538,22.970709
30,24.525034,23.013256,23.767643,18.929276,16.610292,13.475856,13.754233,11.620553,14.971404,13.821857,18.404112,18.440228,18.499918,16.635017,15.5511,12.234671,14.578562,10.007626,15.001246,11.54548,17.650835,15.745865,12.004379,15.932434,10.69629,16.35924,11.354962,9.253564,5.532661,5.7533607,0.0,6.72952,8.802217,13.797508,14.05193,17.628498,20.243189,21.467773,18.817293,15.296281,11.02564,12.718169,7.5273795,11.571376,9.069274,12.573864,13.887468,16.991117,18.137463,16.878016,14.474867,14.62914,10.09706,12.023972,9.645757,13.066322,14.443072,12.747457,13.308089,13.825638,15.850641,11.477867,9.082837,4.227018,6.8470464,5.047964,10.20847,10.1190605,14.017223,15.220496,12.819517,14.786586,10.592025,14.217212,12.658449,8.143767,11.28867,9.786537,13.234547,14.783395,17.556864,18.556644,20.978773,23.051676,19.776426,15.190955,13.618672,9.398295,9.979398,5.33828,6.2606125,7.437986,9.112253,14.387214,14.038706,15.834125,12.11129,18.271528,16.43283,17.37979,14.623628,15.258737,11.517822,15.3800955,12.322908,15.689216,19.124882,18.830713,16.061937,18.926933,13.225848,16.65294,15.454411,17.905659
31,22.992853,20.45374,21.360329,16.02364,15.216144,13.343858,12.000482,12.8877735,15.103681,15.198529,19.326344,19.826317,21.17052,19.457071,19.670563,16.261578,19.792114,15.115629,20.180328,17.055048,22.57746,20.540628,17.018244,20.345964,15.700197,20.023561,14.590616,12.073061,9.905098,5.954262,6.72952,0.0,6.9161167,9.119044,11.43682,14.269407,17.056707,19.27416,18.042507,15.432241,12.1526985,15.91734,11.59032,17.078394,15.480495,19.125929,20.604954,23.664944,24.719486,23.431477,20.914738,20.567972,15.726844,16.437738,13.456724,14.852088,14.324398,11.652279,10.441281,9.052698,11.849727,6.938059,4.8537345,6.185416,8.9396105,10.440539,14.168448,15.746397,18.718122,20.788675,19.027103,21.014496,17.052998,20.560627,18.977583,14.2439575,16.92712,14.086553,17.129808,16.990416,19.524742,19.41602,22.05016,22.927383,18.659369,14.9409485,12.431123,10.525027,7.635093,7.6160736,5.58302,8.988068,9.49365,15.045506,11.987532,12.03615,7.197504,13.07283,10.171095,12.358389,10.856859,12.9590845,11.177804,14.981771,14.464976,18.07842,21.896095,21.250526,19.209435,21.32036,16.270735,20.21859,18.499737,21.771252
32,23.864008,22.031908,24.23013,19.00881,18.97475,16.339558,13.830321,12.71889,13.394693,11.922696,15.445902,14.527475,16.325407,15.523174,16.456371,14.281722,19.00487,15.538314,21.116919,19.1679,24.97803,24.169537,20.673204,24.693794,19.451502,24.65767,19.308765,16.357082,13.85321,11.153301,8.802217,6.9161167,0.0,7.3036027,5.3380117,9.893216,11.566403,12.968967,11.18898,8.839649,5.8465667,10.71763,8.006532,14.017682,14.354951,17.938221,20.643293,24.035818,25.295858,22.624115,20.609955,18.747353,14.54634,14.745422,10.344164,13.369271,10.472181,10.559145,10.789673,9.522804,8.263389,4.3921137,6.5058703,5.731979,11.017773,11.971675,16.402128,17.48311,21.7579,23.158167,20.773636,23.107016,18.6488,21.45244,18.876026,13.801453,14.654453,10.816667,12.428488,11.126647,13.116707,12.695286,15.852605,16.807005,12.879893,9.262997,8.350764,7.5027795,7.335985,9.394995,11.092343,14.482293,15.7108755,21.388033,18.848404,18.828438,13.872254,19.204395,14.400093,17.290184,16.899754,18.594616,16.23867,20.872868,19.195118,23.318523,26.922132,25.77476,23.16177,24.345028,18.455153,21.449038,18.569424,21.002594
33,19.418402,16.918911,19.602728,14.533146,16.332432,14.964812,10.925331,12.80954,11.983987,12.7406435,15.143396,15.922576,18.768429,17.655605,19.716852,17.216534,22.338312,18.848644,24.04045,22.702883,27.651756,27.372805,24.404737,28.5186,23.934921,28.918537,23.569323,21.07728,18.44666,15.037337,13.797508,9.119044,7.3036027,0.0,6.6469965,5.804073,9.730153,13.0848055,13.88262,13.979126,11.881664,17.323835,14.679828,20.532494,20.673965,23.98866,26.60068,29.43658,31.376669,29.12817,27.18412,25.720303,21.540823,21.989998,17.627274,20.14226,16.589626,16.101887,14.895829,11.591931,9.891637,6.3784027,10.2297535,12.104961,16.851385,18.039309,22.428179,23.59524,27.330626,28.948936,26.564415,28.173307,23.676514,26.003359,23.556921,18.637726,19.790522,15.633907,17.570227,15.251024,17.46313,15.884797,17.62772,16.866781,11.953396,10.164626,7.2945695,9.830947,5.988701,11.890363,12.63921,16.689863,18.032267,23.205873,19.670725,18.468657,13.539041,16.70969,10.086298,13.150036,14.743826,16.678385,15.924691,20.472898,20.375986,24.870768,28.486027,26.527527,24.514486,24.407795,19.482325,22.568823,19.39891,22.560307
34,24.239227,22.509296,25.512302,20.53796,21.636944,19.327406,15.806057,15.096071,14.087538,12.607482,14.70955,13.233947,16.06517,16.036247,18.061989,16.75311,22.121277,19.399317,24.897396,23.70656,29.246666,29.070751,25.754261,29.951868,24.734446,29.991497,24.6242,21.59721,19.189505,16.29203,14.05193,11.43682,5.3380117,6.6469965,0.0,5.978752,6.2587395,7.8791103,7.462196,7.5825796,7.03345,12.360514,11.629952,17.14996,18.5402,21.82722,25.006954,28.327156,29.800997,26.615372,24.911598,22.379986,18.73043,18.489233,13.812034,16.629519,11.844382,13.335793,13.440787,11.327807,6.9542193,5.947864,10.367191,10.941953,15.957621,17.114862,21.38243,22.51385,26.943062,28.24903,25.750074,28.032211,23.47043,25.786201,22.864056,17.913095,17.820827,13.549466,13.926407,10.948465,12.040686,10.340993,13.479498,13.315084,9.127767,7.3430796,7.5830326,9.731452,9.55584,13.722568,15.747636,19.433973,20.71966,26.346338,23.318468,22.676254,17.629232,22.015423,15.994895,19.409685,20.208006,22.038214,20.234928,25.035896,23.710022,28.105394,31.677935,30.08605,27.52147,27.846846,22.086206,24.637722,21.120247,23.312206
