,0,1,2,3,4,5,6,7,8,9,10,11,12,13,14,15,16,17,18,19,20,21,22,23,24,25,26,27,28,29,30,31,32,33,34,35,36,37,38,39,40,41,42,43,44,45,46,47,48,49,50,51,52,53,54,55,56,57,58,59,60,61,62,63,64,65,66,67,68,69,70,71,72,73,74,75,76,77,78,79,80,81,82,83,84,85,86,87,88,89,90,91,92,93,94,95,96,97,98,99,100,101,102,103,104,105,106,107,108,109,110,111,112,113
0,0.0,4.408252,5.8763843,8.990331,12.269,13.785544,17.441927,20.616089,23.899988,26.982779,31.939463,33.663944,36.097866,37.018776,33.488766,29.82049,26.476582,23.775751,21.590532,17.01088,16.507578,11.762008,11.937138,11.223122,13.495682,18.120794,19.34395,23.107538,23.018612,25.943224,27.119621,29.088749,34.566704,35.17153,39.453358,40.40265,44.731907,46.70882,45.402588,42.457165,37.980896,39.438328,34.162376,36.169518,31.690977,32.484688,30.4288,29.780128,30.976053,34.74443,32.96852,37.137383,34.513615,37.02761,39.71899,38.59862,42.88083,40.18836,37.090603,37.506454,41.584297,36.696835,33.83399,31.863415,31.08481,28.998081,29.227446,28.50147,24.705412,25.37628,25.715857,23.430199,24.677015,26.122463,28.501663,28.66104,32.889515,33.53886,37.88403,39.743935,43.42764,43.921143,42.540142,45.20692,41.683147,38.629856,36.89598,33.40447,31.697315,27.447853,27.30428,23.49385,21.79409,23.97567,18.873425,24.346506,19.036789,18.249193,21.376125,18.73213,22.387478,17.185732,20.317846,18.1447,21.355743,18.958433,17.85706,21.892466,22.70425,27.154377,27.740644,31.531279,33.22966,36.808228
1,4.408252,0.0,5.0448318,4.9860215,8.985261,11.275328,14.269116,18.187586,20.896887,24.441488,29.046986,31.218052,33.34296,34.114876,30.777298,26.874668,24.174452,20.954306,19.598888,14.864254,15.211415,10.34095,10.004145,10.8160305,11.485715,16.937769,16.966196,20.421776,19.998642,22.449335,23.743652,25.187727,30.761362,30.990135,35.490097,36.332592,40.668724,42.790947,41.68873,38.86266,34.474403,36.31831,30.98227,33.492424,29.199915,30.41271,28.758347,28.649948,29.885447,33.156998,31.127468,34.948505,31.895052,34.286263,36.456947,35.46014,39.432526,36.61313,33.40756,33.551456,37.601128,32.70296,29.981009,28.344572,27.853271,26.040228,26.617033,26.319023,22.918083,23.960546,23.93209,22.155355,22.625988,24.557703,26.507658,25.97773,30.297379,30.484507,34.888393,36.45652,40.114635,40.42601,39.261192,41.746296,38.00888,34.975876,33.069515,29.833061,27.751669,23.7799,23.295593,19.484152,18.017277,20.078278,15.357082,20.976803,16.540066,14.693572,17.48763,14.63876,18.114862,13.163313,16.589033,14.885267,18.475021,16.96752,16.583645,20.496506,20.666426,25.373386,25.025803,29.07205,30.316061,34.059746
2,5.8763843,5.0448318,0.0,5.960246,7.183212,8.545087,12.0535555,15.267124,18.664398,21.547384,26.631887,28.140314,30.60326,31.384665,27.804081,24.19505,20.741453,18.062536,15.837148,11.14347,11.075593,5.9274907,6.720628,8.006106,10.06724,15.398501,15.671088,19.424006,18.543724,21.958715,22.243406,24.92383,29.819664,30.902023,34.791847,35.766262,40.113113,41.813988,40.33423,37.46291,32.825157,34.197548,28.951515,30.791464,26.45062,27.142344,25.40082,24.73532,26.488047,29.911615,28.227604,32.251884,29.717182,32.51903,35.09419,34.53377,38.552227,36.36513,33.300945,33.90658,37.44578,32.445267,29.858078,27.22034,27.030224,24.452572,25.435514,24.37358,21.21053,21.461292,21.088793,18.593336,19.391943,20.602024,22.832966,23.063517,27.206297,27.952753,32.26956,34.21579,37.92754,38.512196,36.95132,39.761185,36.432396,33.439724,31.876638,28.089277,26.901104,22.332253,22.81638,19.264235,17.754122,21.190279,16.469635,21.825705,17.984547,16.995157,19.605986,16.734535,19.257519,13.650688,15.492899,13.553404,15.836666,13.399503,12.327841,16.1899,16.927376,21.309717,21.95202,25.674622,27.482553,31.000431
3,8.990331,4.9860215,5.960246,0.0,4.7883945,7.411189,9.695805,14.004227,16.212694,20.041306,24.367125,26.823833,28.729355,29.456078,26.256529,22.24805,20.03541,16.55331,15.867104,11.461294,12.382664,8.411148,8.29511,11.457029,10.782042,16.876093,15.36744,18.401281,17.037504,19.287243,19.943356,21.296858,26.471521,26.439325,31.031898,31.581768,36.058083,38.1475,37.209312,34.64435,30.191355,32.41909,27.060902,29.911064,25.965126,27.412092,26.367853,26.582323,28.283012,30.915773,28.81738,32.215244,28.910696,31.40225,32.9674,32.53016,35.97267,33.396065,30.100088,30.030413,33.625256,28.602022,26.321821,24.566814,24.889748,22.998123,24.460335,24.292692,21.71316,22.708416,21.897974,20.368217,19.851345,21.847857,23.264244,22.198256,26.455647,26.244137,30.674925,31.964378,35.64367,35.787888,34.55777,36.907124,33.185192,30.045671,28.184109,25.062239,22.896477,19.175102,18.838243,15.288904,14.440227,17.28522,13.471789,19.013926,16.468452,13.508242,15.411712,12.175987,14.386788,9.619901,12.191027,11.623004,14.646378,14.1767435,14.427585,17.774918,17.375168,21.912462,20.849684,25.001465,25.849323,29.732878
4,12.269,8.985261,7.183212,4.7883945,0.0,4.5200167,5.404584,10.418884,12.656333,16.226263,20.74122,22.861359,24.81689,25.28541,21.992104,18.01112,15.686526,12.035966,11.566009,6.8747773,9.145574,5.5330873,5.584526,10.43715,9.3368225,15.264629,12.973603,15.846728,13.677218,16.571331,16.17352,18.548613,23.058832,23.852066,27.830978,28.597115,33.014732,34.754887,33.495434,30.890854,26.249924,28.231966,22.908634,25.476126,21.619982,22.92722,22.147182,22.358114,24.48093,26.794466,24.82483,28.10615,24.985086,27.764547,29.382645,29.442343,32.740547,30.731285,27.547682,27.839302,30.893019,25.788925,23.701649,21.0897,21.91398,19.446743,21.58884,21.004332,19.085754,19.605066,18.151707,16.512133,15.511661,17.313162,18.556492,17.57577,21.774864,21.76352,26.176567,27.681465,31.397432,31.735395,30.35081,32.963734,29.432465,26.455912,24.752974,21.141016,19.7214,15.35082,15.866663,12.626005,11.894344,16.248446,12.952323,17.933746,16.770374,14.346769,15.70355,12.632841,13.376557,8.221643,8.619755,8.317351,10.064734,9.775035,10.3750925,13.30507,12.6555605,17.231306,16.152014,20.275166,21.335306,25.120693
5,13.785544,11.275328,8.545087,7.411189,4.5200167,0.0,5.0256414,6.934584,10.214732,13.250338,18.176077,20.002802,22.323317,23.39689,19.903454,16.318872,13.179703,10.741061,8.864253,6.2323933,5.587902,5.925142,8.361349,13.184067,13.205262,18.824736,16.710608,19.493576,16.754421,19.851286,18.329298,21.132908,24.628536,25.149977,29.088566,29.166872,33.890255,35.382355,34.27706,32.12202,27.280546,29.372358,24.212378,26.445333,22.98006,23.833082,23.430101,23.052393,26.045336,28.20245,26.615555,29.7816,27.027428,30.133198,31.51601,32.254864,35.102947,33.592075,30.448135,30.633059,33.00177,27.826761,26.376896,23.304354,24.953655,22.076155,24.871208,23.864481,22.393017,22.299568,20.33462,18.044844,16.884632,17.5085,18.607222,18.153297,21.902079,22.000168,26.29875,27.690994,31.490875,31.724873,29.615908,32.151443,29.201105,25.742262,24.642963,21.014765,20.068127,16.225077,17.662928,15.216901,15.258681,20.087032,17.32346,22.089941,21.27335,18.730318,19.805807,16.641598,16.5488,12.164465,10.8595915,11.792742,11.300421,10.911539,10.758793,12.633059,12.5395565,15.682763,15.551781,19.204472,20.376581,24.177193
6,17.441927,14.269116,12.0535555,9.695805,5.404584,5.0256414,0.0,6.294722,7.581247,11.199244,15.487199,17.695,19.480116,19.898254,16.665333,12.634569,10.806881,6.8910804,7.6783714,5.183263,8.118449,8.231298,9.00459,14.31799,12.779917,17.92255,14.516819,16.47024,13.033688,15.747201,13.648415,16.486149,19.622639,20.46223,24.119085,24.45433,29.037086,30.48796,29.302612,27.118528,22.305178,24.611311,19.430485,22.097673,18.93167,20.261007,20.440811,20.829048,23.72291,25.11761,23.317045,25.953102,22.855852,25.867514,26.765203,27.80744,30.301523,28.967657,25.857,26.053955,28.118372,22.951727,21.705648,18.499516,20.684782,17.888872,21.308855,20.60037,19.994555,20.083517,17.578415,16.13773,13.802177,15.079172,15.40741,13.93632,17.764421,17.373995,21.743242,22.984976,26.76109,26.975601,25.226593,27.802925,24.554562,21.403774,20.033567,16.272003,15.403439,11.209408,12.877835,10.835917,11.3742285,16.794582,15.138191,19.09692,19.984615,17.246313,17.52319,14.686275,13.237001,9.630469,6.3629994,8.677538,7.19285,8.865784,10.200091,11.270104,9.820388,13.401153,11.500715,15.585299,16.246132,20.172102
7,20.616089,18.187586,15.267124,14.004227,10.418884,6.934584,6.294722,0.0,4.5791273,6.383955,11.583861,13.124414,15.58016,17.04283,13.500723,10.447852,7.1034913,6.5216002,4.6948895,7.6292467,6.392822,11.128514,13.539747,18.584368,18.216396,23.072758,20.112906,22.03607,18.281525,21.144764,17.857979,21.106997,22.622892,23.144491,26.460814,25.797955,30.656536,31.637259,30.664585,29.21105,24.28197,26.599354,21.937601,23.910755,21.501165,22.076227,22.806519,22.367775,26.343937,27.449772,26.256191,28.634089,26.197887,29.556934,30.147081,32.085846,33.92555,33.3426,30.395008,30.499372,31.550123,26.48792,26.136457,22.423035,25.516825,22.301609,26.320332,25.071625,24.957989,24.300426,21.31022,19.121561,16.787617,16.272198,16.26819,15.745267,18.50177,18.33101,22.2493,23.282196,27.058094,27.132788,24.232069,26.663382,24.494936,20.705702,20.44337,16.80541,16.952038,13.990641,16.847471,16.012194,17.196035,22.748856,21.429941,25.215923,26.19256,23.456356,23.61969,20.714863,18.75671,15.851803,11.910356,14.622607,11.158805,12.228837,12.473583,11.752597,11.226326,11.757448,11.586972,14.403648,15.198498,18.946058
8,23.899988,20.896887,18.664398,16.212694,12.656333,10.214732,7.581247,4.5791273,0.0,4.6778393,8.163169,11.042205,12.592277,13.855884,10.858832,7.360996,6.8856897,5.6652145,7.500529,10.469705,10.864836,14.655479,16.276438,21.533926,20.207806,24.906334,21.090343,22.248713,18.104185,20.029837,16.353968,18.809078,19.488419,19.322802,22.742317,21.540422,26.52632,27.569765,26.993946,25.997238,21.23175,24.250013,19.799026,22.440516,20.76579,21.85352,23.330925,23.605776,27.45203,27.742792,26.376297,28.016285,25.197216,28.311226,27.941143,30.346731,31.427084,30.976202,28.039682,27.744408,28.234617,23.276432,23.614899,20.268875,24.174196,21.39077,25.953058,25.20532,25.812483,25.46434,22.149591,20.78533,17.518002,17.49514,16.547146,14.815065,17.176443,15.990103,19.774025,20.088558,23.80131,23.476997,20.670328,22.718641,20.398813,16.377716,16.146662,13.005953,12.885503,11.146997,14.095723,14.280526,16.356022,21.678057,21.563957,24.696817,26.969454,23.66535,23.068592,20.415123,17.31808,15.872131,11.134733,15.134634,11.387337,14.136347,15.293976,14.101228,12.531821,12.683165,10.33237,13.134986,12.581997,16.609354
9,26.982779,24.441488,21.547384,20.041306,16.226263,13.250338,11.199244,6.383955,4.6778393,0.0,5.6642914,6.8242936,9.234326,11.076553,7.669317,5.853277,4.207837,6.828804,7.3232527,12.360651,11.878891,16.93853,18.972048,23.97741,23.180807,27.363083,23.829126,24.927301,20.674746,23.001657,18.548086,21.796747,21.28395,21.819948,24.235466,22.890463,27.644522,28.0541,27.24338,26.57632,21.824759,24.326086,20.479149,22.182096,21.075426,21.48167,23.317827,23.071087,27.539312,27.523346,26.668032,28.089672,25.969315,29.333765,29.046934,32.0336,32.819206,33.10878,30.459127,30.480017,30.240513,25.541403,26.249277,22.232895,26.45359,23.232327,28.065525,26.788645,27.829203,26.87505,23.247597,21.518843,18.315739,17.1043,15.864445,15.047433,16.375294,15.728605,18.89741,19.3714,22.952106,22.818882,19.161974,21.404709,20.155174,16.210434,16.94617,13.602378,15.083899,13.535622,17.314932,18.00576,19.93771,25.58204,25.445566,28.284494,30.650349,27.842844,27.31809,24.772505,21.586409,19.978174,14.833107,18.364876,13.506242,15.663651,16.35663,13.969266,12.910272,10.784185,9.950144,11.175266,11.048464,14.482881
10,31.939463,29.046986,26.631887,24.367125,20.74122,18.176077,15.487199,11.583861,8.163169,5.6642914,0.0,4.8704133,4.860318,7.327879,5.777587,5.8366785,8.60503,10.64969,12.780587,17.440258,17.480553,22.202312,23.858627,28.97428,27.5901,31.609697,27.503448,27.924078,23.484186,24.846306,20.122059,22.389523,20.412968,20.030832,22.093819,19.674816,24.397753,24.586647,24.438076,24.759855,20.514612,23.705647,20.644081,22.742577,22.797722,23.530556,26.155394,26.461363,30.815762,29.908155,29.048605,29.543686,27.285248,30.309597,28.84336,32.518154,32.191345,32.880627,30.409054,29.965948,28.706215,24.457539,26.212116,22.71139,27.760708,25.062365,30.32322,29.483715,31.233997,30.483599,26.626396,25.585402,21.767233,20.81429,18.738276,17.021774,17.336828,15.592497,17.91428,17.19548,20.388283,19.60739,15.579236,16.985321,16.37177,12.009987,13.670533,11.70393,13.427814,14.180679,17.792316,19.65374,22.28819,27.42992,28.40628,30.57083,34.037327,30.769506,29.581974,27.326908,23.251904,23.028326,17.64358,21.89091,17.081701,20.18715,21.373915,18.731968,17.118212,14.508876,12.144206,12.358117,10.300002,13.2883005
11,33.663944,31.218052,28.140314,26.823833,22.861359,20.002802,17.695,13.124414,11.042205,6.8242936,4.8704133,0.0,3.7007093,6.519817,4.3898406,7.18127,8.074752,11.956174,12.865893,18.30359,17.93062,23.200829,25.119343,29.910372,29.067383,32.581738,28.914183,29.452755,25.071747,27.082767,21.90918,25.20772,22.79364,23.633005,24.679165,22.821304,27.046844,26.594671,25.832304,26.060658,21.81416,24.018892,21.465607,22.355272,22.65672,22.602432,25.290438,24.99405,29.801174,28.807661,28.47617,28.980864,27.534996,30.83065,29.911419,33.83626,33.6454,34.93651,32.73858,32.843853,31.315163,27.256361,28.854488,24.587736,29.473543,26.254566,31.499521,30.051487,31.984358,30.645695,26.662462,25.209341,21.728859,19.74582,17.667582,17.130796,16.627317,15.915632,17.61526,17.56783,20.558737,20.342674,15.660006,17.656038,18.133413,14.571191,16.696684,14.070384,17.111195,16.8526,21.036995,22.751743,24.932447,30.509901,31.061958,33.147915,36.347866,33.736504,32.849094,30.61099,26.805868,25.891453,20.292679,23.863066,18.35327,20.659492,21.383295,17.984594,16.9528,12.757258,12.28732,10.956333,10.08635,11.914493
12,36.097866,33.34296,30.60326,28.729355,24.81689,22.323317,19.480116,15.58016,12.592277,9.234326,4.860318,3.7007093,0.0,4.003233,4.500446,7.7260385,10.746742,13.649997,15.672898,20.682724,20.899061,25.748186,27.33103,32.236183,30.90643,34.33833,30.260614,30.355703,25.903284,27.269924,22.059351,24.689325,21.479414,21.853918,22.58432,20.21711,24.2946,23.706106,23.334518,24.144888,20.291958,22.957874,20.884851,22.169363,23.130262,23.446594,26.558369,26.785074,31.325676,29.795076,29.341305,29.259232,27.60104,30.6019,28.91682,33.18119,32.31775,33.794373,31.718384,31.551226,29.450817,25.722748,27.896212,24.031599,29.333664,26.523342,31.961416,30.87956,33.214718,32.113968,28.047737,27.13769,23.244371,21.722202,19.191122,17.869902,16.939869,15.413982,16.582325,15.688486,18.377117,17.719725,12.923845,14.356168,15.207814,11.620189,14.260404,12.54943,15.691434,16.63126,20.583889,22.912254,25.449432,30.665703,31.898666,33.53168,37.431774,34.56084,33.267582,31.248955,26.954107,26.846334,21.159056,25.116787,19.769062,22.73658,23.882242,20.559021,19.036638,15.230425,13.392106,11.935877,9.700192,11.197152
13,37.018776,34.114876,31.384665,29.456078,25.28541,23.39689,19.898254,17.04283,13.855884,11.076553,7.327879,6.519817,4.003233,0.0,3.9378,7.282492,11.455282,13.545746,16.478226,20.917671,22.157694,26.27362,27.356266,32.099815,30.38303,33.269905,28.987932,28.617064,24.214325,25.308496,19.894842,22.601254,18.639677,19.865509,19.625801,17.860392,21.46088,20.530684,19.721842,20.474087,16.77051,19.23972,17.651094,18.806734,20.339235,20.793724,24.271011,24.951706,29.199326,27.136976,26.678017,26.102383,24.510664,27.349325,25.42239,29.94243,28.810074,30.657051,28.828749,28.907236,26.44136,22.999945,25.306215,21.27688,26.70804,24.01831,29.537912,28.541998,31.363377,30.283964,26.140976,25.759007,21.581818,20.331553,17.347729,15.603397,14.045545,12.214487,12.826602,11.796947,14.423366,13.975795,9.166123,11.280863,12.08058,9.409707,12.019711,10.024325,14.183068,14.983039,19.039553,21.744177,24.199087,29.304354,30.92178,31.925453,36.393528,33.843285,32.36072,30.679842,26.153065,26.335941,20.48044,24.251007,18.811148,22.106045,23.628225,20.179277,18.237772,14.666496,11.870052,9.906356,6.862787,7.697752
14,33.488766,30.777298,27.804081,26.256529,21.992104,19.903454,16.665333,13.500723,10.858832,7.669317,5.777587,4.3898406,4.500446,3.9378,0.0,4.373762,7.546591,10.174475,12.611931,17.284105,18.32033,22.600248,23.890266,28.607832,27.221916,30.27147,26.276379,26.344427,21.940838,23.676878,18.282486,21.683868,18.797508,20.412828,20.8315,19.623867,23.573841,23.019928,21.849516,21.796738,17.497648,19.63969,17.180918,18.191662,18.800926,19.04172,22.071304,22.361786,26.839775,25.3953,24.913704,25.05669,23.468622,26.648806,25.56103,29.602184,29.311567,30.768814,28.707567,29.020905,27.35662,23.40647,25.009586,20.57129,25.588566,22.47101,27.845154,26.547264,28.91743,27.695782,23.605896,22.74682,18.822395,17.31415,14.705693,13.483781,12.674587,11.599957,13.2957,13.345843,16.517153,16.530306,12.196952,14.830691,14.718243,11.749054,13.519659,10.276424,14.147372,13.543187,17.923872,19.982914,22.129745,27.644688,28.601303,30.098028,33.90277,31.538542,30.433788,28.52174,24.439423,23.846148,17.99302,21.498898,15.852888,18.732574,20.011654,16.55646,14.850289,11.158099,9.042029,7.4934993,5.745527,7.891365
15,29.82049,26.874668,24.19505,22.24805,18.01112,16.318872,12.634569,10.447852,7.360996,5.853277,5.8366785,7.18127,7.7260385,7.282492,4.373762,0.0,5.7496734,6.358994,10.026264,13.875751,15.603091,19.18703,20.203594,25.091436,23.381264,26.75777,22.556156,22.722893,18.272228,19.945942,14.845372,18.09014,16.26391,17.68107,19.02864,18.184347,22.535673,22.647419,21.509714,20.84076,16.157043,18.774654,15.303417,17.256193,16.98723,17.830153,20.457865,21.104681,25.20753,24.213516,23.24326,23.82936,21.559187,24.710085,23.8031,27.285551,27.513832,28.278105,25.894157,26.087029,25.20082,20.78645,21.917387,17.674511,22.493475,19.487404,24.768822,23.763622,25.759138,24.929417,20.987991,20.2781,16.197832,15.566473,13.242289,11.186404,11.788112,10.294945,13.287553,13.539502,17.162083,17.124342,13.815451,16.455725,14.844084,11.572198,12.162418,8.212857,11.143374,9.717413,14.055951,15.792012,17.974115,23.507257,24.373293,26.095238,29.782318,27.220686,26.137186,24.164267,20.16565,19.51133,13.687278,17.432154,12.102086,15.489277,17.122608,14.333444,12.144552,10.190524,6.4042726,7.288656,5.536245,9.403578
16,26.476582,24.174452,20.741453,20.03541,15.686526,13.179703,10.806881,7.1034913,6.8856897,4.207837,8.60503,8.074752,10.746742,11.455282,7.546591,5.7496734,0.0,5.0709405,5.1136646,10.363233,10.86487,15.432524,17.225252,21.883102,21.249538,24.76762,21.49637,22.598293,18.441402,21.393763,16.644064,20.961931,20.471485,22.41955,24.039837,23.694359,28.029348,28.154636,26.614592,25.368404,20.467497,22.096643,18.249454,19.178753,17.780956,17.758368,19.44594,18.959362,23.580894,23.643183,22.988192,24.635801,22.946554,26.530554,26.958147,29.838102,31.08675,31.643736,29.181625,29.814024,29.71135,25.060364,25.294325,20.567976,24.39651,20.713066,25.433102,23.687422,24.85373,23.50402,19.78323,17.868347,14.799307,13.07357,11.911145,11.903207,13.216513,13.538608,16.770077,18.136927,21.768736,22.25159,18.79307,21.768387,20.467752,17.309988,17.792515,13.506035,15.930698,12.884362,17.120148,17.548424,18.869207,24.89509,24.391975,26.96454,29.204716,27.20621,26.939234,24.582956,21.681377,19.415565,14.063084,16.715094,11.156792,12.740083,13.35097,10.297958,9.344978,6.579265,6.9616523,8.0084305,9.396257,12.517305
17,23.775751,20.954306,18.062536,16.55331,12.035966,10.741061,6.8910804,6.5216002,5.6652145,6.828804,10.64969,11.956174,13.649997,13.545746,10.174475,6.358994,5.0709405,0.0,5.4011865,7.6037607,10.397956,12.941994,13.852291,18.769995,17.266016,21.004248,17.180298,18.130331,13.891538,16.607996,12.284344,16.355822,16.970364,18.936747,21.126356,21.37617,25.746014,26.410923,24.861073,23.061779,18.067165,20.094637,15.487691,17.476812,15.381412,16.282597,17.670832,18.061228,21.859835,22.089556,20.784376,22.599754,20.077728,23.437162,23.863104,26.163969,27.803747,27.705893,25.010921,25.565058,26.181532,21.278679,20.995865,16.598322,20.131687,16.737658,21.346918,20.116838,21.07515,20.35282,16.80153,15.550426,12.023295,12.0135565,10.977393,9.453676,12.216337,11.897877,15.958624,17.313938,21.116621,21.54257,19.153847,22.105547,19.58723,16.663658,16.053173,11.542213,12.895726,8.715614,12.583549,12.561838,13.819173,19.830286,19.447744,21.984175,24.474936,22.302496,21.91411,19.661049,16.735897,14.517975,9.0149355,11.963468,6.7116313,9.616978,11.254813,9.468098,7.2268267,8.192274,5.2983046,8.937324,9.642764,13.477222
18,21.590532,19.598888,15.837148,15.867104,11.566009,8.864253,7.6783714,4.6948895,7.500529,7.3232527,12.780587,12.865893,15.672898,16.478226,12.611931,10.026264,5.1136646,5.4011865,0.0,5.8983293,5.9568477,10.488714,12.716633,17.291494,17.271585,21.199741,18.595514,20.503262,16.804394,20.435888,16.619835,21.122927,22.243988,24.234068,26.508715,26.657763,31.0806,31.614243,29.945896,28.088732,23.071346,24.449715,19.983618,20.979956,18.389706,18.356043,18.921175,18.03943,22.346596,23.525368,22.666811,25.25258,23.437109,27.065094,28.365381,30.362993,32.541805,32.443127,29.773298,30.550976,31.462633,26.542812,25.896713,21.324463,24.125923,20.328207,24.300745,22.404161,22.53335,21.25607,18.073305,15.4823065,13.391437,12.011485,12.271041,12.878109,15.443398,16.2927,20.049238,21.862583,25.598213,26.239529,23.311054,26.363768,24.455877,21.324272,21.150333,16.718279,18.119547,13.997866,17.54033,16.723473,17.28365,23.325048,21.713564,25.046026,26.013374,24.319244,24.707943,22.099648,20.276117,16.793531,12.402842,14.018991,9.366979,9.416526,9.313209,7.449718,7.4346814,7.419441,9.055232,11.440153,13.5061035,16.731762
19,17.01088,14.864254,11.14347,11.461294,6.8747773,6.2323933,5.183263,7.6292467,10.469705,12.360651,17.440258,18.30359,20.682724,20.917671,17.284105,13.875751,10.363233,7.6037607,5.8983293,0.0,5.806242,5.509364,6.8893685,11.653298,11.40519,15.693716,13.3826885,15.909649,12.866613,16.936245,14.488381,18.89175,21.725767,24.015785,26.663305,27.680359,31.900562,32.880432,31.007246,28.408579,23.481062,24.648045,19.650383,21.04389,17.363955,17.825792,17.326527,16.862371,20.073277,22.110538,20.723171,24.001516,21.737303,25.129368,27.155067,28.075054,31.184656,30.310328,27.499506,28.483425,30.512964,25.499182,23.828339,19.652798,21.17148,17.566631,20.583918,18.878618,17.991972,17.213194,14.76021,12.252605,10.948109,11.285365,12.595801,12.830614,16.592152,17.526926,21.704294,23.827156,27.566032,28.36825,26.396963,29.55298,26.748276,24.04157,22.96456,18.468037,18.90187,13.711845,16.128176,14.004651,13.477155,19.276274,16.670843,20.444645,20.441137,19.240294,20.196032,17.62505,16.947601,12.302932,9.343968,9.203046,6.5795174,5.116377,5.289158,6.6785245,6.452822,10.546125,10.988107,14.536968,16.602905,19.942081
20,16.507578,15.211415,11.075593,12.382664,9.145574,5.587902,8.118449,6.392822,10.864836,11.878891,17.480553,17.93062,20.899061,22.157694,18.32033,15.603091,10.86487,10.397956,5.9568477,5.806242,0.0,6.7057586,10.211302,14.314235,15.544628,20.16911,18.699291,21.548784,18.647116,22.548544,19.989017,24.047123,26.516937,27.989916,31.037754,31.202702,35.80043,36.720108,35.193054,33.085716,28.083826,29.459778,24.666885,25.794693,22.477287,22.431911,21.996735,20.669514,24.461618,26.730791,25.754175,29.075424,27.18376,30.70383,32.57293,33.782375,36.631924,35.86974,32.996395,33.68023,35.451817,30.368813,29.115097,25.061146,26.925732,23.316954,26.355755,24.484966,23.342796,22.287535,19.999462,16.804266,16.128506,15.180297,16.595516,17.553679,20.690928,21.680626,25.637072,27.514242,31.284126,31.872454,29.129448,32.035175,29.848614,26.49036,26.019896,21.853046,22.253775,18.051796,20.637522,18.748226,18.677967,24.189724,21.360542,25.684965,24.893845,23.30742,24.488348,21.531849,21.109982,16.59033,14.088325,14.59141,12.1326685,10.450144,9.045171,9.650456,10.849267,12.412592,14.547178,17.248625,19.371944,22.655857
21,11.762008,10.34095,5.9274907,8.411148,5.5330873,5.925142,8.231298,11.128514,14.655479,16.93853,22.202312,23.200829,25.748186,26.27362,22.600248,19.18703,15.432524,12.941994,10.488714,5.509364,6.7057586,0.0,3.8793414,7.8142605,9.246875,14.192095,13.480029,16.954773,15.141657,19.232563,18.22872,22.018461,25.973856,27.888477,31.050772,32.173306,36.424313,37.701263,35.900513,33.066605,28.261381,29.319454,24.21208,25.60066,21.425972,21.826084,20.415663,19.599615,22.062641,25.087479,23.627087,27.500828,25.268755,28.43311,31.016918,31.114298,34.86157,33.38266,30.476313,31.430796,34.263905,29.242678,26.981115,23.410646,23.864466,20.614267,22.443413,20.828344,18.569517,18.111588,16.843142,13.983174,14.301519,14.974111,17.109562,17.701906,21.652214,22.72845,26.936453,29.1255,32.840454,33.636803,31.84303,34.919044,31.909956,29.108505,27.81196,23.558207,23.290857,18.219685,19.694256,16.687168,15.410178,20.24545,16.27847,20.93755,18.844765,18.08068,19.994839,17.241114,18.26203,12.668978,12.268239,10.6195545,10.924157,8.055319,6.804426,10.327491,11.139175,15.410706,16.444012,19.951036,22.104727,25.421223
22,11.937138,10.004145,6.720628,8.29511,5.584526,8.361349,9.00459,13.539747,16.276438,18.972048,23.858627,25.119343,27.33103,27.356266,23.890266,20.203594,17.225252,13.852291,12.716633,6.8893685,10.211302,3.8793414,0.0,5.314935,5.3993983,10.636084,9.827429,13.477309,12.273416,16.328108,16.196915,19.773893,24.362139,26.636202,29.652132,31.362293,35.298676,36.71223,34.75042,31.554996,26.957829,27.850094,22.687021,24.286695,19.819187,20.615492,18.893396,18.706968,20.306671,23.406462,21.598646,25.543365,23.031103,25.91178,28.737299,28.284061,32.407463,30.604996,27.734674,28.87192,32.167988,27.280281,24.521288,21.238327,20.94839,17.990349,19.208096,17.880816,15.220703,15.2877865,14.49906,12.345513,12.807804,14.640659,16.792135,16.888765,21.13083,22.1143,26.343689,28.621754,32.227524,33.12516,31.929947,35.06448,31.634537,29.268446,27.539219,23.307585,22.80057,17.368374,18.226404,14.797783,12.813375,17.256502,12.888944,17.432999,15.1147995,14.917238,17.03229,14.611456,16.146057,10.237653,10.883158,7.84992,9.929862,7.1568584,6.989128,11.166584,11.262343,16.600002,16.678984,20.490387,22.487394,25.741184
23,11.223122,10.8160305,8.006106,11.457029,10.43715,13.184067,14.31799,18.584368,21.533926,23.97741,28.97428,29.910372,32.236183,32.099815,28.607832,25.091436,21.883102,18.769995,17.291494,11.653298,14.314235,7.8142605,5.314935,0.0,4.9816856,7.9923754,10.110448,14.160682,14.545611,18.677612,19.4659,23.072697,28.04804,30.854568,33.528137,35.79821,39.40047,40.7789,38.491215,34.891163,30.521545,30.737059,25.804638,26.82887,22.000032,22.468346,19.815348,19.316395,19.876833,23.857742,22.163708,26.627707,24.586176,27.21959,30.951424,29.71443,34.561993,32.573696,29.941418,31.513693,35.305176,30.68758,27.338879,24.195562,22.69046,19.90858,19.713917,18.12499,14.282383,14.335347,14.967755,12.732954,14.8812685,16.746574,19.53166,20.284378,24.40679,25.906229,29.920145,32.57828,36.03268,37.215942,36.2874,39.62189,36.142662,34.119854,32.264904,27.927727,27.55542,21.872572,22.422338,18.75843,16.04875,19.467318,14.213646,18.420685,14.157969,15.869554,18.786343,16.91239,19.60585,13.646345,15.446677,11.290987,14.155479,10.483639,9.589442,14.098671,14.8136215,20.181694,20.932,24.45218,26.861074,29.764973
24,13.495682,11.485715,10.06724,10.782042,9.3368225,13.205262,12.779917,18.216396,20.207806,23.180807,27.5901,29.067383,30.90643,30.38303,27.221916,23.381264,21.249538,17.266016,17.271585,11.40519,15.544628,9.246875,5.3993983,4.9816856,0.0,6.1325226,5.9027176,9.844746,10.403377,13.994517,15.554703,18.506645,23.941216,26.662624,29.386766,31.91075,35.310326,36.897747,34.72628,31.0442,26.894003,27.444527,22.413069,24.168863,19.430113,20.690098,18.463694,19.096395,19.211288,22.450563,20.216253,24.217308,21.4364,23.731245,27.002186,25.549849,30.308828,27.973532,25.24106,26.684458,30.72277,26.184547,22.650822,20.012918,18.299612,16.040358,15.82336,15.059069,11.465297,12.606906,13.032958,12.228307,13.1458235,16.279202,18.386408,17.962128,22.308025,23.196598,27.26747,29.637857,32.99597,34.03592,33.655643,36.81881,32.916462,31.174097,28.933983,24.878387,24.067856,18.467878,18.343752,14.510966,11.464988,14.548823,9.396401,13.503241,10.175513,11.586868,14.188717,12.614632,15.19626,9.481097,11.954452,7.253144,11.706209,9.554614,10.332687,14.480956,13.983205,19.951675,19.132233,23.04349,24.834265,27.866137
25,18.120794,16.937769,15.398501,16.876093,15.264629,18.824736,17.92255,23.072758,24.906334,27.363083,31.609697,32.581738,34.33833,33.269905,30.27147,26.75777,24.76762,21.004248,21.199741,15.693716,20.16911,14.192095,10.636084,7.9923754,6.1325226,0.0,5.5428076,8.618417,11.164718,14.766268,16.80932,20.219803,25.337217,29.308521,30.921059,34.38595,37.07074,38.351826,35.56608,31.355408,27.65326,27.07011,22.644148,23.46892,18.535591,19.479511,16.369623,17.227165,15.724117,19.465628,17.280037,21.615292,19.50964,21.419794,25.868956,23.624792,29.168695,27.043833,24.882124,27.19924,31.367603,27.410233,23.336084,20.487844,17.340252,15.179065,13.180712,11.892297,7.120785,8.411029,10.685115,10.797438,13.078377,16.45937,18.838493,18.976746,22.889103,24.413122,27.959295,30.845713,33.846397,35.361534,35.4781,38.95447,35.094467,34.128693,31.797157,27.538155,27.395012,21.432058,21.362736,17.90569,14.3683,16.654486,11.955138,13.871455,10.368889,14.479171,16.99575,16.528759,19.023499,14.155982,16.141773,10.98867,14.701195,12.102272,12.801478,16.46681,16.115885,21.991764,21.497974,24.874146,27.067282,29.42822
26,19.34395,16.966196,15.671088,15.36744,12.973603,16.710608,14.516819,20.112906,21.090343,23.829126,27.503448,28.914183,30.260614,28.987932,26.276379,22.556156,21.49637,17.180298,18.595514,13.3826885,18.699291,13.480029,9.827429,10.110448,5.9027176,5.5428076,0.0,4.053071,5.8310747,9.413147,11.52507,14.721963,19.939047,23.768595,25.494104,28.883324,31.616344,33.020756,30.455786,26.393076,22.633495,22.687439,17.956642,19.710987,15.015047,16.825138,14.750456,16.600904,15.797148,18.24024,15.57301,19.171717,16.069965,18.028822,21.532179,19.76991,24.791769,22.598839,20.136717,22.179916,26.167828,22.016157,18.113443,15.297797,12.7589245,10.643887,9.921941,9.521178,6.5125217,8.601625,8.999945,10.2753,10.323426,14.6328945,16.096975,14.949544,19.08636,19.883966,23.597113,26.092178,29.129013,30.402514,30.732075,34.00225,29.907112,28.994009,26.486633,22.44333,22.052458,16.217875,15.890248,12.565332,9.018962,11.995402,8.320256,9.943284,9.563105,11.842575,13.33398,12.878854,14.211922,9.954205,11.327782,6.3340487,10.570377,9.788622,11.85391,14.869659,13.398607,19.461569,17.52897,21.240469,22.77626,25.361448
27,23.107538,20.421776,19.424006,18.401281,15.846728,19.493576,16.47024,22.03607,22.248713,24.927301,27.924078,29.452755,30.355703,28.617064,26.344427,22.722893,22.598293,18.130331,20.503262,15.909649,21.548784,16.954773,13.477309,14.160682,9.844746,8.618417,4.053071,0.0,4.4738398,6.52984,9.550959,12.216711,17.300755,21.674868,22.761852,26.721579,28.925854,30.302734,27.596125,23.316858,20.001219,19.911438,15.491276,17.577076,13.252244,15.709044,14.139839,16.976171,15.588862,17.00968,13.977968,16.820406,13.172389,14.5847435,17.91396,15.803209,20.940157,18.657583,16.348116,18.73518,22.772469,18.986984,14.797994,12.258941,8.880361,7.4810176,6.1978765,7.095504,5.779514,8.704343,8.831496,11.698829,10.726497,15.517226,16.228106,14.242054,18.029875,18.428139,21.793234,24.143135,26.876085,28.190393,29.15046,32.335846,28.033934,27.717226,24.96863,21.210367,20.874704,15.311361,14.538055,11.815353,8.357163,10.5099125,8.736107,7.9068055,10.3965645,12.536592,13.021553,13.396413,13.787425,11.146533,11.949152,7.9528923,11.524515,12.082457,14.673879,16.863373,14.779449,20.515293,17.604486,21.121082,22.18582,24.481232
28,23.018612,19.998642,18.543724,17.037504,13.677218,16.754421,13.033688,18.281525,18.104185,20.674746,23.484186,25.071747,25.903284,24.214325,21.940838,18.272228,18.441402,13.891538,16.804394,12.866613,18.647116,15.141657,12.273416,14.545611,10.403377,11.164718,5.8310747,4.4738398,0.0,5.15851,5.6999307,9.750209,14.229181,18.571468,19.8421,23.315233,25.97439,27.247606,24.691679,20.76204,16.866732,17.38784,12.42258,15.025032,10.883151,13.575444,12.976185,15.747579,15.756657,16.535828,13.670509,16.130495,12.207829,14.387264,16.75524,16.072422,20.223122,18.530197,15.926879,17.893972,21.093025,16.760921,13.361102,9.742389,8.738166,6.0432577,8.293151,8.491527,8.911842,10.382603,8.561672,10.848728,8.235649,12.956614,13.069633,10.401303,14.467162,14.528091,18.253971,20.45215,23.469301,24.630589,25.172958,28.353014,24.16803,23.540194,20.964449,16.974339,16.886139,11.028167,10.977171,8.639123,5.884729,10.423036,9.664261,9.850789,13.345715,13.636807,13.488522,13.112965,12.000634,9.527986,8.277705,5.4510956,7.5027323,9.433614,12.558512,14.009915,11.364208,16.877417,13.342597,17.061045,17.896542,20.455515
29,25.943224,22.449335,21.958715,19.287243,16.571331,19.851286,15.747201,21.144764,20.029837,23.001657,24.846306,27.082767,27.269924,25.308496,23.676878,19.945942,21.393763,16.607996,20.435888,16.936245,22.548544,19.232563,16.328108,18.677612,13.994517,14.766268,9.413147,6.52984,5.15851,0.0,5.7286396,5.733051,11.484648,15.294551,16.7105,20.56524,22.779293,24.521275,22.365772,18.452888,15.306927,16.702711,12.122376,16.07339,13.067293,16.518179,16.659174,20.063175,19.588306,19.452936,16.345285,17.556974,12.781009,13.735509,14.523605,13.376731,17.03167,14.406842,11.435931,12.9847,16.861032,12.721222,8.746977,7.2077694,5.829109,6.295935,8.270694,10.692315,11.853814,14.231041,12.835812,15.806593,12.8521595,17.497215,16.886045,13.097425,16.572802,15.385819,18.731384,20.073248,22.714664,23.46675,24.923405,27.57166,22.818775,22.648308,19.515898,16.56258,15.4478655,10.922829,8.959105,7.2529874,5.1862097,7.03486,9.180714,7.128441,13.443456,12.745427,11.2616005,11.894522,9.821214,10.098519,9.681506,8.65792,11.235631,14.268636,17.482656,18.723724,15.748263,20.735176,15.973128,19.612726,19.335835,21.873892
30,27.119621,23.743652,22.243406,19.943356,16.17352,18.329298,13.648415,17.857979,16.353968,18.548086,20.122059,21.90918,22.059351,19.894842,18.282486,14.845372,16.644064,12.284344,16.619835,14.488381,19.989017,18.22872,16.196915,19.4659,15.554703,16.80932,11.52507,9.550959,5.6999307,5.7286396,0.0,6.460973,8.845018,13.88158,14.488106,17.956642,20.574184,21.669966,19.188704,15.560109,11.395756,12.87262,7.6349406,11.689855,9.101995,12.519923,13.775691,16.9997,17.84115,16.97835,14.312639,15.145965,10.712614,12.898802,13.262861,14.297335,16.841637,15.950558,13.321972,14.92088,16.763996,12.226828,10.056193,5.2091174,7.913483,5.5447464,10.560842,11.190844,13.622011,14.511643,11.581447,13.9809265,9.763932,13.668517,12.206308,7.753233,11.113125,9.792564,13.468179,15.083686,18.094547,19.035397,19.825968,22.84155,18.538038,18.265001,15.624374,11.7786875,12.184608,6.7015057,7.318634,7.416279,7.2167635,11.780817,13.437656,12.747657,18.122074,17.117842,15.772515,15.445693,12.169947,11.951728,8.37339,9.030314,7.965362,11.983721,15.321086,15.241352,11.876802,15.902553,10.616998,14.004818,13.689782,16.173107
31,29.088749,25.187727,24.92383,21.296858,18.548613,21.132908,16.486149,21.106997,18.809078,21.796747,22.389523,25.20772,24.689325,22.601254,21.683868,18.09014,20.961931,16.355822,21.122927,18.89175,24.047123,22.018461,19.773893,23.072697,18.506645,20.219803,14.721963,12.216711,9.750209,5.733051,6.460973,0.0,6.9723125,9.594332,11.611637,15.05941,17.46227,19.591751,18.189053,15.0188265,12.109776,15.266245,11.045251,16.292627,14.816118,18.522535,19.873901,23.344765,23.632662,22.550747,19.662535,19.718014,14.738567,15.406353,13.632987,14.032089,15.469004,13.035577,9.690539,9.634631,12.549665,7.755368,5.274326,5.6429324,8.282971,9.527788,12.965521,15.390548,17.38718,19.362577,17.231934,19.940794,16.067291,20.079428,18.548264,13.796472,16.522234,13.872289,16.934195,17.052359,19.543358,19.597858,21.407743,23.403952,18.2958,18.199137,14.737542,12.915711,10.885775,8.419784,5.125516,6.240163,7.378121,8.550754,12.836467,11.012389,18.010723,15.635766,12.974763,13.454848,9.134942,12.073384,10.285888,11.990165,13.002894,17.315323,20.643393,21.078667,17.7215,21.618685,15.688731,19.077158,17.492876,20.146963
32,34.566704,30.761362,29.819664,26.471521,23.058832,24.628536,19.622639,22.622892,19.488419,21.28395,20.412968,22.79364,21.479414,18.639677,18.797508,16.26391,20.471485,16.970364,22.243988,21.725767,26.516937,25.973856,24.362139,28.04804,23.941216,25.337217,19.939047,17.300755,14.229181,11.484648,8.845018,6.9723125,0.0,7.4107337,5.656596,10.062531,11.805302,13.139582,11.354629,8.619956,5.7347794,10.355591,7.6650443,13.209884,13.983086,17.502834,20.2196,23.7875,24.6976,22.238918,19.894005,18.451128,14.036506,14.6546755,10.693278,13.793752,12.659881,12.59885,10.369639,10.405211,9.303216,4.9842863,6.9584284,5.583747,11.170313,11.7447195,16.360321,18.05874,21.454323,22.53534,19.58743,22.290623,17.744675,20.724857,18.111914,13.065138,13.906297,10.159521,11.872255,10.922798,12.921662,12.787427,15.300683,17.135174,12.068502,13.307158,10.0441,8.967443,8.931099,8.679076,8.058753,11.522426,13.444546,15.509677,19.610487,17.64272,24.688076,22.551405,19.88214,20.1355,15.260971,18.064352,14.4574995,17.025284,15.563035,20.229052,23.485355,22.558796,19.054617,21.163752,14.749508,16.755705,14.128177,15.848083
33,35.17153,30.990135,30.902023,26.439325,23.852066,25.149977,20.46223,23.144491,19.322802,21.819948,20.030832,23.633005,21.853918,19.865509,20.412828,17.68107,22.41955,18.936747,24.234068,24.015785,27.989916,27.888477,26.636202,30.854568,26.662624,29.308521,23.768595,21.674868,18.571468,15.294551,13.88158,9.594332,7.4107337,0.0,6.634868,6.4389677,10.036549,13.090803,14.077953,13.643867,11.936707,17.318039,14.78469,20.280735,20.80508,24.202215,26.76856,29.966702,31.261875,29.28655,26.874674,25.803492,21.283997,21.78679,17.442177,19.888405,18.060421,16.810461,14.203506,11.680098,10.658947,6.864928,10.27221,12.050012,16.780718,17.894634,22.07153,24.19706,26.720669,28.23185,25.44006,27.616568,23.110819,25.981886,23.553951,18.509975,19.751085,15.585187,17.507185,15.244695,17.085629,15.483793,17.504679,17.736172,12.403406,12.17132,8.463637,10.508691,6.7660956,10.77686,8.448366,12.262346,15.3906355,16.207666,21.009315,19.843224,26.687151,22.927673,19.650293,19.66783,14.168606,18.670055,15.787569,19.62148,18.918182,23.919144,27.055346,26.48751,23.065218,25.039968,18.480045,20.867401,17.416075,19.891483
34,39.453358,35.490097,34.791847,31.031898,27.830978,29.088566,24.119085,26.460814,22.742317,24.235466,22.093819,24.679165,22.58432,19.625801,20.8315,19.02864,24.039837,21.126356,26.508715,26.663305,31.037754,31.050772,29.652132,33.528137,29.386766,30.921059,25.494104,22.761852,19.8421,16.7105,14.488106,11.611637,5.656596,6.634868,0.0,6.0160832,6.1928973,8.016254,7.7615795,7.3289924,7.3753376,12.541796,11.976556,16.886269,18.796463,22.0821,25.212162,28.768162,29.767353,26.786442,24.668783,22.451399,18.445425,18.424671,12.927932,16.62471,13.262854,13.830526,12.387553,11.099764,7.0492463,5.3954597,10.03601,10.893183,15.923104,17.126873,21.408669,23.336475,26.923647,28.04027,25.083338,27.790281,23.168392,25.772074,22.848532,17.91983,17.850801,13.689529,14.017352,11.400104,12.092707,10.78082,14.425642,14.889307,9.731111,12.177938,9.093265,10.844823,10.437132,13.054992,12.209163,16.106192,18.49788,19.67925,24.407276,22.179707,29.554144,26.943016,23.848011,24.26755,19.05878,22.787323,19.29962,22.37951,20.799673,25.601322,28.79545,27.573256,24.09604,25.409246,18.95242,20.238768,16.774158,17.898914
