,0,1,2,3,4,5,6,7,8,9,10,11,12,13,14,15,16,17,18,19,20,21,22,23,24,25,26,27,28,29,30,31,32,33,34,35,36,37,38,39,40,41,42,43,44,45,46,47,48,49,50,51,52,53,54,55,56,57,58,59,60,61,62,63,64,65,66,67,68,69,70,71,72,73,74,75,76,77,78,79,80,81,82,83,84,85,86,87,88,89,90,91,92,93,94,95,96,97,98,99,100,101,102,103,104,105,106,107,108,109,110,111,112,113,114
0,0.0,4.255362,5.75421,8.369112,11.699785,13.151003,16.947807,19.89836,23.020779,26.27659,31.010963,32.956715,35.29063,36.32547,32.77212,29.087816,25.866877,23.151552,21.122688,16.66375,16.014683,11.727379,13.7949915,14.324262,17.681852,18.137957,20.611158,24.363405,23.130463,27.1199,26.218554,30.255165,34.073708,35.60225,38.852203,39.430206,43.99025,45.299477,42.325417,40.464584,35.582905,36.067734,31.398691,31.678886,27.693659,26.734547,24.937016,22.377422,25.610977,29.059849,28.458935,32.506237,31.232164,34.477818,35.425453,37.75158,41.805054,40.74167,37.876625,39.36661,42.064945,37.108547,34.745026,32.383984,31.04131,27.680822,29.256536,27.317078,24.353321,23.338724,22.919588,19.321915,20.69906,20.534925,23.165073,24.748865,28.386066,29.965006,34.03512,36.460953,40.23457,41.279858,39.619705,42.31689,39.428318,34.988373,34.157883,30.457148,30.184637,25.766817,26.129488,22.53649,23.593618,19.256561,17.743841,22.545078,23.666283,26.968472,27.91338,31.664831,30.176725,26.880487,26.424759,21.790575,23.836462,18.508982,20.99455,21.67688,19.417513,17.942171,22.68998,18.408438,21.234634,23.11697,22.452372
1,4.255362,0.0,5.100029,4.854658,8.791887,11.278117,14.30325,18.077917,20.58291,24.282959,28.637396,31.029333,33.03773,33.88398,30.527983,26.588442,24.046797,20.755102,19.625034,14.90251,15.321321,10.581959,12.0375185,13.549992,15.675955,16.765554,18.23727,21.796669,20.263128,23.867802,23.123838,26.675377,30.67901,31.746292,35.336594,35.74855,40.374573,41.896584,39.162827,37.46507,32.574707,33.583054,28.723877,29.636307,25.75174,25.318491,23.891775,21.991457,25.211695,28.253405,27.281841,31.041048,29.204344,32.347424,32.96886,35.145355,38.9815,37.685825,34.668423,35.852512,38.55879,33.532494,31.293882,29.250814,28.192636,25.097881,26.970877,25.486694,22.749178,22.205917,21.467285,18.432095,18.98496,19.495045,21.68877,22.452593,26.311302,27.365356,31.59946,33.708633,37.5157,38.331818,36.853443,39.31533,36.178295,31.795338,30.695133,27.194178,26.442123,22.360113,22.403706,18.961979,19.989614,15.736839,13.88002,18.610464,20.081217,23.184933,24.51843,28.083647,26.802635,23.74199,22.957253,18.287268,19.903166,14.5368185,16.758516,17.435165,15.289294,13.851153,18.953741,15.068915,18.32998,20.419407,20.467112
2,5.75421,5.100029,0.0,5.935962,6.9658237,8.670819,11.884837,15.351062,18.51205,21.622404,26.49549,28.230598,30.56426,31.286552,27.688412,24.000763,20.725504,17.857168,16.010612,11.102565,11.461864,6.1120954,8.098729,9.481925,12.235645,13.949359,15.841797,19.50785,17.934774,22.241322,20.884518,25.432045,28.928219,31.14917,33.8542,34.872787,39.190933,40.303276,37.096306,35.018696,30.175371,30.419605,25.790009,25.96796,21.939648,21.050602,19.360006,17.099697,20.466957,23.600601,22.899921,26.823717,25.523386,28.836105,29.735085,32.29178,36.26782,35.46798,32.727554,34.49763,37.004246,32.150764,29.766556,27.02706,25.774612,22.185596,24.058428,21.95576,19.49425,18.29356,17.41743,13.875026,14.953677,14.998652,17.598024,19.140442,22.845037,24.560444,28.594131,31.20917,34.91764,36.13141,34.7325,37.637844,34.637215,30.421667,29.599775,25.54071,25.729445,20.77008,21.50231,17.89398,19.412096,15.634054,13.729966,18.446106,19.092758,22.963978,23.46538,27.6594,26.579252,23.308771,23.306835,18.137135,20.7766,15.08663,18.315718,19.742756,18.00798,15.8444605,20.783295,15.664068,19.055138,20.06721,19.999157
3,8.369112,4.854658,5.935962,0.0,4.759289,7.403048,9.979634,13.861608,15.935999,19.853703,23.95706,26.592703,28.425009,29.296879,26.05698,22.053776,19.925314,16.480984,15.855883,11.557988,12.366,8.535015,10.051061,13.351208,13.801828,16.774311,16.881044,20.056929,17.644684,21.1226,19.609621,23.22197,26.621037,27.59297,31.084751,31.243286,35.957584,37.391026,34.722313,33.291237,28.37066,29.641489,24.86891,25.99788,22.545048,22.332853,21.63463,20.19696,23.879082,26.125227,25.093157,28.320753,26.283848,29.545275,29.558014,32.28468,35.569042,34.56218,31.519962,32.59251,34.783943,29.71585,27.928717,25.614176,25.42655,22.238306,24.958855,23.583961,21.737144,21.17876,19.597218,16.881119,16.27748,16.76403,18.341105,18.588207,22.344202,23.054722,27.31148,29.190096,33.032856,33.728325,32.124336,34.511112,31.458534,26.9961,25.999651,22.59668,22.035282,18.12979,18.636,15.817512,17.552963,14.145072,10.770674,14.646517,15.617238,18.634403,19.769938,23.35183,22.020063,18.92885,18.295761,13.508779,15.565685,10.256605,13.457876,14.861788,12.441007,10.213934,14.996388,10.447824,13.986359,15.780789,16.28528
4,11.699785,8.791887,6.9658237,4.759289,0.0,4.472503,5.5489087,10.339353,12.422191,16.142687,20.448195,22.792086,24.668621,25.231056,21.899277,17.890999,15.6638975,12.007085,11.699105,7.043142,9.310565,5.48218,6.4097652,10.962104,10.067883,14.585569,13.87539,16.769335,13.850325,17.687124,15.440119,19.777714,22.682674,24.551207,27.342968,28.01314,32.4638,33.628677,30.643486,28.96187,24.045258,24.998842,20.280945,21.245813,17.819796,17.681902,17.262236,16.247133,20.016996,21.775743,20.696198,23.690058,21.678587,25.040262,24.952152,28.039774,31.212048,30.565891,27.683962,29.109844,31.038124,26.07936,24.298334,21.443344,21.46185,17.970554,21.120117,19.558931,18.427694,17.6621,15.50296,13.056976,11.751668,12.433121,13.754919,13.865909,17.695232,18.581078,22.817665,24.952673,28.747713,29.668648,28.295116,30.96924,27.842312,23.595829,22.67711,18.7814,18.91978,14.247003,15.397066,12.679565,15.101589,12.629706,8.69144,12.126423,12.250854,16.079824,16.522768,20.715416,19.83592,16.747894,16.802172,11.392441,14.376887,8.826606,13.050759,15.317647,13.694228,10.81629,15.293358,9.822324,13.756773,14.260213,15.363016
5,13.151003,11.278117,8.670819,7.403048,4.472503,0.0,5.0705237,6.8503685,10.029114,13.166311,17.961935,19.877542,22.151016,23.243763,19.693913,16.119453,13.02219,10.567019,8.694962,5.9075856,5.4667087,5.565753,8.21374,12.923161,12.237859,17.503933,16.941336,19.617388,16.321754,20.352577,16.987206,21.929213,23.575937,25.862568,27.97708,28.403978,32.851456,33.54285,30.336866,28.87424,23.99645,24.423344,20.294394,20.351854,17.530851,16.65975,16.79768,15.22718,19.86426,21.091484,20.614561,23.27558,22.002584,25.68355,25.227499,29.32183,32.007042,32.114017,29.468573,31.120558,32.312187,27.50313,26.222027,22.607916,23.382742,19.46005,23.142195,21.049013,20.655554,19.183577,16.470335,13.46886,11.961413,10.884876,12.003587,13.126824,16.181515,17.571747,21.476599,23.789883,27.575293,28.67732,26.670557,29.599243,27.15396,22.666832,22.49212,18.582277,19.886635,15.273494,17.57987,15.660264,18.616627,16.772247,12.473575,14.578396,13.341955,16.939976,16.310259,20.61123,19.133234,15.5776415,16.497362,11.562496,15.690075,11.207299,16.162634,18.699623,16.490442,13.315745,16.281424,9.848934,12.689709,12.316382,12.463861
6,16.947807,14.30325,11.884837,9.979634,5.5489087,5.0705237,0.0,6.188865,7.499735,11.044184,15.268145,17.508747,19.295116,19.70955,16.374083,12.35891,10.4302635,6.5099688,7.3108253,4.483849,7.9592032,7.565786,7.7940574,13.031141,10.113204,16.39836,14.314158,16.239964,12.352943,15.974465,12.143064,17.076355,18.514265,21.08789,23.004988,23.777287,28.054817,28.822128,25.614037,24.048895,19.136599,19.97475,15.57986,16.4276,13.772165,13.823281,14.635484,14.446271,18.534044,18.962881,17.96371,20.033497,18.056013,21.58355,20.716616,24.783014,27.191635,27.250895,24.581009,26.176603,27.243242,22.454782,21.280165,17.621655,18.884424,15.150388,19.396818,17.793383,18.202843,17.2228,13.98673,12.325481,9.232071,9.607921,9.565728,8.92556,12.458666,13.1861725,17.369951,19.524332,23.321302,24.346601,22.906769,25.792534,22.842491,18.67888,18.120987,13.914443,15.250305,10.256997,12.872134,11.499641,14.90666,14.271567,9.654336,10.570943,8.735652,12.928308,12.124172,16.812346,16.194914,13.155014,14.197663,8.831672,12.993137,8.789767,13.787456,16.803947,15.570274,12.31147,15.183636,9.342972,12.784707,11.612102,13.428095
7,19.89836,18.077917,15.351062,13.861608,10.339353,6.8503685,6.188865,0.0,4.48551,6.3936944,11.517357,13.066176,15.499758,16.928493,13.324226,10.302516,6.9852138,6.3853745,4.2498593,7.2036147,6.222718,10.720628,12.383445,17.263538,15.017856,21.483297,19.773203,21.453348,17.449854,20.946022,16.10538,21.228144,20.761263,23.599386,24.520994,24.73195,28.923346,28.963518,25.573116,24.541,19.910448,20.014978,16.894209,16.326365,15.094748,14.100116,15.940363,15.15288,20.120804,19.60728,19.515747,20.816673,19.976442,23.75416,22.233438,27.628546,29.133865,30.258656,27.978275,29.725485,29.659626,25.251715,24.931644,20.491919,22.852076,18.870214,23.56154,21.436722,22.679777,20.96573,17.293827,15.160718,12.15223,9.994716,9.065204,9.927751,11.394233,12.737693,16.049528,18.272497,21.956205,23.173111,20.615908,23.81754,22.107851,17.648151,18.401186,14.601081,17.614216,13.528926,17.316393,17.037699,20.682478,20.442352,15.676196,15.37152,12.207284,15.246921,12.865954,17.225454,15.640053,12.091284,14.503054,10.710297,15.788375,13.357212,18.629278,21.708273,19.7272,16.36054,17.26202,11.0234,12.397871,9.682626,10.097324
8,23.020779,20.58291,18.51205,15.935999,12.422191,10.029114,7.499735,4.48551,0.0,4.595022,8.072844,10.933442,12.500944,13.792629,10.704819,7.221614,6.741718,5.5074997,7.0708036,10.00563,10.638248,14.0931225,14.916722,20.009712,16.685461,23.389784,20.672256,21.70707,17.331694,19.876291,14.768246,18.99699,17.708694,19.913593,20.895895,20.550362,24.892271,25.014215,21.969038,21.513893,16.948097,17.999676,15.056842,15.508974,15.201892,15.159934,17.757456,17.984505,22.461542,21.239958,20.77136,21.23999,19.747025,23.226673,20.85585,26.368015,27.076824,28.222363,25.885185,27.16952,26.546787,22.190825,22.575674,18.344856,21.813808,18.378922,23.57356,22.112186,23.913893,22.73317,18.843336,17.70831,13.813773,12.745836,10.74917,9.50177,10.490898,10.253661,13.608643,14.962422,18.748348,19.515038,16.874939,19.743633,17.923693,13.283192,14.105173,10.76592,13.956374,11.012607,15.115238,16.069883,19.850288,20.515562,15.439932,13.458837,9.588147,11.691328,8.742408,12.8954525,11.438445,8.195601,11.052806,8.144886,13.123987,12.262557,17.203634,20.434095,18.751793,15.516757,15.286624,10.090443,11.039944,7.496769,9.614873
9,26.27659,24.282959,21.622404,19.853703,16.142687,13.166311,11.044184,6.3936944,4.595022,0.0,5.607021,6.7546744,9.138792,10.898008,7.4451194,5.6719832,4.2460084,6.789752,7.0764995,12.093638,11.851538,16.597439,17.509737,22.225677,18.981092,25.8013,23.200619,23.946333,19.682507,22.262209,16.679565,21.2393,18.666922,21.792774,21.417086,21.36608,25.09709,24.462032,21.022314,20.605337,16.53185,16.507057,14.832144,13.961369,14.816345,14.205276,17.47318,17.75171,22.265785,20.19999,20.277431,20.013496,19.403877,22.893835,20.230219,26.553087,26.701925,28.727766,26.865746,28.52923,27.191233,23.39909,24.117535,19.28091,23.116875,19.555387,24.812578,22.99675,25.496143,23.886904,19.786938,18.761208,14.941306,12.913507,10.256172,9.876071,8.871448,9.381419,11.464225,13.202013,16.63716,17.869324,14.751266,18.20085,17.33699,13.214708,15.029876,11.837267,16.386703,13.580513,18.130445,19.338926,23.177814,24.203228,19.45721,17.37214,13.147745,15.044435,11.171312,14.931377,13.646358,10.945841,14.464879,12.5172825,17.30387,16.771517,21.618752,24.894955,23.330109,20.108921,19.538946,14.530734,14.790305,10.706343,11.797728
10,31.010963,28.637396,26.49549,23.95706,20.448195,17.961935,15.268145,11.517357,8.072844,5.607021,0.0,4.8412747,4.7987247,7.206684,5.657442,5.677767,8.665095,10.557777,12.517158,17.080841,17.360722,21.705698,22.242111,27.05733,23.183168,30.033487,26.712996,26.85301,22.455803,23.95819,18.409824,21.613674,17.629887,19.820196,18.965006,17.90698,21.484247,20.55827,17.703611,18.486877,15.125419,16.083977,15.481518,15.50983,17.672152,17.86591,21.638748,22.624447,26.662966,23.93721,23.798552,22.554844,21.54663,24.498795,20.84056,27.270195,26.134268,28.451506,26.746296,27.821959,25.426487,22.122786,23.950787,19.518414,24.578465,21.787981,27.304205,26.135004,29.1481,27.97015,23.800732,23.517618,19.265682,17.952576,14.858214,13.084586,11.213782,9.706268,10.478301,10.325519,13.420693,13.91855,9.933771,12.969904,12.966437,8.950951,11.811552,10.354977,15.185148,14.524775,18.970686,21.431028,25.181543,27.008123,22.185442,18.706656,14.2731085,14.446907,10.082074,12.2056675,11.104031,9.797966,13.593425,13.709215,17.575815,18.854078,23.021137,26.2391,24.909351,22.009892,20.07653,16.622408,16.026432,11.690691,13.575884
11,32.956715,31.029333,28.230598,26.592703,22.792086,19.877542,17.508747,13.066176,10.933442,6.7546744,4.8412747,0.0,3.65842,6.3553467,4.3554044,7.2143564,8.286419,12.057303,12.776035,18.170322,17.930756,22.936525,23.55242,27.933662,24.34464,31.146212,28.17838,28.250336,24.105366,25.979094,20.215025,24.103783,19.66852,23.109936,21.062319,20.909807,23.633877,21.973993,18.511988,18.80491,16.028378,15.317738,15.894503,14.30259,17.17884,16.694336,20.70681,21.60036,25.518631,22.230434,22.654806,20.940891,20.973534,23.92966,20.430868,27.40162,26.14342,29.232342,28.016392,29.688091,27.052036,24.275253,25.90369,20.916933,25.665342,22.616844,27.90859,26.263086,29.686817,28.050568,23.858175,23.540373,19.641182,17.589136,14.362085,13.702436,10.549771,10.43692,9.704421,10.608202,12.9284,14.352459,10.481929,14.315538,15.154204,12.3777,15.392019,13.461999,18.906801,17.39466,22.04117,24.119013,27.89331,29.716206,25.232063,22.30422,17.807468,18.733234,14.240911,16.693666,15.9252825,14.535465,18.350367,17.881884,22.04786,22.614277,27.020706,30.317617,29.061493,26.010195,24.594677,20.514313,20.081392,15.692365,16.684862
12,35.29063,33.03773,30.56426,28.425009,24.668621,22.151016,19.295116,15.499758,12.500944,9.138792,4.7987247,3.65842,0.0,3.9807014,4.6243443,7.8004327,10.908381,13.732515,15.551191,20.503227,20.852003,25.392033,25.698458,30.196339,26.151896,32.95483,29.496939,29.204695,25.000763,26.187803,20.576189,23.561493,18.441347,21.26812,18.943066,18.263401,20.781927,18.975374,15.938308,17.029066,14.767404,14.9207115,15.95336,15.296384,18.639221,18.825542,22.98217,24.356281,27.947762,24.453262,24.558306,22.408464,21.927317,24.491257,20.434137,27.229445,25.225403,28.33945,27.182775,28.434544,25.227571,22.773499,25.028162,20.436255,25.831366,23.325684,28.724972,27.575289,31.2093,29.943613,25.746428,25.910624,21.68999,20.28191,16.877993,15.224505,12.120175,10.674058,9.341908,8.674775,10.63969,11.458017,7.0449185,10.702723,12.068971,9.805793,13.223526,12.37754,17.704079,17.378246,21.817797,24.562504,28.23122,30.528173,26.057545,22.397343,17.912739,17.991243,13.488502,14.985152,14.635256,14.1558485,17.82532,18.22463,21.777435,23.20929,27.15411,30.391777,29.38721,26.548065,24.582365,21.37709,20.759445,16.423197,18.050528
13,36.32547,33.88398,31.286552,29.296879,25.231056,23.243763,19.70955,16.928493,13.792629,10.898008,7.206684,6.3553467,3.9807014,0.0,3.9672935,7.3641753,11.458917,13.622817,16.34837,20.758635,22.104572,25.893372,25.597866,29.832588,25.337456,31.965996,28.133932,27.358873,23.34768,24.043266,18.590393,21.188204,15.486137,19.015745,15.781436,15.970556,17.847275,15.813116,12.307343,13.140304,11.285146,11.414623,13.120653,12.877756,16.758162,17.559273,21.834517,23.891956,26.830927,22.999794,22.811583,20.139553,19.356853,21.508102,17.13066,23.843245,21.434734,24.751951,23.83376,25.180338,21.730927,19.676762,22.049166,17.488611,23.100185,21.02654,26.30845,25.494946,29.5055,28.51276,24.390139,25.255026,20.86618,20.168713,16.562082,14.157372,10.804529,8.655674,6.232577,4.934773,6.7460847,8.0233555,4.9473534,9.312221,9.750439,8.818086,11.73092,10.728269,16.243397,15.987186,20.233862,23.224182,26.716454,29.530844,25.533169,21.671627,17.288727,17.542137,13.103349,14.708005,15.502747,15.55425,18.892727,18.909885,22.060774,23.395927,26.950542,30.198616,29.798882,27.064196,25.578657,22.623503,22.654867,18.496607,20.746536
14,32.77212,30.527983,27.688412,26.05698,21.899277,19.693913,16.374083,13.324226,10.704819,7.4451194,5.657442,4.3554044,4.6243443,3.9672935,0.0,4.4014626,7.5146666,10.192547,12.442814,17.069344,18.234198,22.184767,22.071606,26.29989,22.100689,28.817114,25.36458,24.985838,20.920853,22.354027,16.64379,20.294022,15.561662,19.658731,17.160275,17.805227,20.270275,18.721092,14.870225,14.6718025,11.719135,11.157852,11.748337,10.77368,14.021932,14.345203,18.542131,20.24959,23.554285,20.039728,19.991272,17.924076,17.368956,20.086802,16.30877,23.197767,21.852245,24.882095,23.710573,25.45904,22.869593,20.170343,21.754595,16.732262,21.686344,18.956291,24.278698,23.003088,26.738071,25.456694,21.273876,21.715654,17.45333,16.370047,12.812423,10.944376,7.5590267,6.4909773,5.4564385,6.7271295,9.547033,11.281928,8.686041,12.884216,12.450659,10.23695,12.653013,10.162163,15.888206,14.2389965,18.80655,21.126938,24.782276,27.115837,23.038427,19.849712,15.382585,16.579454,12.065749,14.899153,15.238417,14.340667,17.831972,16.87542,20.658537,21.113052,25.138422,28.469944,27.850077,24.898827,24.02435,20.230295,20.59565,16.413324,18.37369
15,29.087816,26.588442,24.000763,22.053776,17.890999,16.119453,12.35891,10.302516,7.221614,5.6719832,5.677767,7.2143564,7.8004327,7.3641753,4.4014626,0.0,5.712567,6.3564024,9.877486,13.629448,15.544789,18.716516,18.424488,22.912449,18.535143,25.315613,21.734085,21.57598,17.29858,18.877737,13.167211,17.03485,13.400999,17.192646,15.972652,16.606895,19.892916,19.222055,15.568606,14.986016,10.897641,11.495314,10.02158,10.363242,12.203708,12.964913,16.764729,18.438908,21.9085,19.142553,18.607006,17.411667,15.975039,18.971336,15.5635395,21.888866,21.406996,23.53916,21.819607,23.40832,21.669188,18.159832,19.26263,14.391878,19.08287,16.180336,21.67686,20.562178,23.800415,22.780235,18.615505,18.967628,14.44844,14.000825,10.621152,7.8073096,6.0998683,4.2270856,6.523817,7.980852,11.689131,12.933117,10.975864,14.575265,12.713132,9.4076605,10.796774,7.154639,12.572728,10.225355,14.889661,17.029902,20.761116,22.905191,18.677532,15.561269,11.092479,12.79954,8.462343,12.298366,12.711008,11.401309,14.579022,12.832828,16.695225,16.768703,20.831406,24.178488,23.616549,20.653471,20.247896,16.336926,17.294348,13.435546,15.978062
16,25.866877,24.046797,20.725504,19.925314,15.6638975,13.02219,10.4302635,6.9852138,6.741718,4.2460084,8.665095,8.286419,10.908381,11.458917,7.5146666,5.712567,0.0,5.0205264,4.9790254,10.11239,10.867201,15.05744,15.437543,19.664635,16.313839,23.065702,20.591707,21.207485,17.222874,20.185783,14.545807,19.893612,17.587536,21.995544,21.013433,22.155058,25.38841,24.642447,20.639675,19.26756,15.146059,14.037343,12.230938,10.424762,10.944829,10.000277,13.400409,13.987002,18.243431,15.965544,16.11338,15.915281,15.663954,19.29884,17.141922,23.509705,24.198301,26.365017,24.71564,26.962463,26.016092,22.367561,22.464048,17.222515,20.363783,16.497078,21.521908,19.365482,22.130934,20.295889,16.152004,15.3821945,11.593772,9.482194,6.378161,6.7045403,5.3705735,7.6461554,9.846275,12.846155,16.15325,18.024382,15.905322,19.802452,18.381508,14.982063,16.279072,12.145146,16.910948,12.834133,17.376875,18.011093,21.774263,22.885086,18.783766,17.376202,13.326768,16.32234,12.596879,17.027697,16.607138,14.12644,17.295979,14.308373,19.007359,17.461088,22.240278,25.56478,24.521252,21.260723,21.819384,16.48149,17.706482,14.028977,15.223784
17,23.151552,20.755102,17.857168,16.480984,12.007085,10.567019,6.5099688,6.3853745,5.5074997,6.789752,10.557777,12.057303,13.732515,13.622817,10.192547,6.3564024,5.0205264,0.0,5.395945,7.368505,10.422881,12.4709835,12.086469,16.70065,12.64112,19.499395,16.494778,17.164234,12.914581,15.831856,10.415695,15.759128,14.810668,18.773682,18.940735,20.206348,23.880476,23.925714,20.233242,18.627745,13.895027,14.110883,10.553124,10.815161,9.769441,10.102178,12.736496,13.790365,17.646631,16.236502,15.454931,16.001064,14.335811,17.90677,16.027712,21.416851,22.76802,23.928804,21.767029,23.726742,23.614693,19.379541,18.98035,14.232595,17.001635,13.234267,18.387753,16.759619,18.999737,17.802973,13.760343,13.373767,8.9772005,8.844312,6.3385262,4.0341973,6.2641683,7.026057,10.966226,13.4795885,17.176579,18.576797,17.24371,20.62324,17.985033,14.350809,14.464586,9.77865,13.361665,8.440671,12.729962,13.091455,16.885046,18.00245,13.850511,12.523566,8.764983,12.570888,9.728625,14.728365,14.811423,12.399479,14.739623,10.727018,15.093826,12.954992,17.533674,20.853703,20.2057,17.033302,18.386623,13.282914,15.562947,12.643983,14.879826
18,21.122688,19.625034,16.010612,15.855883,11.699105,8.694962,7.3108253,4.2498593,7.0708036,7.0764995,12.517158,12.776035,15.551191,16.34837,12.442814,9.877486,4.9790254,5.395945,0.0,5.8984942,6.0088854,10.352187,11.388011,15.6657295,13.297427,19.826288,18.261793,19.732904,16.013535,19.873192,14.8496475,20.712585,20.051573,24.148825,24.163975,25.35154,28.97423,28.696342,24.794308,23.084585,18.611635,17.64711,14.76615,13.174055,11.710293,10.120623,12.041608,11.361903,16.304958,15.475929,15.630843,16.952324,16.695797,20.58658,19.492956,25.061495,26.861858,28.339872,26.385311,28.71492,28.73257,24.630558,23.926994,19.012556,20.858624,16.567013,21.041449,18.46291,20.142046,18.029707,14.206531,12.204188,9.237183,6.293781,5.0516105,7.4673505,8.650372,11.30047,14.298044,17.376497,20.827068,22.597025,20.600706,24.284195,22.459875,18.639784,19.363737,14.946185,18.595413,13.622709,17.568758,16.945541,20.549095,20.58547,16.565414,16.659994,13.418769,17.184364,14.442535,19.215145,18.38534,15.245229,17.81151,13.725056,18.60924,15.692909,20.758793,23.911621,22.5421,19.202005,20.793142,14.668659,16.51009,13.684305,14.234356
19,16.66375,14.90251,11.102565,11.557988,7.043142,5.9075856,4.483849,7.2036147,10.00563,12.093638,17.080841,18.170322,20.503227,20.758635,17.069344,13.629448,10.11239,7.368505,5.8984942,0.0,5.852425,5.244134,5.53416,10.218536,8.103093,14.397046,13.298521,15.510378,12.23396,16.720333,12.928812,18.822752,20.199625,23.98513,25.030258,26.617138,30.411146,30.807835,27.089804,24.894503,20.15197,19.755564,15.62991,15.195173,11.864532,10.966766,11.007147,10.130232,14.502715,15.367141,14.737673,17.434639,16.298325,20.04205,19.979511,24.121813,27.099924,27.50289,25.178097,27.464561,28.717491,24.233027,22.547596,18.391655,18.687954,14.399916,18.076065,15.6096525,15.954906,14.183382,10.962609,8.427961,6.1627345,5.5536513,6.8268666,8.355754,11.761566,13.896729,17.676115,20.666492,24.237892,25.817162,24.58448,27.959248,25.186312,21.410885,21.101767,16.426558,18.508408,12.75059,15.435113,13.3209,16.469038,15.562231,12.156226,14.080164,12.303572,16.888645,15.575446,20.524647,20.10151,17.034704,18.495316,13.260465,17.412449,12.896121,17.56475,20.429985,19.445028,16.296127,19.594717,13.567879,16.755383,15.287932,16.302715
20,16.014683,15.321321,11.461864,12.366,9.310565,5.4667087,7.9592032,6.222718,10.638248,11.851538,17.360722,17.930756,20.852003,22.104572,18.234198,15.544789,10.867201,10.422881,6.0088854,5.852425,0.0,6.7768455,9.709929,13.5604725,13.361702,18.818176,18.748491,21.228128,18.084887,22.52946,18.46104,24.258099,24.892517,28.357092,29.27997,30.196129,34.193268,34.249485,30.52768,28.787304,24.1623,23.36849,20.028091,18.588688,16.110022,14.122129,14.362963,11.985153,17.259882,18.1171,18.438444,20.983412,20.884268,24.785303,24.503775,29.337278,31.915045,32.83757,30.644012,32.89927,33.631805,29.211159,27.989605,23.565317,24.355125,19.968643,23.62141,20.759537,21.006895,18.657131,15.6912985,12.148735,11.170322,7.943874,9.387008,12.467115,14.485158,17.068314,20.286425,23.258713,26.78618,28.420534,26.212389,29.683838,27.835852,23.61924,24.106373,19.859,22.502455,17.431458,20.549835,18.816252,21.9871,20.601227,16.787136,18.524878,16.376846,20.208586,18.44149,23.034502,21.579185,17.951454,19.836794,15.334266,20.032343,16.048471,21.13958,23.87081,21.850855,18.605446,20.9859,14.383509,16.35627,14.788817,14.088532
21,11.727379,10.581959,6.1120954,8.535015,5.48218,5.565753,7.565786,10.720628,14.0931225,16.597439,21.705698,22.936525,25.392033,25.893372,22.184767,18.716516,15.05744,12.4709835,10.352187,5.244134,6.7768455,0.0,3.9429095,7.6014376,8.516605,12.802235,13.516619,16.695637,14.391139,19.105026,16.583096,22.031382,24.535551,27.766754,29.511858,30.962786,34.959118,35.643696,32.077545,29.819939,25.051207,24.75407,20.418419,20.06248,16.204285,15.079885,13.814011,11.772282,15.776942,18.138206,17.580763,21.16787,20.159048,23.719444,24.373941,27.690163,31.332294,31.190996,28.71482,30.902603,32.83953,28.197252,26.032238,22.489538,21.743341,17.663979,20.250996,17.711943,16.482105,14.70595,12.762152,9.103395,9.39475,8.953914,11.49571,13.445444,16.946909,19.081987,22.912807,25.851124,29.452206,30.94911,29.647469,32.883682,30.031178,26.058506,25.533388,21.058674,22.28872,16.71528,18.421478,15.2933445,17.67301,15.243962,12.6017475,16.259508,15.70532,20.12734,19.657524,24.350092,23.590193,20.320438,21.151266,15.753365,19.351627,13.957512,18.161638,20.450317,19.128904,16.291956,20.54908,14.598545,18.000193,17.66399,17.98544
22,13.7949915,12.0375185,8.098729,10.051061,6.4097652,8.21374,7.7940574,12.383445,14.916722,17.509737,22.242111,23.55242,25.698458,25.597866,22.071606,18.424488,15.437543,12.086469,11.388011,5.53416,9.709929,3.9429095,0.0,5.247865,4.6423116,9.437497,9.590857,12.772846,10.753367,15.577879,13.6653805,19.044453,22.153797,25.681776,27.372852,29.37675,33.092056,33.94353,30.372976,27.763214,23.083273,22.894268,18.237112,18.42223,14.076874,13.659161,12.022045,11.030033,13.999283,16.470404,15.2982,19.02731,17.440289,20.743484,21.75201,24.37624,28.396536,27.884699,25.394144,27.679918,30.050877,25.489323,22.890667,19.648994,18.215944,14.311277,16.51895,14.2342005,12.792933,11.478099,9.69697,6.937415,7.0764875,8.718993,11.062907,12.083955,16.069445,17.949081,21.870245,24.819695,28.310448,29.815395,29.17688,32.361843,29.01289,25.47206,24.486582,19.84116,20.685371,14.791056,15.930715,12.304287,14.4117365,12.214901,10.454959,14.478832,14.3819475,19.156712,18.973429,23.755072,23.697416,20.864338,21.495012,15.882013,18.94873,13.371821,16.96837,19.263819,18.847332,16.208538,20.978533,15.62609,19.53959,19.11945,20.271574
23,14.324262,13.549992,9.481925,13.351208,10.962104,12.923161,13.031141,17.263538,20.009712,22.225677,27.05733,27.933662,30.196339,29.832588,26.29989,22.912449,19.664635,16.70065,15.6657295,10.218536,13.5604725,7.6014376,5.247865,0.0,5.7159796,5.895398,8.980922,12.545253,12.379734,17.183897,16.54073,21.691183,25.429876,29.389088,30.847868,33.472263,36.810406,37.666878,33.943306,30.82285,26.431591,25.68307,21.173704,20.97766,16.14132,15.51844,12.493741,11.139036,12.446112,16.333132,15.156992,19.68562,18.520737,21.386627,23.529879,25.109934,29.972744,29.16145,26.918465,29.56594,32.59422,28.33324,25.057577,22.197731,19.27029,15.684003,16.128784,13.536708,10.564055,9.027995,9.278535,6.450824,9.424782,11.309466,14.292614,15.846,19.62787,21.900997,25.523613,28.776558,32.02686,33.76235,33.54774,36.862106,33.355534,30.168575,29.020432,24.25983,24.93982,18.91814,19.411104,15.154583,16.242117,13.489974,13.788753,18.52881,18.98488,23.829987,23.818914,28.603668,28.807457,26.076246,26.600874,20.96211,23.628967,17.856876,20.655598,22.489109,22.543007,20.319864,25.625631,20.576578,24.563766,24.331282,25.280941
24,17.681852,15.675955,12.235645,13.801828,10.067883,12.237859,10.113204,15.017856,16.685461,18.981092,23.183168,24.34464,26.151896,25.337456,22.100689,18.535143,16.313839,12.64112,13.297427,8.103093,13.361702,8.516605,4.6423116,5.7159796,0.0,6.860633,5.498638,8.349172,6.929976,11.930071,10.82642,16.145437,19.728548,23.881762,25.162056,27.970108,31.160488,32.075,28.439028,25.340405,20.936699,20.646978,15.844033,16.505716,11.728917,12.226618,10.2244835,10.805903,12.12663,14.444632,12.521698,16.266445,14.05563,16.94481,18.498688,20.250063,24.749332,23.922453,21.548798,24.121655,26.930908,22.643827,19.500486,16.52935,14.072636,10.369593,11.937898,9.893087,8.470339,7.8360205,6.236333,5.8343806,5.615071,9.534069,11.294107,11.25654,15.371292,17.009293,20.75244,23.745901,26.959707,28.547459,28.7294,31.891222,28.095472,25.231712,23.83541,19.060087,19.690763,13.573405,14.102993,10.150369,11.81563,10.567735,10.324156,14.034928,14.214349,19.17579,19.078959,23.85576,24.62591,22.348106,22.9342,17.404661,19.912764,14.663041,17.432404,19.718563,20.352142,17.986597,22.869139,18.2118,22.33617,21.626179,23.459888
25,18.137957,16.765554,13.949359,16.774311,14.585569,17.503933,16.39836,21.483297,23.389784,25.8013,30.033487,31.146212,32.95483,31.965996,28.817114,25.315613,23.065702,19.499395,19.826288,14.397046,18.818176,12.802235,9.437497,5.895398,6.860633,0.0,5.554335,8.845955,10.698727,14.566783,15.878041,19.865524,24.676334,28.529888,30.132309,33.328644,36.23101,37.438854,33.950047,30.498207,26.46562,26.08459,21.39167,22.131348,17.140577,17.616314,14.454294,14.640415,13.952184,17.747358,15.719747,20.081194,18.038237,19.997374,22.775831,22.624693,28.11871,26.415627,24.188316,26.763248,30.665913,26.696049,22.743479,20.97673,16.657583,14.198298,12.915923,11.440865,6.891415,7.5517015,9.564468,9.557755,11.809882,15.304504,17.62295,17.888243,21.838913,23.483896,27.038187,30.02938,33.031353,34.62261,35.245865,38.30124,34.20699,31.618782,29.852057,25.264734,25.083033,19.380808,18.640026,13.986467,13.759664,11.244274,13.826749,18.660849,20.009918,24.708319,25.305143,29.813059,30.764042,28.610748,28.705475,23.160065,24.85123,19.27901,20.761034,22.184893,23.394325,21.737309,27.45371,23.424076,27.773947,27.717669,29.39913
26,20.611158,18.23727,15.841797,16.881044,13.87539,16.941336,14.314158,19.773203,20.672256,23.200619,26.712996,28.17838,29.496939,28.133932,25.36458,21.734085,20.591707,16.494778,18.261793,13.298521,18.748491,13.516619,9.590857,8.980922,5.498638,5.554335,0.0,3.8694153,5.4097953,9.026121,10.769646,14.325893,19.35757,23.13218,24.7671,28.063953,30.848316,32.217197,28.94168,25.596561,21.605762,21.901382,16.94995,18.760357,14.08756,15.6712265,13.598356,15.172169,14.777174,17.077936,14.444256,17.857826,14.671084,16.453487,18.568514,18.302456,23.443245,21.496964,19.006289,21.375689,25.23136,21.18455,17.25502,15.747595,11.655951,9.551214,9.121478,8.858433,6.068994,8.097805,8.38268,10.1967125,10.052273,14.618446,15.856553,14.608664,18.675861,19.501722,23.113562,25.681108,28.61871,29.962252,30.967026,33.758083,29.37188,27.116333,25.037573,20.631,20.0959,14.638609,13.482882,9.015542,8.862739,8.034528,10.5446005,14.345599,15.740268,20.29342,21.020193,25.318882,26.799759,25.145264,25.161972,19.883652,21.180813,16.240894,17.404728,19.151749,20.958733,19.285221,24.57045,21.118814,25.512173,25.169683,27.589468
27,24.363405,21.796669,19.50785,20.056929,16.769335,19.617388,16.239964,21.453348,21.70707,23.946333,26.85301,28.250336,29.204695,27.358873,24.985838,21.57598,21.207485,17.164234,19.732904,15.510378,21.228128,16.695637,12.772846,12.545253,8.349172,8.845955,3.8694153,0.0,4.5138907,6.352442,9.288725,11.951993,17.07555,21.205265,22.376226,26.220978,28.482777,29.87977,26.689924,23.120667,19.552265,19.988314,15.222532,17.632116,13.374281,15.737708,14.1656685,16.717426,15.639739,17.04854,14.03129,16.642433,12.803475,13.848351,16.036411,14.821321,20.106874,17.822409,15.415592,17.95407,22.059242,18.379587,14.115378,13.117107,8.180222,7.21115,5.9389305,7.2954464,6.0881677,9.040512,9.140494,12.341032,11.3791895,16.250502,16.790216,14.707378,18.40219,18.74839,22.005304,24.343645,26.952759,28.242748,29.864101,32.50652,27.889435,26.26605,23.952276,19.73743,19.072266,14.037119,12.4754,8.798616,8.22135,9.474361,12.158321,14.631423,15.8952265,20.148607,20.81231,24.854275,26.914402,25.747332,25.810387,20.91216,21.865873,17.68661,18.395082,20.192432,22.554064,21.010155,25.848688,22.891098,27.180819,26.526396,29.357782
28,23.130463,20.263128,17.934774,17.644684,13.850325,16.321754,12.352943,17.449854,17.331694,19.682507,22.455803,24.105366,25.000763,23.34768,20.920853,17.29858,17.222874,12.914581,16.013535,12.23396,18.084887,14.391139,10.753367,12.379734,6.929976,10.698727,5.4097953,4.5138907,0.0,5.0682445,5.3757896,9.549884,14.002352,18.141687,19.44112,22.792591,25.533922,26.834574,23.590475,20.417894,16.319977,17.183237,12.02504,14.791291,10.810011,13.352527,12.798377,15.35889,15.647893,16.265087,13.469396,15.583002,11.550943,13.482857,14.359864,14.995125,19.24815,17.658644,14.957267,17.248816,20.419308,16.183903,12.694697,10.59049,7.937269,5.503859,7.982355,8.468533,8.98291,10.511397,8.69839,11.350502,8.798699,13.589802,13.546857,10.7855,14.715028,14.7434845,18.355495,20.570763,23.486345,24.671288,25.865677,28.52492,24.038252,22.036945,19.881088,15.507164,15.180172,9.70484,8.905458,5.5535693,6.9912844,8.93196,9.410962,10.963525,11.568078,16.031757,16.405169,20.633698,22.54179,21.307188,21.560469,16.699053,18.042162,14.116825,15.57942,17.92441,19.827148,17.89132,22.197414,19.013685,23.140276,22.21845,25.18494
29,27.1199,23.867802,22.241322,21.1226,17.687124,20.352577,15.974465,20.946022,19.876291,22.262209,23.95819,25.979094,26.187803,24.043266,22.354027,18.877737,20.185783,15.831856,19.873192,16.720333,22.52946,19.105026,15.577879,17.183897,11.930071,14.566783,9.026121,6.352442,5.0682445,0.0,5.793609,5.6561837,11.578779,14.985307,16.619463,20.27904,22.568003,24.361158,21.723307,18.692106,15.190425,17.215935,12.346703,16.50744,13.604693,16.887707,16.939764,20.023367,19.837124,19.807722,16.787447,17.833727,13.057527,13.7716,14.009631,13.058909,16.860847,14.171827,11.037439,12.648407,16.530443,12.420003,8.407674,8.44863,5.7766004,6.7044296,8.493671,11.040692,12.088567,14.493047,13.103238,16.300413,13.500738,18.17573,17.508722,13.745128,17.085505,15.917148,19.136782,20.47696,23.006746,23.709051,25.689672,27.75528,22.77946,21.566582,18.76477,15.233649,13.647901,9.925615,7.330873,5.8373723,5.65964,9.954865,11.1724415,10.988547,12.250376,15.574178,16.597424,19.929579,22.634287,22.26301,22.08096,18.038399,18.18509,15.527159,15.588287,17.604565,20.432383,19.066706,22.861076,21.019257,24.9931,24.169924,27.725302
30,26.218554,23.123838,20.884518,19.609621,15.440119,16.987206,12.143064,16.10538,14.768246,16.679565,18.409824,20.215025,20.576189,18.590393,16.64379,13.167211,14.545807,10.415695,14.8496475,12.928812,18.46104,16.583096,13.6653805,16.54073,10.82642,15.878041,10.769646,9.288725,5.3757896,5.793609,0.0,6.5207386,8.944898,13.791586,14.4097805,17.776602,20.490246,21.603344,18.330902,15.457084,11.130218,12.832649,7.543972,11.617369,9.228976,12.509816,13.719318,16.82087,17.768438,16.792055,14.225353,14.691601,10.272143,12.255568,11.180779,13.388298,16.025854,15.220235,12.482894,14.542152,16.387835,11.968743,9.636572,6.1717825,7.3046722,5.2292604,10.243313,10.988647,13.446047,14.394216,11.466006,14.1325035,10.087863,14.072194,12.6130085,8.24641,11.443179,10.240596,13.756044,15.458529,18.364134,19.36201,20.724499,23.258997,18.71403,17.026695,14.880431,10.520083,10.851087,5.555511,6.19742,6.376147,9.115202,12.502806,11.103673,9.678149,8.688659,12.649253,12.269571,16.347195,18.730425,18.029821,18.681185,14.628829,16.101395,13.767478,15.58754,18.399162,20.125734,17.98671,20.881569,18.051134,21.594288,19.965277,23.389414
31,30.255165,26.675377,25.432045,23.22197,19.777714,21.929213,17.076355,21.228144,18.99699,21.2393,21.613674,24.103783,23.561493,21.188204,20.294022,17.03485,19.893612,15.759128,20.712585,18.822752,24.258099,22.031382,19.044453,21.691183,16.145437,19.865524,14.325893,11.951993,9.549884,5.6561837,6.5207386,0.0,7.009175,9.390368,11.458599,14.812298,17.166693,19.312881,17.297512,15.082544,11.821952,15.499309,11.182027,16.462322,15.146081,18.730242,19.991066,23.25789,23.717232,22.671879,19.882772,19.717005,14.829896,15.335174,13.65735,13.592901,15.195565,12.731342,9.277364,9.42938,12.157438,7.401179,4.8926654,6.1425114,8.129735,9.687011,12.909743,15.39983,17.426092,19.411777,17.254484,20.241022,16.49897,20.550854,18.970896,14.251542,16.765648,14.199797,17.053648,17.226128,19.568886,19.615623,21.88959,23.325487,18.092773,17.408823,14.185698,11.6959305,9.229799,7.994886,5.143478,7.7999644,8.588367,13.472115,13.021417,10.030059,10.600102,12.354995,13.466867,15.7961235,19.164663,19.677645,19.406385,16.589577,16.086073,15.382421,15.123578,17.318703,20.164146,18.918161,21.253633,20.437613,23.800058,22.687447,26.750553
32,34.073708,30.67901,28.928219,26.621037,22.682674,23.575937,18.514265,20.761263,17.708694,18.666922,17.629887,19.66852,18.441347,15.486137,15.561662,13.400999,17.587536,14.810668,20.051573,20.199625,24.892517,24.535551,22.153797,25.429876,19.728548,24.676334,19.35757,17.07555,14.002352,11.578779,8.944898,7.009175,0.0,7.432016,5.490387,9.939111,11.651979,12.911007,10.354807,8.508324,5.4335394,10.448451,7.927235,13.379962,14.342934,17.875854,20.488728,24.026775,24.923244,22.444042,20.189732,18.44753,14.202759,14.685875,10.878458,13.348046,12.125388,12.058961,9.776427,10.192966,8.919626,4.80469,6.811031,4.803625,11.096509,11.9035635,16.271017,17.969975,21.442278,22.55109,19.53768,22.441917,18.024776,20.989897,18.363356,13.340146,13.9772215,10.350477,11.833774,10.994898,12.837089,12.724586,15.588239,17.00227,11.859086,12.3856945,9.690283,7.871891,8.059098,8.580451,9.261299,13.125339,15.115035,19.612604,17.792095,13.571,11.741433,12.415959,11.489564,13.238552,17.013842,18.108965,18.85785,17.273315,17.65964,18.372412,19.292143,21.947424,23.933352,22.21774,22.921856,21.820349,24.201572,21.991192,26.037378
33,35.60225,31.746292,31.14917,27.59297,24.551207,25.862568,21.08789,23.599386,19.913593,21.792774,19.820196,23.109936,21.26812,19.015745,19.658731,17.192646,21.995544,18.773682,24.148825,23.98513,28.357092,27.766754,25.681776,29.389088,23.881762,28.529888,23.13218,21.205265,18.141687,14.985307,13.791586,9.390368,7.432016,0.0,6.6731586,6.397323,9.820455,12.989566,13.1206045,13.772324,11.76767,17.374212,14.960148,20.289267,20.979078,24.294983,26.76211,29.834505,31.232529,29.275066,26.973967,25.70009,21.346874,21.855291,18.2798,19.680395,18.110374,16.80209,14.1429,11.963996,10.672043,6.8726287,10.218617,11.525908,16.619787,17.867464,21.860159,23.994677,26.5279,28.055145,25.236189,27.637417,23.215504,26.144491,23.707367,18.632679,19.71621,15.615875,17.405558,15.225491,17.00666,15.429658,17.612616,17.331213,12.0449505,12.385738,8.596801,10.078011,6.210435,11.252788,10.227635,14.987663,16.32405,20.69924,18.555452,13.168005,12.54772,10.406856,11.542822,10.557612,14.815031,17.132349,16.58738,16.700294,15.0721035,17.802263,17.195814,19.23883,21.485138,20.592361,20.085758,21.200674,23.075178,21.713697,26.219286
34,38.852203,35.336594,33.8542,31.084751,27.342968,27.97708,23.004988,24.520994,20.895895,21.417086,18.965006,21.062319,18.943066,15.781436,17.160275,15.972652,21.013433,18.940735,24.163975,25.030258,29.27997,29.511858,27.372852,30.847868,25.162056,30.132309,24.7671,22.376226,19.44112,16.619463,14.4097805,11.458599,5.490387,6.6731586,0.0,6.0728865,6.1980243,7.862175,6.949646,7.472763,7.290464,12.706085,12.216535,17.06376,19.079197,22.437187,25.44,28.98962,29.962334,27.028532,24.979889,22.569818,18.730509,18.711794,14.31799,16.528845,13.23312,13.660829,12.181366,11.163078,7.046574,5.5274935,10.06846,9.849562,15.915277,17.226679,21.2797,23.161715,26.803492,27.939411,24.895384,27.76009,23.248238,25.812025,22.881222,17.946709,17.699734,13.604926,13.766306,11.220956,11.816005,10.454322,14.185221,14.309217,9.164599,11.708743,9.159758,10.160704,10.053888,13.110206,13.674619,18.058607,19.796116,24.412542,22.40779,17.489376,15.597214,14.621403,13.643784,13.450983,17.591986,19.67654,20.362745,20.23641,20.034117,22.111507,22.606426,25.039236,26.999762,25.560606,25.114992,24.968609,26.641106,24.29817,28.46393
