,0,1,2,3,4,5,6,7,8,9,10,11,12,13,14,15,16,17,18,19,20,21,22,23,24,25,26,27,28,29,30,31,32,33,34,35,36,37,38,39,40,41,42,43,44,45,46,47,48,49,50,51,52,53,54,55,56,57,58,59,60,61,62,63,64,65,66,67,68,69,70,71,72,73,74,75,76,77,78,79,80,81,82,83,84,85,86,87,88,89,90,91,92,93,94,95,96,97,98,99,100,101,102,103,104,105,106,107,108,109,110,111
0,0.0,3.7450833,6.906074,10.705175,13.212741,16.568039,20.42557,23.294025,25.569775,29.331223,31.70603,35.666008,36.96703,40.36405,38.07498,34.24178,31.949112,30.698116,26.037224,26.655622,21.888859,21.871746,18.911207,20.099247,25.214907,22.755753,22.885815,24.56381,28.065874,25.793024,31.60305,28.564016,36.504677,35.451164,37.99951,41.342194,42.09896,45.112156,43.96987,40.155857,38.76676,39.703606,36.07201,39.124836,35.805496,38.60643,36.74503,39.398796,36.572075,38.424652,35.373653,37.542393,33.710884,33.221897,34.613274,30.288572,34.947235,29.859821,27.943758,27.505188,33.5823,31.18135,27.295715,30.92761,26.14602,29.20518,26.062796,28.71606,26.657726,30.477055,32.33737,34.840122,34.642105,39.258938,39.99941,37.498867,40.967304,40.39463,43.348873,44.495945,46.319633,46.224358,50.468845,49.452415,47.48371,43.35909,40.82366,38.172363,35.68832,33.62904,29.269321,29.537565,26.116096,29.297857,29.710506,28.414328,31.835392,32.499702,35.317513,38.733204,39.70387,44.18361,44.092896,48.46364,50.700233,49.30481,47.28447,46.735783,41.76445,42.941093,38.63569,40.42394
1,3.7450833,0.0,3.265275,7.566691,9.529395,12.879931,16.91454,19.576532,21.88117,25.601969,28.042686,31.956722,33.26727,36.6584,34.363125,30.506111,28.304832,27.00739,22.43591,23.126543,18.462658,18.790415,15.927102,17.769548,22.792068,20.791115,20.231535,21.700539,24.955746,22.44464,28.236834,24.965519,32.914436,31.783424,34.48826,37.696987,38.587723,41.64615,40.565807,36.828705,35.32788,36.508076,32.76441,36.087482,32.834187,35.783436,34.174187,36.944027,34.421585,36.04813,32.92991,34.973362,30.913502,30.55662,31.648441,27.624214,32.13078,27.054901,24.889624,24.320227,30.335892,27.709139,23.874409,27.625713,23.038792,26.150578,23.449774,26.03999,24.448563,28.300842,29.80151,32.35986,31.785994,36.466843,37.03032,34.300365,37.779472,37.015293,40.00841,41.024147,42.898766,42.71016,46.896946,45.809875,43.792606,39.710625,37.12701,34.564857,31.988453,30.093105,25.73952,26.215506,22.88905,26.471573,26.543297,25.031301,28.43695,28.914923,31.851168,35.112114,36.14093,40.519535,40.513,44.86751,47.14251,45.847507,43.800922,43.462646,38.3753,39.72251,35.434425,37.39407
2,6.906074,3.265275,0.0,5.744944,6.772773,10.179002,14.373078,16.726088,18.867407,22.6281,24.886208,28.84138,30.071503,33.460808,31.200975,27.403677,25.266466,24.131666,19.568796,20.60737,15.965779,17.07601,14.534797,17.187582,22.007292,20.617643,19.265207,20.407578,23.281208,20.384598,26.105871,22.365686,30.226898,28.792606,31.73303,34.72514,35.677944,38.841812,37.955574,34.395924,32.870377,34.418877,30.613707,34.323845,31.224138,34.363792,33.09175,36.001583,33.81743,35.13556,31.958939,33.77176,29.451332,29.163422,29.746346,26.081001,30.23641,25.12482,22.736023,21.814611,27.735968,24.959944,21.325563,25.3778,21.188156,24.45712,22.368847,24.928507,23.908838,27.743254,28.816502,31.43625,30.401588,35.133785,35.458405,32.414917,35.867874,34.805622,37.80212,38.576878,40.459564,40.099007,44.229523,42.97992,40.95061,36.960712,34.299477,31.976063,29.181828,27.679558,23.339304,24.156603,21.025305,25.083761,24.622349,22.76897,26.147526,26.304861,29.508476,32.481632,33.650314,37.800186,37.967125,42.270176,44.588337,43.48366,41.423325,41.42262,36.18914,37.79706,33.55207,35.73302
3,10.705175,7.566691,5.744944,0.0,4.635876,7.8660545,10.177784,14.245825,15.760298,19.88235,22.070375,26.01708,27.764418,31.311943,29.5304,25.558245,24.622107,22.78611,19.41914,20.04484,16.74886,17.548561,14.591788,17.594881,21.65988,19.543793,17.182419,17.423374,20.450462,16.963825,22.682718,18.87578,26.373276,25.349705,27.440042,31.100187,31.58829,34.487858,33.329617,29.607035,28.523115,29.739195,26.413258,30.045664,27.31808,30.609303,29.630568,32.993668,30.569798,31.225508,28.009253,29.262285,24.88808,24.150301,24.50578,20.604431,24.712214,19.556904,17.393948,16.853397,22.914078,20.57954,16.72205,20.6963,16.537872,20.425898,18.383955,21.918226,21.07443,24.822517,25.735085,28.989462,27.671507,32.50915,32.442574,29.19267,32.223614,31.145294,33.73436,34.540577,36.092022,35.899113,40.299194,39.278793,37.76128,33.519325,31.315592,28.931536,26.81054,25.224646,21.561764,22.895,19.874098,24.740963,24.379253,22.365623,25.459139,25.116901,27.99823,30.467619,31.242014,35.16912,34.820507,38.983437,40.988213,39.828747,38.09736,37.99767,33.277096,35.11552,31.142406,33.793476
4,13.212741,9.529395,6.772773,4.635876,0.0,3.6159258,7.7237597,10.237009,12.446396,16.175425,18.91095,22.639719,24.237253,27.678612,25.567339,21.530367,20.223692,18.386282,14.825245,15.50267,12.198905,13.554402,11.19638,15.01683,18.829292,17.99472,15.019951,15.274893,17.590046,14.070397,19.683065,15.625263,23.465206,22.311775,25.148178,28.2287,29.359632,32.42036,31.385427,27.814411,26.133497,27.891424,24.028196,28.079077,25.223726,28.599453,27.859453,31.053297,29.332592,30.040665,26.821352,28.241535,23.622892,23.515936,23.619497,20.579912,24.474415,19.634491,16.814074,16.029306,21.722763,18.517105,14.781152,18.810097,15.024072,18.418812,17.304855,19.925257,19.889048,23.545443,23.893051,26.771364,25.02535,29.818176,29.707994,26.267998,29.562115,28.242088,31.169806,31.825752,33.71845,33.3415,37.46615,36.289345,34.334114,30.257084,27.723812,25.383617,22.832733,21.404818,17.432034,18.846834,16.011614,21.081263,20.163248,17.932209,21.059181,20.694138,23.810701,26.353354,27.368883,31.359022,31.365162,35.616238,37.868504,36.823105,34.841602,35.04678,29.877457,31.799873,27.728704,30.357002
5,16.568039,12.879931,10.179002,7.8660545,3.6159258,0.0,5.404941,6.784081,9.635895,12.915516,16.3485,19.714159,21.459726,24.828783,22.623096,18.428469,17.380022,15.046842,12.08239,12.326935,10.017856,11.391842,9.538071,13.877291,16.925407,16.85069,13.080566,12.927423,14.592482,10.905339,16.340567,12.228535,20.230309,19.35042,22.377626,25.274345,26.802917,29.811916,28.67614,25.122227,23.061647,25.038109,20.91189,25.174824,22.34455,25.789951,25.332182,28.513552,27.270294,27.791237,24.602856,25.970259,21.226013,21.51055,21.447252,19.080107,22.809328,18.397594,15.212782,14.612537,19.841372,16.074566,12.343695,16.098274,12.665061,15.688795,15.414029,17.533651,18.241812,21.680017,21.506334,24.275745,22.114819,26.862429,26.588669,22.97548,26.317305,24.8617,27.918608,28.537096,30.602167,30.20134,34.1909,33.050316,30.918531,26.851946,24.259907,21.823338,19.295485,17.804564,13.892758,15.551664,12.966743,18.45411,17.204136,14.81369,17.782127,17.252289,20.30061,22.762814,23.753765,27.786572,27.812626,32.096176,34.417595,33.381504,31.322714,31.651804,26.357052,28.381128,24.349121,27.111109
6,20.42557,16.91454,14.373078,10.177784,7.7237597,5.404941,0.0,6.029206,6.971404,10.609528,13.746951,16.959887,19.346632,22.822847,21.336117,17.140028,17.846146,14.902189,14.0098,13.920191,13.694575,14.808801,13.077875,17.09501,18.992748,18.402744,13.676179,12.071217,13.312866,8.566807,13.54108,8.877663,16.205297,15.757629,17.748245,21.426266,22.423588,25.166075,23.784496,20.098236,18.549683,20.41612,16.86015,21.356695,19.194063,22.912415,23.079308,26.78376,25.510136,25.049637,21.87317,22.34027,17.393532,17.206081,16.319237,14.213297,17.467564,13.162264,9.857925,9.637893,14.792038,11.283755,7.1568,11.204506,8.481335,12.512159,13.147017,16.260212,17.570225,20.608707,19.95883,23.377571,20.685448,25.406906,24.50951,20.494507,23.194744,21.49833,24.006863,24.488655,26.146484,25.838783,30.15041,29.191374,27.703476,23.377136,21.370737,19.054266,17.4061,16.167913,13.602421,16.069712,14.117274,20.141731,18.88273,16.397682,18.663372,17.318554,19.901625,21.378183,21.904858,25.403572,24.869532,28.913143,30.863356,29.884596,28.239414,28.666367,23.994473,26.447916,22.89897,26.28114
7,23.294025,19.576532,16.726088,14.245825,10.237009,6.784081,6.029206,0.0,4.5756073,6.278337,10.845506,13.425502,15.355999,18.576387,16.38153,12.019377,12.053115,8.990256,8.3471575,8.470139,9.403097,11.785227,11.821073,16.35875,17.58252,19.07861,14.182418,12.884883,12.348591,8.204738,11.934684,6.5979714,14.22788,13.198126,16.965878,19.09071,21.348598,24.393085,23.463717,20.37672,17.760893,20.74724,16.355314,21.476116,19.221806,22.866304,23.415327,26.604881,26.510424,26.266253,23.277802,24.049524,19.11391,19.979921,18.742554,18.217642,20.691427,17.30057,13.696323,12.812657,16.39094,11.660886,9.041241,12.415557,11.279531,13.453672,15.618904,16.718834,19.118544,21.786083,20.33812,22.830317,19.517405,23.923405,22.981482,18.698849,21.833073,19.61075,22.73701,22.80223,25.080267,24.332077,28.001598,26.638775,24.26596,20.380283,17.577803,15.545743,12.632427,12.149345,8.922496,11.933792,10.868063,16.963406,14.401212,11.3181305,13.4424925,11.689187,15.04703,16.490236,17.68339,21.206617,21.564589,25.748358,28.20982,27.547857,25.407784,26.544998,20.975199,23.632355,19.96,23.244246
8,25.569775,21.88117,18.867407,15.760298,12.446396,9.635895,6.971404,4.5756073,0.0,4.6922665,6.957398,10.31807,12.424305,15.937049,14.582386,10.640141,12.267244,10.1788025,10.705424,12.011379,13.129795,16.30676,16.324383,20.84801,21.97672,23.131823,18.01856,16.141655,15.399494,10.755137,13.412774,6.8454037,12.416192,9.938025,13.770677,15.905326,17.537632,20.843147,20.48949,17.935986,16.141422,19.799355,16.207518,21.873507,20.503845,24.347137,25.520666,29.04178,28.965893,27.94235,25.020037,24.896978,19.85821,20.142519,17.443846,17.46573,18.59018,15.1800995,11.702696,9.614755,12.599098,8.057616,6.8763766,11.437972,12.107474,15.062323,17.838066,19.677488,22.264048,24.733448,23.04184,25.88743,22.195652,26.428892,24.93041,20.229841,22.651262,19.805779,22.280499,21.622276,23.385862,22.237835,26.0975,24.353046,22.626434,18.858551,16.345085,15.436793,12.538619,13.773637,11.912605,15.509249,15.031752,21.12642,18.24384,14.954319,16.509253,13.760208,17.283018,17.235426,18.480888,20.767143,21.209238,24.946358,27.151226,27.019854,25.260551,27.09452,21.957186,25.225637,22.105274,25.835924
9,29.331223,25.601969,22.6281,19.88235,16.175425,12.915516,10.609528,6.278337,4.6922665,0.0,6.1609364,7.352861,9.669957,12.765902,11.095687,6.857012,9.633735,6.7224984,9.805285,10.389694,13.461209,16.349722,17.273066,21.548424,21.66688,23.812021,18.572054,16.534195,14.503068,10.746322,11.427761,5.4850264,9.47184,7.336158,12.175995,13.113364,15.997807,19.141823,18.76928,16.614958,13.892335,18.19327,14.243683,20.122566,18.98553,22.652693,24.298124,27.489225,28.282116,27.117586,24.463371,24.317516,19.506836,20.515799,17.734993,19.030828,19.699917,17.468315,14.062334,12.661509,13.802997,8.771655,8.855935,11.409353,13.296673,14.77637,18.663721,19.306936,22.692478,24.618883,22.261562,24.549435,20.375517,24.125404,22.378973,17.53219,19.89406,16.649,19.372725,18.427385,20.632263,19.286867,22.63505,20.811708,18.48199,14.917675,11.983848,11.306196,7.8888936,10.166657,9.30386,13.26642,13.912529,19.589659,16.15832,12.892168,13.555167,10.139822,13.526608,12.708783,14.150931,16.196976,17.03178,20.791203,23.25908,23.30026,21.305727,23.64367,18.21053,21.728779,18.899393,22.702864
10,31.70603,28.042686,24.886208,22.070375,18.91095,16.3485,13.746951,10.845506,6.957398,6.1609364,0.0,4.6405454,6.1492553,9.771231,9.6578665,7.3538365,11.169994,11.018842,13.326722,15.592566,17.571083,21.661314,22.506647,27.03924,27.630085,29.490446,24.249626,22.111744,20.41126,16.265007,16.839354,10.737163,11.448637,5.8812575,11.264909,11.061779,12.847591,16.693483,17.834408,17.009481,15.772601,20.742966,18.03288,24.114807,23.813076,27.545168,29.582115,32.99554,33.66634,31.965326,29.359196,28.467518,23.673706,23.952065,19.746227,21.310028,20.375525,18.035608,15.166186,12.117029,11.9700365,8.363597,10.836965,14.450295,17.40038,19.771667,23.582064,24.993616,28.200806,30.193478,27.88264,30.430939,26.158619,29.752695,27.663033,22.663126,24.299871,20.544737,22.366934,20.382889,21.763199,19.680986,22.952065,20.279268,18.882349,16.119143,13.619821,15.034617,11.603308,15.676346,15.32919,19.28555,19.949915,25.600914,21.838545,18.348099,18.920622,15.066337,18.78114,16.621065,18.337687,18.471079,19.82231,22.680275,24.80699,25.753881,24.250874,27.502247,22.64909,26.607002,24.325996,28.272524
11,35.666008,31.956722,28.84138,26.01708,22.639719,19.714159,16.959887,13.425502,10.31807,7.352861,4.6405454,0.0,3.537878,6.407786,7.0100484,5.745156,11.224738,10.793569,14.88337,16.383379,19.632118,23.216164,24.52058,28.773872,28.550728,30.940401,25.62346,23.28385,20.760963,17.350847,16.336945,11.471882,9.325504,3.6801224,9.733973,7.516355,10.832291,14.376213,15.672487,15.589071,13.851364,19.322275,16.816656,22.8107,22.998354,26.463509,28.991037,32.13597,33.490578,31.50258,29.209,28.099442,23.659615,24.389067,20.024889,22.684324,21.224821,20.037975,17.352314,15.100471,13.398878,9.928459,13.033028,14.984234,18.879456,20.226473,24.789015,25.453384,29.204378,30.684965,27.865992,30.016932,25.426083,28.435797,26.038298,21.059278,22.258457,18.14586,19.772385,17.256372,18.791937,16.371496,19.037254,16.12123,14.417477,12.149221,9.593653,12.171328,9.023156,14.239896,15.203121,19.109634,20.5785,25.715368,21.774035,18.560492,18.262728,14.070254,17.107098,13.719729,15.4033575,14.418806,16.14933,18.600525,20.79566,22.147257,20.661823,24.565298,19.923262,24.12741,22.45606,26.432205
12,36.96703,33.26727,30.071503,27.764418,24.237253,21.459726,19.346632,15.355999,12.424305,9.669957,6.1492553,3.537878,0.0,3.638724,4.581809,5.486747,10.293343,11.49957,15.103356,17.35484,20.23666,24.484507,26.166906,30.52567,30.466713,33.275715,28.104622,26.031841,23.473497,20.180431,19.333548,14.452071,12.662886,7.1387615,12.8863,9.5058565,12.732412,16.367401,18.367458,18.833956,17.170038,22.713982,20.167326,26.10972,26.210842,29.597734,32.079998,35.04463,36.583485,34.774548,32.48932,31.52925,27.094862,27.89438,23.542747,26.097275,24.577322,23.199821,20.511051,17.831478,16.26072,13.11484,16.1514,18.462969,22.091465,23.433384,27.893446,28.336744,32.07404,33.640804,30.827068,32.72424,28.141905,31.035107,28.74101,23.85367,25.171154,21.014917,22.713741,19.971994,21.524324,18.837164,20.879227,17.501781,15.5192795,14.228623,11.399487,14.589652,10.699355,16.458323,17.03828,20.801908,22.413816,27.2823,22.903051,19.562975,19.208569,14.949174,18.44141,14.875051,17.101414,15.566828,18.128187,20.253323,22.59956,24.338648,22.732368,27.027464,22.187843,26.343758,24.691505,28.429325
13,40.36405,36.6584,33.460808,31.311943,27.678612,24.828783,22.822847,18.576387,15.937049,12.765902,9.771231,6.407786,3.638724,0.0,4.0689297,7.3720107,11.758394,13.404981,17.41129,19.481602,22.727095,26.894102,28.904085,33.119205,32.712902,35.912548,30.800997,28.739056,25.818844,22.96181,21.449903,17.28215,14.379168,9.5931835,14.674372,9.952851,13.598928,16.81626,19.215658,20.383678,18.638266,24.275637,21.962698,27.671936,28.039654,31.187353,33.903008,36.616104,38.59014,36.687103,34.604134,33.562775,29.381351,30.391773,25.977772,28.991772,27.154827,26.263773,23.703775,21.19538,19.035288,16.194887,19.425627,21.160664,25.085102,25.966204,30.691813,30.710289,34.674286,35.993454,32.94431,34.512993,29.824718,32.27976,29.876822,25.153399,26.197353,21.929436,23.43252,20.315554,21.857134,18.903625,20.082262,16.352755,14.135395,14.009743,11.3308935,15.3969145,11.768759,17.9404,19.046497,22.585052,24.621586,29.010298,24.4513,21.31872,20.46731,16.212343,19.294973,15.016287,17.351046,14.690769,17.878153,19.362013,21.726414,23.955042,22.384008,27.221447,22.607567,26.78481,25.588068,29.150808
14,38.07498,34.363125,31.200975,29.5304,25.567339,22.623096,21.336117,16.38153,14.582386,11.095687,9.6578665,7.0100484,4.581809,4.0689297,0.0,4.475832,7.913003,10.032665,13.904035,16.019976,19.287046,23.520254,25.853361,30.003716,29.632463,33.24612,28.362375,26.656624,23.703527,21.129755,19.957644,15.880087,14.663861,10.448844,16.278584,12.436151,16.528595,19.78019,21.467726,21.815825,19.309544,24.748594,21.623873,27.319166,27.056856,30.17755,32.528683,35.020687,37.05873,35.68202,33.505486,33.045853,28.758408,30.104723,26.404186,28.993784,28.053768,26.741266,23.804886,21.488317,20.365562,16.677477,19.032904,20.904427,24.06198,24.683363,29.194452,28.764172,32.668003,34.109848,31.161552,32.432312,27.887993,30.44613,28.396467,23.79761,25.468058,21.45243,23.665707,21.116264,23.246937,20.644903,21.923864,18.603825,15.455069,14.854116,11.33548,14.451242,9.764268,15.764114,16.189156,19.515837,21.596025,25.722223,20.941868,17.77572,16.98091,12.827953,16.396746,12.807921,15.655084,14.17994,17.667618,19.874964,22.690477,24.411152,22.328098,26.757607,21.417818,25.304613,23.62416,26.90826
15,34.24178,30.506111,27.403677,25.558245,21.530367,18.428469,17.140028,12.019377,10.640141,6.857012,7.3538365,5.745156,5.486747,7.3720107,4.475832,0.0,5.7647223,6.1227326,10.417678,12.140666,15.613736,19.523746,21.60968,25.796213,25.536528,28.891941,23.960312,22.273289,19.504581,16.767355,16.095867,11.692612,12.175563,8.537524,14.63526,12.416779,16.438805,19.742064,20.561249,19.897224,17.017868,22.138634,18.479597,24.262869,23.545343,26.826214,28.870842,31.507015,33.21247,32.059097,29.716404,29.53471,25.071148,26.456282,23.250078,25.38586,25.172812,23.51836,20.34587,18.369406,18.12135,13.762939,15.323036,17.314075,19.915497,20.6079,24.906458,24.582634,28.350355,29.953669,27.184294,28.652853,24.224108,27.190567,25.323547,20.633001,22.739016,18.97714,21.620888,19.719921,22.10402,19.978437,22.038963,19.32117,16.146053,14.225675,10.458371,12.088133,6.9268465,12.274104,12.136247,15.700866,17.472147,22.039839,17.496138,14.167012,13.799877,9.587648,13.551154,10.989403,13.663456,13.878438,16.562809,19.63045,22.508736,23.502651,21.255737,24.91419,19.213783,22.966267,20.726667,24.153227
16,31.949112,28.304832,25.266466,24.622107,20.223692,17.380022,17.846146,12.053115,12.267244,9.633735,11.169994,11.224738,10.293343,11.758394,7.913003,5.7647223,0.0,5.278021,6.4883432,9.510363,11.835551,16.623692,19.349707,23.514425,23.775757,27.786137,23.480663,22.644178,20.248993,17.932224,18.386248,14.209062,17.086023,13.926272,20.003714,18.179314,22.050383,25.457764,26.149343,25.04917,21.86548,26.539627,22.235767,27.729033,26.179018,29.333923,30.703585,32.96847,34.600952,34.304806,31.828287,32.461845,27.932446,29.54479,27.214392,28.519491,29.287725,26.921183,23.48246,21.433588,22.499878,17.875584,18.295269,20.833868,22.02064,22.650187,26.170588,25.371998,28.72779,30.675562,28.299643,29.305094,25.3497,28.457626,27.263885,23.003658,25.88579,22.659693,25.90717,24.566225,27.283283,25.395578,27.304842,24.724005,21.042969,19.29075,15.279249,15.879287,10.328078,14.024599,11.98403,14.73195,16.182486,20.133078,15.12298,11.623456,11.910805,8.638523,13.624983,13.006259,16.142439,17.58936,20.566484,23.962238,27.129265,27.77958,25.116625,28.248957,21.935246,25.018084,22.119547,24.835081
17,30.698116,27.00739,24.131666,22.78611,18.386282,15.046842,14.902189,8.990256,10.1788025,6.7224984,11.018842,10.793569,11.49957,13.404981,10.032665,6.1227326,5.278021,0.0,6.073614,6.1311893,10.583074,13.65888,16.10543,20.046862,19.67269,23.504555,18.946112,17.844841,15.114212,13.144778,13.234898,9.843938,13.602635,12.235365,17.584425,16.892845,20.926922,23.916649,23.636559,21.78237,18.083513,22.228065,17.556458,22.805946,21.008286,24.127039,25.426485,27.726854,29.350857,29.061718,26.616444,27.402998,22.982113,24.875948,23.159657,24.50875,25.824238,23.806765,20.313622,19.222277,20.444101,15.420382,15.096118,16.69565,17.627066,17.654642,21.362127,20.263758,23.840466,25.585342,23.077393,24.146633,20.12063,23.351723,22.164797,17.899715,20.994238,18.076641,21.618423,20.90815,23.877272,22.516329,24.789806,22.910852,19.198015,16.556623,12.701243,11.797925,6.7327914,8.95546,6.8613067,10.046642,11.707986,16.103567,11.517601,8.070654,8.202344,4.5058208,9.3629055,9.622893,12.19985,15.042658,17.098614,21.051828,24.174456,24.165106,21.431017,23.857052,17.469765,20.419752,17.264614,20.218672
18,26.037224,22.43591,19.568796,19.41914,14.825245,12.08239,14.0098,8.3471575,10.705424,9.805285,13.326722,14.88337,15.103356,17.41129,13.904035,10.417678,6.4883432,6.073614,0.0,5.050467,5.4087434,10.685951,13.222036,17.54255,18.628393,22.335217,18.460642,18.294874,16.831013,14.565996,16.773705,12.767843,18.56648,16.506176,21.918966,21.814337,25.19871,28.544342,28.414743,26.22137,22.923548,26.674051,21.86639,26.94243,24.507391,27.688875,28.20247,30.485037,31.405836,31.83854,29.113316,30.462833,25.842766,27.420675,26.2377,26.363237,28.468897,25.391413,21.789415,20.263517,22.95801,18.078913,16.812576,19.67449,19.072975,19.921984,22.296421,21.627167,24.265947,26.700045,25.001986,26.142054,22.858196,26.567747,26.015627,22.105848,25.663248,23.22346,26.881086,26.498638,29.334742,28.069944,30.665903,28.70892,25.184856,22.460592,18.679882,17.531532,12.75616,13.665204,9.595338,11.661968,11.7568865,16.082525,11.692606,8.028824,10.168222,8.690221,13.532672,15.327985,17.810154,21.079166,23.037584,27.09057,30.183489,29.993992,27.240116,29.134104,22.670439,25.086836,21.347115,23.762747
19,26.655622,23.126543,20.60737,20.04484,15.50267,12.326935,13.920191,8.470139,12.011379,10.389694,15.592566,16.383379,17.35484,19.481602,16.019976,12.140666,9.510363,6.1311893,5.050467,0.0,5.950307,7.60129,10.523006,14.254171,14.281713,18.50204,14.67262,14.631063,12.677796,11.636529,13.390969,11.275702,17.492516,17.219013,21.858894,22.298758,26.004858,28.861666,27.921743,25.204119,21.318546,24.35707,19.181532,23.594467,20.723976,23.590927,23.840572,25.802607,26.96711,27.732748,25.148369,26.96548,22.682426,24.793282,24.568197,24.795406,27.544268,25.004803,21.422253,20.992373,23.601244,18.500921,16.578678,18.101105,16.975327,16.682896,19.064869,17.429571,20.307083,22.426542,20.59157,21.331274,18.182405,21.79396,21.540974,18.052298,21.953238,20.112185,24.114134,24.427267,27.583761,26.830456,29.364481,28.055447,24.291204,21.230713,17.679934,15.26788,11.517696,10.222407,5.4703193,6.676674,7.003718,11.250144,7.0122075,3.3374937,6.016273,6.0525627,9.724416,13.035401,14.915025,19.383575,20.70677,25.06895,28.16855,27.36596,24.451765,25.561539,19.062613,20.92373,16.901266,19.049173
20,21.888859,18.462658,15.965779,16.74886,12.198905,10.017856,13.694575,9.403097,13.129795,13.461209,17.571083,19.632118,20.23666,22.727095,19.287046,15.613736,11.835551,10.583074,5.4087434,5.950307,0.0,6.48437,8.864844,13.066491,15.178324,18.655506,15.688855,16.49922,16.102007,14.413949,17.879387,14.7605715,21.932486,20.698425,25.48665,26.281857,29.384966,32.602364,31.954506,29.11346,25.782793,28.695728,23.677238,28.098238,24.973894,27.953478,27.635822,29.717072,30.057568,31.27685,28.449913,30.508612,26.045918,27.624071,27.558647,26.71007,29.901644,26.403051,22.849613,21.88251,25.623142,20.84186,18.422783,21.202238,19.033878,19.853016,20.914665,20.177252,21.924246,24.737366,23.784285,24.814234,22.393171,26.364582,26.483244,23.176722,27.149899,25.466082,29.332748,29.653357,32.556095,31.736,34.60995,33.07202,29.585896,26.466845,22.905743,20.804306,16.816925,15.881847,10.929257,11.563647,10.165471,13.946774,10.78244,8.083469,11.359278,11.783342,15.589472,18.85733,20.833511,25.067596,26.447561,30.783514,33.813946,33.064075,30.256544,31.211231,24.834661,26.535143,22.320154,24.181313
21,21.871746,18.790415,17.07601,17.548561,13.554402,11.391842,14.808801,11.785227,16.30676,16.349722,21.661314,23.216164,24.484507,26.894102,23.520254,19.523746,16.623692,13.65888,10.685951,7.60129,6.48437,0.0,4.1210356,7.1103044,8.766028,12.786344,10.745277,12.55363,12.587764,12.748997,16.237568,15.471568,22.999395,23.50293,27.317465,28.866924,32.088333,34.78814,33.241795,29.744154,26.012756,27.784285,22.572235,25.81297,22.014654,24.435934,23.324734,24.899668,25.079313,27.11686,24.44543,27.344984,23.46865,25.514128,26.947403,25.775063,29.98182,26.948048,23.56827,23.887539,27.758898,22.965597,19.705082,21.076607,17.768608,17.381714,17.509209,15.691337,16.949564,19.619768,19.097137,19.609222,18.092934,21.990576,22.840649,20.497631,24.795275,24.152561,28.234743,29.490635,32.600903,32.44449,35.332653,34.55782,30.98919,27.510141,24.37027,21.020712,18.424618,15.213263,10.340769,8.925283,6.2018514,8.65567,7.8813624,7.4415655,10.679447,12.941178,14.720112,19.410622,20.504606,25.848246,26.364964,30.92114,33.82484,32.297466,29.438772,29.168604,23.143753,23.852467,19.35061,20.495716
22,18.911207,15.927102,14.534797,14.591788,11.19638,9.538071,13.077875,11.821073,16.324383,17.273066,22.506647,24.52058,26.166906,28.904085,25.853361,21.60968,19.349707,16.10543,13.222036,10.523006,8.864844,4.1210356,0.0,4.8132176,8.141688,9.999638,8.134719,10.3757715,11.861048,11.72069,16.224052,15.515177,23.529617,24.318813,27.478415,29.8453,32.546158,35.13892,33.300407,29.4167,26.07041,27.253742,22.301516,25.20016,21.261461,23.738115,22.221973,24.130976,23.428768,25.572002,22.737679,25.724268,21.880074,23.542538,25.488441,23.550058,28.306845,25.011415,21.846397,22.565826,26.991177,22.554743,18.69649,20.106184,15.86947,15.977172,14.960143,14.044393,14.373675,17.53205,17.708412,18.89122,17.888205,22.172441,23.101772,20.878149,25.035784,24.718294,28.557999,30.112894,32.959534,33.0636,36.378166,35.83158,32.70939,28.833462,26.041098,22.41496,20.398153,16.765493,12.1994705,11.122193,7.5850296,10.590317,11.220616,10.854142,13.967291,15.840702,17.349018,21.862373,22.541237,27.95989,27.90222,32.49592,35.138203,33.37357,30.774538,30.026985,24.470451,25.108465,20.605494,21.950653
23,20.099247,17.769548,17.187582,17.594881,15.01683,13.877291,17.09501,16.35875,20.84801,21.548424,27.03924,28.773872,30.52567,33.119205,30.003716,25.796213,23.514425,20.046862,17.54255,14.254171,13.066491,7.1103044,4.8132176,0.0,5.277826,6.8155174,7.8478036,11.207211,13.129584,14.506564,18.451082,19.166971,26.864994,28.381447,31.125813,33.67534,36.46868,38.790512,36.546867,32.41784,28.907616,29.361263,24.481215,26.362724,22.061438,23.871353,21.593746,22.818481,21.881567,24.93077,22.372164,26.077026,22.95054,24.874887,27.868828,25.713776,31.00406,28.05268,25.139174,26.455986,30.840227,26.51969,22.463785,23.064035,18.367138,17.598953,15.621827,13.782012,13.085794,15.979888,16.886803,17.347876,17.577547,21.431953,23.07787,21.873405,26.07802,26.532433,30.404417,32.496765,35.440357,35.91042,39.08736,38.943775,35.720795,31.836365,29.258644,25.164923,23.794703,19.331957,15.250606,13.089674,9.658868,9.9845295,12.641646,13.623184,16.267742,18.965279,19.42899,24.514767,24.78667,30.621315,30.21394,34.801384,37.36528,35.171165,32.55128,31.01337,25.870167,25.684273,21.219133,21.721241
24,25.214907,22.792068,22.007292,21.65988,18.829292,16.925407,18.992748,17.58252,21.97672,21.66688,27.630085,28.550728,30.466713,32.712902,29.632463,25.536528,23.775757,19.67269,18.628393,14.281713,15.178324,8.766028,8.141688,5.277826,0.0,6.440014,7.2567754,10.214925,10.834304,13.9148445,16.32366,18.727825,25.495924,27.960321,30.351177,32.70099,35.881252,37.814316,35.21463,31.105118,27.148668,27.229816,22.294914,23.447264,19.02645,20.262314,17.90998,18.489399,18.405327,21.69952,19.514956,23.545122,20.980642,23.592073,26.983255,25.635193,30.76398,28.68433,25.819185,27.640347,31.228703,26.771973,22.998606,22.390884,18.25454,16.033083,14.806302,11.114536,11.346743,13.191632,13.4628725,12.882128,13.367222,16.697546,18.703558,18.2209,22.462084,23.426313,27.395288,29.840054,32.997326,33.730824,36.516033,36.771885,33.362637,29.620008,27.297989,22.790104,22.236906,16.971613,13.804089,10.727574,8.092542,6.181558,10.519369,12.646103,14.32416,17.537651,16.633884,22.028679,21.800484,27.922575,27.197435,31.69251,34.20833,31.706448,29.02074,26.99529,22.126831,21.315727,16.972422,16.904106
25,22.755753,20.791115,20.617643,19.543793,17.99472,16.85069,18.402744,19.07861,23.131823,23.812021,29.490446,30.940401,33.275715,35.912548,33.24612,28.891941,27.786137,23.504555,22.335217,18.50204,18.655506,12.786344,9.999638,6.8155174,6.440014,0.0,5.5074434,8.832099,11.792375,14.285691,17.637537,20.012503,27.002266,29.762299,31.200523,34.598503,37.012684,38.74096,35.754787,31.18006,27.908497,27.04046,22.755411,23.195292,18.763634,19.93761,16.868258,18.033459,16.048409,19.585312,17.230677,21.40938,19.204123,21.123108,25.444979,22.985806,28.84958,26.625065,24.284231,26.736858,30.841919,27.051945,22.701765,21.957998,16.758642,15.159083,11.779394,9.797756,7.3481555,10.07975,12.162564,13.030345,14.586505,18.287663,20.232937,19.953901,23.680584,25.09433,28.515846,31.329016,34.00075,35.10588,38.461292,39.02533,36.311512,32.096325,30.27738,25.602486,25.68473,20.299149,17.524078,15.373713,12.239546,12.341267,16.306911,17.688229,19.618387,22.114573,21.376396,26.231457,25.589968,31.559244,30.112322,34.5443,36.62618,33.85745,31.64558,29.015692,25.053452,24.29264,20.248693,20.660564
26,22.885815,20.231535,19.265207,17.182419,15.019951,13.080566,13.676179,14.182418,18.01856,18.572054,24.249626,25.62346,28.104622,30.800997,28.362375,23.960312,23.480663,18.946112,18.460642,14.67262,15.688855,10.745277,8.134719,7.8478036,7.2567754,5.5074434,0.0,3.6415887,6.8871703,8.779191,12.5130205,14.542462,21.595467,24.308651,25.718351,29.14791,31.509188,33.2902,30.430988,25.93845,22.673313,22.259161,17.78217,19.10326,14.845252,16.874708,14.752556,16.967953,15.518146,17.719158,14.907467,18.328695,15.181536,17.136232,20.65903,18.652315,24.12304,21.916782,19.32867,21.69982,25.532848,21.621408,17.376217,16.634558,11.6752825,10.231094,7.9189167,6.455826,6.3232126,9.520588,10.09267,12.178826,11.879043,16.392878,17.438646,16.000525,19.759905,20.55015,23.976063,26.459925,29.075605,29.983494,33.501247,33.878395,31.33165,27.00029,25.199253,20.659733,20.741648,15.580909,12.972464,11.691327,8.578848,11.157043,13.819562,14.360093,16.236917,17.95622,17.546234,21.834175,21.227966,26.935308,25.495281,29.96145,32.043766,29.547081,27.394796,25.36303,21.07567,21.11797,16.989714,18.477705
27,24.56381,21.700539,20.407578,17.423374,15.274893,12.927423,12.071217,12.884883,16.141655,16.534195,22.111744,23.28385,26.031841,28.739056,26.656624,22.273289,22.644178,17.844841,18.294874,14.631063,16.49922,12.55363,10.3757715,11.207211,10.214925,8.832099,3.6415887,0.0,4.5311446,5.971487,9.515912,11.89669,18.48555,21.600245,22.473982,26.201899,28.371132,29.966236,26.951479,22.384487,19.2385,18.689768,14.336509,15.844027,11.798415,14.309186,12.82063,15.785936,14.444114,15.603267,12.585669,15.386257,11.800108,13.773654,17.079185,15.427195,20.700365,18.85478,16.323664,19.031313,22.437664,18.678083,14.52289,13.166056,8.376866,6.6131496,5.1355367,4.6536555,6.28553,9.02865,8.640125,11.745594,10.418226,15.20938,15.556708,13.520907,16.97718,17.583578,20.776619,23.233503,25.67981,26.657223,30.343594,30.822737,28.606026,24.116005,22.635698,18.09125,18.717695,13.629954,11.883732,11.474873,9.030748,12.712637,14.596614,14.63893,16.125786,17.106071,16.577034,20.14921,19.268362,24.671946,22.891129,27.263426,29.15314,26.691618,24.763151,22.848885,18.837975,19.3283,15.473211,17.702402
28,28.065874,24.955746,23.281208,20.450462,17.590046,14.592482,13.312866,12.348591,15.399494,14.503068,20.41126,20.760963,23.473497,25.818844,23.703527,19.504581,20.248993,15.114212,16.831013,12.677796,16.102007,12.587764,11.861048,13.129584,10.834304,11.792375,6.8871703,4.5311446,0.0,5.041444,5.8855124,9.888987,15.545621,19.173021,20.284466,23.358206,26.126743,27.605328,24.622171,20.366898,16.516956,16.484428,11.549589,13.485654,9.488492,12.153274,11.646095,14.396303,14.648317,15.229197,12.537189,14.962513,11.338561,14.163881,16.636726,16.511951,20.795097,19.675367,16.92858,19.382172,21.771791,17.597075,14.22722,12.090229,9.220768,5.8124175,7.9687757,5.1574936,9.2167,10.511589,8.271715,10.538378,7.5552096,12.322336,12.186972,9.55754,13.423474,13.75476,17.377827,19.745127,22.57792,23.451582,26.739717,27.236113,24.661528,20.345455,18.806957,14.028183,15.031159,9.446685,8.6587,8.302034,7.229196,10.972121,12.127725,12.244741,12.906427,13.724081,12.471152,15.918057,14.833231,20.3885,18.655472,23.091011,25.161348,22.7416,20.574535,18.946255,14.453565,15.136836,11.193637,13.857696
29,25.793024,22.44464,20.384598,16.963825,14.070397,10.905339,8.566807,8.204738,10.755137,10.746322,16.265007,17.350847,20.180431,22.96181,21.129755,16.767355,17.932224,13.144778,14.565996,11.636529,14.413949,12.748997,11.72069,14.506564,13.9148445,14.285691,8.779191,5.971487,5.041444,0.0,5.830026,5.9323606,13.093534,15.665319,17.01548,20.479618,22.741419,24.650507,22.128029,17.927511,14.706847,15.64013,10.909356,14.590672,11.588225,15.102383,15.3118925,18.722374,18.393326,18.10015,15.112867,16.327957,11.666466,13.347805,14.244555,13.775827,17.67449,15.69647,12.585724,14.541204,17.419622,13.163479,9.448091,8.705219,5.7634196,5.5502295,8.272767,8.93048,11.980685,14.079231,12.346235,15.374519,12.206106,16.867952,16.033987,12.292424,15.510274,14.609093,17.807396,19.328396,21.748428,22.140266,25.964848,25.895414,23.759377,19.24076,17.522558,13.555014,13.635681,9.72649,8.334047,9.975095,8.661642,14.184815,13.867233,12.560465,13.8123455,13.332125,13.787205,16.106522,15.644056,20.33154,18.987585,23.354248,25.3849,23.596851,21.667456,21.119734,16.473034,18.303797,14.663507,17.994482
30,31.60305,28.236834,26.105871,22.682718,19.683065,16.340567,13.54108,11.934684,13.412774,11.427761,16.839354,16.336945,19.333548,21.449903,19.957644,16.095867,18.386248,13.234898,16.773705,13.390969,17.879387,16.237568,16.224052,18.451082,16.32366,17.637537,12.5130205,9.515912,5.8855124,5.830026,0.0,6.638199,9.873423,14.314788,14.908445,17.834026,20.712292,21.973629,19.008774,15.05365,10.835487,11.747406,6.4224668,10.277642,7.8963294,11.384363,12.95275,16.162556,17.268017,16.055887,13.666408,14.215594,10.121998,12.854192,13.275352,14.975846,17.592918,17.351608,14.64454,16.86119,17.7563,13.619567,11.516983,8.296385,8.7547455,5.7126684,10.896221,9.721299,14.11773,14.733268,11.573978,13.949605,9.561774,13.37556,11.59073,7.052406,10.044933,8.855538,12.3832245,14.153317,16.98946,17.631361,21.014013,21.424715,19.150928,14.655601,13.509672,8.83304,10.9287615,6.2595334,8.2718315,9.942935,10.6293955,14.919463,14.347954,13.512787,13.254341,12.362718,11.146056,12.432613,11.000207,15.636103,13.591067,17.9211,19.881477,17.86536,15.909108,15.375641,10.867248,13.0947485,10.1410885,14.1627865
31,28.564016,24.965519,22.365686,18.87578,15.625263,12.228535,8.877663,6.5979714,6.8454037,5.4850264,10.737163,11.471882,14.452071,17.28215,15.880087,11.692612,14.209062,9.843938,12.767843,11.275702,14.7605715,15.471568,15.515177,19.166971,18.727825,20.012503,14.542462,11.89669,9.888987,5.9323606,6.638199,0.0,8.301961,9.773615,12.019455,14.866194,17.341558,19.663763,17.907448,14.495695,11.349612,14.31816,9.901369,15.403353,13.885294,17.667734,19.130579,22.588755,23.016953,21.761492,19.037907,18.99659,14.144282,15.367804,13.606588,14.693474,16.44873,14.659503,11.279951,11.819722,13.414656,8.511549,6.5485425,7.0359206,8.31288,9.30777,13.466258,14.307235,17.783197,19.512669,17.155958,19.896067,15.845728,19.884617,18.169682,13.430148,15.883989,13.36684,16.212494,16.38482,18.660412,18.23421,22.065283,21.270273,19.265831,14.881411,12.8702545,10.18283,9.363156,8.267616,8.090187,11.553973,11.70015,17.485706,15.408754,13.009926,13.672846,11.375301,12.968641,13.232443,13.378655,16.66845,16.007668,20.113222,22.248135,21.371275,19.539375,20.612274,15.684716,18.76977,15.793542,19.763636
32,36.504677,32.914436,30.226898,26.373276,23.465206,20.230309,16.205297,14.22788,12.416192,9.47184,11.448637,9.325504,12.662886,14.379168,14.663861,12.175563,17.086023,13.602635,18.56648,17.492516,21.932486,22.999395,23.529617,26.864994,25.495924,27.002266,21.595467,18.48555,15.545621,13.093534,9.873423,8.301961,0.0,6.300364,5.8368545,8.110368,11.061131,12.4667845,10.553959,8.395405,4.8544126,10.153995,7.8572946,13.6715975,14.602785,17.915453,20.96184,24.305252,25.701662,22.989311,21.03327,19.354534,15.4210205,16.519398,12.58679,16.500416,15.307285,15.969343,13.733071,14.2014065,11.851214,8.523836,10.482693,8.432102,13.568475,13.507508,18.803888,19.310688,23.399834,24.042124,20.84534,23.296244,18.645107,21.308184,18.420847,13.483769,13.7471485,9.757411,10.94657,9.324855,11.174616,10.104671,14.006228,13.187498,12.150021,7.554729,7.3121085,6.779336,8.727809,10.394031,13.549554,16.914518,18.402039,23.21671,20.827274,18.700909,17.938236,14.720998,15.122352,12.239057,11.60746,11.910407,10.594718,13.590143,15.152369,15.163448,14.134749,16.78842,13.372612,17.526714,16.482649,20.899235
33,35.451164,31.783424,28.792606,25.349705,22.311775,19.35042,15.757629,13.198126,9.938025,7.336158,5.8812575,3.6801224,7.1387615,9.5931835,10.448844,8.537524,13.926272,12.235365,16.506176,17.219013,20.698425,23.50293,24.318813,28.381447,27.960321,29.762299,24.308651,21.600245,19.173021,15.665319,14.314788,9.773615,6.300364,0.0,6.2408895,5.9908967,8.811965,12.044959,12.573249,12.004275,10.51559,15.915405,13.832445,19.81405,20.342438,23.863363,26.546412,29.932034,31.058577,28.703098,26.453924,24.969069,20.599691,21.117123,16.475965,19.450897,17.717264,16.986002,14.503918,12.840777,10.509135,7.0895905,10.604081,11.845733,16.366339,17.762833,22.4606,23.506577,27.248087,28.56169,25.727842,28.222496,23.640514,26.688276,24.094328,19.065525,19.876926,15.816568,17.05456,14.6807785,15.942778,13.80808,17.188486,14.821475,13.832096,10.660579,9.025917,10.886296,9.351294,13.489814,15.061032,18.972006,20.251806,25.573328,22.219921,19.261087,18.981157,15.038331,17.319805,14.091422,14.967329,14.287074,14.898413,17.40891,19.222097,20.239311,19.092295,22.58522,18.510227,22.75368,21.25764,25.48547
34,37.99951,34.48826,31.73303,27.440042,25.148178,22.377626,17.748245,16.965878,13.770677,12.175995,11.264909,9.733973,12.8863,14.674372,16.278584,14.63526,20.003714,17.584425,21.918966,21.858894,25.48665,27.317465,27.478415,31.125813,30.351177,31.200523,25.718351,22.473982,20.284466,17.01548,14.908445,12.019455,5.8368545,6.2408895,0.0,6.106182,6.081299,7.7180095,6.8058376,6.1534286,6.83745,11.724908,11.754011,17.016256,18.731236,22.055195,25.193878,28.88747,29.706392,26.44118,24.494762,21.947868,18.127293,18.003212,12.350329,16.41826,13.164937,14.132617,12.766004,12.34941,7.823003,7.004122,10.929298,10.146933,15.873648,17.206457,21.9527,23.663582,27.290155,28.131474,25.271656,28.245468,23.79391,26.532509,23.517256,18.740673,18.309868,14.500953,14.2137985,11.729179,11.673797,9.957473,14.3933,13.009138,14.00319,10.3823,11.13569,12.366951,13.517333,16.086163,18.630823,22.238506,23.325363,28.567122,26.076118,23.589884,23.176912,19.652372,20.735268,17.469763,17.135765,16.08711,14.984364,16.717466,17.422531,18.225378,18.106874,21.087729,18.745821,22.916616,22.184706,26.621994
35,41.342194,37.696987,34.72514,31.100187,28.2287,25.274345,21.426266,19.09071,15.905326,13.113364,11.061779,7.516355,9.5058565,9.952851,12.436151,12.416779,18.179314,16.892845,21.814337,22.298758,26.281857,28.866924,29.8453,33.67534,32.70099,34.598503,29.14791,26.201899,23.358206,20.479618,17.834026,14.866194,8.110368,5.9908967,6.106182,0.0,5.234031,7.5542417,9.268425,11.05728,10.556566,16.044744,15.532089,20.793844,22.44862,25.505732,28.850023,32.047276,33.67637,30.656618,28.88131,26.671095,23.010939,23.498478,18.236212,22.372967,19.24058,19.999065,18.32043,17.046701,12.762704,11.367554,15.4776,15.301085,20.714758,21.475342,26.575708,27.364418,31.387365,32.14635,28.941309,31.223898,26.478888,28.737143,25.6732,20.9147,20.565273,16.237549,16.20044,12.626401,13.010946,10.021995,12.652808,9.643608,10.117629,8.282949,8.562836,12.232858,12.305756,16.816696,19.60369,23.262346,25.055616,29.866936,26.550186,23.910545,22.960344,18.96694,20.332077,15.8278885,16.207108,13.28965,13.778106,14.696658,15.822325,17.842932,17.454361,21.876558,19.111174,23.563322,23.203272,27.416103
