,0,1,2,3,4,5,6,7,8,9,10,11,12,13,14,15,16,17,18,19,20,21,22,23,24,25,26,27,28,29,30,31,32,33,34,35,36,37,38,39,40,41,42,43,44,45,46,47,48,49,50,51,52,53,54,55,56,57,58,59,60,61,62,63,64,65,66,67,68,69,70,71,72,73,74,75,76,77,78,79,80,81,82,83,84,85,86,87,88,89,90,91,92,93,94,95,96,97,98,99,100,101,102,103,104,105,106,107,108,109,110,111,112,113,114
0,0.0,4.345799,6.164,10.716421,12.419245,13.483893,12.778503,8.40594,7.5884542,8.899749,10.755713,13.669344,15.1918545,17.911997,15.452521,13.422198,12.507945,12.7447605,12.036092,14.96509,12.49005,17.30245,21.175007,22.723475,20.654615,27.189995,23.885801,25.614498,21.780396,24.371565,21.065866,24.270382,23.482525,25.907684,28.095573,26.482449,31.335117,31.613771,30.203585,28.747221,24.462284,25.52317,22.927935,22.973772,22.69682,22.170843,24.430052,23.728693,28.758919,27.75335,27.77763,28.104826,27.412643,30.37521,30.486755,35.40271,35.407833,36.17901,33.63242,35.56433,33.61201,30.215557,29.998608,26.311075,28.75721,25.37549,30.002954,26.741714,29.38106,28.92029,25.423306,23.448109,20.140179,18.577951,17.175112,17.030243,17.673258,17.593445,20.163898,21.080872,24.562708,24.743273,21.50978,23.61775,22.178587,17.763502,18.719978,16.911589,18.817219,15.939818,19.06333,18.395294,21.02474,19.552765,15.40286,18.723242,19.023382,12.176523,14.149987,19.823797,15.183264,11.936984,16.424438,11.294724,8.777408,13.726841,15.866312,18.76121,21.03473,18.722858,24.476679,20.34882,24.903036,25.017626,28.748583
1,4.345799,0.0,5.1303906,6.957689,9.583053,10.575373,10.009612,7.7851048,6.7604837,10.126583,12.44343,15.965388,17.260952,19.240751,16.672411,13.60893,13.032153,11.55969,11.738345,12.976392,11.638299,14.82234,18.969275,19.732872,17.421537,23.794657,20.46757,22.308117,18.762028,21.178026,18.651762,21.48606,22.030125,24.07142,26.924927,25.605396,30.565994,31.344732,30.004969,28.2324,23.64031,25.16832,21.77956,22.563496,21.54868,21.461222,23.290123,22.733408,27.55008,27.10078,26.717321,27.563549,26.2716,29.444868,29.28276,34.141663,34.36968,34.48965,31.663815,33.27929,31.788618,27.93679,27.355568,24.210548,26.06413,22.962929,27.294876,24.34378,26.549154,26.550226,23.29925,21.500162,18.209967,17.564129,16.512114,15.817762,17.501953,17.154966,20.460352,21.430632,25.145071,25.256016,22.783669,24.70211,22.387184,17.968119,18.043552,16.213764,16.844643,13.521974,15.871554,14.707504,17.02024,15.359184,11.501025,14.850073,14.7919445,7.926124,10.59218,16.035027,11.70803,8.908093,14.223765,10.054473,7.190389,12.0944605,15.120818,18.222319,19.834238,17.155,22.30628,17.516727,22.095856,21.658928,25.532782
2,6.164,5.1303906,0.0,6.6239924,7.0594263,9.432015,10.625806,7.832901,9.591042,12.079408,15.721167,18.171013,20.239399,22.49376,19.42696,16.686722,14.322328,13.486934,11.560661,12.415631,9.017636,12.951349,17.20748,18.14449,17.214525,23.43474,21.170105,23.688251,20.5094,23.783169,21.395897,25.122953,26.06127,28.660288,31.15336,30.310852,35.117218,35.68337,33.92508,31.779062,27.101562,27.796486,24.45812,24.338432,22.808949,21.931486,23.137966,21.611687,26.798819,26.910395,26.977442,28.363405,27.793228,31.228777,32.040497,36.517185,37.424942,37.575085,34.777275,36.744045,35.739994,31.876057,30.776861,27.382336,28.522667,24.893986,28.722778,25.170317,26.854286,26.462296,23.47365,20.73675,18.41106,16.880182,16.713402,17.516619,19.270735,20.024887,23.227694,24.899254,28.560257,29.100813,26.480877,28.858372,26.71022,22.535711,22.700674,20.36587,21.392382,17.134956,19.423912,17.249264,19.445217,16.589928,14.582121,18.370298,17.535648,11.010415,14.914162,19.782238,15.2961445,13.041521,18.655207,14.230865,12.247352,17.217463,20.078024,23.051582,24.887487,22.24953,27.242489,22.235647,26.750736,25.831865,29.658014
3,10.716421,6.957689,6.6239924,0.0,3.901809,5.239873,6.870729,8.738395,9.883914,13.944394,17.65144,20.673695,22.358025,23.58605,20.52283,16.754442,15.105696,12.098143,11.845354,9.733826,9.477866,9.419535,13.880274,13.429226,11.82396,17.75901,15.386567,18.045761,15.448031,18.490484,17.37413,20.630249,23.410769,25.631243,28.71079,28.510328,33.21091,34.35857,32.624985,30.038568,25.113592,26.339813,22.053652,22.963188,20.459408,20.349205,20.916588,19.885166,24.438522,25.27752,24.655424,26.693256,25.211576,28.825867,29.243544,33.50101,34.738182,33.990234,30.882812,32.446922,32.195625,27.858145,26.166307,23.564116,23.721935,20.565918,23.821384,20.830095,21.857344,22.21176,19.658825,17.44543,15.166876,15.365451,15.645848,15.490156,18.57165,18.934286,22.894953,24.609451,28.423925,28.922558,27.410809,29.586885,26.353018,22.515182,21.553875,19.15943,18.637257,13.798692,14.754659,11.619111,13.294454,9.993684,9.28167,13.124087,11.895839,6.709228,11.286052,15.2405205,12.451371,11.490649,17.328125,14.86274,12.342102,16.101128,20.012093,23.14357,23.831799,20.778809,24.67575,18.847412,22.946423,21.118988,24.807028
4,12.419245,9.583053,7.0594263,3.901809,0.0,4.012046,7.5318336,9.034437,11.754399,15.098967,19.60054,21.895086,24.078506,25.401653,21.991222,18.488182,15.653786,13.197763,11.458104,8.774935,7.2398763,6.93042,11.47393,11.325771,11.166087,16.86654,15.539287,18.68649,16.432096,20.211008,19.023764,23.10203,25.889473,28.698124,31.284964,31.537998,36.04716,36.96007,34.836823,31.937437,27.006855,27.500635,23.35222,23.487528,20.60201,19.85761,19.852783,18.054987,22.80919,24.133936,23.861814,26.335196,25.462519,29.235641,30.48786,34.36497,36.172684,35.511284,32.50137,34.431767,34.560513,30.35193,28.283035,25.370047,25.00593,21.388487,24.17644,20.653515,21.278137,21.19866,18.898241,15.892835,14.56659,14.062155,15.139294,16.193563,19.235512,20.446531,24.253366,26.512297,30.25409,31.117563,29.559908,32.129875,28.986032,25.395084,24.53961,21.712631,21.749191,16.320908,17.485542,13.887375,15.592701,11.692864,12.382269,16.38721,15.042721,10.553898,15.0923,18.849274,16.197481,15.275419,21.15646,18.349817,15.85152,19.781286,23.685545,26.839348,27.638311,24.567232,28.521297,22.592493,26.541117,24.480495,27.931286
5,13.483893,10.575373,9.432015,5.239873,4.012046,0.0,4.121513,7.752885,10.370101,13.710331,18.399405,20.486866,22.63197,23.396498,19.909624,16.208384,13.391918,10.287519,9.16549,5.1544266,6.3667445,4.427364,8.736582,9.26495,7.8527,14.127054,12.177966,15.140919,12.68999,16.813618,15.426735,20.02933,22.89897,26.175436,28.334864,29.184618,33.40371,34.26411,31.881252,28.693714,23.758774,24.06947,19.769308,19.971579,16.791842,16.269485,16.202797,14.867845,19.373564,20.622658,20.105862,22.648853,21.573307,25.37551,26.73152,30.457724,32.469097,31.74598,28.780201,30.906149,31.271004,27.191114,24.906841,21.785667,21.258024,17.465378,20.302067,16.697601,17.645018,17.507998,15.0171175,12.345682,10.647921,10.767565,11.858628,12.683862,16.108644,17.45014,21.373783,23.876495,27.563393,28.623652,27.588175,30.325626,26.810514,23.726515,22.519444,19.332771,19.475258,13.519275,14.79518,11.147333,13.377388,10.207597,10.5568,14.837091,14.461262,10.789629,14.38466,18.367632,16.969551,16.084757,21.69941,19.444233,16.009695,19.162056,23.620312,26.932154,27.161932,23.879047,27.676323,21.454538,24.98691,22.767242,25.755478
6,12.778503,10.009612,10.625806,6.870729,7.5318336,4.121513,0.0,6.185906,7.5445795,10.983163,15.34479,17.542788,19.409304,19.760218,16.38906,12.473345,10.364085,6.4653115,7.127011,4.008867,7.590375,7.0774627,10.160538,11.4939375,8.193621,14.792602,11.392232,13.462688,10.086709,14.049135,11.763176,16.637922,18.875103,22.458826,24.306524,25.285292,29.397089,30.179026,27.760483,24.601162,19.661757,20.174545,15.844165,16.416836,13.607905,13.641344,14.3887825,14.110623,18.356106,18.750437,17.937902,19.880463,18.384495,22.049232,22.972832,26.989698,28.64349,28.125206,25.222094,27.44902,27.478329,23.581867,21.580914,18.082573,18.282759,14.448351,18.101122,14.673765,16.685322,16.550386,13.441435,11.80109,8.601884,9.355328,9.312982,8.945618,12.504454,13.439605,17.48439,19.883665,23.574312,24.614946,23.84617,26.581612,22.885311,20.082047,18.728685,15.366663,15.807142,9.660287,11.63638,8.840935,11.951497,10.4159975,8.518813,12.948919,13.8855715,10.269988,12.475985,17.115963,16.411934,15.2196045,20.35443,18.410622,14.152038,16.57349,21.336678,24.736557,24.605774,21.23347,25.161156,18.96004,22.278217,20.38338,23.09264
7,8.40594,7.7851048,7.832901,8.738395,9.034437,7.752885,6.185906,0.0,4.5728474,6.290708,11.466798,13.020229,15.482257,16.873112,13.26296,10.36267,6.9034734,6.2727594,4.010159,6.9848046,5.854925,10.567715,13.609716,16.20067,13.956579,20.524443,17.391722,19.20148,15.386054,19.11868,15.460731,20.471626,20.432579,24.401543,25.593391,25.83968,30.074154,30.203173,27.735836,25.09289,20.449793,20.371166,17.289999,16.584545,15.268757,14.339878,16.146027,15.387185,20.372566,19.681942,19.703299,20.65351,20.248127,23.597374,24.859648,29.172194,30.32111,30.875587,28.367239,30.976645,30.066988,26.743496,25.541899,21.237019,22.754784,18.621317,22.90085,19.056915,21.78895,20.865728,17.324358,15.187353,12.00657,10.196336,9.152877,10.068944,11.569174,12.996839,16.15817,18.570147,22.161634,23.288338,21.32177,24.40372,21.780462,18.63226,18.487738,15.095077,17.416204,12.207032,15.679791,14.161308,17.45508,16.010143,12.8137865,17.115948,18.130985,12.594665,14.712077,20.407495,18.033152,15.707074,20.795267,17.29189,13.010222,16.47932,20.464443,23.818247,24.64984,21.596466,26.67381,21.210943,25.026716,24.110369,27.048216
8,7.5884542,6.7604837,9.591042,9.883914,11.754399,10.370101,7.5445795,4.5728474,0.0,4.606564,8.096616,11.034328,12.594445,13.783453,10.703947,7.256938,6.7202086,5.327351,6.9778056,9.805074,10.344775,13.848041,16.882921,18.930433,15.629997,22.149044,18.086464,19.180716,14.996237,17.687506,13.741251,17.765167,16.996164,20.489643,22.001219,21.6534,26.116915,26.41269,24.392448,22.216522,17.620596,18.559572,15.489575,15.891783,15.399339,15.4635515,17.986475,18.253956,22.70891,21.422338,20.978327,21.222158,20.008436,23.002073,23.0923,27.918882,28.222092,28.828543,26.293865,28.535805,26.983658,23.691038,23.135916,19.017307,21.49039,17.979593,22.843353,19.727863,22.935724,22.479582,18.76512,17.665651,13.615116,12.945692,10.887697,9.609083,10.785964,10.596944,13.903231,15.437849,19.172478,19.804968,17.835747,20.489422,17.741577,14.260552,14.130025,11.10482,13.418853,9.203631,13.095232,12.850059,16.232359,15.932274,10.989769,14.753567,16.535936,11.045984,11.6870775,17.784857,15.681291,13.077144,17.434307,14.331303,9.418577,12.239705,16.304731,19.687035,20.31923,17.289877,22.557669,17.440447,21.262266,20.925652,23.891188
9,8.899749,10.126583,12.079408,13.944394,15.098967,13.710331,10.983163,6.290708,4.606564,0.0,5.5983863,6.8415766,9.206643,10.91406,7.464218,5.7530684,4.154539,6.639183,6.9104695,11.90776,11.612137,16.449287,18.836172,21.82009,18.78071,25.212177,21.245167,22.077703,17.740406,20.56227,15.744312,20.249487,17.75748,21.999025,22.303621,22.038809,26.092447,25.660563,23.280169,21.296589,17.186892,17.167534,15.369796,14.5145035,15.195694,14.679088,17.86028,18.188326,22.635935,20.471176,20.52581,19.946901,19.585934,22.204155,22.799908,27.540361,27.68234,29.1592,27.080387,29.82281,27.854605,25.292625,25.093992,20.27106,23.389887,19.588675,24.657528,21.247614,25.015549,23.949228,20.005863,18.909443,14.940994,13.159145,10.459099,10.01111,9.216418,9.708996,11.754326,13.597687,16.993721,18.011919,15.402961,18.673101,16.769638,13.869796,14.641903,11.375592,15.499798,11.971971,16.479929,16.77055,20.359304,20.283794,15.350058,18.956537,21.06877,15.575532,15.844506,22.025562,19.816921,16.900171,20.719154,17.133608,12.366187,14.850682,18.255548,21.450758,22.359806,19.633995,25.285797,20.76226,24.319977,24.459604,27.045977
10,10.755713,12.44343,15.721167,17.65144,19.60054,18.399405,15.34479,11.466798,8.096616,5.5983863,0.0,4.8850465,4.867193,7.196461,5.6248302,5.681345,8.540487,10.471155,12.374567,16.94487,17.080345,21.549393,24.0208,26.665684,23.078478,29.376982,24.83715,25.052881,20.608915,22.285631,17.361326,20.40657,16.260654,19.74262,19.941315,18.524115,22.660894,22.052774,20.367506,19.47081,16.043411,17.048998,16.1285,16.18424,18.100155,18.3518,22.035685,23.05744,27.021118,24.25573,24.046167,22.579657,21.70475,23.62306,22.936039,28.092749,27.018885,28.923584,27.076729,29.418013,26.414686,24.327124,25.171467,20.629385,24.906048,21.896006,27.33038,24.648243,28.771446,28.016195,24.021864,23.661829,19.292952,18.169413,15.043038,13.216684,11.584068,10.11222,11.010197,11.020893,14.140053,14.345943,10.886142,13.638429,12.563041,9.304974,11.230737,9.184998,13.970333,12.925318,17.391918,19.019152,22.408482,23.239084,17.24999,19.90073,22.551746,17.356035,16.172892,22.227734,20.106718,16.948896,19.271194,16.014385,11.498827,12.684181,15.077672,17.918625,18.930605,16.716513,22.671173,19.363157,22.69127,23.860498,26.308874
11,13.669344,15.965388,18.171013,20.673695,21.895086,20.486866,17.542788,13.020229,11.034328,6.8415766,4.8850465,0.0,3.6440341,6.376037,4.380174,7.3027935,8.215988,12.035435,12.686707,18.099533,17.816025,22.926594,24.762844,28.18663,24.948101,31.124556,26.872225,27.053638,22.621017,24.781572,19.349379,23.264324,18.374119,22.780655,21.662342,20.988329,24.354288,22.958572,20.588972,19.555159,16.7146,16.194714,16.532467,15.0419445,17.721434,17.28968,21.223589,22.17118,25.978981,22.601196,22.91808,20.869349,21.023508,22.620216,22.881968,27.609846,26.794779,29.447407,28.058687,31.012941,28.08143,26.647541,27.383636,22.217474,26.51555,23.08083,28.405785,25.32998,29.74645,28.388695,24.335947,23.862053,19.840158,17.857092,14.6007595,13.856161,10.886363,10.712287,10.056096,10.945092,13.3012495,14.361939,10.625029,14.367268,14.169245,12.416744,14.529685,12.007258,17.64498,16.079922,20.816467,22.239664,25.867369,26.55552,21.00607,23.983301,26.708647,21.481108,20.684355,26.78348,24.753399,21.591938,24.138172,20.630302,16.232094,17.527285,19.78287,22.451933,23.473196,21.379692,27.221556,23.925743,26.956572,28.019958,30.08078
12,15.1918545,17.260952,20.239399,22.358025,24.078506,22.63197,19.409304,15.482257,12.594445,9.206643,4.867193,3.6440341,0.0,4.0195694,4.6471424,7.864815,10.842279,13.746397,15.48141,20.466215,20.714022,25.374413,27.322762,30.42717,26.765715,32.84593,28.217405,28.023403,23.578423,25.021095,19.68112,22.636206,16.950666,20.788612,19.612421,18.284332,21.61713,20.164055,18.305502,18.005484,15.641135,16.00763,16.66256,16.090134,19.19801,19.409492,23.491957,24.902454,28.39413,24.862244,24.843786,22.457747,22.019724,23.225197,22.503311,27.47546,25.876417,28.640144,27.354244,29.966587,26.459309,25.301168,26.63681,21.785938,26.66923,23.801622,29.282265,26.736448,31.288292,30.236298,26.192917,26.210903,21.890135,20.539282,17.113253,15.394847,12.486871,11.013468,9.891221,9.259729,11.3370495,11.707977,7.4021378,10.832498,11.18347,9.594393,12.272087,10.645787,16.331532,16.15217,20.697742,22.82957,26.302998,27.55459,21.49069,23.893261,26.942974,22.095926,20.488651,26.34838,24.625404,21.497225,23.169043,20.17473,15.9465,16.278288,18.01667,20.402596,21.23826,19.460701,25.205606,22.624249,25.361725,26.954681,28.843702
13,17.911997,19.240751,22.49376,23.58605,25.401653,23.396498,19.760218,16.873112,13.783453,10.91406,7.196461,6.376037,4.0195694,0.0,3.9573271,7.3079824,11.38526,13.607638,16.29794,20.729563,22.040749,25.887941,27.393421,30.471048,26.400215,32.076786,27.201456,26.482414,22.14396,23.113312,17.66738,20.338057,13.868536,18.154747,16.112278,15.448798,18.277655,16.627573,14.403119,14.030244,12.019887,12.542985,13.748726,13.645764,17.274809,18.084972,22.303701,24.388311,27.23268,23.43282,23.07381,20.278229,19.393421,20.166874,18.918398,23.906282,21.98178,24.91614,23.838253,26.520226,22.895596,22.183342,23.71844,18.805212,24.055511,21.561497,27.028366,24.937391,29.731041,28.783115,24.811539,25.522186,21.057465,20.355133,16.737709,14.236426,11.085754,8.823603,6.7951717,5.351332,7.375991,7.9975224,4.7829113,8.892032,8.297519,8.377227,10.414453,8.629876,14.650734,14.991903,19.397459,22.050938,25.511286,27.412897,21.288628,23.34874,26.92562,22.92112,20.709919,26.24706,25.54824,22.75365,24.133362,22.010841,17.422213,16.718645,18.926624,21.308079,21.266924,19.374166,24.537426,21.959276,24.031416,25.628075,26.920979
14,15.452521,16.672411,19.42696,20.52283,21.991222,19.909624,16.38906,13.26296,10.703947,7.464218,5.6248302,4.380174,4.6471424,3.9573271,0.0,4.39136,7.45065,10.174651,12.4018545,17.040546,18.208178,22.204077,23.667528,26.934898,23.131508,28.959938,24.35494,24.020697,19.618898,21.343235,15.758007,19.536638,14.266322,19.1499,17.60212,17.620459,20.766224,19.490461,16.80693,15.371957,12.344334,12.096462,12.381067,11.543697,14.558036,14.90686,19.03323,20.768543,23.981089,20.458252,20.27215,17.99834,17.445662,18.873814,18.616074,23.493607,22.554056,25.087421,23.705364,26.685936,23.814888,22.512863,23.277632,18.03261,22.60388,19.46282,24.8771,22.240816,26.899828,25.754934,21.721252,22.007221,17.657259,16.584312,13.014176,11.050529,7.893405,6.6964235,5.8855777,6.945046,9.818149,11.136455,8.721812,12.693465,11.192591,10.300409,11.597985,8.522853,14.497041,13.135411,17.84714,19.780832,23.430786,24.813984,19.10926,21.778563,25.063282,20.731106,19.255247,25.086706,24.151508,21.355547,23.672482,21.123766,16.204803,16.43704,19.376842,22.16918,22.298847,19.95466,25.281069,21.769241,24.257936,25.21,26.7895
15,13.422198,13.60893,16.686722,16.754442,18.488182,16.208384,12.473345,10.36267,7.256938,5.7530684,5.681345,7.3027935,7.864815,7.3079824,4.39136,0.0,5.753946,6.400962,9.94451,13.6705265,15.582412,18.760838,20.507341,23.279118,19.223246,25.122164,20.382967,20.182297,15.730111,17.516504,12.17061,16.103426,12.296813,17.031273,16.65179,16.863317,20.597715,20.16634,17.678476,15.64718,11.5427685,12.267504,10.611635,10.989047,12.643566,13.457127,17.193266,18.899096,22.293842,19.527872,18.905605,17.550266,16.179102,18.272182,17.764765,22.835917,22.341555,23.923615,21.983389,24.67765,22.335484,20.177567,20.451326,15.473131,19.550726,16.377321,21.833754,19.261364,23.63353,22.890238,18.89814,19.187426,14.581924,14.255595,10.858812,7.9672704,6.5242267,4.610809,6.9050326,8.288561,11.963629,12.927631,11.486543,14.729503,11.845941,9.973097,10.075518,6.226365,11.363151,8.941552,13.716543,15.426709,19.077847,20.449518,14.749059,17.545233,20.790903,16.717648,15.302391,21.109016,20.49109,17.96463,20.7144,18.548937,13.30112,13.610676,17.410572,20.526388,20.340584,17.550983,22.66561,18.390423,21.087698,21.544977,23.382614
16,12.507945,13.032153,14.322328,15.105696,15.653786,13.391918,10.364085,6.9034734,6.7202086,4.154539,8.540487,8.215988,10.842279,11.38526,7.45065,5.753946,0.0,4.99463,5.0032344,10.120132,10.972622,15.169959,16.629442,20.206406,17.124413,23.211287,19.370604,20.009573,15.754985,19.030008,13.879972,19.359982,16.989878,22.120382,21.626022,22.478529,25.995945,25.379505,22.350489,19.680637,15.533896,14.479222,12.729303,10.952636,11.4448395,10.598663,13.9392605,14.569308,18.748083,16.344727,16.46753,15.893802,15.893307,18.628742,20.045507,24.39282,25.174452,26.708975,24.778666,27.994112,26.553772,24.23318,23.574446,18.309841,21.055984,16.846516,21.751045,18.06084,22.08831,20.642845,16.637695,15.749999,11.835112,9.8318615,6.7079606,6.9128118,5.6890025,7.8037724,9.87025,12.880328,16.120672,17.80429,16.097645,19.830027,17.425537,15.567606,15.739646,11.7622795,16.094227,11.698489,16.242556,16.3287,20.107103,20.219398,15.893509,19.655952,22.071783,17.369452,17.63487,23.554775,22.258698,19.72727,23.69533,20.651363,15.624113,17.516518,21.439524,24.70237,25.032282,22.103132,27.297298,22.366901,25.430763,25.139843,27.201006
17,12.7447605,11.55969,13.486934,12.098143,13.197763,10.287519,6.4653115,6.2727594,5.327351,6.639183,10.471155,12.035435,13.746397,13.607638,10.174651,6.400962,4.99463,0.0,5.3819675,7.353856,10.403312,12.457529,14.215164,16.89323,13.051871,19.17127,14.889914,15.50356,11.177487,14.418871,9.788534,15.253591,14.682209,19.364666,19.881403,20.990685,24.781687,24.932549,22.190254,19.178976,14.42088,14.556414,11.067797,11.19379,10.10304,10.452407,13.063198,14.083678,17.975567,16.52721,15.801141,16.1599,14.7923975,17.969936,18.65811,23.137455,24.112125,24.629286,22.185505,24.952026,24.048357,21.001038,19.862116,15.155722,17.25522,13.249874,18.152302,14.838713,18.547281,17.820747,13.933623,13.493708,9.006746,9.019868,6.478658,4.3211107,6.5484633,7.3114305,11.120333,13.703466,17.325771,18.610878,17.830149,20.958773,17.473095,15.3359585,14.385665,10.391506,13.007241,7.457934,11.607528,11.349335,15.138354,15.514355,11.23781,15.036798,17.555033,13.701724,13.840322,19.368773,18.929476,16.96778,21.09201,18.972801,13.806604,15.252534,19.89613,23.292831,23.01928,19.771692,24.318531,18.769953,21.719778,20.853525,22.967276
18,12.036092,11.738345,11.560661,11.845354,11.458104,9.16549,7.127011,4.010159,6.9778056,6.9104695,12.374567,12.686707,15.48141,16.29794,12.4018545,9.94451,5.0032344,5.3819675,0.0,5.897235,6.121293,10.481847,12.217108,15.845179,13.579741,19.803152,16.773952,18.302576,14.495293,18.651306,14.470273,20.366337,19.91002,24.722555,24.98329,26.04812,29.775757,29.569557,26.5589,23.497616,19.005644,17.955492,15.221143,13.542397,12.128762,10.631677,12.563973,11.9215355,16.852512,15.812972,16.065212,16.959175,17.113934,20.476284,22.54314,26.467793,28.089281,28.906347,26.64868,29.75826,29.137238,26.219997,24.777634,19.94957,21.325022,16.761875,20.940416,16.71744,19.856531,18.371706,14.664916,12.594314,9.463644,6.7750816,5.415739,7.742411,8.873587,11.495358,14.316883,17.476189,20.824911,22.47676,20.958078,24.500013,21.762188,19.455791,19.17013,15.239084,18.242258,12.655538,16.39944,15.020383,18.565933,17.538513,14.6783495,18.962858,20.498016,15.760946,17.379995,22.958563,21.40796,19.238161,24.093264,20.921413,16.28091,19.041742,23.261501,26.643576,27.09031,23.959053,28.8732,23.307455,26.644543,25.600864,27.980309
19,14.96509,12.976392,12.415631,9.733826,8.774935,5.1544266,4.008867,6.9848046,9.805074,11.90776,16.94487,18.099533,20.466215,20.729563,17.040546,13.6705265,10.120132,7.353856,5.897235,0.0,5.931866,5.3117294,7.1416616,10.106927,7.792989,14.032058,11.520973,13.7820215,10.768588,15.515802,12.911993,18.760672,20.635721,24.982063,25.987709,27.601803,31.31696,31.732742,28.800617,25.266098,20.485363,19.904404,15.954367,15.334056,12.041393,11.153717,11.271452,10.310234,14.89359,15.592528,15.183219,17.581863,16.924242,20.739878,22.803747,26.275433,28.619164,28.339815,25.681547,28.451656,28.874508,25.349224,23.005745,19.01639,18.733765,14.263382,17.434187,13.209521,15.21026,14.252201,11.112562,8.5706415,6.1447496,5.7542853,6.8822775,8.552723,11.870361,14.057121,17.683622,20.786129,24.247028,25.781385,25.10807,28.307304,24.74412,22.457796,21.24741,17.441317,18.684196,12.304189,14.530076,11.696388,14.751433,13.041697,12.231442,16.541386,17.490864,14.173947,16.449757,20.973783,20.362022,19.109308,24.300848,22.058273,17.723864,20.209246,24.940836,28.36496,28.267868,24.897478,28.891026,22.69203,25.750916,23.745525,26.043655
20,12.49005,11.638299,9.017636,9.477866,7.2398763,6.3667445,7.590375,5.854925,10.344775,11.612137,17.080345,17.816025,20.714022,22.040749,18.208178,15.582412,10.972622,10.403312,6.121293,5.931866,0.0,6.9520235,9.74337,12.786613,12.474414,18.458992,16.892033,19.537003,16.602032,21.163765,18.312124,23.901615,24.94987,29.156038,30.236988,31.100899,35.126152,35.25202,32.423317,29.291069,24.631962,23.766338,20.551521,19.080385,16.665749,14.829471,15.177553,12.905312,18.25191,18.794594,19.268772,21.320791,21.659435,25.322649,27.714094,31.308622,33.43548,33.6878,31.166546,34.003452,33.936363,30.495426,28.540298,24.369205,24.591988,20.082968,23.286577,18.862288,20.574982,19.233921,16.322765,12.839794,11.539885,8.797409,9.916117,12.84382,14.827382,17.339718,20.41141,23.44687,26.884052,28.38657,26.658892,29.986612,27.264666,24.385242,24.01027,20.403412,22.333439,16.440765,19.129879,16.367376,19.201761,16.529825,15.7064295,20.16925,20.305063,15.430071,18.700174,23.633577,21.322098,19.547224,25.14552,21.655014,18.00684,21.748178,25.790165,29.119637,29.96362,26.8381,31.529211,25.682133,29.392452,27.782963,30.638918
21,17.30245,14.82234,12.951349,9.419535,6.93042,4.427364,7.0774627,10.567715,13.848041,16.449287,21.549393,22.926594,25.374413,25.887941,22.204077,18.760838,15.169959,12.457529,10.481847,5.3117294,6.9520235,0.0,4.5635333,5.893579,6.4464884,11.791823,11.304561,14.656664,13.033526,17.743076,16.67094,21.891544,25.071676,28.85221,30.468496,32.031654,35.87407,36.58568,33.787663,30.175356,25.354704,24.90327,20.701036,20.24615,16.402155,15.360595,14.190982,12.103031,16.398579,18.550903,18.231949,21.509516,20.948273,24.864464,27.127546,30.18246,32.968983,32.124897,29.288588,31.740921,32.764793,28.86615,26.044374,22.838493,21.401571,17.306519,19.197443,15.14898,15.366058,14.769291,12.862076,9.330548,9.394903,9.337367,11.701952,13.66193,17.135885,19.265095,22.97731,26.009357,29.507214,30.952051,30.243881,33.295227,29.6632,27.070724,25.725193,22.194212,22.564524,16.258902,17.335182,13.382968,15.371644,12.084028,13.884994,17.954052,17.588802,14.9405365,18.370436,21.90253,21.093653,20.438587,26.007408,23.870665,20.356823,23.294043,27.894728,31.234531,31.271124,27.921095,31.480577,25.107494,28.252373,25.66785,28.196886
22,21.175007,18.969275,17.20748,13.880274,11.47393,8.736582,10.160538,13.609716,16.882921,18.836172,24.0208,24.762844,27.322762,27.393421,23.667528,20.507341,16.629442,14.215164,12.217108,7.1416616,9.74337,4.5635333,0.0,5.2206235,6.7583036,10.191835,10.802844,13.9198,13.0378065,18.020914,17.066004,22.77819,26.000946,30.30763,31.22294,33.566513,36.912136,37.444355,34.237076,30.231436,25.654839,24.46913,20.488106,19.482393,15.121742,13.762892,11.441967,8.959784,12.557211,15.582576,15.337045,19.263899,19.134834,23.025057,26.119589,28.427242,31.934797,31.022253,28.40873,31.220541,32.84199,29.2822,26.038054,22.70732,20.534683,16.245182,17.195461,12.798308,12.528792,11.23715,9.964786,5.7862887,8.057544,8.243931,11.482026,14.068094,17.425613,20.116982,23.513805,26.96511,30.181509,31.988075,31.770346,35.075123,31.285063,29.33653,27.80339,23.981579,24.610336,18.168447,19.166342,15.385604,17.333591,14.691269,16.860004,20.681734,20.779259,18.945305,21.835093,25.160334,25.11495,24.551695,29.928982,28.034945,24.178143,26.659433,31.47313,34.85822,34.55889,31.132229,34.46473,28.009298,30.661112,27.871313,29.791054
23,22.723475,19.732872,18.14449,13.429226,11.325771,9.26495,11.4939375,16.20067,18.930433,21.82009,26.665684,28.18663,30.42717,30.471048,26.934898,23.279118,20.206406,16.89323,15.845179,10.106927,12.786613,5.893579,5.2206235,0.0,5.340398,6.9990234,9.14434,12.929229,13.220848,17.519415,18.159285,22.727058,27.369892,30.774422,32.60665,34.741493,38.2812,39.346115,36.549538,32.63311,27.927404,27.598228,23.025467,23.103691,18.538021,17.996666,15.674992,13.849773,16.554373,19.98618,19.192316,23.274439,22.266657,26.133217,28.420284,30.757875,34.14232,32.457867,29.513462,31.634905,33.649666,29.58054,26.063253,23.81802,20.865858,17.454807,17.626509,14.295726,12.514543,12.719696,12.461354,9.531764,11.349115,12.926545,15.702942,17.115704,21.039385,22.96495,26.792006,29.807894,33.19198,34.641647,34.61155,37.50076,33.38667,31.124174,29.221144,25.835629,25.236805,19.099854,18.866314,14.410743,15.234646,11.793003,15.932613,19.150356,18.35706,17.838888,21.053144,23.196697,23.605259,23.771755,29.051111,27.844067,24.583393,26.907795,31.689314,34.94445,34.443638,31.044313,33.664795,27.145086,29.665342,26.361645,28.420906
24,20.654615,17.421537,17.214525,11.82396,11.166087,7.8527,8.193621,13.956579,15.629997,18.78071,23.078478,24.948101,26.765715,26.400215,23.131508,19.223246,17.124413,13.051871,13.579741,7.792989,12.474414,6.4464884,6.7583036,5.340398,0.0,6.615141,4.8953285,8.490329,8.019747,12.367142,12.94291,17.412407,22.140335,25.468645,27.352041,29.53092,33.020493,34.21246,31.568996,27.736778,22.99514,23.216257,18.335054,19.249357,14.811923,15.184899,13.686994,13.3026495,15.891501,18.315691,16.910927,20.438665,18.536993,22.351324,23.825825,26.605762,29.506323,27.757053,24.686434,26.682781,28.435337,24.309704,20.943197,18.679455,16.1057,12.781653,13.852547,10.835084,10.325994,11.144935,9.857595,8.487583,8.117737,11.200165,13.003876,13.007456,17.280466,18.544966,22.567541,25.274364,28.670353,29.938992,30.260937,32.932373,28.566715,26.509361,24.327879,21.042324,20.136385,14.088761,13.68637,9.436066,10.786029,8.636708,11.563957,14.729024,14.947302,14.813388,17.029892,19.396885,20.603933,20.711407,25.564096,24.870708,21.123812,22.706476,27.705643,30.973898,30.057009,26.602962,29.083576,22.54719,24.816011,21.632902,23.506884
25,27.189995,23.794657,23.43474,17.75901,16.86654,14.127054,14.792602,20.524443,22.149044,25.212177,29.376982,31.124556,32.84593,32.076786,28.959938,25.122164,23.211287,19.17127,19.803152,14.032058,18.458992,11.791823,10.191835,6.9990234,6.615141,0.0,5.596224,8.498785,11.077536,14.132314,16.59126,20.042213,25.951723,28.897408,30.724657,33.58953,36.554165,38.006634,35.320038,31.209417,26.842087,26.949402,22.077465,23.225544,18.358786,18.998806,16.381441,16.168589,16.86008,20.47511,18.727892,22.940695,20.83358,24.347364,25.990452,27.669394,31.309052,28.670034,25.655684,27.287216,30.270859,26.225716,22.114527,21.063826,16.68331,14.54693,12.934212,11.344426,7.7804346,9.925021,11.150562,10.852791,12.4683895,16.015404,18.244606,18.23575,22.453775,23.703255,27.534325,30.259174,33.382103,34.72346,35.710148,38.270596,33.573593,31.994753,29.398132,26.292843,24.695925,19.212585,17.683289,13.650227,13.504325,11.868407,16.515543,18.492155,18.360052,20.12791,22.0434,22.972357,25.296953,26.067476,30.528402,30.584993,27.114115,28.176022,33.19568,36.32876,34.9237,31.513279,33.01367,26.58351,28.0171,24.200623,25.278515
26,23.885801,20.46757,21.170105,15.386567,15.539287,12.177966,11.392232,17.391722,18.086464,21.245167,24.83715,26.872225,28.217405,27.201456,24.35494,20.382967,19.370604,14.889914,16.773952,11.520973,16.892033,11.304561,10.802844,9.14434,4.8953285,5.596224,0.0,3.8993573,5.639159,8.834419,11.1626,14.59998,20.426302,23.358095,25.260231,27.99681,31.04048,32.55115,30.0356,26.09395,21.625767,22.322367,17.190966,19.130222,14.619575,16.059227,14.547528,15.438124,16.600101,18.901884,16.761627,20.174625,17.279549,20.770803,21.516579,23.944769,26.88868,24.406328,21.211872,22.80934,25.220797,21.05322,17.220203,15.902435,12.231534,10.000079,10.038091,8.631789,7.5614834,9.887208,9.3544235,10.275255,9.567564,13.942768,15.162397,13.871942,18.229822,18.804153,22.771513,25.148815,28.31122,29.447771,30.58227,32.94191,28.138449,26.6572,23.92224,20.935858,19.17078,13.844843,12.245897,8.607992,9.155966,9.129476,11.988868,13.932671,14.910967,16.60527,17.579857,18.975632,21.725159,22.269503,26.348898,26.659632,22.803637,23.286171,28.403652,31.537874,29.89784,26.46615,28.055424,21.642155,22.995296,19.453867,20.513723
27,25.614498,22.308117,23.688251,18.045761,18.68649,15.140919,13.462688,19.20148,19.180716,22.077703,25.052881,27.053638,28.023403,26.482414,24.020697,20.182297,20.009573,15.50356,18.302576,13.7820215,19.537003,14.656664,13.9198,12.929229,8.490329,8.498785,3.8993573,0.0,4.4612536,5.947844,9.236023,11.957597,18.095375,20.955582,22.541079,25.77868,28.373674,29.989435,27.509487,23.515133,19.356026,20.351877,15.22226,17.905178,13.67583,15.936503,14.806684,16.734207,17.054064,18.74501,16.127401,19.055983,15.401843,18.505848,18.570017,20.836857,23.665964,20.804726,17.566456,19.031437,21.781237,17.763023,13.669028,12.809199,8.495529,7.2508693,6.9433293,7.2649546,7.1205287,9.964454,9.446115,11.957249,10.574868,15.410432,15.980702,13.736932,17.860317,17.892752,21.635159,23.736374,26.628983,27.698097,29.45202,31.612846,26.578415,25.689322,22.640715,19.848646,17.790604,13.212868,11.191271,8.925337,9.448553,11.341437,12.831037,13.981145,15.94873,18.244387,18.1205,19.268211,22.888407,23.449575,26.881538,27.719683,23.62762,23.260786,28.397606,31.429218,29.290545,25.91809,27.048796,20.901735,21.515257,18.042728,18.292107
28,21.780396,18.762028,20.5094,15.448031,16.432096,12.68999,10.086709,15.386054,14.996237,17.740406,20.608915,22.621017,23.578423,22.14396,19.618898,15.730111,15.754985,11.177487,14.495293,10.768588,16.602032,13.033526,13.0378065,13.220848,8.019747,11.077536,5.639159,4.4612536,0.0,5.1198997,5.53151,10.030933,14.909924,18.42729,19.826746,22.693789,25.652372,26.990788,24.426884,20.551327,16.0149,17.083124,11.805601,14.507571,10.665992,13.033045,12.948438,15.061211,16.37883,17.0674,14.671056,16.91588,13.334795,16.663486,16.612333,19.826078,22.06594,20.080692,16.882317,18.829708,20.435001,16.463589,13.136031,10.726913,8.628305,5.7336884,8.720994,7.4147935,9.680346,11.145981,8.909625,11.033933,7.9716167,12.595899,12.433758,9.566346,13.765634,13.640414,17.56991,19.699121,22.797405,23.875456,25.267586,27.57338,22.692146,21.61333,18.79219,15.708055,14.339208,9.114557,8.262329,6.4954486,8.767656,10.832604,10.126166,12.117023,14.762778,15.6405735,15.264345,17.676687,20.577639,20.558113,24.108063,24.438631,19.968903,19.725077,24.921507,28.076004,26.211351,22.776152,24.726051,18.509235,19.700552,16.87792,17.670631
29,24.371565,21.178026,23.783169,18.490484,20.211008,16.813618,14.049135,19.11868,17.687506,20.56227,22.285631,24.781572,25.021095,23.113312,21.343235,17.516504,19.030008,14.418871,18.651306,15.515802,21.163765,17.743076,18.020914,17.519415,12.367142,14.132314,8.834419,5.947844,5.1198997,0.0,5.803123,6.0272336,12.88812,15.069934,17.166574,20.134384,22.808058,24.76418,22.818155,19.29583,15.211558,17.638372,12.420802,16.642136,13.739524,16.868036,17.21936,19.867208,20.56437,20.852333,18.101429,19.63462,15.138185,17.652443,15.744771,19.067453,20.447548,17.602089,14.079868,14.915069,16.720572,12.279698,8.736437,8.392696,6.138351,6.7550898,9.198164,10.531544,12.42791,14.715825,13.104343,15.939659,12.892808,17.44959,16.750957,12.879841,16.525053,15.104346,18.78334,19.94303,22.764442,23.304512,25.407768,26.999895,21.773298,21.097286,17.706339,15.570168,12.611305,9.582983,6.749349,7.224096,8.110761,12.224753,10.860562,10.8810835,14.321702,16.826761,15.057052,16.186209,20.517275,20.971603,23.388176,24.895618,20.71544,19.194414,24.180868,27.017612,24.39207,21.143229,21.927898,16.16101,16.21795,13.218218,13.101557
30,21.065866,18.651762,21.395897,17.37413,19.023764,15.426735,11.763176,15.460731,13.741251,15.744312,17.361326,19.349379,19.68112,17.66738,15.758007,12.17061,13.879972,9.788534,14.470273,12.911993,18.312124,16.67094,17.066004,18.159285,12.94291,16.59126,11.1626,9.236023,5.53151,5.803123,0.0,6.819245,9.503254,13.831406,14.516621,17.515238,20.352839,21.507383,18.95488,15.248778,10.617374,12.545467,7.191138,11.316433,9.221909,12.471049,14.0425415,17.02076,18.336771,17.389832,14.97417,15.546003,11.366388,14.044919,12.574013,16.844097,17.89541,16.62335,13.556809,15.766277,16.106636,12.536148,10.3522415,6.3607817,7.821257,5.5385237,10.745593,10.115038,13.969031,14.796427,11.836964,14.413472,10.208798,13.958399,12.298062,7.71305,10.883267,9.359366,13.064416,14.61729,17.594732,18.504717,20.302334,22.438608,17.436623,16.966658,14.016689,10.953977,10.166276,6.053444,6.71337,8.301415,11.200551,14.406027,10.922138,12.412207,16.31447,16.448305,14.594445,17.766888,20.679682,20.119837,22.814102,23.243887,18.359978,17.136335,22.174297,25.228657,23.097332,19.791304,22.034212,16.415491,17.273193,15.552826,15.940688
31,24.270382,21.48606,25.122953,20.630249,23.10203,20.02933,16.637922,20.471626,17.765167,20.249487,20.40657,23.264324,22.636206,20.338057,19.536638,16.103426,19.359982,15.253591,20.366337,18.760672,23.901615,21.891544,22.77819,22.727058,17.412407,20.042213,14.59998,11.957597,10.030933,6.0272336,6.819245,0.0,8.122756,9.068706,11.897799,14.391617,17.157688,19.514212,18.32195,15.623376,11.972055,16.058905,11.525149,16.83334,15.655875,19.148232,20.679113,23.72306,24.668354,23.816517,21.155096,21.354303,16.576817,18.22694,14.370467,18.644245,18.172737,15.745189,12.32254,12.322495,12.260336,7.4385824,6.064199,6.392661,8.478421,10.158881,13.748767,15.265646,18.08475,19.948854,17.76717,20.628262,16.747656,20.64707,18.947916,14.123526,16.679827,13.772618,16.91701,16.778027,19.33087,19.163769,21.668829,22.503937,17.167025,16.905748,13.180081,12.182841,8.185672,8.562493,6.011415,9.823689,10.911589,15.719169,11.947852,10.822917,15.334748,17.469442,14.030457,15.246687,19.848188,20.026024,21.095646,23.214067,19.090246,16.187483,20.713629,23.220827,20.041862,17.075579,17.497147,12.659427,11.848628,10.182086,9.4396105
32,23.482525,22.030125,26.06127,23.410769,25.889473,22.89897,18.875103,20.432579,16.996164,17.75748,16.260654,18.374119,16.950666,13.868536,14.266322,12.296813,16.989878,14.682209,19.91002,20.635721,24.94987,25.071676,26.000946,27.369892,22.140335,25.951723,20.426302,18.095375,14.909924,12.88812,9.503254,8.122756,0.0,6.507482,5.437621,8.339403,10.949308,12.241709,10.661285,8.58396,5.288326,10.745431,8.453263,13.571017,14.979776,18.301329,21.259033,24.67057,25.848991,23.35434,21.192175,19.564095,15.420207,16.016024,11.265131,16.637487,14.295464,14.383565,12.213269,13.492299,10.284561,8.359419,10.318674,7.162868,13.08326,13.36627,18.186062,18.666075,22.896986,23.579424,20.540659,23.248077,18.732279,21.295095,18.458748,13.433069,13.713352,9.652706,11.082122,9.57013,11.575875,11.132283,14.259384,15.054458,9.718719,11.158388,7.860336,7.1751137,6.870735,9.658329,10.975831,15.259844,17.59157,21.65814,16.206478,16.138046,20.827364,20.638916,16.780766,19.846556,22.815332,21.799858,22.304844,23.432396,18.831036,15.505255,19.269346,21.613655,18.771706,16.266588,18.213356,14.978434,14.592488,15.372772,14.822852
33,25.907684,24.07142,28.660288,25.631243,28.698124,26.175436,22.458826,24.401543,20.489643,21.999025,19.74262,22.780655,20.788612,18.154747,19.1499,17.031273,22.120382,19.364666,24.722555,24.982063,29.156038,28.85221,30.30763,30.774422,25.468645,28.897408,23.358095,20.955582,18.42729,15.069934,13.831406,9.068706,6.507482,0.0,6.561857,6.0905285,9.363314,12.554146,13.414275,13.197522,11.479202,17.087225,14.811101,20.048658,21.040833,24.408699,27.075365,30.29544,31.568413,29.522453,27.197012,25.909466,21.49425,21.994947,16.5242,21.375275,18.232681,17.284262,15.023497,14.070346,10.097801,7.5320334,11.096018,11.397197,16.218473,17.865574,21.977276,23.303694,26.796446,28.198612,25.524515,28.19836,23.757727,26.664717,24.046484,18.951801,19.73155,15.507499,17.055998,14.637368,16.2375,14.579486,17.461967,16.607037,11.714623,12.461933,8.937059,10.964191,7.2699313,12.828462,12.266174,17.017904,18.22473,22.817722,17.377665,15.663375,20.240381,21.280024,16.49316,17.87555,21.718788,21.319725,20.216713,22.844563,19.305069,14.701416,17.50252,19.098053,15.247997,13.380555,13.334372,11.816133,9.814406,11.829102,10.738656
34,28.095573,26.924927,31.15336,28.71079,31.284964,28.334864,24.306524,25.593391,22.001219,22.303621,19.941315,21.662342,19.612421,16.112278,17.60212,16.65179,21.626022,19.881403,24.98329,25.987709,30.236988,30.468496,31.22294,32.60665,27.352041,30.724657,25.260231,22.541079,19.826746,17.166574,14.516621,11.897799,5.437621,6.561857,0.0,6.0079174,6.0324607,7.717446,7.2840266,7.1027975,7.427906,12.674841,12.29169,16.994537,19.159517,22.536457,25.577404,29.287191,29.938635,27.052238,24.855911,22.568302,18.469542,17.951262,12.013741,16.757362,12.644241,13.219598,12.065162,12.490447,7.392562,8.157567,11.876637,10.340518,16.189072,17.486769,21.682087,22.869917,27.088789,27.824064,25.027952,28.105354,23.73907,26.253626,23.307796,18.43571,18.039698,14.02807,14.040604,11.438351,11.762822,10.540221,14.897664,14.574795,9.8887615,13.085507,10.381475,11.2908745,11.006675,15.024095,15.852899,20.32965,22.256203,26.653107,21.260809,20.577223,25.30351,25.523516,21.241888,23.653118,26.952799,26.017923,25.557821,27.176949,22.980661,18.993141,21.815557,23.536322,20.248814,18.494335,19.468794,17.889647,16.359333,17.965445,16.39268
