,0,1,2,3,4,5,6,7,8,9,10,11,12,13,14,15,16,17,18,19,20,21,22,23,24,25,26,27,28,29,30,31,32,33,34,35,36,37,38,39,40,41,42,43,44,45,46,47,48,49,50,51,52,53,54,55,56,57,58,59,60,61,62,63,64,65,66,67,68,69,70,71,72,73,74,75,76,77,78,79,80,81,82,83,84,85,86,87,88,89,90,91,92,93,94,95,96,97,98,99,100,101,102,103,104,105,106,107,108,109,110,111
0,0.0,4.3882885,6.1962285,10.49438,12.19151,13.615693,13.258794,10.0453415,9.13502,11.516389,13.102932,16.655712,17.756777,20.21806,17.906767,15.344546,14.8307705,14.211559,13.855282,15.819287,13.620723,17.364775,19.396294,24.315977,22.332691,28.550894,25.651281,26.7233,22.59023,24.232334,21.082907,22.572626,22.117918,23.064121,25.501444,24.465275,29.482176,30.059118,30.23268,29.60385,25.038761,27.329786,23.679167,25.165808,24.017096,24.309576,25.697268,24.985813,29.671553,29.600683,29.092863,30.270351,28.153702,31.395855,28.67876,33.265915,33.22421,32.796993,32.15549,30.62302,31.897501,26.891762,27.102476,25.66622,27.631712,25.021172,29.56684,27.448189,30.132582,29.92973,26.937902,24.567621,21.574415,19.985298,18.9943,18.32631,19.541435,18.853771,21.788607,21.866322,25.019102,24.940586,19.877851,21.21551,22.857885,19.579998,18.024689,14.719215,17.538261,15.801239,19.060673,20.008133,23.804739,23.90546,25.686428,26.559507,25.091982,20.507925,20.331501,15.188056,13.423948,11.438688,12.28653,13.586328,15.759548,12.381723,10.403691,6.326555,6.455126,6.8523555,7.972123,11.944603
1,4.3882885,0.0,5.1912246,6.733356,9.567493,11.003377,10.640912,9.632048,8.58606,12.405814,14.513607,18.33137,19.322903,21.05321,18.592367,15.211443,14.999536,12.90959,13.458519,13.870494,12.982431,15.050555,16.55251,21.494862,19.231981,25.222332,22.1158,23.160793,19.232407,20.643248,18.200996,19.262121,20.206434,20.743773,23.871021,23.146286,28.241838,29.274696,29.417694,28.342695,23.668386,26.2248,21.97673,24.059086,22.334011,23.107584,24.157824,23.825577,28.054853,28.300488,27.361738,28.783272,26.123596,29.19055,26.765043,30.635626,30.985573,29.957106,29.062382,27.608871,29.584986,24.446058,24.087353,23.188124,24.521421,22.214369,26.437664,24.677996,27.02237,27.224155,24.55149,22.461325,19.423136,18.718048,17.974169,16.72456,18.811558,17.869734,21.394756,21.525198,24.967234,24.831432,20.213034,21.91634,22.581944,18.857643,16.570547,13.033658,14.83644,12.695757,15.346574,16.05392,19.815964,19.813631,21.369865,22.268833,20.766226,16.156979,16.360186,10.958161,10.331557,8.09467,10.426264,12.789874,15.634989,13.072348,10.222957,8.463471,4.360157,5.2293615,4.411779,8.644715
2,6.1962285,5.1912246,0.0,6.434592,6.6683903,9.273471,10.70868,9.154595,10.544096,13.727952,17.17172,20.067636,21.848982,23.883934,20.882141,17.743122,15.780441,14.2610035,12.854624,12.8634405,10.210789,12.652001,15.15219,19.525936,18.586893,24.195076,22.187456,24.043713,20.387455,22.813408,20.441898,22.6506,24.097723,25.340424,28.09242,27.940392,32.842495,33.6591,33.315144,31.828394,26.972727,28.720009,24.458523,25.495775,23.337267,23.366995,23.736969,22.495445,26.982742,27.975042,27.336067,29.473013,27.361362,30.744429,28.93171,32.933586,34.05831,32.973198,32.314217,31.376799,33.62298,28.469326,27.573849,26.21666,26.713642,23.845041,27.586052,25.254541,26.946838,26.641779,24.087967,21.121416,19.024334,17.521292,17.657673,17.82787,20.086435,20.248432,23.829742,24.768349,28.285538,28.622505,23.938354,26.012192,27.033188,23.130669,21.136658,17.00124,19.135548,15.618176,18.154963,17.585983,21.24414,19.971928,22.495468,24.38553,23.088898,18.426004,19.89719,13.80451,15.083759,12.034255,15.269896,17.664307,20.394917,17.711687,15.138003,12.22209,9.543103,9.09132,6.702752,10.2597685
3,10.49438,6.733356,6.434592,0.0,4.352037,5.9039593,7.0972686,9.707168,10.512027,14.817592,18.424784,21.528234,23.02965,24.04709,21.01581,17.081814,15.787443,12.391537,12.65963,10.200314,10.67536,9.706058,10.81725,15.358983,13.594573,18.981682,16.44843,18.18989,14.863821,17.048023,15.725076,17.577621,20.84932,21.855703,25.102463,25.620033,30.316135,31.597584,31.086754,28.98689,24.14295,26.099115,21.20505,23.00713,20.145144,20.944555,20.91427,20.500383,24.0992,25.347591,24.05121,26.376825,23.515789,26.559053,25.193981,28.152727,29.8291,28.013832,27.125856,26.464441,29.538744,24.392311,22.67138,21.91348,21.446537,19.01981,22.23361,20.460238,21.749805,22.094522,20.012203,17.748148,15.462764,15.598322,15.933758,15.096166,18.434772,18.23659,22.383183,23.392265,27.139791,27.457125,23.54462,26.084576,25.90448,21.579006,18.949268,14.709951,15.491413,11.183821,12.627633,11.396182,14.959332,13.7088995,16.106556,18.112722,17.084667,12.477904,14.608977,8.259362,12.061092,8.584205,13.516889,16.821201,20.02939,18.563438,15.441664,15.142991,9.720837,10.460479,6.482004,8.981981
4,12.19151,9.567493,6.6683903,4.352037,0.0,4.0018406,7.4385753,9.403052,11.959097,15.521362,20.016588,22.347904,24.438808,25.66066,22.233545,18.61307,15.946944,13.2413,11.797388,8.881555,7.951508,6.719902,9.095613,13.03724,12.717039,17.764652,16.434275,18.917625,15.886804,19.0862,17.552261,20.605433,23.73692,25.53821,28.182178,29.20088,33.664177,34.647583,33.668205,31.261526,26.329004,27.481274,22.759665,23.490492,20.360834,20.406456,19.76073,18.502367,22.307285,24.196684,23.230148,26.151613,23.926819,27.245974,26.415823,29.623577,31.904613,30.244612,29.703106,29.53725,32.582336,27.520817,25.524815,24.146322,23.12133,20.114239,22.894533,20.48647,21.25008,20.970982,18.945978,15.819134,14.52413,13.839529,15.025654,15.582246,18.877996,19.672184,23.715187,25.405647,29.155151,29.899343,25.934462,28.788435,28.985111,24.56046,22.343906,17.68563,19.095007,13.963657,15.581623,13.432686,16.670355,14.447035,17.899025,20.702217,20.067348,15.697034,18.41352,12.097816,16.244062,12.316379,17.20342,20.331686,23.385847,21.777292,18.879719,17.828308,13.294664,13.768659,9.825374,12.188956
5,13.615693,11.003377,9.273471,5.9039593,4.0018406,0.0,4.130654,7.685971,10.3985615,13.734309,18.548895,20.45269,22.631382,23.39913,19.833956,16.16932,13.288549,10.202446,9.042987,5.025554,6.314341,4.1407943,5.924234,10.70346,9.450101,15.278728,13.557421,15.885372,12.620862,16.329695,14.307959,18.306456,21.224714,23.840841,25.81011,27.55097,31.596447,32.39166,30.967094,28.213255,23.295017,24.014565,19.322102,19.750994,16.454336,16.51217,15.836476,14.897101,18.591932,20.292604,19.25369,22.166815,20.005445,23.387186,22.724564,26.0772,28.584482,27.12666,26.910713,27.125015,29.997517,25.080536,22.927637,21.006653,19.8464,16.506908,19.387665,16.712185,17.876123,17.434813,15.137491,12.221855,10.5471,10.183016,11.357861,11.932268,15.457973,16.570272,20.642933,22.727087,26.486664,27.517275,23.946321,27.23527,27.21486,22.631962,20.69874,15.770432,17.457151,11.601286,13.522496,11.326801,14.491897,13.205533,16.986105,19.648478,19.633703,15.476272,17.668388,11.642614,15.920241,11.397055,16.40653,19.538326,22.498545,21.556206,18.792841,18.872877,14.032877,15.712939,12.159688,14.837246
6,13.258794,10.640912,10.70868,7.0972686,7.4385753,4.130654,0.0,6.204354,7.5671253,11.046081,15.51574,17.528244,19.411926,19.769472,16.32618,12.448831,10.347889,6.416673,7.152541,3.9695485,7.6097226,7.0321355,7.1441717,12.462823,9.3391485,15.978076,12.981314,14.35822,10.360106,13.739001,10.754078,15.067157,17.21658,20.290705,21.814291,23.812666,27.661106,28.350555,26.841162,24.108406,19.18016,20.078499,15.35499,16.237139,13.237144,13.847541,14.020923,14.0496235,17.68024,18.385923,17.185478,19.389746,16.91038,20.262363,19.06938,22.80317,24.832272,23.712202,23.63791,23.758255,26.203611,21.317614,19.485582,17.210978,16.811846,13.423063,17.151314,14.609741,16.931997,16.71112,13.924393,12.024291,8.855556,9.139175,9.048735,8.286994,11.910803,12.559755,16.73065,18.699913,22.476374,23.501104,20.156782,23.61305,23.378338,18.746668,16.991838,11.972242,14.013006,8.003654,10.781863,9.7575445,13.140679,13.692042,16.8409,18.645407,18.8595,14.793652,15.730352,10.225382,13.516821,8.702978,13.387532,16.408087,19.248478,18.893185,16.289213,17.580978,12.570961,15.392629,12.612463,15.666138
7,10.0453415,9.632048,9.154595,9.707168,9.403052,7.685971,6.204354,0.0,4.542383,6.3734975,11.568989,13.094428,15.541328,16.969664,13.328621,10.397419,6.913391,6.2815814,3.9254906,6.859454,5.696265,10.311114,12.071605,16.977337,14.789099,21.394957,18.873652,20.136871,15.942135,19.092892,14.939931,19.257627,18.902645,22.430458,23.138687,24.549969,28.486904,28.528355,27.068241,25.061996,20.178278,20.752409,17.061878,16.894135,15.207362,14.766475,15.850956,14.979805,19.760628,19.72946,19.457335,21.071491,19.660215,23.310802,21.39673,26.486319,27.62684,27.546284,27.783323,27.544907,28.850698,24.042639,23.333426,20.326015,21.40676,17.724417,22.095325,19.080603,22.027586,21.091562,17.735193,15.253582,12.286172,10.0489,9.096113,9.767137,11.306774,12.463706,15.788655,17.778025,21.291153,22.46854,18.266356,21.481033,22.596664,18.37522,17.544752,12.565494,16.396221,11.75641,15.692113,15.707607,19.187794,19.785845,22.847406,24.382307,24.24253,19.90361,20.102543,14.566041,15.405969,10.886239,13.741334,15.7586,18.02365,16.79616,14.869846,14.713463,11.910503,14.764355,13.221484,17.200697
8,9.13502,8.58606,10.544096,10.512027,11.959097,10.3985615,7.5671253,4.542383,0.0,4.63346,8.24925,11.081788,12.630776,13.830129,10.683513,7.2155166,6.6102004,5.254795,6.827506,9.65639,10.177784,13.669449,14.565176,19.798607,16.53938,23.31916,19.813875,20.263002,15.793287,17.85209,13.401678,16.668076,15.272174,18.479439,19.253489,20.194653,24.302904,24.43383,23.408634,21.881506,17.069178,18.58567,14.937841,16.037695,15.045429,15.537274,17.48268,17.647417,21.997288,21.13279,20.554676,21.266384,19.257565,22.565882,19.83441,24.970142,25.177847,25.289392,25.340353,24.570026,25.43571,20.60402,20.585068,17.847925,20.055925,16.950657,21.920795,19.542933,23.1447,22.759264,19.36716,17.859821,14.023003,12.88168,10.883019,9.424687,10.48591,10.016278,13.330652,14.379997,17.922117,18.649557,14.27743,17.291306,18.237003,14.067648,13.207374,8.448016,12.728327,9.442991,13.834793,15.205961,18.763996,20.465776,22.64201,23.291302,22.978039,18.754541,17.765825,13.0330305,12.037124,8.028085,9.575541,11.295465,13.506367,12.604445,10.77013,12.001697,9.136984,13.009716,12.526998,16.531622
9,11.516389,12.405814,13.727952,14.817592,15.521362,13.734309,11.046081,6.3734975,4.63346,0.0,5.5977182,6.836978,9.185874,10.951397,7.4863114,5.7492566,4.042731,6.650816,6.808141,11.782565,11.461176,16.27698,17.385067,22.310316,19.25788,26.033386,22.779669,23.09979,18.649773,20.9128,15.758264,19.655169,16.501326,20.654325,20.04657,21.260891,24.776403,24.156334,22.69461,21.451527,16.942936,17.583292,15.127858,14.954359,15.049297,14.790577,17.36754,17.318789,21.955051,20.361168,20.415085,20.55676,19.506151,22.91365,19.928856,25.976677,25.78637,26.816376,27.375446,26.778002,26.693577,22.29195,22.845936,19.241684,22.128557,18.718533,23.862879,21.097996,25.170507,24.263197,20.535686,19.047522,15.33964,13.219934,10.614187,10.100185,9.194006,9.5035715,11.526099,13.016521,16.109835,17.333624,12.8427305,16.030613,17.971722,14.328323,14.769244,10.587753,15.702935,12.974336,17.569527,19.091194,22.425587,24.408607,26.799728,27.390478,27.30553,23.21669,21.884104,17.538748,15.906092,12.332165,12.573795,13.137442,14.369007,13.590692,12.844907,13.727645,12.794552,16.5632,16.653378,20.794764
10,13.102932,14.513607,17.17172,18.424784,20.016588,18.548895,15.51574,11.568989,8.24925,5.5977182,0.0,4.8506284,4.8098555,7.259107,5.669567,5.7937036,8.48023,10.589235,12.310768,16.901163,16.946846,21.476454,22.2579,27.333656,23.732597,30.51447,26.647758,26.316784,21.839739,23.02001,17.845097,20.340702,15.272207,18.891249,17.758247,17.992292,21.405499,20.460653,19.664768,19.610958,15.752475,17.314478,15.830093,16.67058,17.902561,18.281889,21.517138,22.118973,26.379374,24.015347,23.987988,23.110527,21.84714,24.729675,20.872356,26.99783,25.44899,27.061403,27.52156,26.271894,25.148588,21.129438,22.890417,19.597963,23.852097,21.16935,26.650572,24.487164,29.034388,28.493952,24.78824,23.963037,19.868673,18.34825,15.322645,13.606658,11.801636,10.348979,10.934284,10.597239,12.998009,13.545687,8.44586,10.865453,13.699575,11.047863,12.445051,10.047311,15.279472,14.89162,19.385715,22.013855,25.253878,28.010992,29.626772,29.389057,29.083855,25.244005,22.772602,19.564953,15.865555,13.779108,11.596167,10.523521,10.512958,10.062728,10.658172,12.584448,13.29496,17.28647,18.692343,22.63914
11,16.655712,18.33137,20.067636,21.528234,22.347904,20.45269,17.528244,13.094428,11.081788,6.836978,4.8506284,0.0,3.6709936,6.3753414,4.3801274,7.245758,8.04825,11.955955,12.536108,17.86275,17.617132,22.674412,23.544891,28.230494,24.926363,31.57549,28.124834,27.864874,23.52162,25.243011,19.65514,23.210487,17.656498,22.328537,19.991282,21.13279,23.643042,21.997759,20.321287,20.0519,16.576368,16.644632,16.295067,15.460519,17.418251,16.973358,20.447107,20.809443,25.087301,22.248346,22.819746,21.623638,21.42302,24.402418,20.75834,27.513636,26.131487,28.42109,29.443731,28.725882,27.11886,23.561493,25.248919,21.101917,25.275393,22.166567,27.49606,24.880499,29.60395,28.528877,24.648966,23.809216,20.063084,17.881525,14.714838,14.066447,11.031693,10.935006,10.182081,11.050671,12.756869,14.285897,10.139063,12.943136,16.177954,13.960805,16.126083,13.636099,18.99849,17.86317,22.434156,24.685171,27.716585,30.48686,32.56948,32.59889,32.66282,28.884573,26.631157,23.272362,20.299072,17.693323,16.111752,15.131217,14.8105135,14.726233,15.508189,16.916368,17.766115,21.634592,22.649454,26.743036
12,17.756777,19.322903,21.848982,23.02965,24.438808,22.631382,19.411926,15.541328,12.630776,9.185874,4.8098555,3.6709936,0.0,3.9983616,4.630622,7.816225,10.733466,13.70014,15.3687,20.273224,20.528677,25.176102,25.75543,30.606277,26.864132,33.520424,29.618519,28.943977,24.613577,25.62926,20.175875,22.795969,16.336187,20.572208,17.945393,18.541561,20.875965,19.072504,17.865702,18.37131,15.3896265,16.25157,16.323677,16.492775,18.852736,19.043854,22.761383,23.640957,27.593676,24.449787,24.758257,23.044754,22.431108,25.007687,20.87271,27.422386,25.21724,27.7357,28.632593,27.515383,25.348085,22.075907,24.42849,20.623652,25.511415,22.942944,28.416437,26.278786,31.221764,30.501314,26.70585,26.317345,22.252012,20.668158,17.32543,15.735707,12.728899,11.396843,10.028003,9.398177,10.511441,11.469319,7.1769195,9.452757,13.107745,11.668152,14.372439,13.049262,18.150993,18.288029,22.684896,25.547764,28.492136,31.747398,33.31437,32.824314,32.78501,29.221914,26.327589,23.709639,19.782358,17.985023,15.32232,13.590923,12.544806,13.025765,14.431617,16.711506,17.924532,21.931513,23.482304,27.38522
13,20.21806,21.05321,23.883934,24.04709,25.66066,23.39913,19.769472,16.969664,13.830129,10.951397,7.259107,6.3753414,3.9983616,0.0,3.9716618,7.33549,11.402809,13.61934,16.295708,20.591953,21.912338,25.768572,25.769583,30.475126,26.276768,32.707466,28.515913,27.367455,23.251608,23.844336,18.398201,20.874907,13.690218,18.535923,14.923761,16.372002,17.950893,15.890439,14.128601,14.513429,11.897425,12.716796,13.480083,14.040578,16.935833,17.641489,21.623642,23.212996,26.545095,22.943632,23.034678,20.71344,19.943726,22.1125,17.722357,24.221647,21.617561,24.516838,25.638163,24.677399,22.053448,19.209917,21.78224,17.749968,23.046566,20.828615,26.24204,24.455292,29.663584,29.149784,25.467901,25.784822,21.52319,20.655256,17.085388,14.750215,11.467004,9.459248,7.037558,5.811561,6.577083,8.026432,4.991143,8.4054,10.978493,9.626606,12.928063,12.192423,16.912052,17.452408,21.558208,24.711666,27.280836,31.158655,32.46023,31.631357,31.906067,28.745176,25.45591,23.578032,19.76546,18.13278,15.399836,13.718895,12.557573,14.336108,15.574672,19.13075,19.327831,23.696522,24.979376,28.691345
14,17.906767,18.592367,20.882141,21.01581,22.233545,19.833956,16.32618,13.328621,10.683513,7.4863114,5.669567,4.3801274,4.630622,3.9716618,0.0,4.331348,7.4454894,10.112027,12.372887,16.841286,18.053158,22.017284,22.179678,26.842958,22.911901,29.427895,25.545713,24.795998,20.571367,21.85702,16.213371,19.676727,13.70027,18.95411,16.084782,18.022486,20.169909,18.605156,16.530796,15.820546,12.220582,12.450535,12.124775,11.962425,14.227785,14.543407,18.33414,19.584394,23.24525,20.040676,20.195662,18.529707,17.845589,20.5509,16.630358,23.318462,21.75485,24.134434,25.261637,24.672369,22.955553,19.537663,21.248423,16.92413,21.416784,18.600517,23.99991,21.75901,26.774378,26.026014,22.246649,22.169556,18.02528,16.82129,13.305835,11.434157,8.179691,7.0762043,5.9377365,6.921136,9.171491,10.997584,7.539984,11.425972,13.485778,10.8158655,13.194692,10.880551,16.043455,15.182652,19.553938,22.152119,24.869509,28.303898,30.069584,29.750013,30.097105,26.686567,24.039103,21.377926,18.51974,16.016523,14.399485,13.601214,13.389342,14.535171,15.021219,18.014868,17.550774,21.91224,22.627138,26.496828
15,15.344546,15.211443,17.743122,17.081814,18.61307,16.16932,12.448831,10.397419,7.2155166,5.7492566,5.7937036,7.245758,7.816225,7.33549,4.331348,0.0,5.775878,6.4007044,9.939826,13.535265,15.433234,18.641851,18.589699,23.469778,19.317154,25.931337,21.839535,21.173025,16.808624,18.081776,12.575706,16.024038,11.319864,16.317698,14.6561575,16.645283,19.556103,18.828524,17.075748,15.717009,11.257987,12.419069,10.233503,11.314291,12.30734,13.25326,16.617216,18.007977,21.657827,19.119131,18.71684,17.74821,16.11031,18.988531,15.280752,21.40817,20.446003,21.921597,22.662865,22.025541,21.299505,17.222967,18.305069,14.3892,18.365297,15.537609,21.02694,18.932833,23.717789,23.308523,19.660389,19.531176,15.125876,14.530886,11.179097,8.369704,6.640699,4.6123633,6.451603,7.479745,10.911313,12.188201,8.508011,12.523042,13.437677,9.575085,10.693515,7.1678433,12.408269,10.924199,15.385933,17.93848,20.794928,24.137182,25.82764,25.589315,25.871098,22.38799,19.9548,17.084122,14.722601,11.850956,10.975363,11.098275,11.893773,13.003221,12.570803,16.002125,14.210942,18.72043,18.994522,22.729153
16,14.8307705,14.999536,15.780441,15.787443,15.946944,13.288549,10.347889,6.913391,6.6102004,4.042731,8.48023,8.04825,10.733466,11.402809,7.4454894,5.775878,0.0,5.023377,4.979839,9.973066,10.7857,14.992276,15.655206,20.207483,17.072432,23.680906,20.630598,20.911215,16.64791,19.416199,14.002239,19.027355,16.144354,21.233433,19.943686,22.26376,25.179447,24.407362,22.182451,20.18563,15.650023,15.220254,12.849837,11.553287,11.521481,10.836776,13.52204,13.667889,18.153307,16.344517,16.52963,16.733616,16.109926,19.684671,17.13546,23.383398,23.794779,24.966997,25.931452,25.956675,25.946634,21.774145,21.8383,17.585104,19.972067,16.155949,21.101559,17.997467,22.218855,21.010326,17.164627,15.926157,12.244642,10.05142,7.0101333,7.1202135,5.747227,7.651764,9.75999,12.519801,15.670394,17.529335,13.949403,17.810324,19.189718,15.312652,15.940948,11.482338,16.365156,12.680946,17.116564,18.213255,21.178896,23.370861,26.104797,26.900793,27.322823,23.498676,22.387606,18.186005,17.650082,13.604273,14.649963,15.581394,16.874336,16.887926,15.989158,17.530386,15.66091,19.552698,18.930593,22.919209
17,14.211559,12.90959,14.2610035,12.391537,13.2413,10.202446,6.416673,6.2815814,5.254795,6.650816,10.589235,11.955955,13.70014,13.61934,10.112027,6.4007044,5.023377,0.0,5.429032,7.2269316,10.278627,12.357345,12.204501,17.12717,13.227994,19.974272,16.335299,16.475132,12.053223,14.675227,9.585111,14.559937,13.446751,18.035563,17.812963,20.295492,23.56275,23.540377,21.596973,19.102596,14.191922,14.728778,10.785738,11.303375,9.822519,10.529461,12.587447,13.509894,17.339018,16.180246,15.405161,16.108095,14.094177,17.539032,15.218728,20.488146,21.390278,21.609934,22.158499,22.182941,23.135975,18.579067,17.918415,14.296556,15.971451,12.354166,17.338556,14.684658,18.718403,18.191854,14.644306,13.840284,9.540211,9.197753,6.6172132,4.1724224,6.13191,6.604973,10.500897,12.755233,16.436922,17.822926,14.610903,18.499573,18.648607,14.164735,13.643517,8.625259,12.56934,7.8883433,12.18576,13.225599,16.244093,18.669682,21.153316,21.87981,22.362925,18.649696,17.69354,13.568039,14.005711,9.62358,11.902,13.830309,15.890422,16.307844,14.59416,17.057465,13.395586,17.424948,16.169106,19.758482
18,13.855282,13.458519,12.854624,12.65963,11.797388,9.042987,7.152541,3.9254906,6.827506,6.808141,12.310768,12.536108,15.3687,16.295708,12.372887,9.939826,4.979839,5.429032,0.0,5.8308454,5.9301248,10.317328,11.615032,16.069092,13.819088,20.333153,18.053782,19.221222,15.17616,18.815044,14.2042,19.598173,18.823408,23.335016,23.09384,25.37054,28.695498,28.393541,26.27617,23.83625,19.064238,18.64425,15.356952,14.011807,12.358539,11.259751,12.406731,11.457346,16.370878,16.059357,16.095793,17.732376,16.962646,20.775444,19.195887,24.651217,26.144293,26.450666,27.16366,27.45249,28.48799,23.993416,23.123499,19.363157,20.253159,16.138338,20.38694,16.923761,20.157797,18.747534,15.124223,12.7541065,9.826122,6.852849,5.4974585,7.566163,8.658785,11.056946,14.061436,16.905006,20.292013,22.008135,18.363834,22.081612,23.124552,18.888357,18.603722,13.58039,17.635967,12.566559,16.502232,16.330534,19.394464,20.387398,23.767164,25.377024,25.757816,21.733936,21.830685,16.708323,17.89879,13.2335615,15.966092,17.79798,19.778893,19.211918,17.585972,18.135897,15.379746,18.56023,16.912981,20.752441
19,15.819287,13.870494,12.8634405,10.200314,8.881555,5.025554,3.9695485,6.859454,9.65639,11.782565,16.901163,17.86275,20.273224,20.591953,16.841286,13.535265,9.973066,7.2269316,5.8308454,0.0,5.88969,5.350083,5.802621,10.528142,8.241169,14.734962,12.74477,14.58137,11.012184,15.322129,12.081255,17.569515,19.323885,23.243681,23.939566,26.562572,29.963007,30.287542,28.199562,25.108734,20.273048,20.087698,15.795658,15.217979,11.941578,11.559314,11.056994,10.348993,14.308024,15.45559,14.632626,17.425793,15.797879,19.437115,18.886173,22.93129,25.560066,24.763868,25.17178,25.86925,28.113646,23.512308,21.481806,18.465271,17.554632,13.538125,16.77916,13.429859,15.556148,14.499315,11.461084,8.761909,6.267247,5.4258103,6.4252405,7.8169165,11.203667,13.194094,16.994421,19.773924,23.410568,24.94036,21.82652,25.619448,25.649616,21.050642,19.843672,14.736317,17.227732,11.015381,13.659312,12.022473,14.792882,14.978485,18.83243,21.090937,21.744364,17.973917,19.192896,13.932931,17.37533,12.535213,16.866209,19.603857,22.183453,21.911205,19.588367,20.563995,16.156975,18.881533,16.03094,19.111492
20,13.620723,12.982431,10.210789,10.67536,7.951508,6.314341,7.6097226,5.696265,10.177784,11.461176,16.946846,17.617132,20.528677,21.912338,18.053158,15.433234,10.7857,10.278627,5.9301248,5.88969,0.0,6.766552,9.771087,13.586422,13.266759,19.04219,18.034002,20.277489,16.79771,20.912971,17.528744,22.53636,23.45232,27.109385,27.906511,29.781607,33.56767,33.646076,31.806894,29.270199,24.397488,24.174501,20.419586,19.228024,16.716335,15.411685,15.056951,12.835462,17.7108,19.04792,19.02722,21.796257,20.971003,24.770185,23.928194,28.561697,30.784996,30.333189,30.694601,31.035145,32.935143,28.19061,26.6901,23.646484,23.343336,19.316572,22.626776,19.10513,20.88344,19.356873,16.39376,12.686792,11.500191,8.33113,9.526684,12.257195,14.330707,16.61303,19.918045,22.587986,26.07361,27.581295,23.665512,27.061495,28.085997,23.750408,22.78478,17.673222,20.889597,15.310606,18.39132,16.905268,19.98775,19.148516,23.13579,25.667273,25.762434,21.543854,23.04442,17.082153,19.731146,15.035173,18.872717,21.237564,23.653677,22.318882,20.210537,19.292938,16.290125,18.140314,15.528477,18.981554
21,17.364775,15.050555,12.652001,9.706058,6.719902,4.1407943,7.0321355,10.311114,13.669449,16.27698,21.476454,22.674412,25.176102,25.768572,22.017284,18.641851,14.992276,12.357345,10.317328,5.350083,6.766552,0.0,3.7975223,7.281851,7.7910233,12.766381,12.454738,15.451918,12.965141,17.407646,15.72499,20.488262,23.72695,26.855143,28.382301,30.72031,34.400352,35.05586,33.172882,29.987808,25.175518,25.118538,20.61238,20.141676,16.430805,15.907331,14.239421,12.657009,15.987752,18.592966,17.692041,21.321253,19.694489,23.107777,23.267702,26.360205,29.641981,28.13466,28.212017,29.012213,32.04476,27.364899,24.754942,22.508757,20.4521,16.829443,18.801369,15.69136,15.99065,14.987338,13.04751,9.374676,9.307087,8.795337,11.200104,12.970773,16.51107,18.432032,22.3212,24.980469,28.6651,30.04971,26.802134,30.38724,30.328485,25.690224,23.98548,18.984638,20.645374,14.400494,15.870353,12.837668,15.250411,13.240229,17.770718,21.03581,21.510532,17.819843,20.51121,14.865313,19.729431,15.170679,20.204542,23.302412,26.174858,25.436317,22.77172,22.841475,18.16665,19.749462,16.029541,18.364931
22,19.396294,16.55251,15.15219,10.81725,9.095613,5.924234,7.1441717,12.071605,14.565176,17.385067,22.2579,23.544891,25.75543,25.769583,22.179678,18.589699,15.655206,12.204501,11.615032,5.802621,9.771087,3.7975223,0.0,5.327115,4.028525,9.572444,8.676191,11.707916,9.5980625,14.202279,13.172955,17.98729,22.000523,25.143421,26.641819,29.423923,32.79499,33.623203,31.60901,28.093676,23.443552,23.395895,18.678919,18.630095,14.512825,14.629177,12.704686,12.1656475,14.455429,17.071562,15.603547,19.280697,17.137987,20.26474,20.81169,23.19459,26.869545,25.014141,25.087488,26.19704,29.551659,25.062452,22.000294,19.957552,17.17936,13.76972,15.220394,12.385791,12.427761,11.911402,10.312193,7.6004286,7.2872863,8.834368,11.029618,11.854277,15.873971,17.509071,21.500956,24.140554,27.813818,29.183655,26.49312,30.231756,29.574696,24.881115,23.039827,18.254265,19.248459,12.878103,13.595717,10.112314,11.991785,10.451307,15.043618,18.259033,19.216875,16.014214,18.656301,13.742919,19.159779,14.769179,19.925838,23.165943,26.072182,25.946478,23.218063,24.297407,19.003654,21.011246,17.285128,19.28431
23,24.315977,21.494862,19.525936,15.358983,13.03724,10.70346,12.462823,16.977337,19.798607,22.310316,27.333656,28.230494,30.606277,30.475126,26.842958,23.469778,20.207483,17.12717,16.069092,10.528142,13.586422,7.281851,5.327115,0.0,5.569934,6.25046,8.753962,12.554923,12.295026,16.881834,16.923046,21.682447,26.354803,29.529873,30.919567,34.09029,37.15396,38.010456,35.707447,31.816187,27.430944,26.811674,22.348274,21.70329,17.328556,17.05803,13.99061,13.025038,13.820737,17.757044,16.308065,20.725554,19.08486,21.838972,23.478502,24.942896,29.524841,27.338167,27.545748,29.241804,32.987534,28.848457,25.240826,23.350157,19.404034,16.295845,15.981865,13.262918,11.155419,10.250346,10.258223,7.459901,9.900859,11.599021,14.559954,16.061457,19.889034,21.946095,25.701426,28.650229,32.206226,33.769493,31.415358,35.287918,34.469543,29.785704,27.969433,23.31479,23.943848,17.663774,17.59158,13.4388485,14.033203,11.203135,16.182114,20.075079,21.458765,19.038101,22.385553,18.049171,24.047441,19.874626,25.104628,28.393192,31.301233,31.264978,28.507486,29.452948,24.133312,25.787092,21.77111,23.242327
24,22.332691,19.231981,18.586893,13.594573,12.717039,9.450101,9.3391485,14.789099,16.53938,19.25788,23.732597,24.926363,26.864132,26.276768,22.911901,19.317154,17.072432,13.227994,13.819088,8.241169,13.266759,7.7910233,4.028525,5.569934,0.0,6.810739,4.9492307,7.9948106,6.790064,11.572379,11.395277,16.28866,20.944614,24.214413,25.460081,28.81216,31.700045,32.63209,30.39045,26.49314,22.150414,21.929537,17.197212,17.426434,12.997095,13.758181,11.550315,12.209166,13.07091,15.616795,13.553356,17.22835,14.638781,17.333075,18.489061,19.977331,24.204819,22.028486,22.215302,23.81211,27.427162,23.29572,19.736183,17.820171,14.085375,10.962622,11.461443,8.945436,8.541994,8.6731205,7.696946,6.8235607,6.453397,9.978609,11.789312,11.733334,15.8968115,17.297337,21.171307,23.829374,27.37856,28.789911,26.790323,30.67711,29.445251,24.793417,22.96054,18.546574,18.897175,12.716644,12.553943,8.848944,9.601351,9.116651,13.470697,16.45686,18.090633,15.671755,18.027977,14.277106,19.865036,15.812834,20.771154,24.000402,26.822521,27.343592,24.667173,26.668673,21.033375,23.431114,19.852522,21.570385
25,28.550894,25.222332,24.195076,18.981682,17.764652,15.278728,15.978076,21.394957,23.31916,26.033386,30.51447,31.57549,33.520424,32.707466,29.427895,25.931337,23.680906,19.974272,20.333153,14.734962,19.04219,12.766381,9.572444,6.25046,6.810739,0.0,5.6363587,9.087834,11.11339,14.754301,16.535303,20.466106,26.25964,29.079798,30.51133,34.149734,36.669704,37.835957,35.460423,31.200241,27.339722,26.796736,22.350494,22.413574,17.897123,18.567902,15.428129,15.996935,14.821209,18.514673,16.282187,20.422577,18.116398,19.887747,22.361273,22.024517,27.305592,24.391464,24.505877,26.763166,31.086184,27.518085,23.231264,22.072517,16.80797,14.838591,12.542333,11.24064,7.0714765,7.947155,9.999968,10.077194,12.024699,15.477517,17.793793,18.045235,22.005024,23.485,27.122461,29.840084,33.22712,34.669888,33.147278,37.05255,35.41084,30.844046,28.847637,24.816278,24.356503,18.671621,17.26375,12.963169,11.788828,9.62677,13.787874,17.458513,19.64734,18.54825,21.792065,19.075226,25.391136,21.846767,26.901503,30.24605,33.123188,33.798252,31.003988,33.00732,27.117418,29.045475,25.106138,26.024502
26,25.651281,22.1158,22.187456,16.44843,16.434275,13.557421,12.981314,18.873652,19.813875,22.779669,26.647758,28.124834,29.618519,28.515913,25.545713,21.839535,20.630598,16.335299,18.053782,12.74477,18.034002,12.454738,8.676191,8.753962,4.9492307,5.6363587,0.0,3.9645982,5.741047,9.141153,11.27913,14.8389,20.86866,23.493774,25.049387,28.637617,31.147202,32.470516,30.33534,26.211382,22.349218,22.478207,17.695656,18.903162,14.516806,16.219048,14.148411,15.852789,15.316157,17.563408,14.878051,18.086628,14.691866,16.376608,18.088196,17.751764,22.487339,19.435701,19.332346,21.311615,25.637074,21.940474,17.683014,16.787184,11.698673,10.037019,8.638077,8.066275,6.2186265,8.501067,9.157632,10.441238,9.9626465,14.330289,15.601198,14.378049,18.520155,19.173004,22.931805,25.179726,28.570398,29.743025,28.42908,32.207,30.212624,25.718504,23.59642,19.907574,19.015446,13.6977215,11.924031,8.035563,6.688674,7.2425714,10.6162615,13.325752,15.67396,14.495248,16.830809,14.742818,20.630758,17.393286,22.122465,25.401834,28.213068,29.282652,26.551884,29.35205,23.272453,25.695347,22.184538,23.250423
27,26.7233,23.160793,24.043713,18.18989,18.917625,15.885372,14.35822,20.136871,20.263002,23.09979,26.316784,27.864874,28.943977,27.367455,24.795998,21.173025,20.911215,16.475132,19.221222,14.58137,20.277489,15.451918,11.707916,12.554923,7.9948106,9.087834,3.9645982,0.0,4.516635,6.1722107,9.285299,12.181003,18.388765,20.963358,22.251999,26.165174,28.228346,29.652695,27.505617,23.281145,19.808424,20.18586,15.51003,17.527441,13.497335,16.015865,14.65234,17.306686,16.389366,17.599072,14.590467,16.86317,12.773829,13.765272,15.397282,14.18109,18.906298,15.572467,15.4718685,17.710894,22.094593,18.74764,14.259295,13.6789465,8.038067,7.4855375,5.557129,6.7939095,6.504336,9.6195965,10.090444,12.677544,11.163455,15.936795,16.4015,14.116699,17.978426,17.985138,21.485209,23.393711,26.574673,27.610544,26.907967,30.626698,28.144474,23.861023,21.810492,18.738607,17.308218,12.855446,10.558463,7.9333305,5.6496687,9.188331,10.8440275,12.137887,14.929712,14.391175,15.56438,14.821114,19.94216,17.231546,21.316076,24.374607,26.97539,28.619984,26.068977,29.694536,23.601778,26.450352,23.395052,24.474009
28,22.59023,19.232407,20.387455,14.863821,15.886804,12.620862,10.360106,15.942135,15.793287,18.649773,21.839739,23.52162,24.613577,23.251608,20.571367,16.808624,16.64791,12.053223,15.17616,11.012184,16.79771,12.965141,9.5980625,12.295026,6.790064,11.11339,5.741047,4.516635,0.0,5.052895,5.549134,9.918799,15.168447,18.240072,19.436663,23.098568,25.604067,26.823257,24.776365,20.84717,16.798561,17.491001,12.406116,14.656345,10.71655,13.344598,12.779377,15.3236885,15.731793,16.299677,13.590033,15.537755,11.368848,13.311013,13.658279,14.430496,18.079632,15.565358,15.543918,17.038828,20.737787,16.728073,12.965484,11.502589,7.74043,5.520948,7.408553,6.871808,9.092473,10.908941,9.65885,11.44896,8.493837,12.959529,12.863751,10.048444,14.105774,13.941789,17.748625,19.631826,23.031101,24.061037,22.860619,26.609716,24.50311,20.041065,18.067423,14.536549,13.810917,8.668319,7.504964,5.6455884,5.8075986,9.817291,11.853047,12.870507,14.920487,13.141662,13.639882,11.871475,16.393734,13.216778,17.277397,20.303856,22.91806,24.397308,21.903738,25.480097,19.59209,22.75922,19.9858,21.61859
29,24.232334,20.643248,22.813408,17.048023,19.0862,16.329695,13.739001,19.092892,17.85209,20.9128,23.02001,25.243011,25.62926,23.844336,21.85702,18.081776,19.416199,14.675227,18.815044,15.322129,20.912971,17.407646,14.202279,16.881834,11.572379,14.754301,9.141153,6.1722107,5.052895,0.0,5.774501,6.0339026,13.067807,14.858733,16.746847,20.255005,22.537853,24.318542,22.807468,19.08999,15.624051,17.50522,12.524951,16.494518,13.429982,16.814262,16.968924,19.990055,20.103516,19.977152,17.096127,17.949526,13.094933,13.863137,13.553785,12.72336,15.576007,12.115201,11.256012,12.420912,16.8798,13.044056,8.700994,9.256098,5.484293,6.626093,8.216664,10.0114155,12.22645,14.867658,14.08884,16.433544,13.273007,17.602423,16.89606,13.029872,16.545168,15.071599,18.570051,19.43556,22.567783,23.016367,22.467524,25.781929,22.82629,18.740103,16.356562,14.1399765,11.715892,8.875141,5.7951665,6.278817,5.162793,11.181822,10.933877,10.022618,12.320643,11.655884,10.747029,11.503618,15.150561,13.403908,16.53391,19.375322,21.84205,23.932564,21.524351,26.029947,20.013908,23.245401,20.991468,22.100365
30,21.082907,18.200996,20.441898,15.725076,17.552261,14.307959,10.754078,14.939931,13.401678,15.758264,17.845097,19.65514,20.175875,18.398201,16.213371,12.575706,14.002239,9.585111,14.2042,12.081255,17.528744,15.72499,13.172955,16.923046,11.395277,16.535303,11.27913,9.285299,5.549134,5.774501,0.0,6.853129,9.758908,13.776013,14.133688,18.027668,20.393757,21.393919,19.379442,15.705126,11.431974,12.926336,7.5943246,11.436788,8.809695,12.249665,13.470254,16.538988,17.635668,16.544956,14.144895,14.410082,9.916323,11.838821,10.198282,12.558502,14.420634,12.965743,13.183383,13.971995,16.469543,12.187652,9.560696,6.8877487,6.669881,4.591097,9.604028,9.272817,13.473777,14.794467,12.563845,14.496135,10.254679,13.8275795,12.221765,7.7026105,10.873848,9.354967,13.00612,14.329208,17.680576,18.555367,17.629608,21.367817,19.099977,14.722871,13.137935,10.019452,9.765384,5.8304143,6.4623427,8.272233,9.474869,14.427754,15.449641,15.026518,16.591356,14.547591,12.887615,11.8691635,13.866663,11.105426,13.668959,16.119282,18.32406,20.416101,18.37304,22.868454,17.559278,21.485842,19.73476,21.892376
31,22.572626,19.262121,22.6506,17.577621,20.605433,18.306456,15.067157,19.257627,16.668076,19.655169,20.340702,23.210487,22.795969,20.874907,19.676727,16.024038,19.027355,14.559937,19.598173,17.569515,22.53636,20.488262,17.98729,21.682447,16.28866,20.466106,14.8389,12.181003,9.918799,6.0339026,6.853129,0.0,8.464245,8.848284,11.703718,14.441246,17.136646,19.314999,18.70247,15.9121,12.629128,16.244179,11.597209,17.036057,15.304667,18.940357,20.285295,23.338352,24.259993,23.168398,20.614803,20.345566,15.50148,16.1177,13.936208,14.031207,14.235184,11.463085,9.898277,8.936727,12.769596,8.132117,5.2043586,7.4112945,8.324033,9.928325,13.238239,14.783779,17.989162,20.26406,18.778374,20.784897,16.802994,20.320196,18.698036,13.947235,16.563654,13.630747,16.747566,16.248018,19.16954,18.853329,18.439186,21.135485,17.688513,13.973527,11.200868,10.503261,6.7062902,7.5636716,5.232194,9.312085,9.824911,15.461906,14.219491,11.775994,12.877362,11.944228,8.230413,10.721946,11.403279,11.2159195,12.481836,14.788044,16.951363,19.583508,17.495295,22.927921,17.404726,20.980497,19.846354,21.044369
32,22.117918,20.206434,24.097723,20.84932,23.73692,21.224714,17.21658,18.902645,15.272174,16.501326,15.272207,17.656498,16.336187,13.690218,13.70027,11.319864,16.144354,13.446751,18.823408,19.323885,23.45232,23.72695,22.000523,26.354803,20.944614,26.25964,20.86866,18.388765,15.168447,13.067807,9.758908,8.464245,0.0,6.7543583,4.6611342,8.765831,10.858141,11.868992,10.942294,9.084111,5.625733,10.770194,8.003334,13.7891655,14.430892,17.780872,20.688683,23.841137,25.4528,22.777008,20.999247,19.104328,15.28171,16.041151,11.747669,14.874758,12.124342,12.790801,12.760948,11.18964,10.271636,5.9447823,8.397621,6.5827065,12.4715805,12.755001,17.586647,18.032227,22.759485,24.023653,21.498596,23.396196,18.775587,21.003567,18.152643,13.168003,13.427715,9.236065,10.585708,8.566136,10.98984,10.406281,10.807019,13.587342,10.041866,6.6275983,6.1042542,7.40755,7.034574,10.122369,11.677778,15.991705,17.410429,22.745058,22.345121,20.170609,20.856844,19.135643,14.74653,15.882518,13.034129,12.906568,11.075383,11.322672,11.987198,15.727774,15.00331,21.171263,17.599888,22.035456,22.276535,24.55825
33,23.064121,20.743773,25.340424,21.855703,25.53821,23.840841,20.290705,22.430458,18.479439,20.654325,18.891249,22.328537,20.572208,18.535923,18.95411,16.317698,21.233433,18.035563,23.335016,23.243681,27.109385,26.855143,25.143421,29.529873,24.214413,29.079798,23.493774,20.963358,18.240072,14.858733,13.776013,8.848284,6.7543583,0.0,6.6286497,6.0832434,9.808782,12.735106,14.234943,13.89967,11.980926,17.340096,14.518517,20.422049,20.493927,23.935368,26.416302,29.376575,31.015041,28.904615,26.854424,25.38882,21.123573,21.50502,17.716938,18.917055,15.86199,15.034395,13.414101,9.948688,10.160579,6.0618186,9.067327,11.25979,15.753345,17.228182,21.276321,22.539505,26.46158,28.369875,26.312412,28.02939,23.549654,26.022028,23.542902,18.570187,19.539503,15.34701,16.995068,14.244617,16.118061,14.294517,14.421579,15.443713,11.081089,9.182676,6.519648,10.172292,6.460477,12.464029,12.404657,17.145697,18.373945,23.489296,21.778677,18.594645,18.497871,17.458492,12.041522,15.289784,11.196163,13.514531,10.7969265,10.904507,11.640899,15.360184,14.464649,20.981457,17.312365,21.005117,21.770916,23.087673
34,25.501444,23.871021,28.09242,25.102463,28.182178,25.81011,21.814291,23.138687,19.253489,20.04657,17.758247,19.991282,17.945393,14.923761,16.084782,14.6561575,19.943686,17.812963,23.09384,23.939566,27.906511,28.382301,26.641819,30.919567,25.460081,30.51133,25.049387,22.251999,19.436663,16.746847,14.133688,11.703718,4.6611342,6.6286497,0.0,6.0115623,6.312902,7.639966,7.745841,7.532005,6.8581495,12.249834,11.304955,16.826538,18.21686,21.542923,24.674576,28.003796,29.381096,26.284536,24.586046,22.04148,18.468176,18.501476,14.001058,16.370745,11.894547,13.371283,13.276821,10.972306,7.7410827,5.396845,9.967955,9.368426,15.536158,16.60182,20.96864,21.882317,26.626938,28.02985,25.637695,27.816973,23.23271,25.419344,22.419601,17.534359,17.171,12.937456,12.976427,9.814616,10.689583,9.082099,11.274519,12.896059,8.274043,7.2259603,7.7995877,11.15962,10.293307,14.60888,15.697669,20.178585,21.26698,26.819273,25.886843,23.120308,23.71992,22.523912,17.57225,19.713005,15.964483,16.825148,13.937538,13.171949,12.789411,17.127188,17.107939,23.591898,20.770567,25.067602,25.863798,27.94301
35,24.465275,23.146286,27.940392,25.620033,29.20088,27.55097,23.812666,24.549969,20.194653,21.260891,17.992292,21.13279,18.541561,16.372002,18.022486,16.645283,22.26376,20.295492,25.37054,26.562572,29.781607,30.72031,29.423923,34.09029,28.81216,34.149734,28.637617,26.165174,23.098568,20.255005,18.027668,14.441246,8.765831,6.0832434,6.0115623,0.0,5.571793,8.07754,11.118295,12.916226,12.230195,17.625235,16.41674,21.772413,23.007793,26.098082,29.231308,32.11048,34.101067,31.280598,29.676193,27.47356,23.897285,24.273048,19.792112,22.080696,17.663635,18.501522,17.581858,14.201515,11.574084,9.390041,13.89114,14.635498,20.315067,21.328087,25.82472,26.66926,31.147898,32.638313,30.16174,31.763988,27.093267,28.861732,25.893581,21.13491,20.879213,16.477516,16.738901,12.846629,13.486903,10.715513,11.608064,11.213335,6.351778,7.2685966,7.0598607,12.117002,10.787772,16.634,17.744055,22.494118,24.03529,29.084486,27.705433,24.655502,24.421396,23.064568,17.701624,20.152824,14.715481,17.038723,12.734844,10.952356,9.817761,14.179904,14.671552,21.215378,19.335915,23.135887,24.846916,26.60823
