,0,1,2,3,4,5,6,7,8,9,10,11,12,13,14,15,16,17,18,19,20,21,22,23,24,25,26,27,28,29,30,31,32,33,34,35,36,37,38,39,40,41,42,43,44,45,46,47,48,49,50,51,52,53,54,55,56,57,58,59,60,61,62,63,64,65,66,67,68,69,70,71,72,73,74,75,76,77,78,79,80,81,82,83,84,85,86,87,88,89,90,91,92,93,94,95,96,97,98,99,100,101,102,103,104,105,106,107,108,109,110,111,112,113,114
0,0.0,4.5198784,6.5366497,10.1785,11.636809,13.645438,13.778856,12.431011,11.814485,15.129246,16.82348,20.597046,21.576912,23.690506,21.361818,18.325338,17.911406,16.328402,16.257036,16.659538,14.977762,17.005035,18.705416,23.218853,21.962036,27.135002,24.587109,26.131578,22.49229,24.181305,22.126446,23.392889,24.568727,25.211428,28.404602,27.631323,32.61833,33.72825,33.9724,32.630302,27.90354,30.198519,26.188772,27.896904,26.187069,26.703796,27.744356,27.322845,31.365036,32.101322,30.87158,32.846928,30.228397,33.35844,33.054493,35.17232,36.19495,34.83982,33.274395,32.345512,33.93211,28.856188,28.46873,27.482292,28.498459,26.165497,30.047129,28.626513,29.724281,29.689735,27.011896,24.851562,22.320532,21.294916,20.972635,20.327227,22.385698,21.749805,25.196177,25.350203,28.67516,28.55037,23.616705,25.031424,26.203247,22.908484,20.961828,19.821758,19.498077,17.090593,19.3245,19.717072,23.742353,22.903185,20.39477,25.465532,26.369038,23.846788,22.730722,18.019888,16.809595,13.285801,14.005974,11.82755,13.929421,13.838122,16.648325,19.599613,17.430447,14.355003,10.508432,9.166617,7.273988,5.7175827,8.2375145
1,4.5198784,0.0,5.1346674,6.134529,9.006722,10.934197,11.093633,11.868178,11.378468,15.568011,17.824223,21.643772,22.64005,24.093468,21.577316,17.922,17.580418,14.828987,15.422361,14.361763,14.02599,14.319738,15.385409,19.799112,18.337267,23.182968,20.524733,22.119585,18.775972,20.404663,19.05398,20.154434,22.62808,23.194769,26.738583,26.484045,31.403835,32.8006,32.84662,31.037338,26.20486,28.57531,24.077562,26.171608,23.922817,24.804884,25.4393,25.336489,28.850056,29.879671,28.321527,30.547916,27.583534,30.5322,30.543385,32.08418,33.578545,31.73485,30.075533,29.381306,31.605461,26.453133,25.435444,24.796755,25.069475,22.95344,26.409143,25.265854,25.996307,26.318415,23.953709,22.106298,19.65607,19.462706,19.421846,18.376501,21.171148,20.460703,24.347427,24.678627,28.243462,28.16358,23.649801,25.465654,25.793404,22.073666,19.580524,18.232395,17.02918,14.0428095,15.592701,15.5415945,19.505646,18.429924,16.080574,21.29156,21.998383,19.56502,18.770294,13.791719,12.962923,9.444581,11.111258,9.550357,13.194731,13.383225,16.775116,19.974594,18.27022,14.97834,11.523092,8.298454,5.6030984,2.2174323,3.7765083
2,6.5366497,5.1346674,0.0,6.1724396,5.9252367,9.13159,11.059858,11.110806,12.55105,16.22085,19.686653,22.716076,24.449808,26.186094,23.132095,19.697845,17.793987,15.662969,14.512566,13.13201,11.2582855,11.744717,13.868131,17.687374,17.581064,22.07354,20.567812,22.914572,19.797203,22.498205,20.965403,23.355232,25.910145,27.364077,30.283781,30.65567,35.33646,36.418247,35.917015,33.72221,28.770777,30.292265,25.865702,26.907667,24.341057,24.4987,24.5741,23.606934,27.416838,29.102802,27.898869,30.722471,28.389479,31.644226,32.603928,33.955772,36.118263,34.388428,33.07487,32.914665,35.166386,30.03808,28.633217,27.349054,26.994295,24.25961,27.329342,25.527155,25.700163,25.479816,23.298328,20.545704,19.033775,18.029985,18.787252,19.075253,21.920374,22.22336,26.1044,27.194334,30.833471,31.231043,26.676626,28.925196,29.590073,25.630041,23.477518,21.40355,20.879059,16.662523,18.32864,17.305273,21.03918,19.20576,18.52382,23.823366,24.312572,22.264158,22.153254,16.764761,16.760145,13.272766,15.7640915,13.503152,17.87452,17.126314,21.078152,24.312853,22.119022,18.751802,15.900426,12.262582,10.618627,6.520197,6.7276077
3,10.1785,6.134529,6.1724396,0.0,4.902528,6.3601394,7.491858,10.958844,11.765025,16.14687,19.64699,22.792149,24.253807,25.066885,22.049593,18.020624,16.77755,13.134635,13.559719,10.323037,11.485108,9.220433,9.66983,13.806472,12.581024,17.090914,14.848849,16.98982,14.099736,16.614042,15.872127,18.051847,21.903446,23.340076,26.439774,27.4436,31.884626,33.24983,32.55303,29.90535,24.97177,26.679035,21.776333,23.509275,20.439209,21.307524,21.106493,20.994705,23.935013,25.61907,23.886795,26.736195,23.829576,26.752731,27.853447,28.603474,31.142086,28.93862,27.562473,27.676514,30.494944,25.410109,23.370726,22.46323,21.376179,18.999521,21.680597,20.360722,20.393745,20.764643,18.847042,16.961517,15.136101,15.661511,16.40762,15.706616,19.345015,19.299349,23.548943,24.673534,28.467207,28.84827,24.95013,27.560202,27.21335,22.914234,20.278446,18.038517,16.637833,11.854645,12.673236,11.186326,14.876987,13.28211,12.55961,17.782919,18.457928,16.740608,17.218807,11.788531,11.808535,8.61056,12.156038,10.425336,16.081707,15.484227,19.810595,23.14466,21.526558,18.137014,16.096092,11.032645,9.684765,5.8193693,4.3558626
4,11.636809,9.006722,5.9252367,4.902528,0.0,3.9366739,7.380027,9.362907,11.992741,15.573834,20.074995,22.39119,24.529768,25.660566,22.182848,18.554808,15.782887,13.126086,11.58493,8.35166,7.698883,5.8780503,8.152038,11.910381,12.129828,16.692003,15.664588,18.393353,15.5382,19.153326,17.662464,21.290882,24.399649,26.844631,29.059175,30.568043,34.736984,35.646515,34.414425,31.532085,26.563484,27.33141,22.762875,23.222015,20.077541,20.039507,19.445303,18.360664,21.838684,23.995625,22.773386,26.077724,24.013084,27.31841,29.233393,30.102747,33.057667,31.295218,30.391022,30.96042,33.403824,28.429945,26.36276,24.54051,23.291151,20.146896,22.696997,20.49515,20.3095,19.8236,17.848465,14.860543,13.955377,13.248299,14.745232,15.608056,18.979591,20.002367,24.050703,25.89572,29.668962,30.536493,26.547184,29.523092,29.702171,25.287464,23.218397,20.32506,20.079155,14.532837,16.020897,14.140603,17.444948,15.699367,16.382618,21.257227,22.107088,20.852455,21.790707,16.361107,16.463547,13.225753,16.694353,13.847014,19.609303,18.001684,22.758375,26.095217,23.889946,20.464754,18.995565,13.829373,13.408859,9.08945,8.719388
5,13.645438,10.934197,9.13159,6.3601394,3.9366739,0.0,4.1224747,7.4594517,10.176366,13.526629,18.292921,20.228771,22.430304,23.134123,19.545599,15.88136,12.943549,9.942553,8.702093,4.510686,6.120941,3.792786,5.453796,10.233513,9.277372,14.88897,13.291342,15.695985,12.4820595,16.49006,14.406586,18.8789,21.617096,24.776186,26.329678,28.433872,32.237354,32.945103,31.333786,28.203445,23.276838,23.68285,19.164192,19.38564,16.15803,16.153866,15.647873,14.919533,18.364807,20.205496,18.93526,22.148035,20.153118,23.539948,25.639112,26.604935,29.651743,28.156237,27.551966,28.417742,30.596546,25.771978,23.655203,21.301485,20.095335,16.628431,19.414448,16.948473,17.3094,16.605711,14.244721,11.478146,10.08139,9.635633,11.053176,11.906021,15.440526,16.725712,20.77114,22.943604,26.721266,27.829004,24.198843,27.540989,27.515278,22.94627,21.117998,17.76734,18.078983,12.022907,13.9418335,12.276356,15.435767,14.782913,15.3360815,19.62325,21.25002,20.457531,21.757088,16.651434,16.007874,12.873371,16.358494,12.780226,18.943224,16.651821,21.748022,25.035975,22.805222,19.478065,19.103891,13.3140955,14.0461235,10.209693,10.516207
6,13.778856,11.093633,11.059858,7.491858,7.380027,4.1224747,0.0,6.2260976,7.387675,10.975226,15.274571,17.422987,19.265934,19.572893,16.15855,12.239899,10.246877,6.2905073,7.1479945,3.9983263,7.7783995,7.1038465,7.035153,12.344328,9.41882,15.902457,12.919542,14.321441,10.329152,13.845611,10.906403,15.490809,17.549517,20.968765,22.248348,24.453379,28.157345,28.824867,27.246471,24.208174,19.255436,19.99345,15.408792,16.244148,13.350024,13.979572,14.35608,14.660023,17.970911,18.795658,17.283901,19.78261,17.343317,20.691896,22.094835,23.522036,26.047207,24.809912,24.220936,24.922846,26.72734,21.910736,20.130564,17.56585,17.149158,13.726314,17.373795,15.1810875,16.676195,16.220058,13.270341,11.6364765,8.6176405,8.944996,9.037494,8.444033,12.105839,12.826178,16.997478,18.962149,22.767117,23.800917,20.329306,23.758762,23.52312,18.91109,17.17347,13.682575,14.390481,8.340068,11.1156845,10.5893345,13.981477,14.7932625,13.9208555,17.743631,20.193136,19.448263,20.554302,15.917604,14.131218,10.997336,14.008444,9.739498,15.935974,13.241526,18.444195,21.654789,19.539526,16.343622,16.821705,10.732627,12.507947,9.623009,10.818897
7,12.431011,11.868178,11.110806,10.958844,9.362907,7.4594517,6.2260976,0.0,4.5029607,6.424501,11.594255,13.155557,15.646009,17.030695,13.34164,10.411551,6.8557076,6.3499303,3.8367765,6.748552,5.5491457,10.120562,11.890213,16.786709,14.850655,21.321732,18.875755,20.198719,16.022945,19.325947,15.262007,19.918242,19.638271,23.482788,23.970942,25.658142,29.368826,29.421835,27.862011,25.451721,20.645367,20.916546,17.43254,17.063955,15.4545555,14.969525,16.280224,15.657344,20.213383,20.404203,19.765724,21.724667,20.271526,23.961311,24.905169,27.401953,29.136404,28.857733,28.512165,28.899986,29.607944,24.927135,24.19155,20.92154,21.898258,18.171125,22.43136,19.730541,21.811733,20.57968,17.155651,14.755113,11.960837,9.613509,8.928408,9.965956,11.60823,12.973255,16.319221,18.405828,21.927456,23.191326,19.00637,22.297123,23.409634,19.213024,18.481636,15.020981,17.42865,12.5747,16.372335,16.629343,20.100283,20.936836,19.702675,23.566181,26.143682,25.091547,25.65349,20.926487,18.727324,15.114291,17.129904,11.815871,16.59551,12.910094,17.980598,21.00646,17.98615,14.914802,15.855764,10.79726,13.4902525,10.770623,13.465064
8,11.814485,11.378468,12.55105,11.765025,11.992741,10.176366,7.387675,4.5029607,0.0,4.6265316,8.209237,11.03678,12.649508,13.844128,10.645444,7.2068386,6.4742675,5.209113,6.644354,9.485821,9.99588,13.422238,14.281528,19.518978,16.521051,23.18333,19.758057,20.323969,15.853624,18.077211,13.746311,17.37379,16.177519,19.637352,20.299757,21.458796,25.377542,25.557966,24.47931,22.545033,17.766403,18.989922,15.54637,16.402271,15.440644,15.84958,17.939829,18.316874,22.423862,21.815075,20.839092,21.971024,19.865944,23.258762,23.021584,25.989677,26.859539,26.705019,26.115416,25.977997,26.327244,21.60969,21.516977,18.560177,20.586344,17.417744,22.260849,20.21399,22.941338,22.23551,18.658651,17.288937,13.562649,12.346156,10.53813,9.440387,10.653837,10.503827,13.875129,15.078337,18.618973,19.455679,15.028461,18.090488,19.146076,15.05997,14.3451185,11.260784,13.951704,10.354159,14.615869,16.013447,19.648819,21.256994,18.659092,22.241919,25.181683,23.911139,23.979836,19.772545,16.708048,13.205187,14.265017,8.551811,12.515222,8.481467,13.542116,16.534496,13.587703,10.534124,12.18149,7.27339,11.038024,9.756091,13.118244
9,15.129246,15.568011,16.22085,16.14687,15.573834,13.526629,10.975226,6.424501,4.6265316,0.0,5.6088023,6.820857,9.253151,10.987643,7.4466763,5.7487955,3.9623413,6.6836843,6.760182,11.760461,11.387737,16.171831,17.298786,22.270765,19.384666,26.159483,22.917416,23.270132,18.773554,21.087416,16.02813,20.178368,17.222075,21.493982,20.840109,22.207615,25.55498,25.02438,23.563887,21.931175,17.555923,17.94299,15.695321,15.355495,15.499524,15.212805,17.994547,18.179554,22.651556,21.31161,20.924486,21.447416,20.18524,23.693565,23.308754,26.973019,27.385014,28.118881,27.983082,27.951597,27.341467,23.075455,23.584507,19.829222,22.620188,19.18745,24.271502,21.84242,25.125101,23.891548,20.02228,18.619661,14.968281,12.77853,10.300735,10.094931,9.340893,9.923058,12.058615,13.678546,16.774082,18.094463,13.684666,16.940857,18.897934,15.2788725,15.774503,12.566387,16.710972,13.73038,18.26555,19.888102,23.235418,25.267857,22.806725,25.924377,29.23956,28.176523,28.30224,24.287191,20.997932,17.647562,18.332159,12.549309,15.278473,10.562369,14.951429,17.39218,13.943555,11.628448,14.59677,10.988428,15.111457,14.133005,17.634176
10,16.82348,17.824223,19.686653,19.64699,20.074995,18.292921,15.274571,11.594255,8.209237,5.6088023,0.0,4.8055253,4.831109,7.242382,5.5648136,5.684613,8.436558,10.475095,12.2449255,16.795181,16.86225,21.28385,22.027449,27.163076,23.705797,30.490232,26.608946,26.33493,21.79379,22.97747,17.922842,20.609606,15.908937,19.49486,18.569717,18.864096,22.206692,21.4896,20.794409,20.29962,16.51118,17.897993,16.504358,17.224247,18.394478,18.764574,22.13395,22.973866,27.063541,24.982798,24.459297,24.017954,22.40649,25.435144,23.580711,27.915598,27.024519,28.218353,27.90332,27.167011,25.674728,21.746286,23.404802,20.064945,24.173183,21.48047,26.914494,25.117142,28.903622,28.054617,24.147572,23.463697,19.372486,17.869307,14.931023,13.368561,11.725406,10.485237,11.34923,11.235193,13.689853,14.3692255,9.392409,11.912939,14.768646,12.118642,13.488317,11.505669,16.150576,15.400896,19.908522,22.494555,25.823717,28.415651,24.838068,27.539276,31.094707,29.804493,29.334764,26.003304,22.054674,19.07409,18.49931,13.199793,13.425186,8.764201,11.498848,13.193199,9.527319,8.304223,12.734948,11.274023,15.732061,16.286226,20.096788
11,20.597046,21.643772,22.716076,22.792149,22.39119,20.228771,17.422987,13.155557,11.03678,6.820857,4.8055253,0.0,3.7235868,6.384828,4.3093863,7.2022533,8.119161,11.962768,12.589593,17.914015,17.626339,22.64406,23.54969,28.349955,25.111115,31.891058,28.366302,28.086811,23.635994,25.277975,19.776705,23.425278,18.074493,22.639753,20.427097,21.536825,23.987051,22.527245,21.011295,20.41833,17.136677,17.12174,16.880661,16.051104,17.990139,17.595573,21.263971,21.85456,26.076305,23.511631,23.575922,22.759634,22.132385,25.26669,23.81601,28.469051,27.614412,29.526169,29.768597,29.486925,27.4164,23.989141,25.666943,21.50111,25.662878,22.576263,27.930067,25.659626,29.717241,28.334093,24.306835,23.531507,19.755575,17.582254,14.471317,13.946821,11.033653,11.067406,10.571721,11.538775,13.316938,14.903089,10.905144,13.801667,16.990639,14.6921215,16.81248,14.3236475,19.64877,18.354286,22.961008,25.299803,28.33398,31.128956,28.125912,30.512707,34.328224,33.379597,33.282967,29.866547,26.00896,23.033478,22.844751,17.339869,18.090984,13.286141,15.95344,17.250557,13.725883,12.998864,17.508528,15.714705,20.183462,20.173285,23.882156
12,21.576912,22.64005,24.449808,24.253807,24.529768,22.430304,19.265934,15.646009,12.649508,9.253151,4.831109,3.7235868,0.0,3.9711432,4.6118674,7.8011703,10.837604,13.69073,15.432899,20.309746,20.559881,25.127043,25.702724,30.657494,26.986366,33.756107,29.780922,29.108776,24.671328,25.586645,20.239902,22.906075,16.717802,20.73957,18.395704,18.85311,21.222609,19.697926,18.750662,18.918652,16.068365,16.913,17.009947,17.194662,19.471727,19.70103,23.558052,24.661427,28.526712,25.659006,25.453362,24.152328,23.0716,25.82514,23.421339,28.350885,26.702932,28.777435,28.857586,28.134703,25.59852,22.424824,24.747835,20.988735,25.834064,23.294329,28.786898,27.009836,31.29854,30.273191,26.2786,26.000164,21.892586,20.351913,17.058273,15.541922,12.655334,11.416482,10.346014,9.858143,11.088672,12.111282,7.9330025,10.29073,13.939324,12.3941765,15.011366,13.364319,18.716772,18.689005,23.157644,26.024836,29.013395,32.147106,28.48401,30.567688,34.50357,33.45301,33.039944,30.099657,25.896334,23.224752,22.384819,17.317535,16.83041,12.3663025,13.910067,14.614122,11.339335,11.472264,16.59838,15.766115,20.280897,21.058449,24.819988
13,23.690506,24.093468,26.186094,25.066885,25.660566,23.134123,19.572893,17.030695,13.844128,10.987643,7.242382,6.384828,3.9711432,0.0,4.0137663,7.338035,11.479309,13.573226,16.299683,20.591518,21.889551,25.687511,25.70002,30.51413,26.360512,32.97853,28.704979,27.547516,23.294807,23.749758,18.38923,20.847311,13.888704,18.41406,15.138815,16.290516,18.029442,16.256474,14.890007,15.033721,12.540325,13.472042,14.165999,14.800978,17.558035,18.285915,22.351677,24.116318,27.382565,24.046947,23.657087,21.77117,20.5162,22.904951,19.97881,25.129343,23.072163,25.49159,25.779533,25.15435,22.18991,19.412628,21.97553,18.038612,23.320637,21.12314,26.588062,25.129507,29.760149,28.922642,24.995975,25.419739,21.10648,20.286835,16.751057,14.458303,11.269827,9.313299,7.2419825,6.169801,7.1671777,8.577026,5.387225,8.749227,11.480075,9.963581,13.137099,11.473104,17.164679,17.670301,21.928772,25.07508,27.668282,31.37289,27.561539,28.967926,33.23146,32.482265,32.246746,29.772657,25.35588,23.118326,22.206917,17.411762,17.001257,12.612302,14.035268,14.506336,11.989135,12.396327,18.000795,16.684612,21.316498,22.276262,25.774124
14,21.361818,21.577316,23.132095,22.049593,22.182848,19.545599,16.15855,13.34164,10.645444,7.4466763,5.5648136,4.3093863,4.6118674,4.0137663,0.0,4.324768,7.4838414,10.08369,12.34406,16.845387,17.99062,21.940222,22.149294,26.921091,23.05417,29.754717,25.809534,25.048794,20.69315,21.884884,16.316374,19.835386,14.0684395,19.128206,16.446827,18.23428,20.425383,19.0436,17.208872,16.250286,12.832292,13.068407,12.804996,12.682729,14.864661,15.190078,19.092587,20.505674,24.107029,21.181105,20.868038,19.636097,18.542587,21.437849,19.591297,24.329586,23.313541,25.279503,25.606493,25.425516,23.27464,19.950897,21.65114,17.347803,21.819674,19.008507,24.442251,22.521114,26.906025,25.820408,21.82608,21.820133,17.645443,16.441893,12.970853,11.219792,8.080014,7.149813,6.4165874,7.4783964,9.8041,11.60923,8.119496,11.940189,14.076309,11.314197,13.580559,10.792265,16.471735,15.537639,20.026417,22.679667,25.398678,28.758627,25.524612,27.331413,31.44934,30.759535,30.82998,27.84166,23.74557,21.17379,20.934353,15.613834,16.595625,11.711137,14.575267,15.895215,12.95026,12.25857,17.336864,14.883237,19.552013,19.798164,23.231256
15,18.325338,17.922,19.697845,18.020624,18.554808,15.88136,12.239899,10.411551,7.2068386,5.7487955,5.684613,7.2022533,7.8011703,7.338035,4.324768,0.0,5.7728972,6.3333735,9.862607,13.482333,15.344758,18.51135,18.468105,23.416807,19.378582,26.10095,21.990906,21.352335,16.889202,18.13433,12.727298,16.307913,11.887392,16.76417,15.263456,17.168667,20.091137,19.506922,17.913294,16.274586,11.939432,13.0005455,10.9727955,11.964136,12.911995,13.811166,17.257738,18.81629,22.31019,20.033556,19.19494,18.675577,16.760372,19.794584,18.311539,22.437086,22.090256,23.180298,23.1478,23.000942,21.831947,17.842358,18.874393,14.932744,18.799225,15.953445,21.413698,19.653465,23.725096,22.971874,19.069439,19.070261,14.662411,14.068537,10.7872715,8.13692,6.6014905,4.9223533,7.0214024,8.140447,11.563936,12.854308,9.043376,12.9696245,14.017999,10.158953,11.186592,7.734013,12.959442,11.343325,15.90305,18.475302,21.36771,24.557722,21.284836,23.363672,27.319807,26.56142,26.701027,23.574144,19.580296,16.95832,17.020485,11.587259,13.601197,8.656843,12.650948,14.71011,11.972138,10.336207,14.833257,11.308806,15.921892,16.013838,19.236856
16,17.911406,17.580418,17.793987,16.77755,15.782887,12.943549,10.246877,6.8557076,6.4742675,3.9623413,8.436558,8.119161,10.837604,11.479309,7.4838414,5.7728972,0.0,5.052399,4.918051,9.973122,10.688602,14.912047,15.657474,20.293674,17.251482,23.983482,20.898674,21.141254,16.792608,19.539928,14.198793,19.384676,16.602945,21.754301,20.385077,22.791658,25.58821,24.872425,22.674154,20.372093,16.006683,15.407305,13.235152,11.906364,11.970202,11.3218155,14.230405,14.590055,18.949547,17.390339,17.142775,17.69692,16.848629,20.510637,20.826874,24.34233,25.264753,26.172462,26.44705,26.983925,26.396866,22.353388,22.42643,18.047709,20.428652,16.61521,21.548677,18.769186,22.26313,20.724974,16.759356,15.555087,11.91047,9.640306,6.712502,7.1550946,6.027392,8.083675,10.293646,13.05633,16.236149,18.11496,14.564068,18.433594,19.778872,15.858047,16.450594,12.555131,16.953974,13.196513,17.631992,18.956324,21.85967,24.232443,22.376043,25.006235,28.588367,27.999996,28.655806,24.729464,21.558464,18.463423,19.660511,13.921065,17.51849,12.724847,17.39542,19.807129,16.689661,14.485961,17.752897,13.341388,17.414835,16.01961,19.020576
17,16.328402,14.828987,15.662969,13.134635,13.126086,9.942553,6.2905073,6.3499303,5.209113,6.6836843,10.475095,11.962768,13.69073,13.573226,10.08369,6.3333735,5.052399,0.0,5.4356737,7.247255,10.294464,12.312948,12.154263,17.116217,13.344061,20.142162,16.496506,16.62473,12.144552,14.775071,9.783275,14.921847,13.863987,18.574226,18.25185,20.814568,23.99708,24.005638,22.080435,19.309875,14.458034,14.86798,11.115576,11.600949,10.244623,10.943805,13.164709,14.297958,17.882332,16.916182,15.762458,16.827389,14.719513,18.219408,18.61023,21.395588,22.820389,22.813997,22.704931,23.270126,23.636269,19.176613,18.536966,14.759856,16.400152,12.783916,17.702389,15.409528,18.655315,17.805353,14.03506,13.401138,9.1378975,8.811677,6.3819466,4.239525,6.391678,7.0349226,10.929673,13.17246,16.881588,18.267529,14.938708,18.784506,18.950481,14.451094,13.893182,9.798648,12.992627,8.333705,12.648551,13.932873,16.922604,19.401022,17.341675,20.011852,23.536343,22.987335,23.787783,19.960348,16.843388,13.955286,15.551773,10.129265,14.892653,10.713717,15.865233,18.660189,16.206404,13.560994,16.156292,10.703394,14.405128,12.991035,15.448868
18,16.257036,15.422361,14.512566,13.559719,11.58493,8.702093,7.1479945,3.8367765,6.644354,6.760182,12.2449255,12.589593,15.432899,16.299683,12.34406,9.862607,4.918051,5.4356737,0.0,5.8435106,5.9119163,10.276512,11.637654,16.140457,13.993922,20.542149,18.238102,19.34482,15.258104,18.930801,14.37348,19.992111,19.22654,23.960407,23.504692,25.986382,29.122614,28.825684,26.64501,23.866238,19.227345,18.57234,15.480194,14.048843,12.532882,11.473781,12.9476595,12.304003,17.016361,16.871311,16.531944,18.432682,17.576496,21.417906,22.886969,25.45409,27.437405,27.56888,27.685913,28.532425,28.927946,24.56598,23.721148,19.739637,20.63814,16.516985,20.7345,17.590225,20.063047,18.358208,14.696101,12.373553,9.557714,6.483612,5.3893304,7.7542515,8.965157,11.446342,14.475827,17.337782,20.752148,22.501652,18.893568,22.651442,23.621239,19.35616,19.077692,15.105559,18.21606,13.074512,16.94987,17.152699,20.126717,21.52265,20.741196,23.96078,26.95631,26.384975,27.376595,22.89379,20.572706,17.27594,19.405676,13.98033,18.857496,14.694341,19.829887,22.67005,19.670982,16.894426,18.791767,13.58797,16.713606,14.169341,16.560352
19,16.659538,14.361763,13.13201,10.323037,8.35166,4.510686,3.9983263,6.748552,9.485821,11.760461,16.795181,17.914015,20.309746,20.591518,16.845387,13.482333,9.973122,7.247255,5.8435106,0.0,5.8858094,5.2909703,5.807972,10.519988,8.410012,14.851697,12.876891,14.658254,11.085163,15.47999,12.2839155,17.98027,19.66184,23.870737,24.310863,27.138527,30.389221,30.681957,28.513441,25.128115,20.33607,19.973242,15.80736,15.202245,12.035856,11.689973,11.449354,10.989051,14.707866,15.971967,14.887595,17.930737,16.382877,20.005775,22.41242,23.708307,26.783247,25.887476,25.79526,27.037687,28.624516,24.103651,22.128088,18.845957,17.960634,13.925632,17.11675,14.071314,15.39246,14.079324,11.015401,8.404043,6.201969,5.3421907,6.6492457,8.199551,11.597545,13.612242,17.407145,20.161076,23.83714,25.35986,22.177172,25.948725,25.90979,21.286163,20.035679,16.117435,17.54873,11.3052,13.923457,12.834526,15.521315,16.233225,16.619047,19.963072,22.466337,22.188631,23.763575,19.156975,17.731417,14.825073,17.94769,13.589106,19.638079,16.452698,21.743158,24.84883,22.4766,19.40719,20.352127,14.376485,16.354317,13.179485,14.19202
20,14.977762,14.02599,11.2582855,11.485108,7.698883,6.120941,7.7783995,5.5491457,9.99588,11.387737,16.86225,17.626339,20.559881,21.889551,17.99062,15.344758,10.688602,10.294464,5.9119163,5.8858094,0.0,6.753197,9.801604,13.594639,13.453873,19.094446,18.12305,20.342163,16.884129,21.129765,17.770647,23.090935,23.952219,27.985193,28.463167,30.652418,34.18692,34.231342,32.251984,29.33528,24.568537,24.04323,20.48856,19.136559,16.741705,15.42691,15.388189,13.444488,18.163666,19.628046,19.321018,22.312145,21.5265,25.322271,27.56251,29.322561,32.047295,31.485743,31.348509,32.289474,33.51352,28.896809,27.424398,24.070595,23.759466,19.69445,22.946405,19.69064,20.688251,18.927162,16.05465,12.393801,11.4345875,8.192048,9.619166,12.540885,14.645183,17.021687,20.323755,23.040453,26.544405,28.111689,24.237652,27.713856,28.66487,24.321419,23.421276,19.731688,21.636082,15.89956,18.874113,17.850521,20.875443,20.694311,21.17194,25.161442,27.19661,26.455048,27.595325,22.50811,21.369442,17.91992,20.78038,16.126307,21.53692,18.230663,23.355509,26.455647,23.505077,20.373188,20.7252,15.532949,17.22142,13.526436,15.029517
21,17.005035,14.319738,11.744717,9.220433,5.8780503,3.792786,7.1038465,10.120562,13.422238,16.171831,21.28385,22.64406,25.127043,25.687511,21.940222,18.51135,14.912047,12.312948,10.276512,5.2909703,6.753197,0.0,3.8065639,7.1960416,7.9515033,12.705478,12.453916,15.436878,12.993568,17.598404,15.910738,20.93278,24.042772,27.561426,28.76952,31.373833,34.87636,35.47265,33.465202,29.972889,25.176968,24.922045,20.533035,20.013205,16.388174,15.887901,14.436261,13.052219,16.203272,18.900143,17.819387,21.65493,20.185976,23.560575,26.579414,27.045628,30.757677,29.205898,28.884487,30.232088,32.590786,27.96852,25.425001,22.852428,20.824463,17.15015,19.081297,16.196959,15.748982,14.601304,12.775977,9.242762,9.479525,8.934891,11.463084,13.310432,16.85309,18.79125,22.673117,25.311443,29.032942,30.415745,27.094824,30.668324,30.536726,25.893568,24.172054,20.5831,20.952585,14.612751,16.024374,13.611842,16.024199,14.891335,16.9036,20.792372,22.193867,21.869358,23.706629,18.703377,18.640198,15.902605,19.640417,16.326996,22.598759,20.201777,25.363237,28.621893,26.3767,23.098825,22.8952,17.073765,17.733501,13.81231,13.561419
22,18.705416,15.385409,13.868131,9.66983,8.152038,5.453796,7.035153,11.890213,14.281528,17.298786,22.027449,23.54969,25.702724,25.70002,22.149294,18.468105,15.657474,12.154263,11.637654,5.807972,9.801604,3.8065639,0.0,5.314167,4.2355523,9.591982,8.668363,11.658816,9.560136,14.269032,13.273648,18.2066,22.130333,25.558222,26.835882,29.783943,33.07091,33.863754,31.791542,28.04491,23.356974,23.253654,18.568735,18.631956,14.592903,14.804688,13.071186,12.720038,14.798063,17.469156,15.836237,19.703777,17.707582,20.778086,23.955414,23.89572,27.926523,26.019281,25.687105,27.264639,29.98972,25.499453,22.521334,20.22652,17.514675,14.089733,15.54112,12.9823475,12.292863,11.7121935,10.181794,7.732066,7.6989193,9.2,11.454286,12.252501,16.293139,17.85522,21.86656,24.409811,28.142275,29.445477,26.607082,30.258083,29.50731,24.797056,22.831776,19.284159,19.112038,12.708124,13.381771,10.559918,12.495019,11.758233,14.1102495,17.488808,19.06835,19.15313,21.3924,16.813078,16.757872,14.604521,18.481861,15.693061,22.131365,19.979399,25.059523,28.260624,26.421465,23.24761,23.318163,17.262901,17.959288,14.525541,13.877244
23,23.218853,19.799112,17.687374,13.806472,11.910381,10.233513,12.344328,16.786709,19.518978,22.270765,27.163076,28.349955,30.657494,30.51413,26.921091,23.416807,20.293674,17.116217,16.140457,10.519988,13.594639,7.1960416,5.314167,0.0,5.5409822,6.179417,8.623153,12.355452,12.152698,16.812214,16.928257,21.71426,26.359037,29.766546,30.95812,34.28555,37.28358,38.107574,35.749516,31.659504,27.245544,26.627615,22.132246,21.691484,17.350061,17.230167,14.292893,13.430239,14.131786,18.090702,16.582243,21.111897,19.646532,22.31698,26.525848,25.516462,30.389046,28.16107,28.044863,30.140047,33.31049,29.138803,25.595238,23.50451,19.614996,16.50493,16.221508,13.664414,11.012782,10.289818,10.584112,8.045725,10.529682,12.201855,15.143755,16.512754,20.405151,22.325611,26.125729,28.937761,32.57273,34.02947,31.537453,35.297306,34.315586,29.598856,27.587543,24.047514,23.560482,17.299725,17.07702,13.479275,14.060145,12.23561,16.622944,19.31446,20.160389,20.85448,23.706118,19.493849,20.39339,18.839561,22.894194,20.733723,27.17489,25.215485,30.239576,33.422016,31.69118,28.534542,28.464771,22.45947,22.771461,19.225279,17.90052
24,21.962036,18.337267,17.581064,12.581024,12.129828,9.277372,9.41882,14.850655,16.521051,19.384666,23.705797,25.111115,26.986366,26.360512,23.05417,19.378582,17.251482,13.344061,13.993922,8.410012,13.453873,7.9515033,4.2355523,5.5409822,0.0,6.8075376,4.9154596,7.8076267,6.680643,11.543355,11.440873,16.385109,20.981094,24.495047,25.524029,29.027128,31.860043,32.747078,30.446138,26.357048,21.965635,21.737946,16.983639,17.39809,13.00443,13.884012,11.715927,12.507099,13.071963,15.692747,13.514812,17.41068,15.041189,17.659485,21.295952,20.50442,25.0652,22.863487,22.713573,24.751652,27.776379,23.629356,20.131454,17.985956,14.2857,11.143765,11.604742,9.312954,8.180045,8.272957,7.385996,6.8729296,6.9128795,10.374201,12.266317,12.183956,16.365952,17.68513,21.564756,24.115757,27.729763,29.051687,26.905745,30.671011,29.294163,24.603008,22.570883,19.055302,18.53129,12.391305,12.165182,9.069174,9.7451515,10.00725,12.875678,15.060017,17.009153,17.823717,20.602646,16.821262,16.684727,15.359613,19.118359,16.852486,23.174578,21.150045,26.04738,29.088358,27.63905,24.684845,25.239437,19.129255,20.02862,17.198605,16.372292
25,27.135002,23.182968,22.07354,17.090914,16.692003,14.88897,15.902457,21.321732,23.18333,26.159483,30.490232,31.891058,33.756107,32.97853,29.754717,26.10095,23.983482,20.142162,20.542149,14.851697,19.094446,12.705478,9.591982,6.179417,6.8075376,0.0,5.6125426,9.031535,11.13716,14.756344,16.691793,20.433086,26.299122,29.196196,30.582056,34.241493,36.832382,37.994442,35.645405,31.303322,27.325682,26.96405,22.371487,22.791636,18.279716,19.10702,15.972991,16.494919,15.24087,18.987732,16.797806,21.055548,18.959772,20.657194,25.10043,22.846502,28.295612,25.332304,25.180182,27.67921,31.562145,27.853634,23.624207,22.394709,17.206594,15.259926,13.077713,11.858883,7.4783306,8.732965,10.813392,10.902878,12.903876,16.227957,18.573507,18.701048,22.75951,24.057447,27.777832,30.295252,33.793022,35.05787,33.28981,36.988182,35.17051,30.565346,28.244932,25.07132,23.669048,18.123487,16.495123,12.549046,11.29217,9.634804,15.094615,16.27066,16.78787,18.411938,21.92844,18.8931,20.17309,19.772305,23.678564,22.603052,28.808784,27.393793,32.050472,35.06283,33.938347,30.989183,31.064754,25.115358,25.249277,22.37972,20.574867
26,24.587109,20.524733,20.567812,14.848849,15.664588,13.291342,12.919542,18.875755,19.758057,22.917416,26.608946,28.366302,29.780922,28.704979,25.809534,21.990906,20.898674,16.496506,18.238102,12.876891,18.12305,12.453916,8.668363,8.623153,4.9154596,5.6125426,0.0,3.9851532,5.8194685,9.177851,11.465831,14.821958,20.903172,23.60728,25.141615,28.7162,31.334766,32.65169,30.56085,26.373465,22.345432,22.671412,17.760815,19.29569,14.941455,16.735094,14.623472,16.323057,15.553036,17.892336,15.166423,18.599018,15.435643,17.069853,20.540815,18.632116,23.558163,20.477377,20.057749,22.300951,26.159286,22.310452,18.13415,17.14727,12.170792,10.511801,9.219665,8.812868,6.4694896,8.80634,9.370118,10.816191,10.599072,14.833245,16.197803,14.945056,19.15429,19.675028,23.493578,25.561733,29.050941,30.059172,28.460257,32.01897,29.891922,25.36202,22.911715,19.950584,18.251215,13.065279,11.122502,7.521115,6.15943,6.9032903,10.56137,11.446654,13.153967,14.70711,18.040428,15.304449,15.626201,15.478764,19.061958,18.105965,24.051403,22.77667,27.18922,30.069494,29.236126,26.470743,26.88983,21.031157,21.497974,19.31073,17.897724
27,26.131578,22.119585,22.914572,16.98982,18.393353,15.695985,14.321441,20.198719,20.323969,23.270132,26.33493,28.086811,29.108776,27.547516,25.048794,21.352335,21.141254,16.62473,19.34482,14.658254,20.342163,15.436878,11.658816,12.355452,7.8076267,9.031535,3.9851532,0.0,4.555302,6.1913896,9.406863,12.118766,18.35796,21.014933,22.271078,26.157892,28.364376,29.75843,27.646488,23.394999,19.719772,20.30406,15.484023,17.79976,13.76658,16.325174,14.79648,17.461485,16.20607,17.513376,14.44353,17.012764,13.186831,14.178287,17.219448,14.942607,19.860987,16.561335,16.20023,18.686708,22.610369,19.088594,14.678015,13.972551,8.449055,7.774246,5.9309497,7.143581,6.416185,9.487772,9.765474,12.629742,11.411201,16.148703,16.747515,14.500721,18.43377,18.37773,21.92221,23.693525,26.973543,27.860716,26.859095,30.354383,27.745394,23.405556,21.006432,18.286657,16.424803,12.162376,9.787156,7.3707066,4.782871,8.480589,10.190289,9.341091,12.224221,14.2185545,17.510876,15.750194,15.260816,15.68917,18.67559,17.952772,23.369389,22.167995,26.215015,28.835829,28.358387,25.910315,26.878183,21.23831,22.106659,20.618645,19.563694
28,22.49229,18.775972,19.797203,14.099736,15.5382,12.4820595,10.329152,16.022945,15.853624,18.773554,21.79379,23.635994,24.671328,23.294807,20.69315,16.889202,16.792608,12.144552,15.258104,11.085163,16.884129,12.993568,9.560136,12.152698,6.680643,11.13716,5.8194685,4.555302,0.0,5.084351,5.65137,9.979493,15.16613,18.405277,19.499138,23.18359,25.769567,26.953466,24.918285,20.889898,16.672485,17.4841,12.331349,14.807324,10.913778,13.565202,12.923584,15.563653,15.626627,16.274946,13.39535,15.671037,11.70217,13.655515,15.877396,15.158828,19.122984,16.607914,16.187456,18.082317,21.210224,17.113802,13.45461,11.78387,8.123765,5.8281116,7.64989,7.3524857,8.88671,10.510548,8.947758,11.169784,8.480502,12.991012,13.045665,10.317822,14.423063,14.241859,18.066975,19.84928,23.32787,24.25167,22.782164,26.354433,24.158966,19.636374,17.381807,14.285568,13.115506,8.025731,6.9846106,5.60672,5.856315,9.781369,9.557969,10.248787,13.795876,14.809331,17.345678,14.780191,13.245076,12.811188,15.705892,13.99453,19.588022,17.914711,22.225649,24.942142,24.161701,21.644125,22.887833,17.120377,18.520702,17.082502,16.72066
29,24.181305,20.404663,22.498205,16.614042,19.153326,16.49006,13.845611,19.325947,18.077211,21.087416,22.97747,25.277975,25.586645,23.749758,21.884884,18.13433,19.539928,14.775071,18.930801,15.47999,21.129765,17.598404,14.269032,16.812214,11.543355,14.756344,9.177851,6.1913896,5.084351,0.0,5.749577,5.934591,12.877507,14.8576765,16.671259,20.16454,22.596033,24.32688,22.842648,19.085592,15.352493,17.419031,12.377771,16.554037,13.525336,16.919346,16.957638,20.137964,19.806862,19.685774,16.611103,17.734194,12.972952,13.748324,14.264231,13.138306,16.346489,12.956319,11.797598,13.384844,17.27194,13.2882395,9.078765,9.336686,5.570457,6.537059,8.080229,10.113155,11.987412,14.44049,13.27574,16.123642,13.127266,17.542503,16.92137,13.08583,16.629316,15.15298,18.644764,19.42819,22.621786,22.968904,22.121382,25.222544,22.186188,18.066248,15.376545,13.334329,10.698091,8.171844,5.268306,6.0684013,5.1551056,10.681832,8.129753,6.6283097,11.275263,12.486696,14.759734,13.741083,11.578737,12.460894,14.359541,14.052877,18.494015,17.72413,21.108656,23.456606,23.478148,21.395496,22.710798,17.678387,18.883307,18.567408,18.14229
30,22.126446,19.05398,20.965403,15.872127,17.662464,14.406586,10.906403,15.262007,13.746311,16.02813,17.922842,19.776705,20.239902,18.38923,16.316374,12.727298,14.198793,9.783275,14.37348,12.2839155,17.770647,15.910738,13.273648,16.928257,11.440873,16.691793,11.465831,9.406863,5.65137,5.749577,0.0,6.919395,9.685416,13.877823,14.1083355,18.02335,20.459305,21.42826,19.435123,15.642516,11.199476,12.811665,7.478922,11.515794,8.97576,12.402614,13.569259,16.82111,17.534216,16.464684,13.794195,14.372057,9.901985,11.910093,12.043845,13.112369,15.430232,13.912495,13.582634,14.895204,16.788849,12.505291,9.96491,7.058942,6.84684,4.6514373,9.619125,9.587063,13.267402,14.273138,11.624415,14.04914,9.911086,13.652816,12.158078,7.7074823,10.943951,9.4919195,13.130643,14.412653,17.825054,18.63371,17.464474,21.052614,18.716633,14.248312,12.408655,9.131054,9.143166,5.4234276,6.582529,8.627812,9.791096,14.479039,11.828789,12.026548,16.530098,17.046827,18.631464,16.57809,13.401709,12.766428,14.353913,11.83091,16.377016,14.187807,18.142458,20.529272,19.862564,17.804806,20.182446,14.918122,17.418808,17.00129,17.773119
31,23.392889,20.154434,23.355232,18.051847,21.290882,18.8789,15.490809,19.918242,17.37379,20.178368,20.609606,23.425278,22.906075,20.847311,19.835386,16.307913,19.384676,14.921847,19.992111,17.98027,23.090935,20.93278,18.2066,21.71426,16.385109,20.433086,14.821958,12.118766,9.979493,5.934591,6.919395,0.0,8.364114,8.953942,11.770011,14.479346,17.30736,19.465273,18.898998,16.03925,12.482247,16.257685,11.678314,17.200861,15.512518,19.145432,20.38657,23.69479,24.073406,22.97414,20.133137,20.098768,15.186994,15.749639,13.623525,14.10243,14.833206,11.955415,9.934543,9.682293,13.0261,8.341042,5.4099503,7.36714,8.078205,9.756295,12.911495,14.853522,17.676424,19.745447,17.873423,20.464108,16.599102,20.287903,18.730995,13.989809,16.610983,13.708059,16.771341,16.227745,19.155067,18.772299,18.100203,20.577682,17.057158,13.369398,10.314875,9.620588,5.8254128,7.430105,5.668282,9.473625,10.1281805,15.045682,10.087501,8.828227,13.518425,13.679243,14.417551,14.247674,10.452295,11.61672,11.691305,11.892546,14.490652,14.338646,16.614195,18.51722,19.193583,17.681866,19.425838,15.508108,17.079184,18.117157,18.446585
32,24.568727,22.62808,25.910145,21.903446,24.399649,21.617096,17.549517,19.638271,16.177519,17.222075,15.908937,18.074493,16.717802,13.888704,14.0684395,11.887392,16.602945,13.863987,19.22654,19.66184,23.952219,24.042772,22.130333,26.359037,20.981094,26.299122,20.903172,18.35796,15.16613,12.877507,9.685416,8.364114,0.0,6.6593847,4.7413707,8.704651,10.963079,12.05842,11.27583,9.282519,5.66817,10.897908,8.307477,14.017777,14.655353,17.983318,20.808811,24.227734,25.377739,22.717657,20.58876,18.934969,14.874315,15.684906,11.253181,14.902426,12.806437,13.138925,12.425606,11.450067,10.210091,5.971937,8.262979,6.374347,12.206339,12.547513,17.295547,18.101809,22.443285,23.396343,20.497772,22.884464,18.319778,20.75754,17.966679,12.980638,13.270282,9.169145,10.490575,8.565339,10.994395,10.441341,10.637542,13.276248,9.6975155,6.1755214,5.487192,5.080757,6.9547243,10.352752,12.229609,16.273092,17.647362,22.515255,17.741959,17.182243,21.854338,21.695965,21.75279,21.091152,16.50674,16.304758,15.210635,13.181294,13.632417,11.863271,13.239834,14.241935,14.685389,14.290403,18.280209,15.509596,18.811045,20.421406,22.269735
33,25.211428,23.194769,27.364077,23.340076,26.844631,24.776186,20.968765,23.482788,19.637352,21.493982,19.49486,22.639753,20.73957,18.41406,19.128206,16.76417,21.754301,18.574226,23.960407,23.870737,27.985193,27.561426,25.558222,29.766546,24.495047,29.196196,23.60728,21.014933,18.405277,14.8576765,13.877823,8.953942,6.6593847,0.0,6.680396,6.0464773,9.847764,12.825838,14.419879,13.989315,11.886466,17.338312,14.747321,20.599125,20.751303,24.19024,26.626518,29.930557,30.985785,28.822575,26.425854,25.108698,20.65826,20.945658,16.195553,18.6447,15.983259,14.948031,12.788519,9.778425,9.75353,5.6884856,8.774794,11.00709,15.455138,17.0755,20.961414,22.65876,26.23138,27.885798,25.43598,27.761116,23.333889,26.011507,23.538643,18.53498,19.423748,15.247312,16.736532,13.938065,15.678294,13.812868,13.857182,14.622686,10.152587,8.572293,6.0142083,9.204355,6.7810454,12.9606695,13.282691,17.60567,18.913305,23.341362,17.467573,16.63134,20.608181,19.896534,18.94416,19.616734,14.975731,15.876266,13.455385,13.923566,12.265622,13.062529,12.349172,12.694678,14.790966,14.90046,17.580627,16.363304,18.449226,21.15118,22.538097
34,28.404602,26.738583,30.283781,26.439774,29.059175,26.329678,22.248348,23.970942,20.299757,20.840109,18.569717,20.427097,18.395704,15.138815,16.446827,15.263456,20.385077,18.25185,23.504692,24.310863,28.463167,28.76952,26.835882,30.95812,25.524029,30.582056,25.141615,22.271078,19.499138,16.671259,14.1083355,11.770011,4.7413707,6.680396,0.0,5.958072,6.39514,7.7226276,7.8887978,7.5391445,6.7535005,12.163502,11.452447,16.84083,18.269545,21.554514,24.600643,28.211584,29.091013,25.936186,23.9297,21.518475,17.73947,17.770052,12.013335,15.994385,11.988184,13.275255,12.67587,10.900062,7.339228,5.2593346,9.723424,9.028722,15.17948,16.300097,20.558477,21.779932,26.266235,27.318394,24.552143,27.230879,22.720171,25.096176,22.131721,17.278028,16.843534,12.735597,12.607651,9.586273,10.361279,8.888644,11.076439,12.599306,8.007794,6.9977264,7.6925936,9.138273,10.587755,15.000478,16.436247,20.560272,21.56262,26.610401,21.589664,20.347176,24.977634,24.887098,24.643879,24.74677,20.1031,20.314568,18.60275,17.204184,16.237291,15.030953,14.917922,14.85828,16.069801,16.639751,20.927433,19.239832,22.4651,24.56304,26.48568
