,0,1,2,3,4,5,6,7,8,9,10,11,12,13,14,15,16,17,18,19,20,21,22,23,24,25,26,27,28,29,30,31,32,33,34,35,36,37,38,39,40,41,42,43,44,45,46,47,48,49,50,51,52,53,54,55,56,57,58,59,60,61,62,63,64,65,66,67,68,69,70,71,72,73,74,75,76,77,78,79,80,81,82,83,84,85,86,87,88,89,90,91,92,93,94,95,96,97,98,99,100,101,102,103,104,105,106,107,108,109,110,111,112,113
0,0.0,4.1866307,5.6996946,9.386439,12.098437,15.211102,15.5222025,21.185955,22.031874,25.65686,28.197018,31.279833,33.964584,36.554264,35.023254,31.172222,34.235638,29.534441,32.81395,30.029009,32.92311,31.021223,29.053013,31.194637,29.547169,31.121862,27.68737,27.319977,25.467236,22.71767,24.680101,19.982998,25.106901,20.393425,26.784872,25.42315,29.162926,32.92205,34.004482,33.358643,30.435795,35.19627,30.79967,36.112667,34.018826,37.06363,37.888603,39.70101,41.551353,41.598682,39.09357,39.930946,35.277473,36.565548,33.453144,34.795742,35.01939,31.59866,28.213453,25.301908,27.528639,23.596725,23.39655,26.412844,27.63755,29.024973,31.484324,33.560593,33.81227,36.18142,35.16019,35.45308,32.63024,35.175903,34.462154,30.730616,33.980824,31.244902,34.802578,33.83557,36.71517,35.630672,35.88641,36.470284,32.124905,29.847166,25.939425,26.38093,20.842838,23.09285,19.142485,20.120825,19.281868,21.867311,18.457672,15.255201,16.360575,15.694381,16.832575,17.14422,19.068712,20.391882,22.413721,20.212088,20.67728,21.85772,22.26808,23.976671,24.010029,24.390547,23.808348,27.440321,27.075825,31.44354
1,4.1866307,0.0,4.382532,6.0170803,9.685914,12.741976,12.698336,18.335443,18.716875,22.673397,24.735872,28.087152,30.785475,33.563747,32.22866,28.478838,31.668793,27.255074,30.448755,28.224228,30.895153,29.771608,28.014109,30.750713,28.970312,31.351082,27.84916,27.477589,25.000717,22.576649,23.565126,19.277128,23.676828,18.618914,25.118746,23.146406,27.341219,31.02992,32.159107,31.893091,28.755999,33.643517,29.305428,34.53882,32.688507,35.554832,36.67151,38.295647,40.621937,40.4462,38.149975,38.832962,34.381363,35.912834,32.643265,34.63335,34.468082,31.618336,28.211525,25.444986,26.852926,22.749723,23.11538,25.480993,27.501198,28.404158,31.517765,33.18714,33.883446,35.91897,34.472095,34.478203,31.38731,33.48226,32.560112,28.883389,31.90195,29.069555,32.597046,31.481897,34.472786,33.27374,33.063522,33.51143,29.446983,27.145128,23.124094,23.890368,18.305899,21.022734,17.593727,18.778969,18.684132,21.023708,18.459225,16.14093,17.735325,17.594719,19.047468,18.611439,21.243744,22.557884,24.06862,21.550106,21.113266,21.959625,21.976875,22.916357,22.565193,22.10048,21.395712,24.66305,23.979929,28.287209
2,5.6996946,4.382532,0.0,5.844325,7.472009,9.806581,11.222175,16.238775,17.663778,21.185253,24.224108,27.338383,29.616285,32.199276,30.411016,26.392462,29.042364,24.413944,27.356985,24.732244,27.340483,25.764652,24.051453,26.532995,25.02866,27.160702,23.912859,23.874327,21.435143,19.483423,20.635166,17.025745,22.179296,18.3188,24.466816,23.389343,27.676914,31.144453,31.590773,30.73244,27.191128,31.671515,26.982845,31.918423,29.652874,32.420837,33.19534,34.691868,36.92194,37.1006,34.779293,35.856857,31.464952,33.22135,30.601757,32.36315,32.89133,29.987995,26.474512,24.264877,26.229914,21.68848,21.30813,23.079618,24.63902,25.25254,28.163279,29.64669,30.025576,32.01913,30.721008,30.587574,27.760988,29.958712,29.338154,25.905193,29.271093,26.852448,30.660858,30.09713,33.282017,32.494064,32.246258,33.273415,29.289696,26.403961,22.556017,22.384373,17.133793,18.570707,14.863034,15.224672,14.822321,16.863415,14.084475,11.998339,13.667973,13.93904,15.84551,15.386726,18.47861,19.340395,20.560911,17.526617,16.970478,17.583397,17.645458,18.757978,18.580322,18.73235,18.219711,21.793932,21.66648,26.01934
3,9.386439,6.0170803,5.844325,0.0,4.536066,7.8866115,6.7767053,12.497831,12.741767,16.658955,18.913921,22.176062,24.79319,27.55301,26.235579,22.548885,25.967512,21.710123,25.170242,23.33399,26.31894,25.851788,23.980583,27.486229,25.152317,28.624704,24.81493,24.211805,21.09436,18.978079,18.81604,15.131482,18.708527,13.978692,20.246115,18.303541,22.930943,26.356903,27.093838,26.89396,23.451412,28.313614,24.036768,29.165705,27.603409,30.359053,31.835817,33.47113,36.102276,35.53443,33.427734,33.846413,29.611675,31.342001,28.019577,30.651312,30.224438,28.07048,24.685015,22.390604,23.03556,18.624353,19.393076,20.822128,23.682735,24.0647,27.879454,29.139376,30.501972,32.185093,30.25229,30.22845,26.73595,28.560564,27.298319,23.510672,26.259533,23.322048,26.8116,25.70241,28.812653,27.70254,27.226398,27.889664,24.0083,21.393105,17.390575,18.033356,12.528006,15.467402,12.62831,14.377929,15.210794,17.755407,16.760763,15.363652,17.903454,17.865679,19.2853,17.597265,21.025658,22.420115,23.096716,20.805859,19.04417,20.147327,20.271765,20.14902,19.008972,18.44867,16.510592,19.787542,18.53458,22.846762
4,12.098437,9.685914,7.472009,4.536066,0.0,4.239413,3.9683013,9.143434,10.734661,13.848876,17.413864,20.163204,22.363794,24.82118,23.041262,19.104315,22.235262,17.6748,21.290909,19.062492,22.468023,21.711773,19.604635,23.25654,20.688812,24.45896,20.564838,19.977726,16.662174,14.911098,14.471384,11.515394,15.566946,12.405347,18.024178,17.251705,21.842833,24.933105,24.874285,24.047974,20.195034,24.684687,20.103758,25.051767,23.237423,25.99116,27.34766,29.043276,31.57746,31.075642,28.947866,29.531975,25.333637,27.246883,24.409508,27.000029,27.085115,25.067167,21.62767,19.997753,20.959301,16.118408,16.276909,16.900024,19.664833,19.71001,23.618187,24.679907,26.120195,27.706753,25.7199,25.759373,22.239908,24.241941,23.037527,19.23065,22.227144,19.54775,23.280716,22.689974,25.96359,25.29645,24.913462,26.234533,22.399286,19.158197,15.451773,14.933917,9.842059,11.393757,8.2814665,9.877609,10.932217,13.728257,13.556078,12.675062,15.719667,15.725084,17.152746,14.827098,18.74212,19.919777,20.007025,17.8105,15.333435,16.728983,17.210535,16.757643,15.280835,15.67616,12.8425255,16.685274,15.622905,20.007713
5,15.211102,12.741976,9.806581,7.8866115,4.239413,0.0,5.2040486,6.9796557,9.898783,12.531189,16.727013,19.428356,20.93342,23.331966,21.163013,16.984444,19.273888,14.806644,17.725214,15.65966,18.487257,18.09371,16.479141,20.342014,18.251125,22.332506,19.012278,19.017324,15.269254,14.861567,13.504378,12.604388,16.407982,14.770332,19.461323,19.113623,23.868334,26.52503,25.811646,24.710655,20.31272,24.181664,19.327477,23.545933,21.397469,23.700424,24.820068,26.014688,28.962902,28.813025,26.912077,27.941973,24.148806,26.585787,24.579329,27.32848,27.92826,26.350384,22.9617,22.111204,23.026714,18.003914,17.739586,16.868477,19.577978,18.668554,22.755322,23.08189,24.396833,25.535849,23.378002,22.783968,19.456415,20.957499,20.030424,16.825521,20.062885,18.027115,22.071465,22.125553,25.687986,25.431934,24.441273,26.268854,23.031292,19.20216,15.850904,14.385757,10.4248705,10.002671,7.77733,7.5734806,9.384641,10.783419,11.674053,12.427926,15.331327,16.251446,18.216707,15.87371,20.185373,20.735073,20.260042,17.282894,14.133219,14.514998,14.450907,13.201194,11.470528,11.504024,8.824318,12.658859,12.199121,16.580994
6,15.5222025,12.698336,11.222175,6.7767053,3.9683013,5.2040486,0.0,6.1953917,6.944829,10.138392,13.507276,16.218159,18.55057,21.087206,19.569578,15.861574,19.567,15.373997,19.378624,17.857824,21.508884,21.648916,19.512037,23.83211,20.747158,25.436647,21.34058,20.418257,16.661964,15.1074295,13.314798,10.986651,13.255796,10.130515,15.29649,14.152937,19.033142,21.88448,21.754383,21.321014,17.39139,22.027006,17.769053,22.700556,21.45179,24.09806,25.980755,27.723377,30.558863,29.512074,27.611647,27.72128,23.773617,25.732193,22.548126,25.841871,25.309906,24.039412,20.792545,19.404184,19.284447,14.573864,15.559427,15.421396,19.215662,18.880919,23.437117,24.174911,26.336351,27.585459,25.128298,25.20483,21.25412,22.872406,21.171772,17.173489,19.613241,16.587212,20.101212,19.213053,22.513351,21.729471,21.075708,22.340439,18.682451,15.378182,11.629296,11.422321,6.283537,8.981561,7.3169956,10.004793,12.108086,14.882753,16.057344,15.770964,19.029354,18.968594,20.134827,17.239424,21.193495,22.544262,22.211254,20.48778,17.338278,18.87968,19.351086,18.046236,15.923071,15.882399,11.843134,15.291084,13.27537,17.51463
7,21.185955,18.335443,16.238775,12.497831,9.143434,6.9796557,6.1953917,0.0,4.6251655,5.6874714,10.639058,12.790995,13.992307,16.359953,14.326444,10.326328,13.520883,9.697517,13.46943,12.860866,16.304901,17.65711,15.965216,20.975128,17.905361,23.592115,20.00664,19.418657,15.053229,15.219538,11.407006,12.375844,13.049308,12.834661,15.696756,15.42427,20.209957,22.116037,20.85175,20.136074,15.487748,19.129036,14.823669,18.632574,17.449951,19.425344,21.49045,22.745434,26.229345,25.097284,23.664436,23.904907,20.719475,23.32561,21.084297,24.946217,24.745546,24.535748,21.585464,21.431093,20.7861,16.171932,16.876188,14.289415,18.53872,16.78018,21.895432,21.517431,24.126081,24.580442,21.572697,21.064596,16.968977,17.673786,15.767462,12.299413,14.504618,12.096234,15.89659,15.854688,19.554945,19.418077,17.814478,19.963102,17.379639,13.135828,10.382007,8.358567,6.4655433,5.6683598,7.3054504,8.630269,11.996352,13.377908,16.574259,17.91298,21.12939,21.68882,23.083752,19.847206,24.109818,24.940823,23.75958,21.811308,17.69706,18.562733,18.716173,16.083508,13.202698,12.841197,7.3237133,10.165407,7.571703,11.643056
8,22.031874,18.716875,17.663778,12.741767,10.734661,9.898783,6.944829,4.6251655,0.0,4.6473737,6.856065,9.970145,12.135089,15.073666,14.13724,11.080338,15.362932,12.659415,16.433598,16.811945,19.961182,22.028185,20.426731,25.531752,22.264675,28.088732,24.276628,23.313282,19.045835,18.54252,14.685665,14.585918,13.633288,11.80616,14.737421,12.843021,17.959782,19.911642,19.416103,19.825075,15.743734,19.958544,16.539852,20.552855,20.287643,22.218657,24.834454,26.170963,29.779282,28.066479,26.81853,26.369864,23.340933,25.602892,22.445581,26.8422,25.542467,25.771006,23.02942,22.365776,20.571604,16.53596,18.454672,16.50797,21.464247,20.087795,25.39721,25.198303,28.219254,28.657385,25.481245,25.142975,20.860367,21.226809,18.874199,15.333366,16.475908,13.362577,16.31188,15.134102,18.575386,17.73045,15.706516,16.980768,14.518646,10.913984,7.636901,8.028239,5.8189883,8.7169695,10.59151,13.014589,16.206577,17.938911,20.745665,21.59512,24.844898,25.149054,26.346632,23.082933,27.132202,28.375036,27.465866,25.825514,21.92923,22.976109,23.026026,20.441507,17.633293,16.315529,11.401773,13.053342,9.376491,12.78524
9,25.65686,22.673397,21.185253,16.658955,13.848876,12.531189,10.138392,5.6874714,4.6473737,0.0,6.208692,7.2304063,8.588055,11.020836,9.671242,6.635991,11.562918,9.347818,13.655652,14.437789,18.142714,20.510645,18.735603,24.078909,20.363512,26.721632,22.924314,21.74898,17.46134,17.526812,12.695275,14.20107,11.786367,12.434965,13.223451,12.747429,17.189003,18.323427,16.796457,16.820564,12.458429,15.984789,12.899644,16.326876,16.539782,18.244278,21.242054,22.71048,26.316057,24.142305,23.128992,22.33757,19.751757,22.116655,19.311666,24.058315,22.786549,23.776329,21.382816,21.55227,19.411608,15.697773,17.458565,14.201485,19.464006,17.539986,23.064299,22.430855,25.990309,26.065916,22.600466,22.464762,17.984442,18.138271,15.337042,11.750676,12.155775,8.974077,11.787502,11.025835,14.673393,14.390378,12.211766,14.462841,12.502003,8.093968,6.363326,4.585384,6.3684597,6.9572353,10.626499,12.957194,16.36012,18.014408,21.784931,22.985762,26.357563,26.524979,27.462946,23.814566,27.80723,28.968445,27.550238,26.44724,22.114016,23.459723,23.84455,20.867699,17.710096,17.24901,11.335253,12.719026,8.756738,11.229938
10,28.197018,24.735872,24.224108,18.913921,17.413864,16.727013,13.507276,10.639058,6.856065,6.208692,0.0,4.3790946,7.1936736,10.535902,11.351218,10.486614,15.334086,14.751019,18.148983,20.035067,22.868189,26.116627,24.718315,30.098972,26.522707,32.911087,29.117804,27.828472,23.607824,23.278976,18.646496,19.219011,15.740246,14.593658,15.182425,12.473537,16.870705,17.73828,17.328344,19.027412,15.7761345,19.437386,17.669918,20.743889,21.841402,23.19718,26.548742,27.786089,31.647701,29.057325,28.386126,27.02709,24.879398,26.913418,23.407394,28.56987,26.158892,27.693556,25.606537,25.248894,21.903118,19.094936,21.935488,19.427286,25.015514,23.380264,28.925829,28.333319,32.096233,32.05833,28.473787,28.215132,23.790016,23.339638,20.376764,17.324255,16.675413,13.470105,14.744683,12.617447,15.466898,14.175484,10.774852,11.308494,10.56808,7.9511085,6.6473207,8.88441,10.049896,13.017192,16.185188,18.835638,22.190132,23.78431,27.208776,28.213783,31.53478,31.699192,32.64155,29.09931,32.967728,34.402737,33.2642,32.122845,27.976986,29.13997,29.185339,26.123585,23.064768,21.339102,16.330912,16.522032,12.076945,13.450067
11,31.279833,28.087152,27.338383,22.176062,20.163204,19.428356,16.218159,12.790995,9.970145,7.2304063,4.3790946,0.0,4.0706105,6.77885,8.348267,8.909292,14.05249,14.231135,17.867773,19.926003,23.21314,26.467833,24.842268,30.243237,26.26328,32.895714,29.033644,27.44551,23.428617,23.243431,18.249393,19.526121,14.776384,15.2737875,13.919229,12.342737,15.714192,15.641325,14.43331,16.211071,13.343646,16.305565,15.527815,17.984968,19.855661,21.027203,24.755383,26.23207,29.858816,26.696882,26.249037,24.314064,22.634771,24.455097,20.990067,26.42025,23.688894,25.989162,24.354832,24.552082,20.71439,18.549856,21.442554,18.337812,24.042397,22.271273,27.783712,27.022514,31.240608,30.9956,27.279284,27.393944,22.901062,22.40926,19.099236,16.106993,14.461927,11.232868,11.380104,8.922128,11.478247,10.40038,6.4853806,7.865916,8.04365,5.360347,6.6299925,8.039318,11.405139,13.419601,17.224806,20.004534,23.321688,25.088558,28.995584,30.022896,33.464447,33.376575,34.009735,30.181456,33.880142,35.36774,33.924816,33.38017,29.032467,30.593779,30.992035,27.815157,24.583813,23.622955,18.025833,18.237299,13.876655,14.473383
12,33.964584,30.785475,29.616285,24.79319,22.363794,20.93342,18.55057,13.992307,12.135089,8.588055,7.1936736,4.0706105,0.0,3.5026882,5.297956,7.1990404,11.298903,12.855279,15.605212,18.477385,21.21506,25.086376,23.864119,29.250675,25.53443,32.3172,28.930782,27.628778,23.587664,24.228287,18.804071,21.349304,16.768785,18.515991,16.664404,16.055836,19.079048,18.521355,16.449785,17.60669,14.477592,16.127821,15.557615,16.64607,18.634306,19.072573,22.806177,23.820852,27.764544,24.60486,24.596094,22.800312,21.884666,24.062872,21.563215,26.977743,24.779472,27.47085,25.982767,26.802446,23.268608,21.026564,23.347649,19.279392,24.694096,22.251259,27.697903,26.298498,30.554674,29.829525,25.955315,25.69778,21.449451,20.229168,16.907612,14.848203,12.557463,10.414084,10.209126,9.069184,11.656408,11.609367,6.9107623,9.566961,11.109143,8.230914,10.115429,9.711084,14.020594,14.329878,18.651798,20.656889,24.082594,25.173513,29.6179,31.227753,34.561935,34.771507,35.56176,31.719826,35.54183,36.717457,34.951283,34.218834,29.636776,30.818775,31.060942,27.49683,24.19059,23.18262,17.727057,17.180883,13.081787,12.511942
13,36.554264,33.563747,32.199276,27.55301,24.82118,23.331966,21.087206,16.359953,15.073666,11.020836,10.535902,6.77885,3.5026882,0.0,3.8958921,7.667128,10.978745,13.291725,15.864099,18.780527,21.694202,25.475845,24.168825,29.413328,25.531698,32.35595,29.071957,27.642385,23.865635,24.74354,19.222998,22.360651,17.295444,20.169413,17.256632,17.596676,19.839819,18.651257,15.85737,16.69349,13.958304,14.440162,14.77848,14.824634,17.425966,17.49494,21.430967,22.536386,26.24479,22.667803,22.948122,20.750917,20.45936,22.504974,20.420958,25.846952,23.663357,26.9065,25.797281,27.11875,23.49989,21.699179,23.807114,19.287506,24.481092,21.871172,27.105125,25.474876,29.98361,29.024494,25.108765,25.092964,20.975489,19.651844,16.192575,14.527583,11.35714,9.835235,8.373724,7.8345847,9.830286,10.565492,6.067377,9.675445,11.848485,9.341788,12.18319,11.042729,16.128216,15.651143,20.153887,22.042238,25.335394,26.423632,31.15263,32.822933,36.17277,36.25539,36.857952,32.88646,36.561016,37.69632,35.693542,35.34457,30.673506,32.05462,32.522488,28.917955,25.574722,25.144161,19.511812,18.993357,15.2734995,14.224001
14,35.023254,32.22866,30.411016,26.235579,23.041262,21.163013,19.569578,14.326444,14.13724,9.671242,11.351218,8.348267,5.297956,3.8958921,0.0,4.388435,7.3531117,9.616719,12.282503,14.986484,18.139242,21.686623,20.367596,25.571016,21.769756,28.595476,25.514057,24.301188,20.49933,21.88336,16.232325,20.178734,15.868703,19.557335,16.977924,18.177063,20.736053,19.922493,16.652758,16.372265,12.786485,12.889092,12.26624,11.974585,14.004068,13.982321,17.782122,18.845087,22.657541,19.387884,19.571115,17.883923,17.504883,19.992134,18.658218,23.811546,22.528795,25.39979,24.07966,25.738293,22.91143,20.54563,21.945993,16.843496,21.69222,18.674467,23.878283,21.983583,26.35065,25.297743,21.36289,21.2147,17.113068,15.796655,12.322257,10.77004,7.690588,6.816067,6.479046,7.7519393,10.611521,12.041774,8.7115965,12.775808,13.714237,10.10983,12.358019,9.654212,14.942894,13.048624,17.676085,19.015875,22.255394,23.060713,28.004715,29.929274,33.193424,33.40803,34.096325,30.170933,33.91849,34.801,32.624893,32.149117,27.401953,28.665735,29.192734,25.560312,22.219416,22.30414,16.54221,16.243397,12.975529,12.060109
15,31.172222,28.478838,26.392462,22.548885,19.104315,16.984444,15.861574,10.326328,11.080338,6.635991,10.486614,8.909292,7.1990404,7.667128,4.388435,0.0,5.7414227,5.7897615,9.5698805,11.497807,15.160496,18.232704,16.754309,22.108068,18.374565,25.172047,22.011839,21.02109,16.933527,18.42824,12.769471,16.847618,13.751855,17.245525,15.852987,17.162985,20.438898,20.424389,17.4075,16.528902,12.049343,13.127504,10.706163,11.654256,12.345374,12.958536,16.308096,17.453707,21.353989,18.803892,18.43922,17.570889,16.25312,19.101562,17.841915,22.660824,22.065348,24.040415,22.200369,23.660036,21.638187,18.440413,19.369793,14.273657,19.02194,15.931703,21.320185,19.592627,23.58479,22.824903,18.981066,18.652939,14.322261,13.505594,10.205284,7.76775,6.475167,5.051632,7.5454655,9.058637,12.675952,13.844059,11.28005,15.044017,14.591155,10.12389,11.001527,7.2349997,11.890879,9.070148,13.693047,14.723659,18.043583,18.791813,23.660652,25.648237,28.877623,29.225092,30.090067,26.281818,30.197477,30.944624,28.846586,28.016628,23.27794,24.42366,24.924719,21.39126,18.043997,18.365898,12.336422,12.684879,9.540122,9.776483
16,34.235638,31.668793,29.042364,25.967512,22.235262,19.273888,19.567,13.520883,15.362932,11.562918,15.334086,14.05249,11.298903,10.978745,7.3531117,5.7414227,0.0,5.2425585,5.12708,8.815143,10.96629,15.046291,14.600998,19.621468,16.8551,23.477541,21.482723,21.315704,17.444284,20.344221,14.855819,20.255962,18.29082,22.376383,21.089542,22.83553,26.018398,25.836296,22.391579,20.881742,16.42144,15.956264,13.472562,12.141877,11.87613,10.873658,13.4370775,13.269765,17.985239,16.213589,16.505049,16.73636,16.574457,20.051888,20.617956,24.784842,25.356445,27.315544,25.556465,27.60477,26.331512,22.971783,22.99236,17.22542,20.781256,16.79557,21.551197,18.753117,22.24281,20.671375,16.767117,15.328931,11.842727,9.280184,6.420076,7.3378115,6.2977552,8.526025,10.695804,13.659114,16.834587,18.653341,15.942421,19.926476,20.124428,15.793949,16.67813,12.64834,16.747656,12.42934,16.644905,16.012608,19.098248,18.38554,23.796368,26.708963,29.538933,30.458364,31.65238,28.116035,32.11045,32.2484,29.777464,28.423298,23.586071,23.828466,23.963793,19.960451,16.757572,17.174488,12.195976,11.296593,9.889456,8.410641
17,29.534441,27.255074,24.413944,21.710123,17.6748,14.806644,15.373997,9.697517,12.659415,9.347818,14.751019,14.231135,12.855279,13.291725,9.616719,5.7897615,5.2425585,0.0,5.5994177,5.7630544,10.278622,12.49559,11.029418,16.404406,13.078077,19.793854,17.170166,16.903934,12.730006,15.43685,10.085968,15.447851,14.709648,18.691414,18.297014,20.373592,23.837883,24.317713,21.142649,19.137398,14.214167,14.836334,10.863271,11.495945,9.975647,10.572835,12.73377,13.560534,17.567915,16.26594,15.529692,16.180866,14.508903,17.993103,18.146755,21.942993,22.936558,23.970285,21.767828,23.553707,23.04372,19.1151,18.66644,13.18738,16.609943,12.863886,17.875977,15.71517,18.975996,18.14028,14.438831,13.521535,9.304013,8.790694,6.2204905,4.089467,6.2660117,7.039788,10.897449,13.479779,17.050121,18.560318,16.823843,20.61531,19.44619,14.752867,14.662139,10.044479,13.092107,7.762539,11.6145,10.83304,13.920456,13.744812,19.016735,21.615837,24.569118,25.301182,26.445421,22.905373,26.950672,27.132753,24.788227,23.45131,18.620892,19.293541,19.804771,16.21739,12.915822,14.434224,8.50486,9.678344,8.524557,9.522744
18,32.81395,30.448755,27.356985,25.170242,21.290909,17.725214,19.378624,13.46943,16.433598,13.655652,18.148983,17.867773,15.605212,15.864099,12.282503,9.5698805,5.12708,5.5994177,0.0,5.3204155,5.8671083,10.4849415,11.001154,15.784163,14.171846,20.29855,19.14734,19.86478,16.032911,19.703775,14.88062,20.508863,20.300117,24.049547,23.841057,25.60839,29.209606,29.537664,26.262594,24.321737,19.534178,19.341677,15.840932,14.835483,12.963828,11.932435,12.9550495,11.854043,16.89338,16.68193,16.70812,18.345066,17.840105,21.647184,22.935215,26.361189,27.902288,29.037464,26.914465,28.90369,28.615767,24.661186,23.927729,18.34977,20.934872,16.734322,20.955704,17.907553,20.346777,18.683678,15.125476,12.5324745,9.841583,6.6751847,5.7857285,8.074718,9.49872,11.902586,14.976998,17.989037,21.360079,23.090073,20.62136,24.44691,24.099466,19.508198,19.52573,15.3003845,18.103306,12.9481125,16.234919,14.145842,16.927162,14.952435,20.432964,24.010653,26.436087,27.912878,29.52855,26.427454,30.551798,30.178957,27.675148,25.510483,20.784447,20.096743,19.809694,15.589651,12.604762,13.223133,9.3887615,8.210904,8.986603,8.025712
19,30.029009,28.224228,24.732244,23.33399,19.062492,15.65966,17.857824,12.860866,16.811945,14.437789,20.035067,19.926003,18.477385,18.780527,14.986484,11.497807,8.815143,5.7630544,5.3204155,0.0,6.2235765,6.7833695,5.8989606,11.072975,8.9809,15.208422,13.861548,14.811397,11.123929,15.267216,11.234081,17.125656,18.32761,22.45556,22.646471,25.158878,28.60589,29.304232,26.006058,23.324467,18.463299,18.456648,14.07982,13.886926,10.663389,10.680082,10.764954,10.650624,14.635546,15.125927,14.238757,16.610409,15.121485,18.928825,20.602669,23.209314,25.617731,25.92683,23.600332,25.691862,26.432688,22.209793,20.598282,15.254652,16.78521,12.63127,16.41902,13.61808,15.556738,14.382373,11.116592,8.902494,5.797858,5.327455,5.5633183,6.384756,9.917428,11.958623,15.680962,18.760166,22.142946,23.905598,22.496986,26.356703,24.99827,20.292625,19.855503,15.164405,17.116722,11.041363,13.235792,10.3268175,12.47832,10.538642,16.148876,19.60435,21.991648,23.275265,24.750284,21.723497,25.720867,25.152985,22.520082,20.5295,15.7960005,15.5201845,15.907958,12.238497,9.319659,12.441473,8.273265,9.672531,11.089009,12.026743
20,32.92311,30.895153,27.340483,26.31894,22.468023,18.487257,21.508884,16.304901,19.961182,18.142714,22.868189,23.21314,21.21506,21.694202,18.139242,15.160496,10.96629,10.278622,5.8671083,6.2235765,0.0,6.4793844,9.126841,12.600735,13.138468,17.871834,18.159313,19.983404,16.661884,20.976994,17.305473,22.800236,24.1729,27.61158,28.22718,30.055407,33.877415,34.5646,31.389124,29.080286,24.199198,24.033323,20.02387,19.074112,16.145538,15.037006,14.379048,12.242257,16.99459,18.546438,18.420267,21.313805,20.72185,24.624794,26.683836,29.265274,31.736597,32.146606,29.797583,31.763468,32.427,28.095667,26.62555,21.44509,22.818115,18.653854,21.853466,18.6334,19.583675,17.789835,15.058275,11.171884,10.441104,7.422934,9.20606,12.049378,14.545932,17.046492,20.414606,23.505552,26.91397,28.641878,26.367918,30.106583,29.431488,24.74444,24.214231,19.994635,21.711687,16.24234,18.28671,14.783888,16.765694,13.144583,18.291775,22.648308,24.378687,26.550001,28.623041,26.184235,30.270008,29.238937,26.719915,23.634249,19.31759,17.282106,16.351578,12.015164,9.8618,10.892065,9.91221,8.644794,11.809854,11.38676
21,31.021223,29.771608,25.764652,25.851788,21.711773,18.09371,21.648916,17.65711,22.028185,20.510645,26.116627,26.467833,25.086376,25.475845,21.686623,18.232704,15.046291,12.49559,10.4849415,6.7833695,6.4793844,0.0,4.224346,6.2026806,8.068461,11.570256,12.64632,15.231398,12.81498,17.552418,15.439378,20.760675,23.616262,27.406431,28.316673,30.93245,34.459312,35.446915,32.220036,29.163862,24.418318,24.238047,19.71395,19.28784,15.30613,15.014708,13.120115,11.868247,14.901025,17.548159,16.567158,20.306635,18.97485,22.654446,25.322367,26.756397,30.266989,29.773924,27.331556,29.438986,31.296041,26.85975,24.387407,19.756807,19.547064,15.748729,17.686777,14.780311,14.380019,13.075956,11.370363,7.6547694,8.245553,8.247133,10.88725,12.671318,16.288778,18.549326,22.220575,25.401691,28.707483,30.520195,29.272366,33.089775,31.525286,26.809805,25.977118,21.418901,22.379824,16.38762,17.055481,12.758437,13.395394,9.350243,14.170811,18.50584,19.86825,21.935799,23.870218,21.790745,25.526716,24.040714,21.329771,18.310568,14.309035,12.284461,12.184687,8.907667,7.670313,12.161794,11.367696,12.592647,15.73676,16.700697
22,29.053013,28.014109,24.051453,23.980583,19.604635,16.479141,19.512037,15.965216,20.426731,18.735603,24.718315,24.842268,23.864119,24.168825,20.367596,16.754309,14.600998,11.029418,11.001154,5.8989606,9.126841,4.224346,0.0,5.43563,4.2854695,9.482028,9.035948,11.182712,8.62159,13.461683,11.6125555,17.01553,20.060549,24.221039,24.939295,28.007212,31.237211,32.272514,29.034275,25.714304,21.0975,21.061846,16.335392,16.54414,12.321712,12.946176,11.3625555,11.61949,13.834558,15.807098,14.181881,17.630407,15.548077,19.057001,21.510704,22.749031,26.353144,25.628138,23.172583,25.355623,27.441883,23.087173,20.364462,15.832833,15.335921,11.660728,13.72581,11.2323675,11.318933,10.712384,8.780793,6.720834,5.7829704,8.175262,9.936581,10.263996,14.316359,16.101362,19.850847,22.900175,26.1011,27.884937,27.260109,31.06294,29.033686,24.409119,23.585485,18.883389,19.773254,13.604273,13.953904,9.951993,10.318861,7.612451,12.715716,16.291025,18.15089,19.504406,20.97285,18.464863,22.133266,20.942139,18.08831,15.931652,11.539927,11.119224,12.252444,9.748079,8.010501,13.549077,11.006209,13.554105,15.768457,17.385021
23,31.194637,30.750713,26.532995,27.486229,23.25654,20.342014,23.83211,20.975128,25.531752,24.078909,30.098972,30.243237,29.250675,29.413328,25.571016,22.108068,19.621468,16.404406,15.784163,11.072975,12.600735,6.2026806,5.43563,0.0,5.527604,5.518255,8.304179,11.725767,11.159261,15.876176,15.658725,20.468533,24.3042,28.520313,29.349283,32.743305,35.751545,36.84736,33.53923,29.839476,25.522423,25.089287,20.569738,20.380318,15.911325,16.280203,13.479329,13.3380995,14.01383,17.422523,15.725476,19.970322,18.177555,21.316364,24.662676,24.776056,29.291664,28.031725,25.718369,28.070274,31.00482,26.78761,23.402168,19.49443,17.466734,14.396179,14.38073,12.026006,9.705101,9.180514,9.364338,7.333335,9.346002,11.765113,14.333471,15.2391815,19.078472,21.118404,24.640066,27.843298,30.84559,32.766193,32.451714,36.308487,34.140564,29.587475,28.728493,24.03939,24.60737,18.580797,18.153524,13.936394,13.02492,9.895387,13.307073,16.87735,17.789864,19.346785,20.795376,19.11062,22.133047,20.182682,17.15833,14.870064,11.632379,10.501654,11.932433,10.891774,10.809589,16.71431,15.725645,18.095215,20.845661,22.344145
24,29.547169,28.970312,25.02866,25.152317,20.688812,18.251125,20.747158,17.905361,22.264675,20.363512,26.522707,26.26328,25.53443,25.531698,21.769756,18.374565,16.8551,13.078077,14.171846,8.9809,13.138468,8.068461,4.2854695,5.527604,0.0,6.827887,5.407459,7.4405475,6.199174,11.216259,10.5765705,15.847864,19.13962,23.950996,24.200008,28.007307,30.662292,31.623262,28.227562,24.3947,20.20987,19.811546,15.253142,15.568404,11.089044,12.389952,10.440025,11.978192,12.48543,14.377204,12.100533,15.640896,13.089471,16.195402,19.162859,19.532728,23.810709,22.732025,20.475582,23.036255,25.715765,21.695637,18.353622,14.09864,12.245042,8.890815,9.727479,7.518924,7.2341976,7.430732,6.215435,6.596545,5.9263463,10.1559105,11.517853,11.030881,14.929782,16.52031,19.940683,23.005438,25.855185,27.76691,27.941517,31.782192,29.380653,24.980131,24.356686,19.556581,20.491844,14.389712,14.220557,10.913713,10.342292,9.356586,13.534947,16.092083,18.011206,18.565092,19.353907,16.68492,19.828876,18.669804,15.476976,14.658606,10.536488,11.775542,14.051396,12.74191,11.4098215,17.364643,14.273244,17.362602,19.002192,20.799541
25,31.121862,31.351082,27.160702,28.624704,24.45896,22.332506,25.436647,23.592115,28.088732,26.721632,32.911087,32.895714,32.3172,32.35595,28.595476,25.172047,23.477541,19.793854,20.29855,15.208422,17.871834,11.570256,9.482028,5.518255,6.827887,0.0,5.493519,9.127978,10.730554,14.579476,16.160934,20.026024,24.49147,28.878357,29.613346,33.56606,36.044098,37.240307,33.99668,29.880909,26.096313,25.633284,21.291613,21.591316,17.12716,18.238523,15.359183,16.393045,15.305379,18.545467,16.228476,20.295784,17.933304,20.28347,23.815363,22.731413,27.921452,25.919203,23.774626,26.217316,30.03165,26.16115,22.120815,19.19545,15.653461,13.764633,11.8140335,10.767926,6.666945,8.024257,10.024142,10.452485,12.182557,15.841576,17.904568,17.847599,21.641628,23.222319,26.522215,29.523836,32.207005,34.100597,34.607666,38.374386,35.67612,31.389269,30.503706,25.902794,26.104248,20.414602,19.15482,15.556093,13.5743,12.12594,13.96958,16.140913,16.803947,17.445124,18.128492,16.747326,18.868385,16.675795,13.402634,12.568717,10.45538,11.129189,13.861452,14.410571,14.662324,20.98087,19.512934,22.625826,24.905916,26.83996
26,27.68737,27.84916,23.912859,24.81493,20.564838,19.012278,21.34058,20.00664,24.276628,22.924314,29.117804,29.033644,28.930782,29.071957,25.514057,22.011839,21.482723,17.170166,19.14734,13.861548,18.159313,12.64632,9.035948,8.304179,5.407459,5.493519,0.0,3.869688,5.790295,9.131462,11.3487625,14.726415,19.324776,23.721613,24.424465,28.512085,30.807093,32.122505,29.085363,25.001465,21.341106,21.463608,16.93804,18.384573,14.162608,16.336838,14.567431,16.796806,16.039022,17.755236,14.935963,18.003113,14.540115,16.620735,19.146553,18.281057,23.086132,20.836996,18.473494,20.771387,24.595606,20.727962,16.632494,14.063814,10.456211,9.157257,7.85763,8.235837,6.2591367,8.900837,9.552711,11.42135,10.951713,15.490536,16.479877,14.933273,18.791445,19.522224,22.84647,25.389736,28.006311,29.65914,30.593628,34.14438,31.051672,26.963903,25.99064,21.572058,21.539885,16.21188,14.611103,11.874903,9.763119,10.430009,12.519991,13.610347,15.315754,14.989155,15.1143675,12.714469,15.162277,13.817679,10.428748,10.904976,7.7782087,10.866037,14.244654,14.614144,14.022332,20.313295,17.454454,21.277107,22.687004,25.116539
27,27.319977,27.477589,23.874327,24.211805,19.977726,19.017324,20.418257,19.418657,23.313282,21.74898,27.828472,27.44551,27.628778,27.642385,24.301188,21.02109,21.315704,16.903934,19.86478,14.811397,19.983404,15.231398,11.182712,11.725767,7.4405475,9.127978,3.869688,0.0,4.4955325,6.363768,9.285007,12.180329,16.408297,21.208408,21.41336,25.901672,27.747879,28.982372,25.95783,21.728163,18.446856,18.679138,14.3832855,16.468212,12.713545,15.583462,14.59141,17.660847,16.66599,17.265953,14.1825,16.310595,12.179896,13.70173,15.676368,14.623067,19.366364,16.970379,14.662314,17.17445,21.06123,17.508299,13.239428,10.969635,6.6886525,6.4169903,5.001487,7.1214767,7.1546664,10.120974,10.205574,13.170842,11.639781,16.480814,16.683435,14.210176,17.692593,17.854,20.861456,23.09943,25.442535,27.017803,28.492628,31.917917,28.580309,24.781113,23.98753,19.709364,19.811357,14.914441,13.319948,11.871191,10.025387,12.340177,14.448235,14.55858,16.827856,15.641791,15.040661,11.898758,14.093169,13.619091,10.345691,12.44585,9.362209,13.579006,17.048754,17.24034,16.143908,22.106295,18.269455,22.323988,22.991255,25.542183
28,25.467236,25.000717,21.435143,21.09436,16.662174,15.269254,16.661964,15.053229,19.045835,17.46134,23.607824,23.428617,23.587664,23.865635,20.49933,16.933527,17.444284,12.730006,16.032911,11.123929,16.661884,12.81498,8.62159,11.159261,6.199174,10.730554,5.790295,4.4955325,0.0,5.0835657,5.565313,9.83107,13.792474,18.397097,18.917568,22.88719,25.33766,26.644804,23.694267,19.912075,15.918022,16.748829,11.806563,14.39689,10.648553,13.612373,13.373337,16.16412,16.577366,16.72506,13.949544,15.80311,11.634007,13.983169,15.062308,15.657221,19.277626,17.57399,14.898051,17.019382,19.906736,15.758984,12.259256,8.812226,7.1738195,5.1623073,7.715212,8.21589,9.74593,11.520741,10.084039,12.057294,9.263231,13.755316,13.513969,10.517886,14.368563,14.274699,17.772015,19.935474,22.700687,24.139118,25.035572,28.45857,25.288176,21.199976,20.233267,15.828946,15.997865,10.663871,9.506591,7.857578,7.018974,9.480778,12.777702,13.607904,16.415539,15.816022,15.920377,12.3675585,15.655523,15.506222,12.671394,13.173649,8.884185,12.474124,15.373119,14.654286,12.901938,18.409235,14.004594,18.102142,18.538675,21.19932
29,22.71767,22.576649,19.483423,18.978079,14.911098,14.861567,15.1074295,15.219538,18.54252,17.526812,23.278976,23.243431,24.228287,24.74354,21.88336,18.42824,20.344221,15.43685,19.703775,15.267216,20.976994,17.552418,13.461683,15.876176,11.216259,14.579476,9.131462,6.363768,5.0835657,0.0,5.6988196,5.859945,11.118448,15.004378,16.011757,20.06505,22.159601,23.892117,21.564045,17.9289,14.552993,16.582083,11.936956,16.168165,13.4337845,17.023285,17.532232,20.764044,20.918367,20.317793,17.395176,18.139666,13.26824,14.46793,13.621597,14.003644,16.87521,14.181931,11.038939,12.3875475,15.928055,11.753983,7.785251,6.9114885,5.3262706,6.797017,9.099924,11.544303,13.290715,15.735223,14.597671,17.062529,13.976069,18.313826,17.446947,13.452223,16.7484,15.351225,18.536129,19.698647,22.180458,23.082817,24.719278,27.60134,23.704227,20.153976,18.812136,15.224139,14.304915,10.7148905,8.223856,8.892618,7.645564,12.1701565,13.926801,12.93522,16.13835,14.389733,13.650266,9.506572,12.493117,13.43039,11.297409,13.182854,9.834695,14.617941,17.750923,17.719051,16.078108,21.003971,16.309477,20.801065,20.474855,23.654976
30,24.680101,23.565126,20.635166,18.81604,14.471384,13.504378,13.314798,11.407006,14.685665,12.695275,18.646496,18.249393,18.804071,19.222998,16.232325,12.769471,14.855819,10.085968,14.88062,11.234081,17.305473,15.439378,11.6125555,15.658725,10.5765705,16.160934,11.3487625,9.285007,5.565313,5.6988196,0.0,6.629899,8.64804,13.657603,13.718014,17.570833,20.144379,21.393242,18.555851,15.239656,10.860205,12.799725,7.5606008,11.837761,9.4709635,12.941076,14.411725,17.44844,18.748001,17.419613,14.999468,15.29336,10.90274,13.106991,12.118252,14.538852,16.367527,15.51051,12.7322,14.470961,15.864245,11.551173,9.369419,4.6991863,7.351794,5.619825,10.724484,11.228114,14.438664,15.637009,13.151345,14.973611,10.830489,14.3778105,12.748156,8.1849985,11.334473,9.808199,13.355467,14.845356,17.743635,18.86854,19.7937,23.02671,19.732145,15.688024,14.803449,10.438724,11.082686,6.062198,6.2219048,7.3442254,8.529551,11.921806,15.529383,15.9707,19.345339,18.524057,18.531202,14.464542,17.952532,18.753431,16.53142,17.13573,12.80686,16.208235,18.503305,17.029984,14.5060215,18.574785,12.821359,16.799139,15.894327,18.672682
31,19.982998,19.277128,17.025745,15.131482,11.515394,12.604388,10.986651,12.375844,14.585918,14.20107,19.219011,19.526121,21.349304,22.360651,20.178734,16.847618,20.255962,15.447851,20.508863,17.125656,22.800236,20.760675,17.01553,20.468533,15.847864,20.026024,14.726415,12.180329,9.83107,5.859945,6.629899,0.0,7.054863,9.201358,11.340246,14.602088,17.087545,19.35177,17.897045,15.276079,12.002632,15.850903,11.547625,17.133768,15.62671,19.31152,20.898926,24.055626,25.032995,23.597967,20.990686,20.709604,15.873893,16.794271,13.636734,15.575491,16.158808,13.821421,10.375303,9.993193,12.119575,7.1750813,5.1933064,6.5040994,9.001006,10.551357,14.209815,16.364262,18.883335,20.950457,19.134863,21.18087,17.309826,20.857048,19.179625,14.400864,17.005627,14.2071,17.219826,17.111977,19.626225,19.734734,21.41211,23.612486,19.228813,16.08097,14.136553,11.69831,9.512111,8.486545,5.6510425,9.342326,9.536548,14.550957,16.072842,14.553747,18.155083,16.302704,15.669777,11.493015,14.594392,16.487082,15.389448,16.705566,13.556155,17.80687,20.289808,19.865255,17.820871,21.29309,16.037775,20.44451,19.034534,22.570961
32,25.106901,23.676828,22.179296,18.708527,15.566946,16.407982,13.255796,13.049308,13.633288,11.786367,15.740246,14.776384,16.768785,17.295444,15.868703,13.751855,18.29082,14.709648,20.300117,18.32761,24.1729,23.616262,20.060549,24.3042,19.13962,24.49147,19.324776,16.408297,13.792474,11.118448,8.64804,7.054863,0.0,7.294199,5.1254973,9.901411,11.580404,12.988222,10.94462,8.684517,5.5305867,10.55937,7.868923,13.863792,14.314671,17.816662,20.645502,24.036419,25.3075,22.488848,20.410404,18.596464,14.408924,14.875496,9.949907,14.030698,12.2214155,12.227833,9.8716345,10.142869,8.425423,4.771368,6.791837,5.8387604,11.217359,11.979242,16.54178,17.985422,21.922167,23.245481,20.656214,22.90852,18.457836,21.207067,18.542412,13.504069,14.250367,10.44132,12.074902,10.904889,12.926763,12.824778,15.19048,17.310356,12.94883,10.2902355,9.680538,7.6537423,8.234013,8.753815,9.519014,13.747056,15.261841,19.485273,22.194094,21.360815,25.000673,23.34681,22.658363,18.447964,21.170553,23.22498,21.869854,23.471024,19.87182,23.708057,25.84872,24.454031,21.77786,24.36215,18.148664,21.601093,19.001621,21.733162
33,20.393425,18.618914,18.3188,13.978692,12.405347,14.770332,10.130515,12.834661,11.80616,12.434965,14.593658,15.2737875,18.515991,20.169413,19.557335,17.245525,22.376383,18.691414,24.049547,22.45556,27.61158,27.406431,24.221039,28.520313,23.950996,28.878357,23.721613,21.208408,18.397097,15.004378,13.657603,9.201358,7.294199,0.0,6.5888543,6.177453,9.659763,12.9242735,13.634334,13.758176,11.792337,17.339464,14.850848,20.733963,20.991796,24.320662,27.046133,30.002666,31.795849,29.357159,27.291054,25.785675,21.571194,22.080618,16.858719,20.418087,17.90143,16.977627,14.37943,12.157577,9.975089,6.602394,10.282287,12.327313,16.920149,18.15555,22.508396,24.265217,27.546824,29.161911,26.704094,28.367865,23.929993,26.333403,23.79082,18.82945,19.887285,15.737473,17.57671,15.243744,17.249453,15.784473,17.415026,17.95793,12.927778,11.425217,8.655907,10.077496,6.5761156,11.448201,10.752808,15.581363,17.07058,21.476898,22.95209,21.362316,24.935848,23.242105,22.771713,19.103388,21.797913,24.293537,23.932213,24.821102,21.882877,25.350178,27.014944,25.999386,23.59392,24.931171,19.476772,22.902916,19.934027,23.319622
34,26.784872,25.118746,24.466816,20.246115,18.024178,19.461323,15.29649,15.696756,14.737421,13.223451,15.182425,13.919229,16.664404,17.256632,16.977924,15.852987,21.089542,18.297014,23.841057,22.646471,28.22718,28.316673,24.939295,29.349283,24.200008,29.613346,24.424465,21.41336,18.917568,16.011757,13.718014,11.340246,5.1254973,6.5888543,0.0,6.044834,6.4935713,8.055008,7.3123283,7.340609,6.748853,12.128876,11.44903,16.89335,18.367504,21.575756,24.841476,28.189072,29.589512,26.250643,24.45322,21.921736,18.241516,18.13884,12.2141485,16.62271,12.8143,13.674594,12.151325,11.375234,6.820257,5.9405756,10.1827,10.724734,15.8221,16.86209,21.2234,22.724451,26.858006,28.103994,25.410118,27.6444,23.10105,25.4038,22.417313,17.529255,17.337406,13.120438,13.467434,10.673073,11.679662,10.368113,13.503028,14.443605,9.497522,8.723,8.587596,9.210256,9.729009,12.650728,13.683246,18.245731,19.936333,24.165146,26.659403,25.538631,29.190107,27.374619,26.543875,22.473143,24.866001,27.298777,26.298403,28.04267,24.661995,28.445555,30.409353,28.933077,26.184822,28.02193,21.82245,24.820713,21.57329,24.070204
