,0,1,2,3,4,5,6,7,8,9,10,11,12,13,14,15,16,17,18,19,20,21,22,23,24,25,26,27,28,29,30,31,32,33,34,35,36,37,38,39,40,41,42,43,44,45,46,47,48,49,50,51,52,53,54,55,56,57,58,59,60,61,62,63,64,65,66,67,68,69,70,71,72,73,74,75,76,77,78,79,80,81,82,83,84,85,86,87,88,89,90,91,92,93,94,95,96,97,98,99,100,101,102,103,104,105,106,107,108,109,110,111,112,113,114,115
0,0.0,4.4110646,5.5239806,8.714514,11.713073,12.88771,16.695784,19.292286,22.354448,25.764383,30.493315,32.472496,34.74178,35.79703,32.26954,28.59053,25.545725,22.706432,20.827236,16.316256,15.913023,11.525078,14.527479,11.910698,14.662203,16.838398,18.305395,21.977156,20.969248,24.463053,24.737104,27.696144,32.59511,34.363785,37.28454,38.66939,42.952156,44.511505,43.41717,40.281387,35.374874,36.052933,31.250656,31.516409,27.653992,27.35185,25.270351,23.544811,25.909008,29.55332,28.388903,32.624386,30.614237,33.17606,34.264236,35.41686,39.394478,36.717796,35.748997,37.008083,40.764683,36.016373,32.89679,32.10112,29.075449,26.595976,27.29988,25.873075,23.160439,22.828161,22.529993,19.268677,20.430962,20.380465,22.949423,24.375082,28.040365,29.376558,33.50372,35.419662,39.199135,39.96081,35.912773,38.553127,38.620285,34.280197,31.737993,29.085436,27.769585,22.31775,22.264187,18.849737,20.975113,16.572872,20.330612,24.628036,25.162828,22.219437,24.764126,26.404217,20.509827,22.137035,20.803787,24.749683,23.910488,29.709114,28.744562,33.344032,36.681065,34.145016,31.578861,27.94351,23.88134,21.294191,17.797243,15.985268
1,4.4110646,0.0,5.0333667,4.7754936,8.652312,10.733998,13.758981,17.227942,19.631548,23.482832,27.822367,30.237545,32.17289,33.02337,29.697058,25.779047,23.441687,20.035566,19.086338,14.390644,14.997424,10.396711,13.416041,11.389269,12.444968,15.539295,15.764471,19.091131,17.832195,20.848343,21.346428,23.70731,28.866528,30.235302,33.47921,34.67166,39.012737,40.759163,39.90795,36.909973,32.03077,33.19426,28.21075,29.168243,25.346802,25.591215,23.892921,22.861826,25.232307,28.357777,26.855247,30.74131,28.1878,30.608183,31.38801,32.361134,36.013863,33.179195,31.977741,33.006863,36.875515,32.102905,29.026192,28.620546,25.77266,23.625278,24.59766,23.610651,21.31036,21.482018,20.891315,18.256697,18.528053,19.13122,21.222004,21.805613,25.662296,26.459606,30.712606,32.279457,36.068775,36.601463,32.6644,35.196377,34.946163,30.640951,27.872263,25.470613,23.706766,18.537853,18.240938,14.983869,17.423008,13.260538,16.261621,20.825111,21.369707,18.51288,20.572819,22.08174,16.15427,17.760784,16.527515,20.495296,20.032598,25.801275,25.172691,29.683664,33.091114,30.635468,28.149187,24.865667,20.524399,17.753336,14.152178,12.136682
2,5.5239806,5.0333667,0.0,6.035091,6.9415984,8.140844,11.669166,14.450534,17.643734,20.886408,25.796675,27.523989,29.854517,30.71958,27.11326,23.483387,20.28331,17.439892,15.549665,10.819714,11.035931,6.03648,9.329224,8.071872,10.116619,13.830233,14.463333,18.028526,16.40748,20.35653,19.891155,23.629566,27.922491,30.378052,32.678497,34.48494,38.54543,39.845646,38.4515,35.207344,30.296288,30.700066,26.019316,26.043001,22.250778,21.889288,20.011066,18.424294,21.147886,24.415655,23.294497,27.384024,25.46748,28.251835,29.143192,30.849083,34.6887,32.447456,31.717728,33.104645,36.39194,31.637865,28.696741,27.306374,24.619913,21.733004,22.959553,21.181717,19.14704,18.49313,17.608545,14.259891,15.051772,14.928962,17.43829,18.952015,22.584072,24.108458,28.178204,30.315266,34.08679,35.05032,31.133724,34.062737,34.164043,29.712559,27.453157,24.421417,23.739172,17.854261,18.380335,15.235435,17.620972,14.382647,17.937052,21.830446,23.426876,21.355995,23.137709,23.856342,18.873178,19.344076,17.791533,21.863607,20.104557,26.254606,24.68392,29.54675,32.887268,30.709906,28.387232,24.973793,20.482632,18.639082,14.670967,13.99585
3,8.714514,4.7754936,6.035091,0.0,4.725022,7.26234,9.442157,13.389822,15.23017,19.32421,23.381596,26.0371,27.753979,28.505297,25.312704,21.294691,19.463594,15.773791,15.533276,11.128385,12.435589,8.625373,11.731226,11.443376,10.503206,15.311968,13.911641,16.687634,14.549073,17.361418,17.265247,19.584856,24.280935,25.736929,28.889818,30.003464,34.379845,36.07239,35.314396,32.485336,27.586636,29.030125,24.045527,25.399324,21.8339,22.414845,21.351166,20.84554,23.59547,25.964909,24.358114,27.764536,24.917128,27.444696,27.6664,29.076164,32.20235,29.630264,28.3476,29.13834,32.673,27.783943,25.04138,24.521288,22.342928,20.159355,21.941654,21.046803,19.724503,19.985624,18.671474,16.472628,15.607663,16.399414,17.86249,17.801945,21.629139,22.04858,26.326492,27.669064,31.446432,31.884447,27.94737,30.462362,30.172356,25.87519,23.13717,20.746758,19.128428,13.995787,14.183844,11.583668,14.764482,11.966732,13.62198,18.230999,19.506277,17.332323,18.141106,18.74004,13.340535,13.869601,12.208878,16.222698,15.317036,21.225508,20.455273,25.031555,28.4629,26.162525,23.807734,20.78319,16.114315,13.639278,9.715246,8.370154
4,11.713073,8.652312,6.9415984,4.725022,0.0,4.422715,5.2177334,9.860721,11.877221,15.683885,20.063942,22.287653,24.154474,24.666405,21.306152,17.348623,15.208386,11.443919,11.274682,6.5354714,9.153568,5.471846,8.094716,9.702444,7.570932,13.710598,11.563235,14.094101,11.198587,14.72562,13.561316,17.159306,21.05038,23.540636,25.793215,27.560192,31.611643,32.947964,31.72151,28.666,23.72877,24.703047,19.852283,20.784544,17.256962,17.72711,16.882713,16.561998,19.581059,21.537561,20.028402,23.295618,20.652054,23.457205,23.547974,25.623669,28.72164,26.692102,25.790163,26.849474,29.810762,24.941162,22.358398,20.97032,19.120338,16.343843,18.700533,17.316656,16.77538,16.609535,14.673981,12.525558,11.087356,11.876624,13.182166,13.222335,17.072958,17.837643,22.0756,23.816704,27.613722,28.380127,24.607279,27.558243,27.347687,22.864536,20.543375,17.532791,16.891052,10.97799,12.089074,9.917079,13.196171,12.020921,13.610466,17.32546,19.809948,18.692179,18.908075,18.456749,14.576665,13.59593,11.781796,15.801807,13.516471,19.871256,18.197702,23.135849,26.541824,24.71723,22.695824,19.94739,14.8817425,13.627755,9.320253,9.946429
5,12.88771,10.733998,8.140844,7.26234,4.422715,0.0,5.1748776,6.523973,9.5967245,12.916342,17.703896,19.648588,21.864613,22.987783,19.462368,15.903484,12.976567,10.424667,8.71817,5.925379,5.5643864,5.820617,9.370254,12.187883,10.950021,17.220388,15.329624,17.68458,14.247933,17.863678,15.425969,19.514791,21.829834,24.785976,26.532457,28.029095,32.193558,33.136917,31.89729,29.149088,24.174965,24.859257,20.500484,20.757107,17.83171,17.659449,17.38295,16.383156,20.396112,22.010645,21.066988,24.1172,22.04908,25.292406,24.860542,27.986034,30.591,29.22088,28.435692,29.267704,31.508352,26.53221,24.640755,22.611622,21.769003,18.526945,21.628696,19.722795,19.82827,18.983751,16.469812,13.634371,12.0314665,11.0417185,12.092655,13.051365,16.132486,17.30124,21.23986,23.089767,26.791578,27.69485,23.436615,26.27,26.878935,22.573975,20.802883,17.639877,18.159418,12.587204,14.942896,13.704443,17.171331,16.43671,17.581161,21.243677,23.911373,22.8261,22.523018,21.595304,17.820364,16.24493,13.610856,17.059519,13.698277,19.665916,17.29512,22.237581,25.422829,23.39978,21.252934,17.922462,13.400576,12.806675,8.99332,10.534193
6,16.695784,13.758981,11.669166,9.442157,5.2177334,5.1748776,0.0,6.15575,7.1860213,10.915641,15.132983,17.321537,19.06565,19.454712,16.11584,12.131885,10.390252,6.333602,7.3863854,4.651354,8.123129,7.87894,9.30393,12.955635,9.560509,16.259912,12.888758,14.252933,10.17464,13.397513,10.361753,14.6965275,16.834366,20.13626,21.58448,23.524302,27.432543,28.413662,27.051903,24.16648,19.188314,20.16477,15.565977,16.580729,13.700224,14.383618,14.73859,15.032742,18.611597,19.313923,17.955013,20.37894,17.728554,20.837362,20.033966,23.207794,25.49379,24.24799,23.50174,24.33751,26.387817,21.453972,19.625704,17.457462,17.01386,13.880798,17.591896,16.030844,17.139729,16.725756,13.756518,12.291281,9.136307,9.608093,9.5153475,8.715003,12.272221,12.807141,16.99958,18.725191,22.507433,23.381546,19.574467,22.723043,22.7253,18.220703,16.397665,12.973936,13.633516,7.734844,10.646483,10.345654,13.829652,14.784978,14.882072,17.7494,21.142134,20.985693,19.89963,18.117323,15.863371,13.172062,10.885408,14.179264,10.319414,16.60823,14.043229,19.15021,22.437754,21.048311,19.40376,17.116135,11.955019,12.206729,8.373889,10.957568
7,19.292286,17.227942,14.450534,13.389822,9.860721,6.523973,6.15575,0.0,4.4752417,6.502704,11.669473,13.181422,15.601212,17.045834,13.443265,10.445,7.129661,6.440756,4.211327,6.917343,5.692793,10.423741,12.4361725,16.84945,14.701482,21.270298,18.50019,19.848225,15.621326,18.794298,14.569441,19.162989,18.861162,22.765474,23.28599,24.815296,28.716757,29.019587,27.60656,25.263449,20.447788,20.83807,17.343977,17.12757,15.46926,15.069515,16.316887,15.66499,20.40567,20.543327,20.08289,22.057936,20.430597,24.010216,22.523205,27.065733,28.622599,28.35986,27.831266,28.372913,29.324194,24.44514,23.66101,20.668262,21.572655,18.016768,22.34502,20.160973,21.873459,20.635572,17.183916,14.939527,12.030855,9.870726,9.050818,9.926177,11.522225,12.790737,16.136103,18.039196,21.526285,22.663254,18.180075,21.130777,22.509197,18.46629,17.730873,14.267547,16.769548,12.144544,16.016579,16.41747,19.87792,20.854952,20.848288,23.688852,27.139635,26.911173,25.442377,23.282827,21.057114,18.02219,15.0133915,17.32932,12.331298,17.400135,13.718618,18.5747,21.359983,19.818508,18.13956,15.166931,11.261544,12.841115,10.329226,13.619623
8,22.354448,19.631548,17.643734,15.23017,11.877221,9.5967245,7.1860213,4.4752417,0.0,4.6054773,8.237902,10.98457,12.5565195,13.7989435,10.678241,7.221622,6.642842,5.3357205,6.8521924,9.698062,10.123392,13.833737,15.359785,19.723999,16.507833,23.158073,19.441679,19.979786,15.473994,17.551744,12.9683485,16.588684,15.226799,18.88259,19.439796,20.530731,24.565845,24.934824,23.932093,22.044733,17.306427,18.570427,15.166341,16.138107,15.155788,15.654223,17.720081,18.07551,22.420954,21.71425,20.954597,22.068283,19.859411,23.173714,20.896858,25.547018,26.205683,26.123335,25.349726,25.384872,25.950928,21.044798,20.909155,18.18106,20.15165,17.14438,22.035448,20.454714,22.891008,22.172388,18.54888,17.354973,13.530446,12.455586,10.505672,9.256255,10.370609,10.121775,13.454315,14.498183,17.983667,18.72603,14.095774,16.887238,18.132267,14.1703825,13.513665,10.332972,13.279945,9.984121,14.336384,15.937428,19.493546,21.398777,20.093117,22.624039,26.183897,26.39385,23.983469,21.14659,19.875053,16.07586,13.006042,14.426245,8.908211,13.342152,9.339081,14.206602,17.017345,15.739275,14.374154,12.217272,8.2026205,10.868519,9.312685,13.237543
9,25.764383,23.482832,20.886408,19.32421,15.683885,12.916342,10.915641,6.502704,4.6054773,0.0,5.6133404,6.7669034,9.131276,10.929552,7.5031543,5.757505,4.2190075,6.793932,6.9836125,11.951155,11.45893,16.44369,17.508108,22.390072,19.506184,25.960804,22.45885,22.815525,18.326006,20.532236,15.283747,19.455034,16.33199,20.850327,20.045916,21.429865,24.896507,24.520248,23.082531,21.425121,17.082462,17.444134,15.248647,15.020874,15.1534195,14.981709,17.754633,17.90381,22.569832,21.154428,20.99627,21.5269,20.173563,23.696302,21.028091,26.645409,26.858084,27.679071,27.32265,27.426285,27.007019,22.462934,22.97125,19.384026,22.135002,18.819544,23.965746,21.945568,24.96224,23.73313,19.832733,18.619463,14.896522,12.831186,10.215195,9.8447075,8.967816,9.474536,11.540337,13.047333,16.098467,17.362999,12.74432,15.732615,17.9223,14.471175,15.086526,11.812345,16.187134,13.516179,18.032787,19.80848,23.03887,25.316341,24.227173,26.260458,30.16583,30.676592,28.193521,25.044744,24.334627,20.31073,17.384048,18.373339,12.674383,15.858849,11.144406,15.259853,17.372229,16.675308,15.841838,14.011063,11.424514,14.780032,13.78217,17.703241
10,30.493315,27.822367,25.796675,23.381596,20.063942,17.703896,15.132983,11.669473,8.237902,5.6133404,0.0,4.786708,4.7247305,7.1427474,5.6276283,5.748019,8.572656,10.5924,12.43824,17.005991,16.97242,21.626984,22.565731,27.351645,23.878408,30.28926,26.172089,25.854683,21.35057,22.4071,17.14731,19.854992,14.798685,18.781158,17.48827,17.932955,21.275743,20.582489,19.806229,19.279068,15.6247635,16.911444,15.692804,16.544254,17.790146,18.315401,21.72138,22.561022,26.835127,24.631214,24.35198,23.863495,22.221159,25.308935,21.71305,27.483767,26.352245,27.688055,27.131308,26.52065,25.175648,20.964,22.662035,19.431604,23.544626,20.975739,26.44282,25.009544,28.619541,27.787542,23.848251,23.390936,19.239155,17.863073,14.786371,13.044437,11.228614,9.826863,10.4458065,10.14816,12.4934635,13.156793,8.109912,10.440935,13.461835,11.026224,12.699685,10.6375675,15.626488,15.25207,19.710012,22.47731,25.637945,28.596441,26.39013,28.057741,31.918058,32.808083,29.416512,25.65633,25.94133,21.421638,18.628992,18.32392,12.89686,13.683855,8.845638,11.443881,12.77154,12.83127,12.884727,12.55228,11.522524,15.686662,16.037539,20.03211
11,32.472496,30.237545,27.523989,26.0371,22.287653,19.648588,17.321537,13.181422,10.98457,6.7669034,4.786708,0.0,3.6509376,6.353272,4.3885555,7.192797,8.12019,11.977636,12.640537,18.001959,17.572325,22.754162,23.233685,28.357845,25.303303,31.444946,27.731117,27.46437,23.087814,24.665295,19.0447,22.766819,17.257307,22.177471,19.687431,21.024685,23.518461,22.113474,20.452528,19.692854,16.489416,16.25887,16.169199,15.379461,17.368576,17.099669,20.792233,21.340666,25.710464,23.070297,23.387897,22.583061,21.944702,25.227364,21.710236,28.178938,27.159258,29.189564,29.177181,29.007263,27.092709,23.301569,25.00913,20.903185,25.028399,22.005527,27.394835,25.420584,29.291279,27.926046,23.887306,23.316467,19.521225,17.431486,14.213004,13.564602,10.50476,10.513047,9.781305,10.770667,12.466353,14.131792,10.143644,12.859904,16.181414,14.085748,16.384693,13.827635,19.320215,18.272638,22.766348,25.210032,28.061,31.115067,29.567364,30.87177,35.08292,36.147884,33.11616,29.362373,29.777096,25.286144,22.632956,22.725788,17.15523,18.362717,13.490456,15.876199,16.742884,17.241951,17.482534,16.945862,15.970998,19.986206,19.830582,23.838139
12,34.74178,32.17289,29.854517,27.753979,24.154474,21.864613,19.06565,15.601212,12.5565195,9.131276,4.7247305,3.6509376,0.0,3.9535348,4.624498,7.779912,10.767063,13.674865,15.429475,20.369324,20.473398,25.243992,25.670223,30.684246,27.16724,33.296787,29.15215,28.472643,24.120941,24.97193,19.496534,22.255028,15.839793,20.306702,17.555784,18.360811,20.675934,19.113094,17.915691,17.905596,15.204664,15.777463,16.108854,16.33627,18.704578,19.07086,22.964813,24.038475,28.067059,25.100971,25.155344,23.833563,22.782373,25.699837,21.684895,28.003174,26.180466,28.404072,28.227816,27.62363,25.22652,21.69264,24.0509,20.315477,25.13341,22.658646,28.161123,26.65404,30.79732,29.79434,25.787039,25.720758,21.601765,20.145342,16.751062,15.112871,12.080449,10.780343,9.371134,8.855361,9.925323,11.106625,7.1416492,9.438112,13.094403,11.763421,14.630912,12.881106,18.429586,18.628136,22.975275,25.952034,28.736687,32.190876,29.968563,31.028557,35.17766,36.487137,32.94803,28.875486,29.918571,25.192602,22.718643,22.157513,16.921947,16.931677,12.33902,13.704817,14.050298,15.200367,16.038681,16.506332,16.054625,20.277807,20.66809,24.67356
13,35.79703,33.02337,30.71958,28.505297,24.666405,22.987783,19.454712,17.045834,13.7989435,10.929552,7.1427474,6.353272,3.9535348,0.0,3.9731936,7.3385286,11.401271,13.595304,16.305445,20.712505,21.849379,25.83006,25.672337,30.642492,26.720383,32.49072,28.090029,26.924759,22.80095,23.197502,17.782324,20.34241,13.237772,18.222319,14.514251,16.17155,17.793333,15.988016,14.223361,14.055029,11.7121,12.256619,13.246277,13.891724,16.76658,17.635496,21.742334,23.480951,26.916758,23.475769,23.341383,21.415686,20.22675,22.811451,18.495916,24.851608,22.621256,25.224142,25.264761,24.752851,21.897871,18.738302,21.34749,17.38695,22.640814,20.494982,25.944304,24.701496,29.228607,28.437008,24.510994,25.151155,20.852661,20.11466,16.511404,14.103826,10.813126,8.807799,6.292703,5.3013434,6.157948,7.9560423,5.3422503,8.776932,11.235134,9.850436,13.171961,11.395971,17.15016,17.796453,21.85536,25.074757,27.425566,31.440481,29.052923,29.451946,33.825832,35.601673,31.96676,27.650532,29.543362,24.64289,22.67303,22.058064,17.079273,17.135294,12.785976,14.082191,14.512938,16.396923,17.606386,18.725233,17.579752,21.661322,21.732195,25.71199
14,32.26954,29.697058,27.11326,25.312704,21.306152,19.462368,16.11584,13.443265,10.678241,7.5031543,5.6276283,4.3885555,4.624498,3.9731936,0.0,4.3208923,7.4451675,10.114517,12.3893175,16.980158,17.999771,22.083202,21.95708,27.015469,23.373062,29.244682,25.141422,24.375536,20.134998,21.26005,15.614694,19.239716,13.353068,18.821968,15.814301,17.970718,20.137403,18.829247,16.746199,15.510463,12.141009,12.049143,11.955236,11.820418,14.086637,14.548279,18.492155,19.887577,23.652697,20.622553,20.56146,19.308174,18.236729,21.286766,17.52009,23.956982,22.772167,24.902018,25.005484,24.958664,22.938597,19.255192,20.976448,16.68012,21.111094,18.352077,23.799898,22.135908,26.377188,25.329027,21.330086,21.55354,17.377455,16.279186,12.722578,10.822378,7.5231338,6.55384,5.482955,6.8094606,9.144552,11.1357765,7.791583,11.6097145,13.712084,11.073538,13.473797,10.592357,16.359962,15.607377,19.898085,22.627518,25.109068,28.74748,26.963024,27.674807,32.104343,33.609657,30.472578,26.488531,27.7048,23.007902,20.847795,20.935322,15.53357,17.0078,12.240332,14.8937025,16.105698,17.179102,17.712524,17.87479,15.950962,19.834715,19.304361,23.31317
15,28.59053,25.779047,23.483387,21.294691,17.348623,15.903484,12.131885,10.445,7.221622,5.757505,5.748019,7.192797,7.779912,7.3385286,4.3208923,0.0,5.6972184,6.348092,9.861096,13.600791,15.333205,18.684332,18.710436,23.545357,19.628016,25.68099,21.390364,20.742151,16.355022,17.524246,11.964078,15.677275,11.115403,16.405346,14.620876,16.80171,19.71975,19.262918,17.51409,15.688729,11.357533,12.219172,10.220012,11.245356,12.186466,13.210091,16.671698,18.20908,21.930698,19.557692,18.961786,18.434473,16.50628,19.613983,16.236849,22.004185,21.481522,22.721832,22.49778,22.52709,21.526443,17.233767,18.234785,14.354715,18.14708,15.369321,20.851702,19.398909,23.280268,22.550152,18.624252,18.83107,14.39811,13.917539,10.544061,7.720834,6.057445,4.24938,6.386015,7.6399107,11.087711,12.457355,8.638651,12.54755,13.632417,9.853107,11.008621,7.4037695,12.803884,11.379523,15.765426,18.427221,21.103216,24.584423,22.743265,23.737686,28.047312,29.382433,26.366777,22.56517,23.470411,18.85698,16.693233,17.145342,11.676212,14.274105,9.584578,13.386266,15.474526,15.964078,16.005035,15.837756,12.838792,16.35877,15.403742,19.354395
16,25.545725,23.441687,20.28331,19.463594,15.208386,12.976567,10.390252,7.129661,6.642842,4.2190075,8.572656,8.12019,10.767063,11.401271,7.4451675,5.6972184,0.0,5.0494065,5.003508,10.104725,10.75244,15.033603,15.142982,20.31263,17.44504,23.508867,20.209421,20.482397,16.192986,18.893574,13.439149,18.738577,15.94529,21.339216,19.84403,22.368687,25.267632,24.74513,22.507526,20.077873,15.688207,14.974935,12.802862,11.450243,11.440673,10.847452,13.741169,14.054191,18.601418,16.972486,16.963388,17.554348,16.640215,20.347237,18.07518,23.9116,24.697134,25.711485,25.817215,26.520838,26.102844,21.775715,21.820044,17.542328,19.829948,16.07144,21.06121,18.626719,21.858414,20.31856,16.33001,15.330952,11.642451,9.487331,6.402953,6.733817,5.4828944,7.700565,9.911296,12.71785,15.899583,17.785513,14.041429,17.757185,19.300467,15.498286,16.155983,12.197471,16.702847,13.13575,17.442272,18.836416,21.556322,24.107794,23.685575,25.137047,29.429981,30.261393,28.242619,25.14627,24.830696,20.86473,18.436966,19.975056,14.391912,18.359259,13.724017,18.07216,20.295073,20.060068,19.429096,17.873682,14.575885,17.501707,15.634849,19.395002
17,22.706432,20.035566,17.439892,15.773791,11.443919,10.424667,6.333602,6.440756,5.3357205,6.793932,10.5924,11.977636,13.674865,13.595304,10.114517,6.348092,5.0494065,0.0,5.393171,7.3608723,10.301802,12.464821,12.46574,17.22397,13.498225,19.759708,15.88809,16.048656,11.589421,14.1725855,9.026634,14.313308,13.337165,18.218283,17.836416,20.448235,23.723001,23.96455,22.044605,19.215815,14.342043,14.70884,10.91586,11.382075,9.865856,10.596153,12.725264,13.804689,17.660316,16.647795,15.708836,16.816717,14.624624,18.067562,16.175537,20.95232,22.249308,22.324646,22.085032,22.860905,23.436325,18.76951,18.035961,14.439801,15.912685,12.385097,17.326406,15.432965,18.348278,17.498327,13.698941,13.224927,8.90578,8.7266445,6.2362046,3.9553466,6.2198815,6.932312,10.857697,13.080921,16.779577,18.14193,14.595139,18.313944,18.66924,14.249585,13.707042,9.551218,12.808416,8.289074,12.470651,13.815632,16.640884,19.306372,18.64329,20.173111,24.391954,25.237795,23.279486,20.332102,20.019526,16.13057,14.012543,16.018679,10.859717,15.941232,12.037656,16.94271,19.783554,19.344034,18.492746,17.1169,12.650263,14.821806,12.287777,15.834189
18,20.827236,19.086338,15.549665,15.533276,11.274682,8.71817,7.3863854,4.211327,6.8521924,6.9836125,12.43824,12.640537,15.429475,16.305445,12.3893175,9.861096,5.003508,5.393171,0.0,5.825439,5.921444,10.278351,10.92437,15.994981,13.919603,20.083384,17.538805,18.723528,14.655913,18.308197,13.662129,19.356205,18.663431,23.523176,23.053999,25.521723,28.813606,28.763615,26.636593,23.81401,19.126799,18.481705,15.356042,13.944977,12.307,11.252985,12.605378,11.870215,16.774626,16.618504,16.481182,18.458622,17.479034,21.268217,20.048988,25.014204,26.89861,27.080235,27.065739,28.102827,28.705482,24.12239,23.209751,19.40647,20.168152,16.129223,20.39486,17.667818,19.766708,18.025738,14.342979,12.156808,9.280347,6.305694,5.113351,7.509203,8.741318,11.288457,14.342095,17.154444,20.569977,22.270103,18.376793,21.911697,23.143248,18.994337,18.72763,14.720642,17.896624,12.8861885,16.701973,16.941635,19.799566,21.271389,21.861973,23.934345,27.889145,28.127865,26.95176,24.630587,23.13153,19.939709,17.4448,19.900988,14.769411,19.91051,15.847968,20.703522,23.355364,22.428986,21.17215,18.722698,14.783673,16.634565,13.862535,17.090397
19,16.316256,14.390644,10.819714,11.128385,6.5354714,5.925379,4.651354,6.917343,9.698062,11.951155,17.005991,18.001959,20.369324,20.712505,16.980158,13.600791,10.104725,7.3608723,5.825439,0.0,5.8498893,5.2247686,5.6948667,10.444189,8.270386,14.571734,12.381151,14.320793,10.769541,15.137942,11.972888,17.624834,19.466125,23.648222,24.188528,26.87857,30.308939,30.894585,28.849709,25.509752,20.649452,20.384567,16.196697,15.580956,12.339897,11.903151,11.470952,10.854883,14.809689,16.1019,15.191766,18.303463,16.619862,20.056944,19.956758,23.45523,26.453297,25.56767,25.405138,26.855797,28.663193,24.014967,21.94784,18.931004,17.883486,13.998056,17.182714,14.640452,15.441419,14.073984,11.036405,8.445135,6.2730656,5.508836,6.8452425,8.45045,11.806386,13.84264,17.662058,20.326105,24.006948,25.45498,21.909092,25.464706,25.737936,21.209787,19.927553,16.031868,17.452227,11.280059,13.844996,12.71421,15.355509,15.96664,17.595032,19.90658,23.555319,23.471142,23.227177,21.720673,19.553665,17.256927,15.353836,18.76064,14.774163,20.923258,17.848873,22.97496,26.086142,24.916908,23.379784,20.878971,16.047232,16.528482,12.69646,14.934897
20,15.913023,14.997424,11.035931,12.435589,9.153568,5.5643864,8.123129,5.692793,10.123392,11.45893,16.97242,17.572325,20.473398,21.849379,17.999771,15.333205,10.75244,10.301802,5.921444,5.8498893,0.0,6.862299,9.401521,13.445832,13.162398,19.038147,17.772688,20.064035,16.56247,20.739246,17.264519,22.557648,23.418272,27.494352,28.010828,30.039116,33.770573,34.072773,32.236397,29.381048,24.56494,24.137545,20.583374,19.285051,16.865005,15.54004,15.429577,13.422705,18.27422,19.69814,19.563862,22.59195,21.652308,25.319805,24.869799,29.003838,31.603937,31.070333,30.824694,31.946617,33.37171,28.594757,27.080198,23.949696,23.573893,19.635805,22.978453,20.209044,20.815891,18.979567,16.07673,12.510752,11.449837,8.280076,9.594965,12.519475,14.544218,16.927656,20.219675,22.814531,26.295753,27.76785,23.546825,26.695976,27.99182,23.80788,22.921497,19.240177,21.233196,15.650005,18.694387,17.734385,20.76147,20.569271,22.210175,25.19053,28.424145,27.743011,27.475328,26.130682,23.064466,20.988796,18.333536,21.421337,17.086262,22.659363,19.284678,24.198936,27.033508,25.352999,23.47601,20.063263,16.201956,16.77517,13.557818,15.74432
21,11.525078,10.396711,6.03648,8.625373,5.471846,5.820617,7.87894,10.423741,13.833737,16.44369,21.626984,22.754162,25.243992,25.83006,22.083202,18.684332,15.033603,12.464821,10.278351,5.2247686,6.862299,0.0,4.2860446,6.816749,7.2928495,12.627378,12.22413,15.325985,12.909912,17.486454,15.772696,20.786633,23.95425,27.48408,28.728594,31.19304,34.836224,35.702175,33.8033,30.370527,25.512016,25.303736,20.936686,20.30045,16.638262,15.96642,14.329391,12.789157,16.104479,18.826675,17.91062,21.824394,20.278227,23.419458,24.104113,26.675941,30.362906,28.83855,28.54624,30.162455,32.70145,28.049183,25.411793,23.0368,20.877775,17.321981,19.252403,16.817614,15.895827,14.564074,12.751772,9.1470375,9.461112,8.898368,11.491077,13.513216,16.965199,19.006073,22.876884,25.471413,29.18177,30.516537,26.850832,30.206882,30.421309,25.87894,24.168526,20.569622,21.017042,14.710246,16.172232,13.713343,16.092184,14.790056,17.85237,20.803083,23.64822,22.713465,23.633121,23.210007,19.734133,18.740057,17.046463,20.959026,17.938337,24.27245,21.80527,26.901646,30.139038,28.515657,26.59678,23.56826,18.80556,18.198915,14.064834,15.015825
22,14.527479,13.416041,9.329224,11.731226,8.094716,9.370254,9.30393,12.4361725,15.359785,17.508108,22.565731,23.233685,25.670223,25.672337,21.95708,18.710436,15.142982,12.46574,10.92437,5.6948667,9.401521,4.2860446,0.0,5.3031054,5.2474856,9.90763,9.723976,12.701262,10.8280735,15.80859,14.256534,19.904268,23.165731,27.213491,27.842497,31.053675,34.1737,34.91384,32.53557,28.679445,24.030838,23.24079,18.99859,17.903376,13.875958,13.131151,10.743068,9.546471,12.08147,15.098315,14.030563,18.264618,16.968468,19.999296,21.283571,23.62007,27.815346,26.413372,26.550768,28.66545,31.117638,26.806953,23.871937,21.104946,18.370226,14.60651,15.964995,13.125937,12.118491,10.381973,8.69311,5.0121484,6.4191246,7.082217,10.097948,12.197406,15.744178,18.123442,21.817379,24.807108,28.435894,30.04023,26.975176,30.699131,30.532158,25.905802,24.372389,20.516186,21.153776,14.723836,15.841042,13.248666,14.70767,14.178578,17.742933,19.653233,23.01622,22.751013,23.88314,23.263292,20.822237,19.583874,18.498543,22.386967,19.312973,25.6953,23.05069,28.168016,31.381968,30.253437,28.675459,26.163418,21.163513,20.961935,16.773338,18.002031
23,11.910698,11.389269,8.071872,11.443376,9.702444,12.187883,12.955635,16.84945,19.723999,22.390072,27.351645,28.357845,30.684246,30.642492,27.015469,23.545357,20.31263,17.22397,15.994981,10.444189,13.445832,6.816749,5.3031054,0.0,5.489116,6.7459865,9.102274,12.947473,12.682046,17.259735,17.385223,22.062794,26.740526,30.040958,31.382195,34.464962,37.672344,38.79295,36.593403,32.623367,28.052578,27.555857,23.050735,22.436478,18.121624,17.711664,14.673851,13.551046,14.560229,18.526392,17.160408,21.741127,20.216259,22.620316,24.64331,25.656038,30.479292,28.291782,28.268454,30.562641,33.839912,29.657969,26.096386,24.192114,20.321144,17.301315,17.162785,14.983883,12.011241,11.038635,11.25531,8.393902,10.903579,12.3060055,15.3529,16.96685,20.77619,22.806555,26.651348,29.427483,33.10284,34.513493,31.533045,35.12184,34.58772,29.92578,27.905172,24.387083,23.96056,17.656519,17.538761,13.86049,14.571584,12.188042,17.228458,19.328035,21.791924,20.899254,23.305492,23.770943,20.58522,20.61482,20.103325,24.29394,22.29541,28.7658,26.797516,31.846926,35.214962,33.85431,32.078537,29.462626,24.366964,23.316423,18.995735,19.136356
24,14.662203,12.444968,10.116619,10.503206,7.570932,10.950021,9.560509,14.701482,16.507833,19.506184,23.878408,25.303303,27.16724,26.720383,23.373062,19.628016,17.44504,13.498225,13.919603,8.270386,13.162398,7.2928495,5.2474856,5.489116,0.0,6.703795,4.938814,8.331234,7.282348,11.865452,12.0748205,16.591093,21.490252,24.66697,26.083256,29.214611,32.344383,33.61232,31.570206,27.661575,23.090473,23.146301,18.31192,18.69863,14.332037,14.948503,12.691016,13.121345,14.189767,16.876009,14.863727,18.777971,16.264128,18.561716,20.112068,21.043264,25.488205,23.197731,22.996334,25.146523,28.426172,24.204893,20.645838,18.9397,15.213283,12.373752,12.883551,11.254016,9.452222,9.510568,8.72599,7.6921616,7.7916,10.870615,12.891456,12.982904,17.17074,18.478027,22.493708,24.910482,28.600218,29.802032,27.103266,30.680416,29.699186,25.037199,22.869335,19.471857,18.766514,12.571617,12.250597,8.835977,9.750347,9.074895,12.935003,14.681407,17.868616,17.741722,19.172033,18.942463,16.747211,16.011862,15.799122,19.835062,17.897339,24.292744,22.490541,27.432207,30.82377,29.777521,28.274033,26.286707,20.933327,20.178051,15.919835,16.55897
25,16.838398,15.539295,13.830233,15.311968,13.710598,17.220388,16.259912,21.270298,23.158073,25.960804,30.28926,31.444946,33.296787,32.49072,29.244682,25.68099,23.508867,19.759708,20.083384,14.571734,19.038147,12.627378,9.90763,6.7459865,6.703795,0.0,5.6197357,8.955317,11.088923,14.690387,16.64051,20.41863,26.221603,29.120644,30.480272,34.06992,36.705944,38.109863,35.789642,31.498117,27.397766,27.02803,22.467043,22.574162,18.04645,18.583715,15.258396,15.754111,14.575828,18.286283,16.110334,20.41666,18.315517,19.63698,22.579664,21.814812,27.339397,24.50161,24.670029,27.481487,31.325352,27.769852,23.516153,22.304956,17.097403,15.15672,13.006319,11.900392,7.2919836,8.192705,10.313086,10.328734,12.440188,15.776585,18.182877,18.485085,22.465511,23.917164,27.644178,30.227478,33.75558,35.057995,32.932625,36.626984,35.187374,30.576927,28.317507,25.099434,23.865276,18.195868,16.681787,12.713668,11.423232,9.554752,15.193006,15.669892,18.112335,18.062899,21.110113,21.866474,20.038364,20.386208,21.080643,25.086485,23.95744,30.195574,28.738863,33.536377,36.936954,36.05519,34.63006,32.802986,27.408566,26.3408,22.106295,22.104074
26,18.305395,15.764471,14.463333,13.911641,11.563235,15.329624,12.888758,18.50019,19.441679,22.45885,26.172089,27.731117,29.15215,28.090029,25.141422,21.390364,20.209421,15.88809,17.538805,12.381151,17.772688,12.22413,9.723976,9.102274,4.938814,5.6197357,0.0,3.976571,5.6968884,9.125577,11.340074,14.803771,20.778679,23.512234,25.00093,28.50807,31.166431,32.701847,30.624355,26.498283,22.34294,22.636972,17.750652,18.940205,14.52468,16.041534,13.75618,15.421704,14.95686,17.20667,14.543274,18.007292,14.817931,16.145626,18.327517,17.701765,22.655748,19.729967,19.604122,22.1635,25.97545,22.249937,18.060059,17.07279,12.099615,10.391368,9.197429,8.886733,6.338734,8.368916,8.7879095,10.169574,9.938898,14.216434,15.631129,14.552882,18.719742,19.406454,23.25458,25.403463,28.929398,29.985886,28.029665,31.62188,29.86873,25.310673,22.93289,19.901653,18.414885,13.044658,11.288062,7.716777,6.4209647,7.083227,10.992317,11.140762,14.606885,15.381532,17.091387,16.978544,16.145552,15.616631,16.52674,20.266684,19.178913,25.19717,23.904099,28.522968,31.897892,31.25759,30.066,28.768711,23.307285,22.539814,18.52501,18.990574
27,21.977156,19.091131,18.028526,16.687634,14.094101,17.68458,14.252933,19.848225,19.979786,22.815525,25.854683,27.46437,28.472643,26.924759,24.375536,20.742151,20.482397,16.048656,18.723528,14.320793,20.064035,15.325985,12.701262,12.947473,8.331234,8.955317,3.976571,0.0,4.551975,6.1966276,9.442048,12.202354,18.35182,20.992664,22.220375,26.058231,28.281498,29.891504,27.772165,23.574139,19.763493,20.311619,15.49713,17.463118,13.350317,15.678513,14.016518,16.683254,15.761173,16.939487,13.913049,16.460274,12.582211,13.236674,15.392752,13.983571,18.94289,15.806683,15.779702,18.57604,22.423786,19.041042,14.627419,13.923187,8.39632,7.6683607,5.856088,7.0780964,6.227618,9.177671,9.321465,12.182237,10.914304,15.680756,16.302055,14.171016,18.086163,18.168247,21.760687,23.625063,26.955248,27.903109,26.557545,30.145748,27.888124,23.490202,21.157606,18.383396,16.706884,12.247981,9.993501,7.587175,5.022877,8.638508,10.574296,9.001175,13.321763,15.268361,16.132055,15.319974,16.177582,15.021309,16.477184,19.67916,18.799929,24.315897,23.19344,27.482704,30.73864,30.542908,29.712006,29.055706,23.644814,23.244093,19.585052,20.388191
28,20.969248,17.832195,16.40748,14.549073,11.198587,14.247933,10.17464,15.621326,15.473994,18.326006,21.35057,23.087814,24.120941,22.80095,20.134998,16.355022,16.192986,11.589421,14.655913,10.769541,16.56247,12.909912,10.8280735,12.682046,7.282348,11.088923,5.6968884,4.551975,0.0,5.0494776,5.645149,9.981244,15.13928,18.359575,19.454723,23.05779,25.70338,27.116114,25.106022,21.147339,16.818905,17.611961,12.477449,14.63396,10.643229,13.07883,12.324322,14.904529,15.410801,15.95628,13.222989,15.490224,11.492909,13.222735,14.042932,14.620147,18.492586,16.141006,15.875989,18.037235,21.17956,17.121473,13.44559,11.887646,8.214923,5.9677873,7.8222666,7.748154,8.9572735,10.442885,8.724532,10.88081,8.085819,12.608777,12.674066,10.058849,14.167493,14.116992,17.999775,19.839775,23.357563,24.312672,22.486929,26.095953,24.243307,19.69874,17.496847,14.366378,13.357065,8.149934,7.218793,5.87498,6.068648,9.959174,10.542642,10.358743,14.964438,16.565203,16.219467,14.489219,15.057376,12.794861,13.4255085,16.598408,14.818032,20.531927,18.967642,23.45727,26.722004,26.451006,25.59605,24.847391,19.467566,19.481165,15.891147,17.338722
29,24.463053,20.848343,20.35653,17.361418,14.72562,17.863678,13.397513,18.794298,17.551744,20.532236,22.4071,24.665295,24.97193,23.197502,21.26005,17.524246,18.893574,14.1725855,18.308197,15.137942,20.739246,17.486454,15.80859,17.259735,11.865452,14.690387,9.125577,6.1966276,5.0494776,0.0,5.7378597,6.0176497,12.873734,14.831092,16.611795,20.055494,22.472897,24.404741,22.901398,19.210453,15.370121,17.389666,12.320933,16.220837,13.082756,16.345957,16.312365,19.449617,19.558651,19.329988,16.379885,17.464117,12.679454,13.226594,13.405328,12.482426,15.579439,12.3361845,11.386245,13.315222,17.199738,13.341903,9.087866,9.428129,5.599875,6.53549,8.048706,10.159033,11.900312,14.299639,13.005375,15.808355,12.737062,17.153437,16.531385,12.755156,16.323875,14.945324,18.513802,19.379929,22.61894,23.022678,21.88103,25.1092,22.36855,18.164083,15.535349,13.417548,10.979995,8.156901,5.367827,6.154391,5.2261147,10.91536,8.921125,7.0159574,12.087498,14.779266,13.270509,10.787905,13.509193,10.902114,12.666105,14.945613,14.408787,19.111807,18.475094,22.251112,25.410637,25.512432,25.016504,25.151237,19.988417,19.969297,17.076963,18.34689
30,24.737104,21.346428,19.891155,17.265247,13.561316,15.425969,10.361753,14.569441,12.9683485,15.283747,17.14731,19.0447,19.496534,17.782324,15.614694,11.964078,13.439149,9.026634,13.662129,11.972888,17.264519,15.772696,14.256534,17.385223,12.0748205,16.64051,11.340074,9.442048,5.645149,5.7378597,0.0,6.8528843,9.648984,13.789735,14.091763,17.882439,20.443226,21.636185,19.688488,15.996498,11.436484,13.037429,7.7133517,11.437909,8.783923,12.062715,13.21605,16.322945,17.598469,16.473352,14.043312,14.638531,10.251568,12.207455,10.942397,13.241422,15.260158,13.967163,13.584929,15.02651,16.970722,12.551008,10.056575,7.4333887,7.206067,5.1083093,9.976731,10.104897,13.465079,14.432392,11.659828,13.955487,9.7231045,13.353614,11.821621,7.3757405,10.689856,9.301614,13.07806,14.393746,17.869173,18.692709,17.11617,20.75825,18.763643,14.262035,12.451028,9.162352,9.287225,5.4521847,6.6359525,8.726747,9.903475,14.6461735,13.0191965,12.535469,17.394882,19.527937,17.439648,14.185672,16.227043,12.38332,12.545711,14.541342,11.870489,16.721788,14.7598095,18.92145,21.959963,22.241688,21.886143,21.897577,16.896564,17.960678,15.230089,17.65276
31,27.696144,23.70731,23.629566,19.584856,17.159306,19.514791,14.6965275,19.162989,16.588684,19.455034,19.854992,22.766819,22.255028,20.34241,19.239716,15.677275,18.738577,14.313308,19.356205,17.624834,22.557648,20.786633,19.904268,22.062794,16.591093,20.41863,14.803771,12.202354,9.981244,6.0176497,6.8528843,0.0,8.31113,8.853898,11.673147,14.284091,17.099874,19.439058,18.864304,16.106804,12.467873,16.21334,11.57059,16.933832,15.149374,18.707195,19.916077,23.117107,24.007875,22.848038,20.18855,20.155634,15.285206,15.788244,14.031294,14.034396,14.492295,11.810617,9.788884,9.808054,13.2282505,8.648043,5.693763,7.7640724,8.312366,9.920614,13.031626,15.046137,17.715393,19.754747,17.76195,20.261965,16.331127,19.967615,18.396656,13.686588,16.350586,13.483269,16.651955,16.154554,19.123709,18.777979,17.858587,20.483818,17.196495,13.3837185,10.361167,9.559457,5.9335093,7.175857,5.4719353,9.422087,10.15352,15.313661,11.040182,9.815639,13.996772,16.792067,13.097689,8.80137,13.295017,9.213206,10.877966,11.425863,11.334918,14.437593,14.50277,17.399721,20.360415,20.84272,20.795515,21.909912,17.34998,17.855213,16.153473,17.870558
32,32.59511,28.866528,27.922491,24.280935,21.05038,21.829834,16.834366,18.861162,15.226799,16.33199,14.798685,17.257307,15.839793,13.237772,13.353068,11.115403,15.94529,13.337165,18.663431,19.466125,23.418272,23.95425,23.165731,26.740526,21.490252,26.221603,20.778679,18.35182,15.13928,12.873734,9.648984,8.31113,0.0,6.6485105,4.7825823,8.663878,11.009045,12.227065,11.381074,9.443046,5.74857,10.868026,8.161971,13.840362,14.400851,17.719557,20.560282,23.815746,25.494562,22.828764,20.933788,19.355978,15.398809,16.419506,12.406294,15.592693,13.264413,13.78872,12.781405,11.833092,10.833246,6.2169924,8.472355,6.891548,12.426847,12.719208,17.458754,18.339222,22.531174,23.518831,20.52958,22.842737,18.23733,20.570845,17.748081,12.747711,13.08905,8.92614,10.395374,8.495166,11.002236,10.495057,10.411817,13.241897,9.891347,6.2554693,5.596024,5.1263785,7.0168176,10.333056,12.17037,16.312042,17.687037,22.754425,18.947836,18.067142,22.27331,24.934027,20.785421,16.060362,20.139807,15.249503,15.208998,14.357931,11.94176,12.735772,11.273435,13.116175,15.227868,16.996035,17.965605,20.034407,16.697508,19.05255,18.434032,21.408056
33,34.363785,30.235302,30.378052,25.736929,23.540636,24.785976,20.13626,22.765474,18.88259,20.850327,18.781158,22.177471,20.306702,18.222319,18.821968,16.405346,21.339216,18.218283,23.523176,23.648222,27.494352,27.48408,27.213491,30.040958,24.66697,29.120644,23.512234,20.992664,18.359575,14.831092,13.789735,8.853898,6.6485105,0.0,6.5801334,5.9170074,9.541085,12.639402,14.182872,13.841553,11.783014,17.196053,14.540033,20.3853,20.44197,23.886719,26.28447,29.462473,30.997889,28.824528,26.619637,25.35,20.950485,21.319674,17.822718,18.945267,16.105253,15.193687,12.822627,9.987914,10.346258,6.3255706,8.964253,11.367433,15.536932,17.164312,20.960295,22.769928,26.199448,27.884922,25.362,27.637054,23.185196,25.828852,23.355894,18.367243,19.325079,15.14843,16.731144,13.970895,15.719576,13.894279,13.941976,14.954484,10.528543,8.718157,6.159473,9.179205,6.712187,12.79204,13.090029,17.523928,18.84618,23.580715,18.387726,17.631044,20.660574,23.300613,18.132975,13.202397,18.264225,13.755179,14.488282,12.18157,12.44499,11.05392,12.331608,12.458476,14.393147,16.032337,17.155334,20.131968,17.406282,18.925205,19.213133,21.381895
34,37.28454,33.47921,32.678497,28.889818,25.793215,26.532457,21.58448,23.28599,19.439796,20.045916,17.48827,19.687431,17.555784,14.514251,15.814301,14.620876,19.84403,17.836416,23.053999,24.188528,28.010828,28.728594,27.842497,31.382195,26.083256,30.480272,25.00093,22.220375,19.454723,16.611795,14.091763,11.673147,4.7825823,6.5801334,0.0,6.0130477,6.4503036,7.8332953,7.810992,7.457508,6.608006,12.026373,11.2046,16.661812,18.024012,21.347078,24.412779,27.880035,29.260405,26.107994,24.297575,21.954334,18.245419,18.554178,14.133529,16.79362,12.645397,14.049268,13.066499,11.204243,8.019754,5.219566,9.762153,9.285724,15.286163,16.384474,20.628332,21.895842,26.304714,27.441534,24.59951,27.233074,22.684082,24.988127,22.001251,17.103712,16.748335,12.555484,12.555156,9.553462,10.4187355,9.018005,11.071252,12.893888,8.446114,7.1809425,7.8097267,9.234048,10.576224,14.974197,16.308601,20.544168,21.522654,26.807825,22.58516,21.132519,25.052471,28.082123,23.51496,18.614332,23.556175,18.788155,19.060774,17.451118,15.774299,14.854469,14.088867,14.288215,15.463218,18.106441,19.754608,22.686031,20.165005,22.671268,22.611137,25.491018
