,0,1,2,3,4,5,6,7,8,9,10,11,12,13,14,15,16,17,18,19,20,21,22,23,24,25,26,27,28,29,30,31,32,33,34,35,36,37,38,39,40,41,42,43,44,45,46,47,48,49,50,51,52,53,54,55,56,57,58,59,60,61,62,63,64,65,66,67,68,69,70,71,72,73,74,75,76,77,78,79,80,81,82,83,84,85,86,87,88,89,90,91,92,93,94,95,96,97,98,99,100,101,102,103,104,105,106,107,108,109,110,111,112,113
0,0.0,4.273909,5.714826,9.678134,11.4925,13.590631,13.696274,12.590315,11.691717,15.226257,16.778101,20.689018,21.53518,23.50104,21.30177,18.13999,18.057383,16.15868,16.54372,16.802654,15.1089,17.928318,22.355602,22.529217,19.65728,25.602436,21.982983,23.587677,20.4062,21.890873,20.362144,21.46317,24.709288,23.675592,28.191826,26.780645,31.908602,33.72515,31.604826,31.536463,26.887972,29.516148,25.463947,27.445337,25.832113,26.412247,27.690928,27.527994,31.652851,32.035526,30.712992,32.528343,29.912174,33.16537,32.718864,35.482426,36.447598,35.493946,32.351795,32.070156,32.218094,27.338213,27.049816,26.161024,27.375662,25.1965,29.06731,27.900257,28.85231,29.270136,26.47856,24.906368,21.920965,21.667639,21.023773,20.090342,22.238901,21.474375,25.04478,25.55672,29.37246,29.099964,26.66919,28.345024,25.852057,21.33724,21.508696,18.6679,18.214159,16.303137,16.668713,15.219745,17.939722,15.617568,20.097254,23.834358,21.834558,19.832842,16.5846,14.693776,11.822639,11.686949,9.735339,11.245011,12.737629,14.971448,17.178255,16.059048,14.347449,10.790505,13.435721,13.272082,13.350097,17.995363
1,4.273909,0.0,5.1530695,6.134959,9.334295,11.288821,11.426161,12.345715,11.624815,15.929796,18.022263,21.964676,22.843801,24.198158,21.811552,18.071007,17.991127,15.024489,15.973479,14.8801,14.436286,15.598009,20.135128,19.59546,16.407139,21.993774,18.419882,19.988007,17.206766,18.537848,17.858892,18.747675,22.919996,22.337727,26.904593,26.217175,31.097542,33.132965,30.899805,30.327955,25.580698,28.267519,23.751717,26.143208,23.968832,24.893559,25.75309,25.856825,29.494513,30.207552,28.58372,30.69556,27.73772,30.880812,30.692503,32.907017,34.332256,32.89735,29.63923,29.366077,30.212423,25.164574,24.297935,23.817638,24.270601,22.352217,25.770706,24.915873,25.45343,26.236828,23.780859,22.475695,19.625416,20.167345,19.828283,18.572721,21.443508,20.667225,24.643234,25.389774,29.252832,29.13194,27.402437,29.247108,26.07992,21.936998,21.353035,18.320576,17.127928,14.622208,14.044429,11.915322,14.195343,11.371665,15.9192705,19.614985,17.571518,15.625067,12.363506,10.740278,8.040155,9.012307,8.028969,10.648342,12.895095,16.021421,18.652845,16.954714,14.558996,11.246527,11.909156,11.232897,10.108923,14.689807
2,5.714826,5.1530695,0.0,6.227767,6.3687468,9.4279785,11.1300535,10.818203,11.935838,15.621132,18.884897,22.024256,23.649721,25.442226,22.53685,19.135042,17.500732,15.36343,14.517722,13.450321,11.267207,13.28788,17.714678,17.659557,15.6814,21.685942,18.961124,21.362078,18.716202,21.202559,20.096062,22.341665,26.168854,26.522076,30.434973,30.031168,34.878204,36.51201,33.81854,32.9689,28.071642,29.905853,25.52258,26.918386,24.436388,24.575161,25.046812,24.267773,28.385721,29.594719,28.410868,30.98791,28.748951,32.237137,32.917736,35.1034,37.02369,35.915234,32.802002,33.092182,33.99149,29.009623,27.826317,26.605354,26.6273,24.011278,27.213446,25.577,25.78706,25.962027,23.53199,21.277931,19.193148,18.701468,18.98667,19.097795,21.800367,22.030943,25.871738,27.270071,31.15739,31.459627,29.26148,31.587685,28.91095,24.864882,24.697157,21.021936,20.93688,17.331617,17.536707,14.654509,16.723204,13.865182,17.254349,21.32074,19.44878,18.23589,15.273351,14.708855,12.197036,13.973671,11.94547,15.199973,16.070063,19.554878,22.151545,21.159698,19.023037,15.807321,17.028782,16.291851,14.796041,19.219116
3,9.678134,6.134959,6.227767,0.0,4.764557,6.296061,7.592491,10.859657,11.720782,16.110222,19.638504,22.814085,24.28815,25.149454,22.163527,18.124418,16.828012,13.199568,13.590797,10.488782,11.206912,10.095103,14.609294,13.53141,10.514916,16.11788,13.146578,15.452411,13.324548,15.737038,15.689389,17.874943,22.611055,23.790052,27.438887,28.058767,32.44307,34.252625,31.409693,29.894808,24.984491,26.835863,21.947851,23.911423,20.759668,21.49989,21.479269,21.3506,24.61224,26.08232,24.415142,27.256496,24.512278,27.783083,28.766882,30.239748,32.720505,31.083614,27.908945,28.34258,30.056236,25.020782,23.087526,22.241674,21.269274,18.972202,21.591185,20.387281,20.192741,20.901608,18.87371,17.261814,15.184519,16.131052,16.677437,16.09774,19.718084,19.835285,24.08323,25.719608,29.562225,30.058208,28.86447,31.360468,27.86361,24.45359,23.355612,19.531603,18.703274,14.337687,13.473887,9.638293,10.939185,8.081978,11.142911,15.190857,13.811931,13.027916,10.1055155,10.27772,8.062325,11.425134,10.1660385,14.480802,15.66428,20.069088,23.116842,21.69859,18.897587,16.676174,15.564254,14.807003,11.978527,15.719839
4,11.4925,9.334295,6.3687468,4.764557,0.0,3.9848819,7.5065675,9.355621,11.997639,15.570222,20.072802,22.418728,24.54127,25.728834,22.312418,18.691698,15.932972,13.269567,11.7654085,8.598959,7.551322,7.071998,11.530656,11.341236,9.878666,15.949155,13.956693,17.02962,14.983157,18.503386,17.7353,21.21735,25.276676,27.265455,30.228846,31.04907,35.386116,36.764793,33.49831,31.765663,26.794315,27.761251,23.156258,24.02774,20.675293,20.546743,20.147972,19.073847,22.865337,24.782103,23.624449,26.865986,24.951868,28.53646,30.341988,31.87026,34.72687,33.546047,30.598684,31.602884,33.180145,28.310987,26.250303,24.573895,23.408388,20.383556,22.848436,20.747698,20.387434,20.289173,18.21656,15.53796,14.337961,14.043662,15.286293,16.204473,19.506058,20.627733,24.62703,26.861862,30.667011,31.565605,29.96095,32.892757,29.880024,26.604244,25.918179,21.580034,21.844164,16.715328,16.839315,12.875246,14.111281,12.025297,13.570402,17.679398,16.79888,16.759548,14.245709,14.935838,12.700337,15.929641,13.607369,18.155476,18.175776,22.811874,25.841888,25.064121,22.480396,20.392292,19.948158,19.379662,16.712421,20.441965
5,13.590631,11.288821,9.4279785,6.296061,3.9848819,0.0,4.2243977,7.543621,10.340683,13.674033,18.476927,20.439425,22.637781,23.38358,19.836838,16.168966,13.175185,10.177746,8.880265,4.7294736,6.002764,4.498767,8.909185,9.586716,7.1701746,13.61956,11.085597,14.11749,11.810213,15.901869,14.66465,18.99546,22.621601,25.521269,27.756573,29.146395,33.16936,34.29915,30.746344,28.664875,23.726154,24.264065,19.691582,20.31106,16.774515,16.642736,16.215601,15.418469,19.127436,20.856012,19.652025,22.894964,21.080883,24.718754,26.83677,28.335562,31.375298,30.424864,27.652607,29.08855,30.6362,25.965372,23.726292,21.515982,20.263802,16.886292,19.478203,17.055828,17.142366,16.778511,14.40168,11.873897,10.361191,10.320867,11.607682,12.611303,16.101751,17.538288,21.52339,24.09222,27.79493,28.969912,27.70648,30.907782,27.783497,25.023523,24.129135,19.506168,20.202642,14.387333,14.920174,10.9411335,12.183381,11.887254,12.736432,16.560272,16.7783,17.14193,14.660269,15.311111,12.749336,16.102448,13.08712,18.088451,17.21976,22.379026,25.595272,25.172543,22.462069,21.49675,20.304049,20.378454,17.644873,21.04011
6,13.696274,11.426161,11.1300535,7.592491,7.5065675,4.2243977,0.0,6.2311573,7.535106,11.076622,15.437805,17.600035,19.454723,19.771759,16.37873,12.449557,10.320521,6.385729,7.0973935,4.08204,7.6544757,7.345536,10.844033,12.011067,8.061021,14.182909,10.187959,12.267428,8.9373255,12.893003,10.743218,15.415037,18.51371,21.701,23.613274,25.143639,29.054996,30.106348,26.526628,24.47349,19.523693,20.283401,15.665629,16.699972,13.524991,13.970812,14.363149,14.5946045,18.1251,18.886162,17.4086,20.02125,17.79178,21.38283,22.964169,24.85609,27.489086,26.76624,24.039593,25.52706,26.692312,22.119787,20.140366,17.590818,17.075438,13.615128,17.071396,14.8403,16.067698,15.841425,12.8329735,11.437265,8.291461,9.08378,9.162653,8.8457365,12.536168,13.4998,17.623182,20.055948,23.757345,24.892942,23.91901,27.10597,23.788626,21.30296,20.216808,15.532272,16.416313,10.324434,11.383206,7.999304,9.999486,11.588073,12.98897,16.382608,17.224848,17.303387,14.569371,14.467983,11.334154,14.202257,10.450708,15.570483,14.001764,19.442307,22.761572,22.587147,19.828999,19.986399,18.25952,19.119684,16.765732,19.994036
7,12.590315,12.345715,10.818203,10.859657,9.355621,7.543621,6.2311573,0.0,4.535003,6.4322286,11.63383,13.201098,15.66127,17.037027,13.409775,10.474772,6.971788,6.359208,4.0091724,6.8578143,5.5379353,10.491074,13.464102,16.166567,13.511865,19.771946,16.178251,18.157495,14.431312,18.128149,14.538077,19.329052,20.819479,23.516846,25.165897,25.75371,30.0167,30.564999,26.921888,25.5769,20.752714,21.108828,17.530067,17.363619,15.5077715,14.881495,16.268791,15.6649,20.363777,20.393658,19.750322,21.700035,20.444136,24.225813,25.449352,28.350824,30.199837,30.415262,27.943504,29.466782,29.489202,25.187912,24.15657,20.86893,21.801905,18.005642,22.151272,19.388222,21.323357,20.314371,16.802544,14.740742,11.718663,9.819689,9.022392,10.108207,11.791646,13.261137,16.601418,19.01686,22.714691,23.865149,21.644611,24.994823,22.782627,19.911375,19.991213,15.158589,17.637226,12.272505,15.007601,12.964805,15.737558,16.953638,19.005005,22.552475,22.999744,22.694183,19.665304,18.924181,15.249751,16.946371,11.912968,16.29039,13.259844,18.205326,21.205038,22.057878,19.949387,20.22676,20.18699,21.515656,20.169361,24.051908
8,11.691717,11.624815,11.935838,11.720782,11.997639,10.340683,7.535106,4.535003,0.0,4.676238,8.232934,11.119394,12.694242,13.865045,10.732417,7.262048,6.591351,5.2495227,6.773782,9.735192,10.012796,13.884596,17.02863,19.21748,15.575288,21.550423,17.077211,18.17067,13.951399,16.600906,12.507546,16.46118,17.402868,19.414562,21.335018,21.436573,25.890392,26.58676,23.249832,22.407824,17.625948,18.894407,15.395109,16.207521,15.233013,15.498571,17.715061,18.147926,22.365255,21.55819,20.547707,21.660751,19.726866,23.209112,23.275513,26.673841,27.711126,27.996851,25.468866,26.58765,26.047066,21.774916,21.401089,18.29328,20.343641,17.034895,21.83359,19.740925,22.32946,21.805895,18.117182,17.131216,13.146347,12.384924,10.432329,9.323572,10.651889,10.603653,14.072612,15.688958,19.524094,20.229078,18.064363,21.07985,18.622864,15.505564,15.579839,10.903751,13.435291,8.823429,12.116637,11.388443,14.77498,16.628166,19.51517,22.771065,23.194153,22.37165,19.139427,17.580338,13.594353,14.288512,8.701329,12.562069,8.826761,13.867833,16.937033,17.94873,15.902982,17.126867,16.961592,18.985592,18.315699,22.10047
9,15.226257,15.929796,15.621132,16.110222,15.570222,13.674033,11.076622,6.4322286,4.676238,0.0,5.65984,6.859677,9.257239,10.961478,7.479879,5.7891197,4.059108,6.710237,6.8262553,11.920529,11.424633,16.432266,18.743586,21.876728,18.705616,24.500555,20.219255,21.21195,16.939,19.76806,14.854817,19.341137,18.715925,21.21846,22.030466,22.024244,26.20875,26.198498,22.583841,21.966505,17.57199,17.923468,15.59224,15.078004,15.191168,14.708091,17.593077,17.814604,22.3537,20.81804,20.403957,20.881598,19.853539,23.344933,23.45397,27.42172,28.065266,29.227259,27.125986,28.645666,27.363329,23.668184,23.723785,19.790707,22.524858,18.88888,23.904236,21.339441,24.52563,23.394333,19.422941,18.365822,14.51912,12.613415,10.025742,9.839796,9.131247,9.8209715,12.060087,13.977642,17.515738,18.563383,15.668596,19.127932,17.698471,15.109926,16.008581,11.377139,15.49779,11.427955,15.578944,15.439399,18.736555,21.145565,23.66138,26.7825,27.575195,26.922863,23.739532,22.18054,18.181879,18.564636,12.84795,15.930252,10.982992,15.261748,17.911802,19.987135,18.495108,20.460802,20.766094,23.169481,22.832937,26.560118
10,16.778101,18.022263,18.884897,19.638504,20.072802,18.476927,15.437805,11.63383,8.232934,5.65984,0.0,4.881956,4.8359156,7.1453743,5.5372972,5.633088,8.498355,10.508681,12.329811,17.024948,16.921976,21.637415,24.122389,26.945143,23.247719,28.797426,23.997322,24.25719,19.81208,21.459557,16.32306,19.406052,17.432295,18.66316,19.424343,18.256226,22.589262,22.44053,19.393085,19.93253,16.147076,17.452011,16.066107,16.322542,17.823336,18.037945,21.562897,22.498663,26.583475,24.23982,23.662199,23.09231,21.68011,24.620043,23.238693,27.906755,27.26369,28.824022,26.874628,27.88304,25.512707,22.27486,23.463444,19.783926,23.925951,20.978954,26.410688,24.503567,28.21265,27.434261,23.42124,23.134428,18.837244,17.64015,14.562364,12.89295,11.244164,9.929479,10.991044,11.139466,14.4670725,14.719109,11.077235,13.996525,13.169322,10.275284,12.157417,8.64994,13.412417,11.807297,16.181246,17.552616,21.10315,23.802534,26.97313,29.80438,30.479015,29.336971,26.060318,23.777096,19.767872,18.900414,13.413223,14.726833,8.957341,11.650402,13.740469,16.750656,15.96834,19.218184,19.921621,23.05049,23.697668,27.20944
11,20.689018,21.964676,22.024256,22.814085,22.418728,20.439425,17.600035,13.201098,11.119394,6.859677,4.881956,0.0,3.6940367,6.358993,4.34714,7.297697,8.208495,12.078656,12.664675,18.1293,17.7208,22.85445,24.55803,28.116446,24.929478,30.286583,25.849077,26.244463,21.920198,24.124847,18.605394,22.613169,19.859255,22.192665,21.678137,21.094948,24.759075,23.82601,20.309412,20.577677,17.269596,17.082472,16.786518,15.429233,17.569681,16.948118,20.708485,21.330194,25.527983,22.740559,22.785902,21.845903,21.51154,24.474802,23.698149,28.52906,27.977394,30.263952,28.752605,30.374178,27.797796,25.088484,26.131338,21.69168,25.747551,22.369534,27.666641,25.196592,29.188225,27.806856,23.69834,23.233847,19.344868,17.2966,14.126697,13.605378,10.61928,10.678122,10.249576,11.298841,13.90461,14.960094,10.940729,14.602078,14.948819,13.40451,15.453172,12.017024,17.377262,15.126512,19.774319,20.84813,24.174046,27.281076,29.844316,32.628437,33.735825,32.971302,29.786371,27.842691,23.830648,23.407215,17.794044,19.536982,13.715457,16.311903,18.094675,21.444845,20.78876,24.059278,24.695147,27.770298,28.136913,31.620516
12,21.53518,22.843801,23.649721,24.28815,24.54127,22.637781,19.454723,15.66127,12.694242,9.257239,4.8359156,3.6940367,0.0,3.9472628,4.598708,7.842029,10.856372,13.778826,15.464943,20.538427,20.613281,25.372412,27.310951,30.535875,26.914,32.111332,27.323788,27.263329,22.88241,24.349762,18.862543,21.951591,18.507944,20.081657,19.480429,18.263603,21.904747,20.915722,17.817684,18.83261,15.980307,16.577957,16.714466,16.173006,18.886946,18.90818,22.886972,24.047304,27.863123,24.74182,24.504044,23.046759,22.232857,24.796436,23.030323,28.173594,26.841063,29.251066,27.814196,29.077295,25.91472,23.520624,25.196804,21.046173,25.832233,22.961128,28.434889,26.471022,30.693773,29.647232,25.566086,25.620562,21.393194,20.005228,16.632113,15.077366,12.116974,10.823673,9.845239,9.412827,11.781314,12.179185,7.678899,11.014036,11.746419,10.349407,12.862636,10.419544,15.805179,14.960362,19.523798,21.384588,24.785383,28.086052,30.987745,33.55931,34.621914,33.592136,30.39547,28.081669,24.13578,23.103748,17.79126,18.649101,12.746067,14.379636,15.773652,19.48575,19.175941,23.192183,23.784012,27.219423,28.049437,31.298298
13,23.50104,24.198158,25.442226,25.149454,25.728834,23.38358,19.771759,17.037027,13.865045,10.961478,7.1453743,6.358993,3.9472628,0.0,3.9620786,7.33661,11.429937,13.653854,16.282581,20.849514,21.97668,25.880695,27.547169,30.629948,26.710674,31.353157,26.423008,25.859617,21.618254,22.662872,17.095325,20.031595,15.691321,17.995234,16.351995,15.835376,18.9032,17.60822,14.156901,15.019608,12.520859,13.041117,13.835595,13.521093,16.87977,17.402374,21.587038,23.411728,26.595118,23.015402,22.578276,20.540787,19.5339,21.713047,19.492054,24.805237,23.137165,25.842255,24.66865,26.120201,22.715221,20.779654,22.590303,18.207008,23.383307,20.799791,26.251907,24.58183,29.153275,28.233437,24.232197,24.964245,20.57926,19.86031,16.270933,13.936214,10.682682,8.639137,6.6524034,5.5908093,7.8807516,8.604365,5.011598,9.15561,9.184807,9.321719,11.095988,8.927798,14.470719,13.875274,18.40179,20.743668,23.898243,27.918901,30.517397,32.677586,34.176865,33.282684,30.256338,27.972857,24.193148,23.202936,18.160177,19.061773,13.184539,15.101999,16.650276,20.113146,19.561844,24.26817,23.922756,27.572147,28.245028,31.04113
14,21.30177,21.811552,22.53685,22.163527,22.312418,19.836838,16.37873,13.409775,10.732417,7.479879,5.5372972,4.34714,4.598708,3.9620786,0.0,4.391791,7.488317,10.206345,12.378641,17.128021,18.14845,22.146162,23.727808,26.979603,23.30385,28.14837,23.434504,23.300201,19.022831,20.813244,15.147817,19.115625,15.8321905,18.91373,17.78236,17.952482,21.296389,20.37384,16.529316,16.383615,12.958934,12.882275,12.620917,11.740793,14.295838,14.392226,18.415829,19.880787,23.436386,20.282507,19.928825,18.588188,17.761889,20.510666,19.388758,24.28568,23.640804,25.945082,24.521883,26.282612,23.719475,21.174711,22.19053,17.560604,21.903498,18.752916,24.139889,22.0061,26.334837,25.199446,21.1245,21.429836,17.170053,16.07515,12.543916,10.77272,7.5479097,6.6415925,6.062178,7.3710823,10.4055605,11.7550535,8.9279995,13.003087,12.195668,11.466615,12.658151,8.944779,14.505525,12.175486,16.893713,18.446524,21.587524,25.447838,27.776257,30.160131,31.67707,31.01489,27.982855,26.041122,22.171785,21.801983,16.401054,18.289717,12.397426,15.574069,17.700565,20.696129,19.666973,23.620878,23.207066,26.49608,26.663872,29.701427
15,18.13999,18.071007,19.135042,18.124418,18.691698,16.168966,12.449557,10.474772,7.262048,5.7891197,5.633088,7.297697,7.842029,7.33661,4.391791,0.0,5.7651763,6.4223666,9.891805,13.787874,15.494088,18.77774,20.79779,23.520452,19.498613,24.43923,19.530954,19.435062,15.052569,16.866117,11.358215,15.47023,13.449173,16.623478,16.499039,17.053902,20.82174,20.68452,16.905035,16.200428,11.857326,12.715515,10.664309,11.112314,12.338118,13.060836,16.651598,18.285019,21.782476,19.298061,18.390089,17.833406,16.100126,19.11579,18.21723,22.604553,22.598877,24.03649,22.14121,23.71646,21.945223,18.663574,19.15114,14.887146,18.698902,15.54696,20.985905,19.071814,23.068579,22.325838,18.322092,18.678402,14.118316,13.768935,10.384923,7.6360426,6.1855803,4.5464983,7.0242286,8.592956,12.346127,13.401882,11.611046,15.191596,12.891426,11.3174095,11.482631,6.6753755,11.565976,8.063158,12.7736,14.075244,17.27566,21.06307,23.477226,25.908012,27.309042,26.6238,23.602337,21.730766,17.889095,17.806137,12.417654,14.953523,9.42831,13.790245,16.526838,18.67077,17.05595,20.613049,19.655748,22.73069,22.559223,25.57288
16,18.057383,17.991127,17.500732,16.828012,15.932972,13.175185,10.320521,6.971788,6.591351,4.059108,8.498355,8.208495,10.856372,11.429937,7.488317,5.7651763,0.0,5.0238357,4.942081,10.1249075,10.909788,15.004408,16.501936,20.032125,16.978224,22.280321,18.203516,19.144274,15.067037,18.400103,13.294987,18.776865,17.94536,21.799706,21.694777,22.740881,26.370514,26.09433,21.992203,20.582611,16.189425,15.510614,13.209479,11.790886,11.606484,10.722768,13.6929655,14.079623,18.487478,16.779938,16.497553,17.06977,16.47495,20.11233,21.036451,24.740852,25.943235,27.275442,25.406256,27.513742,26.566269,23.100658,22.637878,18.14374,20.370584,16.345533,21.157894,18.185814,21.612352,20.12187,16.068142,15.178783,11.398082,9.309551,6.3003373,6.853871,5.8254776,8.097884,10.363694,13.380287,16.72569,18.42174,16.315489,20.238836,18.517082,16.87489,17.184679,12.246594,16.469906,11.397681,15.559571,15.111582,17.960518,21.149038,22.812826,25.65126,27.09857,26.934702,23.998709,22.889475,19.080595,20.083866,14.557839,18.23944,13.382084,18.153425,20.97323,22.884848,21.094603,23.339712,22.758055,25.10806,24.2213,27.596996
17,16.15868,15.024489,15.36343,13.199568,13.269567,10.177746,6.385729,6.359208,5.2495227,6.710237,10.508681,12.078656,13.778826,13.653854,10.206345,6.4223666,5.0238357,0.0,5.3511753,7.486523,10.397502,12.467723,14.6183,17.104332,13.171884,18.410261,13.820145,14.570003,10.336765,13.62114,8.954829,14.477266,15.060405,18.976675,19.617275,21.1417,24.846874,25.248577,21.340662,19.510412,14.656354,14.999137,11.176789,11.610312,10.027489,10.520379,12.785763,13.921932,17.62043,16.56108,15.363507,16.544538,14.631135,18.248526,19.096657,22.175247,23.85395,24.269934,21.987406,23.850407,23.718771,19.73635,18.695856,14.806435,16.32414,12.503753,17.31221,14.877195,17.98758,17.22331,13.345856,13.023139,8.568005,8.597458,6.1249986,4.1470027,6.5883307,7.497548,11.385276,14.020307,17.670534,19.040009,17.945908,21.463829,18.533268,16.676142,15.95211,10.896022,13.655386,7.55922,11.053311,10.156912,12.938476,16.398306,18.075954,20.802244,22.292395,22.12613,19.273867,18.269363,14.631264,16.073895,11.009567,15.338644,11.51861,16.974092,20.179667,21.139704,18.789202,20.796745,19.229418,21.342386,19.99694,23.081972
18,16.54372,15.973479,14.517722,13.590797,11.7654085,8.880265,7.0973935,4.0091724,6.773782,6.8262553,12.329811,12.664675,15.464943,16.282581,12.378641,9.891805,4.942081,5.3511753,0.0,5.8372636,6.1764317,10.313235,12.013417,15.590123,13.151538,18.862959,15.463455,17.323668,13.716354,17.886683,13.836423,19.570467,20.356977,24.20422,24.812878,26.126665,29.900778,30.0337,25.97192,24.130533,19.460579,18.828371,15.603487,14.434254,12.471628,11.233858,12.691797,12.029359,16.861164,16.626802,16.278738,18.235159,17.608873,21.498451,23.39513,26.228355,28.393309,29.008474,26.861628,28.97155,28.990211,25.06167,23.795485,19.81453,20.563755,16.340036,20.383154,17.087374,19.449995,17.883278,14.149065,12.110654,9.150502,6.3697157,5.2932005,7.8171234,9.111973,11.737427,14.724476,17.863087,21.302597,22.971874,21.099148,24.879873,22.756348,20.686169,20.615376,15.5560665,18.665377,12.760351,15.890765,13.976052,16.377117,18.663164,19.828575,23.008917,24.234846,24.39928,21.610918,21.162428,17.618027,19.545843,14.475203,18.965992,15.296123,20.458466,23.49231,24.673244,22.52817,23.549932,22.90565,24.484251,22.909021,26.419367
19,16.802654,14.8801,13.450321,10.488782,8.598959,4.7294736,4.08204,6.8578143,9.735192,11.920529,17.024948,18.1293,20.538427,20.849514,17.128021,13.787874,10.1249075,7.486523,5.8372636,0.0,5.876073,5.095339,7.424246,10.017521,7.3616385,13.265189,10.368568,13.023387,10.32429,15.067138,12.731456,18.30015,20.810616,24.866142,25.96929,27.944935,31.553177,32.198734,28.2341,25.784422,20.976673,20.643948,16.424688,16.190512,12.570205,12.012229,11.693166,11.037458,14.998418,16.290964,15.288555,18.46145,17.170698,20.975302,23.606043,25.269173,28.439013,28.073183,25.66145,27.739428,28.98185,24.726452,22.472559,19.296764,18.249943,14.22831,17.129953,13.977255,15.020599,13.8923,10.84343,8.327336,6.2469187,5.6696024,7.079462,8.942733,12.264773,14.486841,18.168747,21.283108,24.764448,26.373653,25.34136,28.929127,25.962254,23.901909,23.000227,18.070894,19.703634,13.296362,14.790602,11.447664,12.774103,14.568444,14.702779,17.905386,19.27388,19.979519,17.614979,18.068783,15.230735,18.26827,14.428874,19.506752,17.34739,22.829674,26.105785,26.313494,23.664621,23.916502,22.3378,23.149681,20.630205,23.720253
20,15.1089,14.436286,11.267207,11.206912,7.551322,6.002764,7.6544757,5.5379353,10.012796,11.424633,16.921976,17.7208,20.613281,21.97668,18.14845,15.494088,10.909788,10.397502,6.1764317,5.876073,0.0,6.977255,9.50246,12.614194,11.754672,17.867516,15.755184,18.68473,15.922479,20.36285,17.70489,22.880812,25.089014,28.298092,29.8401,30.920275,35.000874,35.53159,31.675678,29.819748,25.00272,24.672338,20.968378,20.14631,17.321611,15.957445,15.980558,14.06697,18.933224,20.269442,19.967953,22.930737,22.29049,26.195923,28.582012,30.751318,33.49737,33.45538,31.019075,32.856262,33.596046,29.244562,27.508293,24.310684,23.928928,19.918371,23.004974,19.735977,20.560358,19.128325,16.230608,12.874456,11.71557,8.973876,10.228695,13.094869,15.18708,17.599508,20.847038,23.800869,27.352688,28.830544,26.75477,30.302723,28.109524,25.415613,25.333944,20.428036,22.582098,16.7576,18.733776,15.589459,17.43775,17.764874,18.644392,22.344545,22.760862,23.10119,20.502033,20.753786,17.700407,20.319157,16.123142,20.8107,18.543663,23.490908,26.486889,27.01349,24.768639,24.159332,24.042997,24.608639,22.53768,26.315365
21,17.928318,15.598009,13.28788,10.095103,7.071998,4.498767,7.345536,10.491074,13.884596,16.432266,21.637415,22.85445,25.372412,25.880695,22.146162,18.77774,15.004408,12.467723,10.313235,5.095339,6.977255,0.0,4.5651894,5.7799034,5.5099854,11.206354,10.315762,13.941854,12.655969,17.314272,16.453045,21.385181,24.90761,28.677996,30.254097,32.284973,35.928772,36.829678,32.97095,30.365026,25.575933,25.286041,20.875643,20.750725,16.619354,15.935945,14.414626,12.884677,16.273315,18.954687,18.008265,21.936037,20.754433,24.39275,27.555716,28.462936,32.229996,31.303759,28.772755,30.720083,32.69076,28.265285,25.513145,23.028934,20.825762,17.212109,18.813635,15.833306,15.13207,14.199266,12.424367,8.971139,9.380222,9.094197,11.654962,13.808131,17.266262,19.493069,23.22413,26.320995,29.806244,31.376247,30.36979,33.872314,30.786991,28.495607,27.478039,22.694077,23.650682,17.43644,17.92594,13.764228,14.110387,14.192723,13.295854,16.704384,17.609987,18.82798,16.975428,18.381882,16.36006,20.049973,17.261904,22.34615,21.222515,26.54802,29.806257,29.498009,26.733679,25.92186,24.395136,24.343885,21.236437,24.182945
22,22.355602,20.135128,17.714678,14.609294,11.530656,8.909185,10.844033,13.464102,17.02863,18.743586,24.122389,24.55803,27.310951,27.547169,23.727808,20.79779,16.501936,14.6183,12.013417,7.424246,9.50246,4.5651894,0.0,5.1501055,7.212844,10.682152,11.268134,14.835881,14.267568,19.196405,18.277977,23.777855,26.78799,31.410128,32.175148,34.775616,38.004124,38.566563,34.402073,31.352575,26.823986,25.628738,21.638912,20.623587,16.22087,14.888717,12.366135,10.013543,12.977214,16.497238,15.991023,20.402588,20.07899,23.642603,27.762808,28.245274,32.551975,31.88257,29.711496,32.21513,34.336422,30.285042,27.245155,24.311752,21.57164,17.731422,18.5363,14.935105,13.880952,12.014879,10.804092,6.4794326,9.138543,8.376776,11.801877,14.903,17.97377,20.898458,24.1925,27.750757,30.932901,32.89956,32.129063,35.917282,32.975124,31.21837,30.159897,25.258364,26.651747,20.17906,20.915709,16.962444,16.876808,17.755075,15.778049,18.50629,20.206184,21.99184,20.55032,22.236423,20.386274,24.11775,21.188202,26.322775,24.692045,30.159864,33.44268,33.409214,30.647135,30.26472,28.48664,28.59364,25.378832,28.003134
23,22.529217,19.59546,17.659557,13.53141,11.341236,9.586716,12.011067,16.166567,19.21748,21.876728,26.945143,28.116446,30.535875,30.629948,26.979603,23.520452,20.032125,17.104332,15.590123,10.017521,12.614194,5.7799034,5.1501055,0.0,5.296911,7.2913036,9.421333,13.308548,13.921315,18.245485,18.87218,23.35717,27.52599,31.678392,33.08481,35.76692,38.986916,40.030766,36.17272,33.053646,28.500654,27.995024,23.472265,23.506575,18.776648,18.344366,15.630824,14.208608,15.875956,19.736881,18.58015,23.124496,21.937101,25.1486,29.058125,28.841179,33.4392,31.929043,29.498955,31.596617,34.48786,30.224314,26.754436,24.837576,21.166592,18.121147,17.956198,15.331463,12.770659,12.203692,12.213458,9.108741,11.534391,12.549639,15.578457,17.46979,21.21879,23.439297,27.149635,30.355625,33.649273,35.34098,34.944042,38.44477,34.982788,33.036835,31.552399,26.95224,27.292583,21.148573,20.722052,16.298689,15.29087,15.057457,12.118165,14.675123,16.105984,18.313564,17.480152,19.880726,18.918201,23.064716,21.332159,26.353548,25.846642,31.208973,34.530437,33.802227,30.827217,29.85136,27.583935,27.056967,23.351673,25.472778
24,19.65728,16.407139,15.6814,10.514916,9.878666,7.1701746,8.061021,13.511865,15.575288,18.705616,23.247719,24.929478,26.914,26.710674,23.30385,19.498613,16.978224,13.171884,13.151538,7.3616385,11.754672,5.5099854,7.212844,5.296911,0.0,6.4712043,5.055972,8.907735,8.838393,13.140103,13.796221,18.080944,22.40691,26.411366,27.96785,30.621103,33.843864,35.05464,31.373766,28.392921,23.773487,23.880991,19.034235,19.937708,15.343842,15.799997,13.930321,13.859624,15.617272,18.337173,16.560707,20.543716,18.436605,21.63159,24.758469,24.857643,29.02545,27.40086,24.777327,26.650991,29.390347,25.014828,21.670624,19.900988,16.592829,13.642816,14.312629,12.168653,10.672904,10.935544,9.945973,8.263597,8.41189,10.880935,12.967912,13.492363,17.667048,19.189953,23.163528,26.018974,29.38011,30.8397,30.725803,34.011795,30.248642,28.352634,26.614334,22.19547,22.174252,16.147877,15.469024,11.102745,10.161926,11.012702,8.77172,11.613481,13.429464,15.1492405,13.825835,15.704686,14.43091,18.469646,16.735306,21.72919,21.278526,26.666395,30.028542,29.210604,26.153303,25.736511,22.971107,22.84241,19.275797,21.331984
25,25.602436,21.993774,21.685942,16.11788,15.949155,13.61956,14.182909,19.771946,21.550423,24.500555,28.797426,30.286583,32.111332,31.353157,28.14837,24.43923,22.280321,18.410261,18.862959,13.265189,17.867516,11.206354,10.682152,7.2913036,6.4712043,0.0,5.5527825,8.28656,11.068455,14.248832,16.569695,20.108826,24.709726,29.25855,30.282057,33.78211,36.288795,37.55854,33.9207,30.343126,26.242645,26.009945,21.331982,22.370157,17.43552,18.262222,15.373043,15.837196,15.362559,18.882328,16.79804,21.116549,18.982965,21.394915,25.30271,23.941982,29.042627,26.778326,24.443945,26.586538,30.355923,26.458675,22.340218,21.23542,16.20256,14.289335,12.353124,11.091826,6.9906874,8.451801,10.060942,9.897465,11.702524,15.074234,17.342648,17.5719,21.692213,23.157108,26.86309,29.771435,32.75419,34.361748,35.04997,38.301815,34.187893,32.901592,30.658415,26.590286,26.039356,20.382442,18.913372,14.965759,12.583475,13.811442,9.274918,9.829786,13.107339,15.967856,15.977885,18.621256,18.476147,22.584112,21.82308,26.522242,26.440819,31.761692,35.1299,34.021355,30.824116,30.628054,27.006584,26.63854,22.692299,23.582226
26,21.982983,18.419882,18.961124,13.146578,13.956693,11.085597,10.187959,16.178251,17.077211,20.219255,23.997322,25.849077,27.323788,26.423008,23.434504,19.530954,18.203516,13.820145,15.463455,10.368568,15.755184,10.315762,11.268134,9.421333,5.055972,5.5527825,0.0,3.935666,5.5904326,9.165031,11.1366415,14.815093,19.379889,23.81424,24.974663,28.280071,30.951601,32.29269,28.75507,25.443066,21.149036,21.515781,16.531282,18.322628,13.700543,15.261799,13.533499,14.959562,15.331702,17.433485,14.953347,18.526869,15.550768,18.192787,21.127064,20.581923,24.985935,22.890787,20.282654,22.242207,25.505291,21.376186,17.562054,16.257551,12.020319,9.796702,9.659985,8.636114,7.155494,8.888359,8.404747,9.283596,8.532685,12.729672,14.005941,13.018887,17.364725,18.197474,22.107088,24.688927,27.783249,29.172575,29.906603,32.990707,28.75905,27.444843,25.1256,21.153204,20.50372,14.8983555,13.449744,9.713342,7.617286,10.5976515,7.6614747,8.95335,12.258512,14.148675,13.258599,14.986515,14.172971,17.965008,16.853859,21.485416,21.191156,26.493298,29.858921,28.85907,25.677345,26.090544,22.287714,22.492529,18.918756,20.059683
27,23.587677,19.988007,21.362078,15.452411,17.02962,14.11749,12.267428,18.157495,18.17067,21.21195,24.25719,26.244463,27.263329,25.859617,23.300201,19.435062,19.144274,14.570003,17.323668,13.023387,18.68473,13.941854,14.835881,13.308548,8.907735,8.28656,3.935666,0.0,4.4511456,6.1971416,9.333861,12.160689,16.736828,21.42136,22.235962,25.988773,28.20687,29.64965,26.294643,22.822899,18.862627,19.586441,14.614775,17.25271,13.013369,15.45533,14.235016,16.670397,16.313778,17.554226,14.638919,17.474596,13.712482,15.764351,18.172756,17.242352,21.622673,19.158577,16.522524,18.510168,22.089872,18.193974,14.080239,13.217125,8.327555,7.118616,6.5583353,7.2415285,6.854477,9.525502,9.121909,11.597663,9.992763,14.744041,15.256271,13.091467,17.274698,17.400755,21.14085,23.358448,26.197802,27.45786,28.83251,31.680399,27.140532,26.295492,23.569912,20.083483,18.953453,13.991154,12.038408,9.39435,6.826243,11.445488,8.996697,8.910394,12.886687,14.495223,13.792611,15.030292,14.431848,17.701286,16.98499,21.129309,20.885746,25.965069,29.260538,28.186419,24.994257,26.136751,21.6766,22.263435,18.931332,19.410986
28,20.4062,17.206766,18.716202,13.324548,14.983157,11.810213,8.9373255,14.431312,13.951399,16.939,19.81208,21.920198,22.88241,21.618254,19.022831,15.052569,15.067037,10.336765,13.716354,10.32429,15.922479,12.655969,14.267568,13.921315,8.838393,11.068455,5.5904326,4.4511456,0.0,5.065244,5.553934,9.895296,13.885988,18.55672,19.489773,22.768896,25.464008,26.765362,23.273767,20.185604,15.757563,16.768644,11.553372,14.347303,10.529769,13.06077,12.938852,15.422692,16.281458,16.638762,13.92516,16.209719,12.384294,15.070012,16.71392,17.211596,20.66754,18.976213,16.223629,18.120863,20.580757,16.361628,13.048686,11.130107,8.478953,5.826713,8.67413,8.172628,9.926732,11.302777,9.1601095,11.157373,7.8475256,12.287814,12.021477,9.163214,13.449872,13.324684,17.311005,19.475298,22.576647,23.769093,24.734112,27.646494,23.271091,22.184814,19.708914,15.894787,15.297709,9.77608,8.680899,6.229616,5.466624,10.985685,10.513216,11.751083,14.681501,15.424212,13.736488,14.003325,12.269211,15.127218,13.335861,17.656267,16.73289,21.972317,25.30346,24.610178,21.5157,23.059017,19.035145,20.19692,17.392193,18.681122
29,21.890873,18.537848,21.202559,15.737038,18.503386,15.901869,12.893003,18.128149,16.600906,19.76806,21.459557,24.124847,24.349762,22.662872,20.813244,16.866117,18.400103,13.62114,17.886683,15.067138,20.36285,17.314272,19.196405,18.245485,13.140103,14.248832,9.165031,6.1971416,5.065244,0.0,5.741827,5.997214,11.363972,15.340193,16.719809,20.199638,22.5214,24.376154,21.535326,18.64326,14.711779,17.029476,11.953156,16.261435,13.44752,16.720781,17.076206,20.090643,20.358902,20.150002,17.153786,18.490877,13.79757,15.412701,15.432316,15.567203,18.371672,15.7402935,12.553881,13.641807,16.716978,12.357535,8.630829,8.707934,6.051965,6.5393987,8.924763,10.753546,12.497383,14.813176,13.308537,16.001333,12.70647,17.124527,16.3332,12.449461,16.20256,14.749557,18.497051,19.68641,22.517416,23.170933,24.887743,27.158625,22.25026,21.43579,18.325048,15.631207,13.491726,9.915487,7.0107474,6.7064233,5.1977177,11.214598,11.4521475,11.481134,14.348537,14.514567,13.166335,12.817517,11.849081,13.862715,13.5102,16.710054,16.726812,21.2623,24.394522,23.178572,20.049152,22.12159,17.144539,18.502438,15.997063,16.22582
30,20.362144,17.858892,20.096062,15.689389,17.7353,14.66465,10.743218,14.538077,12.507546,14.854817,16.32306,18.605394,18.862543,17.095325,15.147817,11.358215,13.294987,8.954829,13.836423,12.731456,17.70489,16.453045,18.277977,18.87218,13.796221,16.569695,11.1366415,9.333861,5.553934,5.741827,0.0,6.629967,8.661057,13.830491,14.218271,17.460474,20.17167,21.332499,17.848501,15.113178,10.491502,12.484246,7.2332187,11.400039,9.426482,12.654353,14.254001,17.358429,18.56405,17.290306,14.699344,15.290671,10.986739,13.407285,13.12354,15.160046,17.09799,16.186293,13.4854965,15.24686,16.302387,12.145514,10.023447,6.866759,7.951401,5.7221947,10.884453,10.815581,14.313526,15.242518,12.352201,14.717238,10.298955,13.875491,12.084975,7.419583,10.704849,9.017285,12.883982,14.375191,17.441782,18.380024,19.659468,22.358957,17.837467,17.158792,14.506996,10.956665,10.693328,5.675954,6.009507,6.9590607,8.238417,14.049539,15.140294,16.260628,18.745922,18.651005,16.5045,15.461074,13.001308,14.333039,11.731712,15.190378,13.241466,18.17862,21.371922,21.19959,18.359215,21.32481,17.343822,19.605236,17.896175,19.279274
31,21.46317,18.747675,22.341665,17.874943,21.21735,18.99546,15.415037,19.329052,16.46118,19.341137,19.406052,22.613169,21.951591,20.031595,19.115625,15.47023,18.776865,14.477266,19.570467,18.30015,22.880812,21.385181,23.777855,23.35717,18.080944,20.108826,14.815093,12.160689,9.895296,5.997214,6.629967,0.0,6.917624,9.37556,11.654288,14.527261,17.089458,19.403503,17.263134,15.375826,11.74868,15.808872,11.414674,16.725245,15.6173,19.110044,20.657417,23.877481,24.652658,23.390793,20.574741,20.654205,15.787906,16.928867,14.521834,16.069868,16.703337,14.431958,11.0797,10.790627,12.340892,7.353775,5.590372,6.8610444,8.820985,10.040352,13.674204,15.536719,18.21255,20.182829,18.075975,20.694942,16.60458,20.327543,18.574911,13.788616,16.500813,13.547838,16.85699,16.72,19.402369,19.282692,21.284744,22.811922,17.612621,16.868843,13.369354,11.976421,8.550961,7.9633703,4.9101768,8.412692,8.990735,14.029121,16.064505,16.330515,18.177158,17.242819,15.419035,13.544542,12.105979,12.105523,11.914276,13.463003,13.542664,17.087328,19.903105,18.69825,15.812236,19.185863,14.017608,16.4601,15.336763,15.481207
32,24.709288,22.919996,26.168854,22.611055,25.276676,22.621601,18.51371,20.819479,17.402868,18.715925,17.432295,19.859255,18.507944,15.691321,15.8321905,13.449173,17.94536,15.060405,20.356977,20.810616,25.089014,24.90761,26.78799,27.52599,22.40691,24.709726,19.379889,16.736828,13.885988,11.363972,8.661057,6.917624,0.0,7.356439,5.60477,9.847243,11.624086,13.067515,10.402684,8.667373,5.5233006,10.665075,8.149011,13.533908,14.580335,18.071404,20.745926,24.385736,25.164696,22.482378,20.056894,18.513586,14.089769,14.642208,10.246731,13.848426,12.348082,12.210626,9.985817,10.583526,8.737806,5.482979,7.1420417,4.831445,11.026316,11.6264105,16.13863,17.368677,21.452677,22.581556,19.885113,22.817024,18.337393,21.324768,18.668499,13.583589,14.427375,10.589256,12.343373,11.236047,13.165072,12.94559,15.92791,17.333155,12.161884,13.148776,9.581254,9.196898,7.9398255,9.023581,9.554766,13.569908,14.997104,20.362164,22.29716,22.687662,24.895706,24.070158,22.032408,19.911184,17.743767,16.97087,15.140358,15.937987,13.7855625,16.602968,18.974606,19.191534,17.080368,22.10105,17.925203,21.307945,21.113008,21.675789
33,23.675592,22.337727,26.522076,23.790052,27.265455,25.521269,21.701,23.516846,19.414562,21.21846,18.66316,22.192665,20.081657,17.995234,18.91373,16.623478,21.799706,18.976675,24.20422,24.866142,28.298092,28.677996,31.410128,31.678392,26.411366,29.25855,23.81424,21.42136,18.55672,15.340193,13.830491,9.37556,7.356439,0.0,6.6806445,6.0227404,9.50915,12.718696,12.578411,13.51352,11.661105,17.241589,15.124654,20.218258,21.29039,24.524263,27.256607,30.489468,31.833336,29.446133,27.061745,25.748394,21.37598,21.953907,17.09686,20.373997,17.85509,17.03355,14.639575,12.738676,9.982748,6.786135,10.574117,11.666022,16.80389,17.941952,22.169033,23.75763,27.186337,28.715973,26.062565,28.4803,23.868979,26.558994,23.898525,18.908316,19.773752,15.514287,17.21601,14.738664,16.593443,14.869555,17.124395,16.87679,11.671322,11.345034,7.621383,10.279986,6.074288,11.673339,11.128823,15.790218,17.579752,21.410316,24.646355,25.205399,26.221899,24.43726,22.274471,19.230217,17.406855,14.947796,14.578982,12.918905,12.566175,13.006753,14.578824,13.95163,12.353705,17.991644,13.998212,17.811434,19.000866,19.264729
34,28.191826,26.904593,30.434973,27.438887,30.228846,27.756573,23.613274,25.165897,21.335018,22.030466,19.424343,21.678137,19.480429,16.351995,17.78236,16.499039,21.694777,19.617275,24.812878,25.96929,29.8401,30.254097,32.175148,33.08481,27.96785,30.282057,24.974663,22.235962,19.489773,16.719809,14.218271,11.654288,5.60477,6.6806445,0.0,5.9293313,6.0729747,7.7711596,6.6143436,7.2104197,7.28427,12.566616,12.253332,16.909933,19.109608,22.395878,25.469568,29.1705,29.9122,26.66414,24.475174,22.094109,18.131186,17.933414,12.091719,16.166666,12.375277,13.211157,11.984398,11.556813,6.734634,6.5341363,10.565329,9.621972,15.858543,16.920034,21.112423,22.527964,26.77368,27.847952,25.146692,28.134457,23.615671,26.235262,23.275927,18.315672,18.170576,14.003852,14.284195,11.608165,12.198163,10.853983,14.815793,14.933086,9.918675,12.346953,8.968549,11.205995,10.08973,13.575687,14.338233,18.725975,20.285078,25.2957,27.578035,27.823923,29.820742,28.686298,26.666555,24.14639,22.078724,20.438835,18.892677,18.354202,16.162342,17.284445,18.794893,19.442238,18.121548,23.992777,20.247122,24.023787,24.668629,24.964842
