,0,1,2,3,4,5,6,7,8,9,10,11,12,13,14,15,16,17,18,19,20,21,22,23,24,25,26,27,28,29,30,31,32,33,34,35,36,37,38,39,40,41,42,43,44,45,46,47,48,49,50,51,52,53,54,55,56,57,58,59,60,61,62,63,64,65,66,67,68,69,70,71,72,73,74,75,76,77,78,79,80,81,82,83,84,85,86,87,88,89,90,91,92,93,94,95,96,97,98,99,100,101,102,103,104,105,106,107,108,109,110,111,112,113,114
0,0.0,4.5173464,6.0596113,10.910157,12.548022,13.6115,12.158616,7.764956,6.0187817,6.665663,8.189519,11.356178,12.6916,15.362061,12.93591,10.984231,10.547983,11.334461,11.040949,14.2893915,12.373838,17.670975,21.250023,22.887344,20.596922,26.72641,23.129301,24.194317,20.089575,21.687428,18.803514,20.100222,21.143095,21.458284,25.022316,23.97552,28.789358,30.018642,29.787188,28.513971,23.756529,26.403793,22.236551,24.486376,23.069822,23.79164,25.14645,24.851055,29.09845,29.18178,28.239067,29.535347,27.02807,30.16177,29.20548,32.086353,32.402172,32.09977,29.998127,29.277552,30.173542,25.159182,25.231445,23.813713,25.717722,23.273405,27.845798,25.08102,28.636196,28.599209,25.241125,23.860971,20.358458,19.251657,18.506237,17.474163,19.332956,18.27424,21.659206,22.00799,25.624748,25.739931,21.589714,23.629957,23.689451,19.806442,17.616646,14.211479,15.990575,13.729936,16.627424,17.570278,21.46373,21.411077,18.56885,23.24889,24.085703,20.633192,18.911415,16.64605,13.965938,9.531715,12.957534,9.33219,12.516552,12.081554,15.703624,18.610018,18.12701,15.390926,18.65456,15.383756,15.762279,15.855952,16.262037
1,4.5173464,0.0,4.8890204,7.001366,9.467013,10.47404,9.053943,7.0156837,4.9361444,8.417113,10.599349,14.260798,15.295571,17.079487,14.570916,11.37689,11.318425,9.998298,10.762993,12.265148,11.246378,15.083555,19.066635,19.88771,17.385939,23.229912,19.35246,20.330063,16.45225,17.734526,15.632609,16.438484,18.914753,18.982206,23.02817,22.504128,27.250233,28.825666,28.488111,26.751085,21.975279,24.904835,20.231005,23.151714,21.225533,22.520662,23.608461,23.852707,27.493143,27.749588,26.355986,27.786964,24.712624,27.61478,26.69283,29.018475,29.68838,28.78945,26.487804,25.789068,27.38129,22.211988,21.734308,20.886324,22.194807,20.130915,24.41813,22.086624,25.400595,25.846533,22.770575,21.830654,18.225597,18.132423,17.55675,15.819021,18.468575,17.116676,20.989992,21.364408,25.13041,25.181751,21.7246,23.942682,23.029608,18.882696,16.076042,12.509789,13.126649,10.395274,12.557191,13.32008,17.180042,17.146345,14.05737,18.82135,19.597584,16.257853,14.781919,12.6679125,9.744316,5.366539,10.175148,7.248126,11.550716,11.607899,16.14932,19.31844,19.074558,15.98175,19.622036,15.127039,16.307083,15.408864,16.747734
2,6.0596113,4.8890204,0.0,6.7198305,7.2010274,9.497814,9.812473,6.7494907,7.7834854,10.25964,13.715407,16.405502,18.239305,20.474169,17.49613,14.682499,12.727342,12.140517,10.60271,12.204901,8.765058,13.638969,17.680456,18.58043,17.499285,22.893997,20.012283,21.832756,18.34222,20.41243,18.793715,20.22394,23.406324,23.683735,27.692856,27.380983,32.084846,33.595882,33.02728,31.02425,26.141798,28.53986,23.729559,25.94257,23.500298,24.28861,24.647867,24.130283,27.902538,28.991999,27.74495,29.90245,27.157639,30.291876,30.221954,32.12072,33.488438,32.35125,30.0712,29.685333,31.746954,26.544407,25.517368,24.617477,24.990484,22.587553,26.288706,23.507645,26.099108,26.366854,23.546917,21.723894,18.98982,18.308659,18.645699,18.097189,21.055626,20.570358,24.550272,25.481586,29.30159,29.62747,26.078323,28.475302,27.801134,23.57215,20.89198,17.024397,17.694681,14.044926,15.6978655,15.06649,18.786589,17.335403,15.788273,21.06864,21.238195,18.278433,16.987629,15.897731,12.051808,9.058995,14.572627,12.11151,16.35054,16.195093,20.616001,23.684446,22.992542,19.899538,22.643637,18.321753,18.369263,16.932343,17.159538
3,10.910157,7.001366,6.7198305,0.0,3.597496,4.770651,5.6342325,7.9363995,8.721921,12.89987,16.6264,19.619478,21.107683,22.199533,19.189966,15.296389,13.916275,10.831738,10.984639,9.387973,8.6833105,9.6746,14.131946,13.686284,12.064831,17.020033,13.720076,15.512234,12.524565,14.488339,14.140157,15.460377,20.440083,20.984772,24.938824,25.712406,29.956306,31.667759,30.708061,27.99738,23.256813,25.632593,20.37018,23.144806,20.031973,21.529825,21.45745,21.799627,24.513813,25.778593,23.9341,26.25731,22.884636,25.650948,25.906479,26.917305,28.97094,27.121649,24.760555,24.74142,27.711985,22.555712,20.551619,20.172264,19.367958,17.404858,20.462816,18.266878,20.426146,21.358181,19.02534,17.988235,15.227161,16.19177,16.73107,15.341929,19.189875,18.573812,22.934963,24.076553,27.930264,28.336481,25.840849,28.577454,26.833565,22.378656,19.364447,15.367294,14.833393,10.206249,10.397386,8.647399,12.193903,10.729005,9.644506,14.875186,15.391937,13.197151,12.960283,12.279876,8.511159,7.132695,13.295048,11.60302,16.56902,16.237656,21.299582,24.437342,23.76854,20.402328,23.177929,17.653276,18.569593,15.935189,17.471607
4,12.548022,9.467013,7.2010274,3.597496,0.0,4.017981,6.986068,8.548359,10.864961,14.392744,18.784758,21.218884,23.174833,24.482054,21.166416,17.523273,15.034097,12.532065,11.150998,9.369255,6.926588,7.9351487,12.416381,11.97375,11.879333,16.259838,14.1043625,16.649672,14.1388855,16.804363,16.64863,18.598688,23.680773,24.527872,28.275465,29.233624,33.412437,35.002033,33.815414,30.916727,26.130833,28.01865,22.770382,24.884169,21.438082,22.48184,21.798128,21.54103,24.253149,26.201164,24.5027,27.391193,24.382776,27.307909,28.287996,28.988901,31.577972,29.66105,27.422937,27.721258,30.901419,25.808422,23.48741,22.906206,21.441874,19.168352,21.647467,19.053093,20.514652,21.22903,19.178858,17.392443,15.517253,16.02337,17.3106,16.90766,20.854053,20.908974,25.265877,26.827576,30.700428,31.339457,28.77153,31.6843,30.152523,25.619923,22.779696,18.545849,18.335495,13.303269,13.4362335,10.7618885,13.830915,11.127658,11.923971,17.09845,17.27375,15.61216,15.604204,15.519613,11.519705,10.589362,16.80246,14.940794,19.948832,19.317669,24.325762,27.406439,26.381556,23.005527,25.141554,19.78694,19.918907,16.925772,17.685286
5,13.6115,10.47404,9.497814,4.770651,4.017981,0.0,3.944344,7.700792,10.108968,13.589309,18.2951,20.360111,22.345827,23.060644,19.621584,15.794165,13.189593,9.973459,9.135079,5.836341,6.0778594,4.9412603,9.362133,9.437435,8.197481,13.452121,11.027148,13.573167,10.818068,14.258783,13.6466,16.754578,21.549862,23.364069,26.29568,27.97561,31.759155,33.047,31.383862,28.15935,23.394306,24.768616,19.54693,21.293457,17.638641,18.671806,17.861326,17.850569,20.373497,22.243256,20.492676,23.453056,20.549213,23.560387,24.982964,25.635534,28.535639,26.855333,24.911997,25.716145,28.765684,23.838326,21.269611,20.053772,18.316973,15.618484,18.117523,15.187755,16.916283,17.415308,15.196908,13.5887985,11.533911,12.455795,13.777527,13.417901,17.551693,17.979776,22.33305,24.301916,28.130552,29.06121,26.87199,30.150404,28.547852,23.880495,21.394867,16.80592,17.066687,11.227923,11.711583,8.765615,11.782423,10.105326,11.479836,15.940573,17.23256,16.080206,16.629202,15.98543,12.701997,11.296947,17.165974,14.483974,19.799994,18.175919,23.21219,26.127476,24.680666,21.269062,22.831518,17.244493,17.344593,13.844842,15.055005
6,12.158616,9.053943,9.812473,5.6342325,6.986068,3.944344,0.0,6.181811,7.3369064,10.96402,15.34522,17.48875,19.19408,19.521889,16.208487,12.187632,10.324176,6.3370466,7.31656,4.3896775,7.35811,7.2953334,10.835181,11.742419,8.472915,14.767468,11.233705,12.821388,9.052856,12.403626,10.497659,14.167246,17.990767,20.307163,22.781446,24.559267,28.252066,29.351034,27.62175,24.51093,19.666325,21.131092,15.955222,17.924047,14.64925,15.925136,15.903501,16.41223,19.235502,20.220152,18.50324,20.8501,17.848202,20.95172,21.85626,23.14928,25.51554,24.343662,22.528639,23.29114,25.734676,20.820465,18.69325,16.90897,16.129059,13.182551,16.684515,13.697095,16.610176,16.901804,14.038618,13.130348,9.8216715,10.882694,11.205611,9.981012,14.012465,14.112229,18.481585,20.366688,24.203377,25.147919,22.974413,26.337915,24.802711,20.099068,17.845055,13.068392,13.933987,7.8311944,9.502958,7.923608,11.400348,11.624256,11.393463,15.348435,17.516003,16.008463,16.411127,14.816888,12.266805,9.793809,15.013754,11.488065,16.86449,14.599511,19.590118,22.419697,20.899523,17.486666,19.172,13.427491,14.03396,10.774187,12.838924
7,7.764956,7.0156837,6.7494907,7.9363995,8.548359,7.700792,6.181811,0.0,4.4917955,6.2528,11.500502,13.001545,15.3808365,16.762327,13.138659,10.140539,6.7216744,6.263718,3.973521,6.7806177,5.6264644,10.617373,13.692047,16.014936,13.832786,20.150476,17.249763,18.905205,14.916152,18.042244,15.022836,18.532087,20.522753,22.678453,25.127436,25.919209,30.034418,30.855417,29.421667,27.016953,22.022678,23.400665,18.821089,19.986835,17.576073,17.870893,18.348743,17.715754,21.82403,22.61776,21.674772,23.820555,21.670048,25.136053,25.724497,27.947706,29.592352,29.18472,27.46723,27.862946,29.398672,24.442348,23.298328,21.018064,21.496845,18.22197,22.24557,18.742094,21.93114,21.47858,18.186169,16.280819,13.254125,11.94252,12.025755,12.134217,14.915489,15.32118,19.240095,21.03075,24.856813,25.817884,22.523766,25.71195,25.324133,20.761713,18.928957,14.110119,16.351507,11.330553,14.300146,13.743753,17.434372,17.205177,16.40702,20.85469,22.530695,20.219675,19.717613,17.790604,14.8178835,10.948628,16.041718,11.452493,16.438646,13.872058,18.32686,21.077063,19.250406,16.01881,17.387623,12.910766,12.194934,10.302154,10.563619
8,6.0187817,4.9361444,7.7834854,8.721921,10.864961,10.108968,7.3369064,4.4917955,0.0,4.5984306,8.22494,11.018357,12.482877,13.665143,10.580081,7.0864034,6.5934024,5.457387,7.0016193,9.348631,9.974431,13.803034,17.01385,18.835865,15.577821,22.057072,18.185762,18.987259,14.660605,16.73316,13.250229,15.845875,16.963406,18.715853,21.354277,21.658821,25.952335,26.901588,25.881561,23.909643,18.971735,21.138067,16.686382,18.822481,17.119202,18.046436,19.437145,19.641243,23.575783,23.452948,22.347183,23.62322,21.039404,24.227972,23.693464,26.450256,27.206738,27.01382,25.182737,25.086273,26.103365,21.134844,20.700178,18.598845,20.235521,17.450686,22.129622,19.244696,23.105047,22.974028,19.501862,18.580395,14.680464,14.109751,13.0511265,11.5418415,13.831825,12.988239,16.819323,17.82435,21.648623,22.214525,18.772276,21.664574,21.158108,16.69962,14.720756,10.180039,12.599449,8.7291155,12.328102,13.261352,17.08483,17.93402,15.517768,19.600212,21.507988,18.707586,17.851595,15.193498,13.007536,8.370869,12.309798,7.16259,12.014012,9.532602,14.11721,17.030823,15.775215,12.50447,15.203899,10.596786,11.401381,10.603123,12.159562
9,6.665663,8.417113,10.25964,12.89987,14.392744,13.589309,10.96402,6.2528,4.5984306,0.0,5.6492004,6.848825,9.16022,10.936958,7.47746,5.7611847,4.2107983,6.955117,7.052052,11.427299,11.522525,16.436863,18.93011,21.694078,18.597534,25.2508,21.74396,22.563772,18.130686,20.52272,16.245796,19.462406,18.924767,21.261395,23.027576,23.093185,27.225954,27.631668,26.491657,24.933117,20.10144,21.645205,17.974466,19.018406,18.032251,18.147564,19.905107,19.501387,24.093102,23.646093,23.149628,24.191208,22.440645,25.857325,25.41662,28.774704,29.197289,29.767273,28.27355,28.298506,28.524612,23.852455,23.940649,21.089443,23.319963,20.114792,24.990862,21.647835,25.75735,25.00605,21.251041,19.923126,16.231117,14.40348,12.999892,12.544763,13.564703,13.333076,16.39626,17.60548,21.200218,22.028374,17.959412,20.912731,21.513039,17.328833,16.289589,11.951617,15.653939,12.387791,16.489397,17.556938,21.286686,22.214743,20.08317,23.985992,26.079838,23.244232,22.251839,19.41247,17.394577,12.590856,15.627299,10.012924,13.705583,10.192946,13.556449,15.985886,13.983236,11.108527,12.734178,9.786125,9.202475,9.9162655,10.259179
10,8.189519,10.599349,13.715407,16.6264,18.784758,18.2951,15.34522,11.500502,8.22494,5.6492004,0.0,4.7958474,4.707398,7.279662,5.755107,6.0159225,8.7183485,10.921031,12.589412,16.504883,16.991009,21.62263,24.255054,26.718134,23.087996,29.738983,25.632217,25.789406,21.283192,22.612125,18.11348,20.061907,17.777863,19.370773,21.053825,19.950016,24.239199,24.596704,24.217573,23.681778,19.285809,21.592394,18.720129,20.437716,20.548634,21.036217,23.613716,23.757381,28.21128,26.906652,26.441534,26.52529,24.653265,27.684072,25.966381,30.016228,29.212198,30.262098,28.756393,28.138668,27.386059,23.025663,24.262362,21.647282,25.220587,22.607414,27.906807,25.155346,29.715786,29.161936,25.325047,24.669096,20.543125,19.131716,16.995102,15.4928875,15.434105,13.919235,16.020689,15.900092,19.087725,19.298122,14.55565,16.682053,17.966105,14.501725,13.886284,11.016303,14.973613,14.067597,18.250744,20.519455,24.172974,25.793055,22.422596,25.875343,27.96442,24.662285,23.189568,19.812708,18.721899,13.809118,14.567387,9.340921,10.721379,7.5815043,9.24774,11.5015545,10.40031,8.24575,11.639301,10.392237,11.2714405,13.583889,14.549356
11,11.356178,14.260798,16.405502,19.619478,21.218884,20.360111,17.48875,13.001545,11.018357,6.848825,4.7958474,0.0,3.6871848,6.471415,4.4504,7.371356,8.305249,12.249284,12.811543,17.467472,17.879837,22.853539,24.766493,28.006943,24.57268,31.301306,27.676514,28.020866,23.500427,25.494257,20.489311,23.535519,20.58061,23.176704,23.789652,23.182936,26.942665,26.645132,25.72694,25.192646,20.944973,22.143341,19.94454,20.253603,20.751598,20.374851,23.000269,22.539242,27.395973,25.970829,26.086874,26.16658,25.20137,28.473234,27.364952,31.649796,31.018633,32.644558,31.533035,31.378885,30.269953,26.214422,27.374514,23.969994,27.45651,24.304083,29.52588,26.247398,30.838093,29.684937,25.712734,24.64793,20.923481,18.566301,16.379967,16.063877,15.113248,14.715355,16.07353,16.69326,19.534458,20.338778,15.511948,18.003532,20.22193,16.985086,17.305151,14.204059,18.858921,17.237062,21.702312,23.568514,27.14873,28.709158,26.072561,29.464315,31.859547,28.818058,27.57086,24.256805,22.966131,18.020292,19.252464,13.738182,15.267131,11.221028,11.831087,13.103501,10.570644,9.165851,9.821417,10.617067,9.642267,12.923643,12.729137
12,12.6916,15.295571,18.239305,21.107683,23.174833,22.345827,19.19408,15.3808365,12.482877,9.16022,4.707398,3.6871848,0.0,4.088655,4.685541,7.8980813,10.906553,13.881754,15.567291,19.722466,20.63935,25.20721,27.315487,30.221632,26.349232,33.060493,28.995752,28.895834,24.37595,25.696083,20.670908,22.94316,19.055624,21.250889,21.700415,20.512438,24.238024,23.91429,23.45802,23.523926,19.623053,21.36673,19.60804,20.549894,21.598206,21.669947,24.73223,24.83034,29.398693,27.471252,27.441711,26.92993,25.709255,28.657503,26.72152,31.327347,29.96555,31.811144,30.695766,30.180355,28.524143,24.728481,26.514488,23.322475,27.52934,24.81872,30.239487,27.427616,32.269493,31.355068,27.385069,26.870468,22.792568,20.997892,18.423174,17.209398,15.901056,14.569118,15.387817,15.052558,17.58629,17.937887,12.824947,14.765877,17.330055,14.623315,15.273143,13.172713,17.774332,17.426773,21.829779,24.354874,27.834307,29.882748,26.54582,29.559504,32.020496,28.813688,27.40867,23.813755,23.140705,18.274946,18.273422,13.181955,13.440194,9.668421,8.905603,9.837655,7.9701557,7.287817,9.466197,10.8984585,11.348612,14.923218,15.58699
13,15.362061,17.079487,20.474169,22.199533,24.482054,23.060644,19.521889,16.762327,13.665143,10.936958,7.279662,6.471415,4.088655,0.0,3.9931862,7.349597,11.483935,13.6819315,16.396505,19.87041,21.962523,25.623617,27.381765,30.26496,25.85585,32.46706,28.233255,27.686993,23.264711,24.3695,19.010874,21.539043,16.550694,19.627161,18.92644,18.376951,21.500648,20.723635,19.855122,19.970734,16.345783,17.785503,16.702887,17.499226,19.204735,19.41757,22.924715,23.55871,27.761686,25.219563,25.218975,24.10335,23.02912,25.749134,23.536062,28.438095,26.73744,29.06677,28.274134,27.972797,25.804354,22.43482,24.448874,20.803665,25.455055,22.850286,28.316685,25.749535,30.841503,29.875624,25.910595,25.977829,21.725426,20.338602,17.272951,15.5504875,13.475194,11.8246765,11.821461,11.308534,13.624972,14.210137,9.247362,11.8324795,14.514486,11.900256,13.453597,11.653033,16.696978,16.684465,21.159458,24.00308,27.164171,29.885656,26.521189,28.854403,31.849247,28.946495,27.870188,24.04972,23.934776,19.238111,18.729807,13.560218,13.668868,8.861848,7.230477,7.404506,4.178294,4.16496,6.180408,8.64901,9.998017,13.926847,15.419423
14,12.93591,14.570916,17.49613,19.189966,21.166416,19.621584,16.208487,13.138659,10.580081,7.47746,5.755107,4.4504,4.685541,3.9931862,0.0,4.391368,7.519247,10.252546,12.474814,16.190138,18.144472,21.946047,23.62779,26.703392,22.577393,29.263613,25.337927,25.205698,20.720537,22.488367,17.130558,20.47404,16.795938,20.219193,20.025875,20.145447,23.496792,22.982985,21.64229,20.876919,16.649426,17.704548,15.720762,16.138733,17.038382,16.987713,20.077497,20.333698,24.784563,22.793222,22.769182,22.354643,21.28523,24.394228,23.060251,27.521963,26.725702,28.615824,27.72358,27.78136,26.41885,22.593977,23.81821,20.028984,23.854204,20.791443,26.132856,23.118837,28.010708,26.915941,22.918623,22.545908,18.452847,16.731203,13.921769,12.771517,11.288677,10.485323,11.6405,12.371604,15.351683,16.386774,11.937385,15.118608,16.92737,13.426008,14.206502,10.973064,16.120657,14.647249,19.262922,21.497898,24.79275,27.093388,24.34249,27.068611,30.012724,27.273624,26.38126,22.813852,22.103178,17.298275,18.059925,12.293951,13.948296,8.705608,9.385535,10.568257,7.278303,5.315489,6.019895,6.5061245,6.785149,10.457652,11.6706295
15,10.984231,11.37689,14.682499,15.296389,17.523273,15.794165,12.187632,10.140539,7.0864034,5.7611847,6.0159225,7.371356,7.8980813,7.349597,4.391368,0.0,5.7239594,6.4267216,9.925525,12.742365,15.293877,18.409824,20.454128,23.029879,18.710064,25.372292,21.217379,21.078835,16.561342,18.293837,13.146473,16.53255,14.119189,17.493086,18.022285,18.64331,22.260921,22.290106,20.85813,19.38553,14.676398,16.281416,13.126224,14.548702,14.5443325,15.186156,17.95612,18.652262,22.742455,21.13726,20.557178,20.536924,18.679804,21.799873,20.587006,24.559807,24.267267,25.486904,24.32413,24.429482,23.836063,19.57569,20.238577,16.760994,20.10708,17.131454,22.47198,19.62559,24.435253,23.731783,19.835054,19.697004,15.309741,14.391757,11.73115,9.652397,9.518868,8.190667,10.8971615,11.84456,15.460521,16.3763,12.620237,16.037231,16.469212,12.200592,11.963687,7.6724534,12.570394,10.324593,14.944116,17.112333,20.429245,22.769176,19.99852,22.751305,25.70817,23.10562,22.420435,18.948725,18.18384,13.525853,14.83248,8.859447,11.792336,6.4233947,9.4299965,11.58566,9.176941,5.9391365,8.269316,4.6339617,6.5694966,8.412104,10.826686
16,10.547983,11.318425,12.727342,13.916275,15.034097,13.189593,10.324176,6.7216744,6.5934024,4.2107983,8.7183485,8.305249,10.906553,11.483935,7.519247,5.7239594,0.0,5.0961227,5.005022,9.332291,10.900369,14.90842,16.531769,19.89715,16.56998,23.254389,20.09844,20.941307,16.582094,19.661621,14.949621,19.486149,18.752064,22.280128,23.053202,24.1282,27.701366,27.69687,25.819271,23.74914,18.919262,19.448175,15.925491,15.891389,14.752676,14.338587,16.00871,15.434147,20.157602,19.669193,19.40967,20.625881,19.401592,23.035067,23.39014,26.660345,27.590406,28.445,27.333067,27.991953,28.211031,23.781506,23.458752,19.854086,21.670174,17.941551,22.653551,18.876038,23.052816,21.840986,17.96695,16.54513,12.982795,10.65282,9.042702,9.509233,10.333673,11.303354,14.33175,16.526632,20.085976,21.504213,17.98509,21.577576,22.123777,17.759186,17.255575,12.430441,16.599487,12.372611,16.616531,17.258461,20.67539,21.896914,20.62473,24.061857,26.735554,24.466225,24.019453,21.215803,19.338339,14.832432,18.108511,12.258665,16.322071,11.747269,15.033049,17.092165,14.175085,11.280034,11.071158,7.815491,5.8245463,5.9335933,6.2180405
17,11.334461,9.998298,12.140517,10.831738,12.532065,9.973459,6.3370466,6.263718,5.457387,6.955117,10.921031,12.249284,13.881754,13.6819315,10.252546,6.4267216,5.0961227,0.0,5.4829235,6.413005,10.167511,12.08362,14.166966,16.608053,12.473189,19.195196,15.450276,16.020435,11.587485,14.591946,10.148455,14.871742,15.479294,19.032135,20.14794,21.882143,25.363087,25.768032,23.787477,21.11365,16.140635,17.15255,12.679345,13.881147,11.856493,12.614159,14.058568,14.613449,18.396112,18.009054,16.951748,18.284492,16.032042,19.47398,19.796907,22.508612,23.853182,24.06693,22.76379,23.542282,24.452694,19.844624,18.902775,15.642994,16.883936,13.351646,18.08583,14.709701,18.96741,18.366865,14.6382065,14.058627,9.80205,9.429249,7.82878,6.242597,8.942459,9.166708,13.221301,15.347064,19.16134,20.412748,17.77767,21.463963,20.798412,16.10418,14.918228,9.732461,12.992095,7.7607474,11.793474,12.376091,15.677647,17.38514,16.027348,19.118584,22.072828,20.146837,20.134167,17.415108,15.825465,11.873301,15.388174,10.010873,14.839124,10.664066,15.012685,17.448849,15.180722,11.855829,12.870008,7.3894386,7.9040055,5.7029386,8.611552
18,11.040949,10.762993,10.60271,10.984639,11.150998,9.135079,7.31656,3.973521,7.0016193,7.052052,12.589412,12.811543,15.567291,16.396505,12.474814,9.925525,5.005022,5.4829235,0.0,5.402099,6.0916967,10.288917,12.107331,15.496626,13.116425,19.560875,17.116604,18.778286,14.818431,18.622051,14.962548,19.706474,20.951447,24.175129,25.603973,27.048687,30.71115,31.060896,29.055634,26.401894,21.46809,21.899614,17.673101,17.680237,15.257579,14.854939,15.184592,14.099329,18.571218,19.367382,18.79803,21.118883,19.659071,23.368925,24.65788,26.972902,28.925306,28.985567,27.688179,28.621096,29.868076,25.19849,23.934645,20.821447,21.15638,17.307108,21.235079,17.170885,20.49002,19.392029,15.88362,13.624722,10.833036,8.492364,8.686555,10.123177,12.56188,14.047524,17.689768,20.20595,23.9048,25.348425,22.280396,25.906935,25.808268,21.20412,20.025421,14.923672,17.955803,12.501984,15.836735,15.116322,18.456818,18.636662,18.59519,22.47493,24.75903,22.897726,22.77825,20.700747,18.079403,14.266575,18.95387,13.811494,18.718884,15.024007,19.106985,21.486736,18.881336,15.775627,15.711287,11.565816,9.678104,7.2240763,6.781666
19,14.2893915,12.265148,12.204901,9.387973,9.369255,5.836341,4.3896775,6.7806177,9.348631,11.427299,16.504883,17.467472,19.722466,19.87041,16.190138,12.742365,9.332291,6.413005,5.402099,0.0,6.2257013,5.89565,7.8907547,10.590117,7.7167616,14.198645,11.836063,13.829661,10.343063,14.738711,12.134946,17.229357,20.094988,23.441446,24.92055,27.200388,30.528801,31.120893,28.819757,25.478933,20.672686,20.99291,16.21717,16.639284,13.10951,13.40272,12.768936,12.482901,15.74532,17.19829,15.914413,18.846973,16.767319,20.273851,22.260366,23.57459,26.443132,25.787779,24.465704,25.840658,27.968348,23.364206,21.139353,18.394318,17.280834,13.490523,16.638632,12.637332,15.427077,14.762866,11.635972,9.690028,6.9557953,6.821501,8.037294,8.801754,12.63391,14.124966,18.187119,20.903185,24.61769,26.090649,23.959581,27.734848,26.687569,21.945784,20.382418,15.289176,17.184202,10.891493,13.048514,11.182833,13.994634,14.115751,15.217968,18.640764,21.162891,20.108316,20.72551,19.134901,16.647984,13.982897,19.004314,14.740955,20.040798,16.734211,21.337446,23.840826,21.51177,18.229898,18.44198,13.189488,12.423937,8.434834,9.674849
20,12.373838,11.246378,8.765058,8.6833105,6.926588,6.0778594,7.35811,5.6264644,9.974431,11.522525,16.991009,17.879837,20.63935,21.962523,18.144472,15.293877,10.900369,10.167511,6.0916967,6.2257013,0.0,6.900712,9.767516,12.260373,12.068815,17.45007,16.04305,18.697603,15.582857,19.50993,17.531599,21.48962,24.708769,27.032904,29.476854,30.81096,34.73491,35.57942,33.7843,30.862394,25.924427,26.679794,21.943398,22.42618,19.18467,19.049805,18.222696,16.816446,20.527056,22.610315,21.672197,24.833488,22.984156,26.496838,28.266474,29.609934,32.301197,31.411896,29.761896,30.647585,32.94301,28.036333,26.038328,23.912903,22.915455,19.467566,22.339113,18.492432,20.437342,19.847876,17.188917,14.229429,12.811941,11.31096,13.056082,14.519303,17.836926,19.151354,23.140284,25.51152,29.31154,30.548649,27.632046,31.04106,30.438625,25.771706,23.86036,18.927881,20.595753,14.842531,16.723764,14.54487,17.675356,16.030132,17.324272,21.881327,23.163157,21.61071,21.627218,20.626745,17.094997,14.473193,20.312246,16.46822,21.650269,19.269537,23.835075,26.54097,24.45219,21.220543,21.753803,17.228954,15.735042,12.724613,11.987022
21,17.670975,15.083555,13.638969,9.6746,7.9351487,4.9412603,7.2953334,10.617373,13.803034,16.436863,21.62263,22.853539,25.20721,25.623617,21.946047,18.409824,14.90842,12.08362,10.288917,5.89565,6.900712,0.0,4.5449066,5.4844832,6.0924864,10.587273,10.071543,13.366696,11.513292,15.923405,15.390397,19.639519,24.259518,26.946547,29.05826,31.454184,34.79749,35.741364,33.4917,29.837912,25.223192,25.586872,20.625132,21.210985,17.082062,17.48136,15.59769,15.020524,17.046276,19.87053,18.27719,22.028826,19.791275,22.901438,25.5944,25.708218,29.480412,27.893364,26.381332,27.913658,31.0853,26.490822,23.437279,21.654366,18.920467,15.735778,17.173948,13.610013,14.316395,14.253497,12.529743,9.979452,9.637017,10.423876,12.882192,13.887175,17.984419,19.46128,23.581177,26.254564,29.942762,31.319738,29.47609,33.13508,31.643024,26.915274,24.875212,20.05397,20.760706,14.515238,14.951964,11.3755455,13.309234,11.350417,14.743819,18.318783,19.975897,19.712809,20.791615,20.356007,17.324266,16.133911,21.805775,18.748095,24.125614,21.743645,26.611881,29.291565,27.250988,23.914988,24.326628,18.977343,18.239634,14.086551,14.688197
22,21.250023,19.066635,17.680456,14.131946,12.416381,9.362133,10.835181,13.692047,17.01385,18.93011,24.255054,24.766493,27.315487,27.381765,23.62779,20.454128,16.531769,14.166966,12.107331,7.8907547,9.767516,4.5449066,0.0,5.1465173,6.7200646,9.842033,11.0109,14.294861,13.085875,17.950054,17.134338,22.26332,26.312943,29.80521,31.065546,34.042385,36.95095,37.510468,34.742397,30.808321,26.413847,25.819773,21.319796,20.741034,16.453646,16.142588,13.331682,12.1633625,13.629092,17.277273,15.991134,20.335182,18.944363,22.100967,25.843662,25.667614,30.010288,28.742855,27.710981,29.839083,32.851803,28.629818,25.384466,22.970982,19.75858,16.180346,16.810017,12.7078,12.649846,11.643872,10.366437,6.7687345,8.581269,9.001649,12.244065,14.420435,18.117682,20.463873,24.186012,27.42161,30.893677,32.66622,31.145157,35.103043,33.781715,29.077047,27.522083,22.58741,23.79262,17.421331,18.076738,14.56747,15.800611,14.33391,18.38369,21.166178,23.29729,23.525558,24.888763,24.34476,21.615019,20.289062,25.696299,22.206446,27.558403,24.479765,29.082233,31.488056,28.937595,25.757652,25.129797,20.20448,18.813934,14.394733,14.516091
23,22.887344,19.88771,18.58043,13.686284,11.97375,9.437435,11.742419,16.014936,18.835865,21.694078,26.718134,28.006943,30.221632,30.26496,26.703392,23.029879,19.89715,16.608053,15.496626,10.590117,12.260373,5.4844832,5.1465173,0.0,5.797317,6.007417,8.208463,12.028603,12.136296,16.323414,17.227182,21.224026,26.69408,29.443146,31.324883,34.33916,37.235344,38.24129,35.724648,31.638737,27.438501,27.43788,22.611244,23.089981,18.583757,19.189335,16.452318,16.318613,16.617722,20.176146,18.23296,22.40449,20.139677,22.692726,26.20328,25.140066,29.816998,27.631865,26.294703,28.32297,32.17671,27.985725,24.193274,22.862032,18.67977,16.073206,15.653627,12.777008,11.382058,11.935225,11.849118,9.908464,11.264005,13.29744,16.009716,16.867193,21.013212,22.602509,26.558462,29.366072,32.85987,34.31379,33.158295,36.88934,34.907387,30.27171,28.201458,23.667927,23.704153,17.671835,16.974308,12.686234,13.0116205,10.498017,15.775871,18.205149,19.798092,20.713486,22.510654,22.699032,20.066479,19.946909,25.302635,22.924875,28.191643,25.969297,30.855509,33.468067,31.47386,28.175976,28.416887,22.921566,22.450668,18.007584,18.933924
24,20.596922,17.385939,17.499285,12.064831,11.879333,8.197481,8.472915,13.832786,15.577821,18.597534,23.087996,24.57268,26.349232,25.85585,22.577393,18.710064,16.56998,12.473189,13.116425,7.7167616,12.068815,6.0924864,6.7200646,5.797317,0.0,6.7328343,4.7186494,7.699254,6.6637645,11.371739,11.559404,16.184591,21.105225,24.343819,25.71366,29.013502,31.674143,32.548763,29.943182,25.842073,21.663895,21.768658,16.863968,17.806602,13.358828,14.658541,12.73146,13.841754,14.340877,16.609627,14.28886,17.793314,14.928167,17.570154,20.589855,20.008017,24.298943,22.463726,21.21127,23.304157,26.720013,22.58691,18.97607,17.16628,13.423798,10.451101,11.120991,7.954367,8.74297,9.480704,8.112447,7.8975105,6.941196,10.438184,12.092618,11.733462,15.999619,17.19848,21.140606,23.82436,27.25488,28.678747,27.829014,31.587543,29.44579,24.868944,23.00481,18.561863,18.77117,12.750342,12.400718,8.824029,9.443202,9.552461,13.046561,14.895513,17.720648,18.304749,20.110476,19.430937,17.572174,16.899708,21.515959,18.802626,23.907484,21.286661,26.02617,28.50031,26.57435,23.341894,23.784246,18.05106,18.347795,13.9727335,16.126984
25,26.72641,23.229912,22.893997,17.020033,16.259838,13.452121,14.767468,20.150476,22.057072,25.2508,29.738983,31.301306,33.060493,32.46706,29.263613,25.372292,23.254389,19.195196,19.560875,14.198645,17.45007,10.587273,9.842033,6.007417,6.7328343,0.0,5.5734186,8.66158,10.924262,14.248647,16.46299,19.995289,25.903793,28.779482,30.154926,33.869762,36.106216,37.145332,34.417812,29.988413,26.411503,26.243208,21.699402,22.533598,18.004333,19.323349,16.540203,17.737123,16.346977,19.486607,16.952003,20.778404,18.071249,19.740953,23.573772,21.368128,26.680855,23.952198,22.865314,25.393356,29.71123,26.138529,21.76642,20.909603,15.523638,13.90401,11.6153345,10.2896595,7.069582,9.235463,10.716248,11.07596,12.354341,15.929069,17.990969,17.829609,21.852894,23.089275,26.749363,29.415789,32.587494,33.99366,33.756283,37.449753,34.839478,30.462898,28.470741,24.488491,23.845009,18.442966,16.792501,12.663784,11.225837,10.111907,15.634783,16.161684,18.370783,20.357563,22.841751,23.135286,21.492521,22.076344,26.524794,24.75228,29.66708,27.530804,32.266853,34.71667,32.941887,29.770807,30.138943,24.456697,24.800068,20.348059,22.26459
26,23.129301,19.35246,20.012283,13.720076,14.1043625,11.027148,11.233705,17.249763,18.185762,21.74396,25.632217,27.676514,28.995752,28.233255,25.337927,21.217379,20.09844,15.450276,17.116604,11.836063,16.04305,10.071543,11.0109,8.208463,4.7186494,5.5734186,0.0,3.8771617,5.6249113,8.787129,11.236711,14.435471,20.531324,23.207184,24.785997,28.352009,30.6959,31.903597,29.46062,25.206453,21.508745,22.085331,17.201439,19.165852,14.882144,17.055801,15.41975,17.451326,16.897543,18.696215,15.865386,18.776697,15.09741,16.80475,19.428497,17.830935,22.417807,19.674189,18.224134,20.390614,24.581787,20.745358,16.515898,15.850108,10.927832,9.517132,8.732083,7.8601456,7.5999155,10.158117,10.010315,11.496763,10.431914,14.660591,15.7256365,14.162289,18.335806,18.727196,22.548466,24.733215,27.968904,29.088135,28.882435,32.37875,29.541344,25.22571,23.07219,19.343231,18.360535,13.26119,11.349906,7.5843387,6.1906314,7.2993455,11.109173,11.484039,14.541286,16.040913,18.450214,18.199738,17.079811,17.534733,21.411877,19.827974,24.509321,22.587479,27.296652,29.780436,28.389421,25.227007,26.325756,20.36591,21.584484,17.464016,20.262775
27,24.194317,20.330063,21.832756,15.512234,16.649672,13.573167,12.821388,18.905205,18.987259,22.563772,25.789406,28.020866,28.895834,27.686993,25.205698,21.078835,20.941307,16.020435,18.778286,13.829661,18.697603,13.366696,14.294861,12.028603,7.699254,8.66158,3.8771617,0.0,4.533603,5.9787545,9.273684,11.954693,17.972366,20.778334,21.902637,25.865265,27.7721,28.987682,26.510618,22.166138,18.877176,19.641932,14.968576,17.615602,13.74149,16.596712,15.636978,18.517136,17.612326,18.416777,15.335695,17.341185,13.057998,14.125265,16.17288,14.270861,18.79235,15.824463,14.420928,16.823854,21.068998,17.575808,13.12141,12.704152,7.253708,6.9672503,5.945352,6.9949856,7.857611,10.813119,10.583403,13.361979,11.494578,16.141935,16.402195,13.824973,17.624098,17.41791,20.932985,22.777592,25.759186,26.736423,27.114674,30.477213,27.259521,23.21259,21.189672,18.03421,16.665298,12.466133,10.175841,7.744294,5.4286637,9.15589,11.083566,9.830012,13.884907,15.55142,18.119968,17.469425,17.315096,17.84101,20.670025,19.401213,23.578432,21.700369,26.107643,28.409407,27.277225,24.30205,25.662281,19.750357,21.706799,17.960653,21.425917
28,20.089575,16.45225,18.34222,12.524565,14.1388855,10.818068,9.052856,14.916152,14.660605,18.130686,21.283192,23.500427,24.37595,23.264711,20.720537,16.561342,16.582094,11.587485,14.818431,10.343063,15.582857,11.513292,13.085875,12.136296,6.6637645,10.924262,5.6249113,4.533603,0.0,5.0496216,5.623563,9.843823,15.045463,18.22848,19.45286,23.024475,25.408463,26.497805,24.123207,20.056107,16.089088,17.16996,12.01526,14.904192,11.153254,14.025351,13.819148,16.497978,16.86669,17.169725,14.392754,16.158424,11.890403,13.892713,15.204517,14.962463,18.435163,16.42198,14.892138,16.755758,20.093721,15.968346,12.33577,10.845437,7.5702863,5.4586425,8.074627,7.008497,10.180951,11.853334,10.004556,12.207417,8.945959,13.2059355,12.949603,9.880552,13.899218,13.504946,17.378983,19.241053,22.527605,23.529415,23.313364,26.77462,23.951185,19.625063,17.63572,13.946405,13.314748,8.310971,7.248708,5.629981,5.93617,9.807281,10.1073265,10.456429,14.57803,14.938451,16.835972,15.37758,14.973297,14.432642,17.424768,15.323495,19.738405,17.438412,21.949171,24.327694,23.06865,19.9909,21.495852,15.461465,17.513685,13.961648,17.629192
29,21.687428,17.734526,20.41243,14.488339,16.804363,14.258783,12.403626,18.042244,16.73316,20.52272,22.612125,25.494257,25.696083,24.3695,22.488367,18.293837,19.661621,14.591946,18.622051,14.738711,19.50993,15.923405,17.950054,16.323414,11.371739,14.248647,8.787129,5.9787545,5.0496216,0.0,5.8161516,5.9957237,12.790114,14.860014,16.606062,20.162956,22.323753,23.93659,22.102022,18.237175,14.878659,17.167507,12.309609,16.757736,13.9377575,17.436579,17.92378,21.072931,21.142706,20.740173,17.820995,18.510916,13.616903,14.475295,13.94661,13.377934,15.975217,13.035937,10.809653,12.10033,16.156761,12.076551,7.94093,8.585512,5.6453266,6.889444,9.145519,10.526601,13.331355,15.705193,14.344668,17.119772,13.748696,17.932634,17.118858,13.095421,16.468668,14.7720995,18.264591,19.065777,22.053272,22.438562,22.823874,25.717974,22.103203,18.26669,15.864847,13.521058,11.173554,8.587135,5.592452,6.228347,5.1865463,10.685753,8.709307,6.875623,11.747891,12.298951,14.439441,12.898328,13.890358,14.312477,15.710452,15.130225,18.562872,17.358011,21.552279,23.887285,23.508749,20.666777,23.221077,17.307306,20.416412,17.587133,21.652985
30,18.803514,15.632609,18.793715,14.140157,16.64863,13.6466,10.497659,15.022836,13.250229,16.245796,18.11348,20.489311,20.670908,19.010874,17.130558,13.146473,14.949621,10.148455,14.962548,12.134946,17.531599,15.390397,17.134338,17.227182,11.559404,16.46299,11.236711,9.273684,5.623563,5.8161516,0.0,6.791862,9.598464,13.676495,14.160082,17.821115,20.139324,21.04723,18.760159,14.98849,10.715213,12.685752,7.3642087,11.819705,9.527021,12.972491,14.493962,17.599669,18.672691,17.416021,14.979486,15.130316,10.647747,12.575941,11.769381,13.414937,15.055325,14.177546,12.72815,14.038427,15.955066,11.645745,9.326049,6.451318,7.166772,5.3764286,10.512114,9.867085,14.45493,15.463179,12.79565,15.298892,10.917773,14.358414,12.621233,7.9229994,10.873388,8.984983,12.688826,13.89951,17.18161,17.976036,17.893026,21.273153,18.385027,14.10956,12.463699,9.103531,9.097653,5.4601474,6.407841,8.455868,9.708732,14.301989,12.091342,12.100009,16.574125,15.91543,17.122253,14.44206,15.070615,13.49021,14.797604,12.195306,15.818385,13.024508,17.033611,19.182447,18.180225,15.33272,17.439219,11.589382,14.898796,12.560969,16.973068
31,20.100222,16.438484,20.22394,15.460377,18.598688,16.754578,14.167246,18.532087,15.845875,19.462406,20.061907,23.535519,22.94316,21.539043,20.47404,16.53255,19.486149,14.871742,19.706474,17.229357,21.48962,19.639519,22.26332,21.224026,16.184591,19.995289,14.435471,11.954693,9.843823,5.9957237,6.791862,0.0,8.314082,8.91223,11.794778,14.489087,17.136358,19.247875,18.368786,15.4431925,12.177095,16.197296,11.799375,17.488249,16.009117,19.608894,21.231983,24.355288,25.231447,23.950125,21.365313,21.014847,16.191284,16.897161,13.980071,15.105111,15.1891165,12.969131,10.2460575,9.5001955,12.439362,7.479629,5.3967285,7.382187,9.125809,10.613126,14.244577,15.403309,19.018724,20.965794,18.952847,21.514248,17.371563,20.782707,19.138916,14.355723,16.811993,13.680116,16.768097,16.196228,19.054634,18.65868,18.921137,21.119331,17.117311,13.664806,10.748056,9.926637,6.081441,7.3439903,5.1857023,9.262722,9.85133,14.71905,10.060852,8.717299,12.8050165,11.726034,12.781717,9.9431505,12.406457,12.370361,11.432642,11.796422,13.840887,13.628225,17.28519,19.590021,20.187384,17.658892,21.51054,16.075945,20.161581,18.538498,22.821701
32,21.143095,18.914753,23.406324,20.440083,23.680773,21.549862,17.990767,20.522753,16.963406,18.924767,17.777863,20.58061,19.055624,16.550694,16.795938,14.119189,18.752064,15.479294,20.951447,20.094988,24.708769,24.259518,26.312943,26.69408,21.105225,25.903793,20.531324,17.972366,15.045463,12.790114,9.598464,8.314082,0.0,6.6811094,4.833858,8.644614,10.64306,11.737557,10.622358,8.63425,5.3811364,10.800003,8.493293,14.275915,15.118601,18.376184,21.461206,24.717863,26.163988,23.366592,21.506933,19.538818,15.671701,16.29778,11.39739,15.3479,12.649013,13.596813,12.336776,11.516774,9.744943,5.97174,8.709887,6.7851725,12.885517,13.322325,18.06662,18.532955,23.30859,24.195944,21.434105,24.118261,19.476606,21.88666,19.051476,14.024131,14.163914,9.891209,11.085684,8.912185,11.191804,10.392294,11.346782,13.483174,9.436931,6.321628,5.5983567,7.111452,6.878292,10.408844,11.902395,16.169666,17.409958,22.267687,17.836897,17.009628,21.003305,19.35232,19.538393,15.788325,18.271914,16.320896,13.724915,12.275744,12.328232,10.426111,11.869776,13.13699,13.9442,12.428061,16.354336,12.659969,17.526558,17.67754,22.122507
33,21.458284,18.982206,23.683735,20.984772,24.527872,23.364069,20.307163,22.678453,18.715853,21.261395,19.370773,23.176704,21.250889,19.627161,20.219193,17.493086,22.280128,19.032135,24.175129,23.441446,27.032904,26.946547,29.80521,29.443146,24.343819,28.779482,23.207184,20.778334,18.22848,14.860014,13.676495,8.91223,6.6811094,0.0,6.842587,6.182509,9.878971,12.9223,14.2342615,13.787802,11.866263,17.396723,14.961171,20.838198,21.18325,24.494392,27.241928,30.268349,31.84055,29.548422,27.476957,25.922295,21.699984,22.097506,17.013836,19.907692,16.905935,16.417822,14.176193,11.303681,10.304017,6.462785,10.056552,11.722934,16.599987,17.98698,22.197922,23.19602,27.412355,28.915056,26.408888,28.827103,24.217094,26.68593,24.219725,19.260242,20.06808,15.759083,17.301706,14.508668,16.40917,14.529348,14.793347,15.189897,10.563516,9.077743,6.1796575,9.960768,6.4380803,12.611573,12.697022,17.338722,18.561798,22.90487,17.183922,16.360743,19.134315,16.81922,16.320549,12.619876,16.169422,15.271873,10.605383,12.198188,10.35978,11.973588,13.214025,14.858086,17.324419,15.960739,21.215897,17.586786,22.390366,22.56434,26.719355
34,25.022316,23.02817,27.692856,24.938824,28.275465,26.29568,22.781446,25.127436,21.354277,23.027576,21.053825,23.789652,21.700415,18.92644,20.025875,18.022285,23.053202,20.14794,25.603973,24.92055,29.476854,29.05826,31.065546,31.324883,25.71366,30.154926,24.785997,21.902637,19.45286,16.606062,14.160082,11.794778,4.833858,6.842587,0.0,5.97529,6.034154,7.4567204,7.520736,7.3199086,7.1318183,12.408557,11.996726,17.343813,18.940605,22.142714,25.447947,28.89324,30.080297,26.832354,25.072598,22.422573,18.82891,18.675074,12.678875,16.722462,12.268461,13.889576,13.028027,11.4006605,7.267652,6.0347457,10.551264,9.850154,16.044147,17.253374,21.472647,22.55057,27.190039,28.18045,25.621803,28.593163,24.033817,26.450197,23.462461,18.513638,18.039152,13.773172,13.677757,10.409127,11.099378,9.214545,11.663198,12.455553,7.5211096,7.1914077,7.7002616,11.236176,10.520132,15.103613,16.116875,20.495363,21.35304,26.377768,21.620186,20.114845,23.905464,22.320951,22.381117,18.694622,21.806067,20.208677,16.491972,16.01481,14.618355,13.649292,13.495658,13.880389,15.60421,15.057872,19.022985,16.505272,21.392067,22.046694,26.433039
