,0,1,2,3,4,5,6,7,8,9,10,11,12,13,14,15,16,17,18,19,20,21,22,23,24,25,26,27,28,29,30,31,32,33,34,35,36,37,38,39,40,41,42,43,44,45,46,47,48,49,50,51,52,53,54,55,56,57,58,59,60,61,62,63,64,65,66,67,68,69,70,71,72,73,74,75,76,77,78,79,80,81,82,83,84,85,86,87,88,89,90,91,92,93,94,95,96,97,98,99,100,101,102,103,104,105,106,107,108,109,110,111,112,113
0,0.0,4.487441,6.4985843,10.71971,12.686011,13.6915,12.566752,8.304817,6.3336005,7.562754,8.550903,12.034778,13.016361,15.535746,13.584003,11.500266,11.63572,11.896247,12.150247,14.866926,13.513667,18.150991,21.738405,23.47726,21.15438,27.134878,24.105371,22.414654,19.691826,19.806427,19.14401,19.267612,19.811287,21.207672,23.839472,24.544016,29.031458,31.61864,30.131964,28.68829,26.083174,30.633139,26.835638,32.534622,31.679897,35.3315,36.54127,39.384644,40.713146,40.948185,37.972054,40.197018,35.75196,37.902393,35.79567,38.009815,38.412827,35.899708,32.69076,30.494728,28.493834,24.950048,25.861366,27.245333,28.391773,27.902916,30.888546,32.40839,32.2757,32.85463,29.963238,31.788689,28.82212,31.982565,31.440964,28.357643,31.353691,29.400034,32.207607,30.531078,31.950922,32.58225,30.6562,30.853674,26.654852,22.63659,20.58062,20.693476,25.024828,22.508417,25.15134,25.15537,25.853811,28.672918,28.823116,31.56093,32.16117,30.272602,27.598421,24.47643,21.99042,19.070904,20.31788,17.886332,22.997843,23.158306,25.089132,28.30006,27.400839,33.678078,30.697336,34.947613,35.05146,37.910057
1,4.487441,0.0,4.97028,6.5638824,9.263317,10.376518,9.6125765,7.525618,6.0884247,9.548824,11.72691,15.381444,16.421513,18.261866,15.953554,12.792832,12.627294,11.131976,11.79095,12.74151,12.209484,15.317815,18.989458,20.113646,17.330074,23.13044,20.047531,18.385181,16.116707,16.083202,16.372389,16.23354,18.47152,19.37007,22.907938,23.632217,28.118063,30.638222,28.961458,26.834764,24.364887,28.44171,24.561047,30.200415,29.00995,32.758595,33.60783,36.627316,37.505024,37.79563,34.753452,37.119854,32.60227,34.636597,32.877747,34.65677,35.566044,32.777805,29.429407,27.393078,25.981173,21.953686,22.325315,24.077665,24.603296,24.399904,26.991625,28.547096,28.650326,29.577822,26.992727,29.233595,26.584362,30.229906,29.990782,26.95273,30.389473,28.688906,31.91174,30.73365,32.24761,33.33176,31.964943,32.320423,27.635237,24.01618,21.63201,21.718712,25.282257,21.9632,24.885916,24.551632,24.662336,27.589516,27.02206,29.990582,30.008097,27.808754,25.279121,22.070484,20.487051,17.345394,19.938793,17.407784,23.2862,24.089035,26.26805,29.601133,28.479792,34.618866,31.190695,35.564526,35.16978,38.0965
2,6.4985843,4.97028,0.0,6.695438,7.2007904,9.598194,10.329582,7.0608544,8.451951,10.619022,14.052695,16.527872,18.414211,20.807178,18.0436,15.405314,13.378615,12.904405,11.289386,12.451016,9.566979,13.5212145,17.706734,18.510164,16.834734,22.892475,20.866755,20.081709,18.227068,19.15753,19.650824,20.347046,23.06125,24.193996,27.693142,28.594343,33.042027,35.47234,33.569653,31.251158,28.483444,32.22092,27.9568,33.389793,31.638456,35.226784,35.657616,38.327816,39.17619,40.083626,37.159264,40.023083,35.71681,37.917683,36.774822,38.268,39.685467,36.798958,33.342365,31.495253,30.494413,26.196558,26.00357,27.754702,27.469305,27.00541,28.980831,29.983353,29.69118,30.589827,28.412529,30.205267,28.115952,31.544712,31.77534,29.386694,32.994225,31.798111,35.15876,34.252796,36.107162,37.277134,35.716984,36.350037,31.890362,28.113815,25.610872,25.224766,28.757797,25.00959,27.276436,26.238207,25.980133,28.325884,27.64106,29.914846,29.922731,28.307354,26.119392,23.508135,21.490482,19.861025,22.110025,20.686722,26.130522,27.376703,29.767076,32.64077,31.208256,37.23779,33.337215,37.439514,36.847935,39.35045
3,10.71971,6.5638824,6.695438,0.0,3.8609948,5.3069735,6.535638,8.37309,9.410045,13.371037,17.078392,20.08992,21.647434,23.001787,20.075596,16.32096,14.782971,11.942345,11.832972,9.925732,10.039273,10.234103,14.032856,14.080737,11.151773,16.896896,14.430378,13.573803,12.347877,13.246072,14.891902,15.572485,20.158636,20.986103,25.109785,26.322222,30.441818,32.576653,30.34168,27.233068,24.634989,27.60362,23.354134,28.53344,26.439142,30.090574,30.134516,33.060352,33.36347,34.214397,31.234566,34.191364,29.877401,31.96076,31.330742,32.38106,34.402527,31.426943,27.868303,26.52679,26.111025,21.381147,20.365448,22.216743,21.171747,20.929445,22.48446,23.575214,23.627756,24.947426,23.095171,25.530588,23.773748,27.829834,28.3347,25.941345,29.984858,29.082256,32.866974,32.612473,34.527317,36.27377,35.502384,36.36659,31.38245,28.239208,25.383959,24.981056,27.379683,22.817259,25.449352,24.18067,23.231478,25.82533,24.197918,27.001238,26.19591,23.956074,21.91776,19.120415,18.629755,16.508545,20.467878,18.863577,24.991001,26.940012,29.544928,32.551594,30.925613,36.644867,32.362816,36.609337,35.421864,38.10693
4,12.686011,9.263317,7.2007904,3.8609948,0.0,4.0883904,7.1502633,8.561762,11.217564,14.389891,18.878744,21.134718,23.21994,24.776,21.49797,18.034004,15.268437,13.050857,11.35326,9.121807,7.689599,7.5079055,11.804388,11.565616,9.897036,15.885155,14.580611,14.707758,13.8003645,15.755545,17.176676,18.8033,23.381124,24.64573,28.487423,30.025522,34.02136,35.990967,33.477135,30.250969,27.336975,29.961466,25.406197,30.288876,27.711721,31.1355,30.815342,33.35323,33.685837,35.116287,32.305134,35.702454,31.690197,33.97187,33.957485,34.852962,37.28335,34.40489,30.810278,29.78898,29.54988,24.72658,23.275093,24.818754,23.166477,22.494818,23.521189,23.994616,23.567232,24.75889,23.289383,25.232952,24.024904,27.825737,28.759228,26.99508,31.147007,30.727818,34.61969,34.661877,36.889336,38.764748,37.904167,39.07317,34.245403,31.023254,28.014708,27.192997,29.450691,24.52433,26.559942,24.68081,23.366848,25.418604,23.634554,25.821072,24.956125,23.249325,21.566048,19.402662,18.58786,17.900677,21.50206,20.86713,26.555944,28.930908,31.73006,34.332474,32.421665,37.968742,33.26226,37.257217,35.837135,38.15754
5,13.6915,10.376518,9.598194,5.3069735,4.0883904,0.0,3.773909,7.6332154,10.226014,13.469478,18.224499,20.265919,22.332018,23.302864,19.848217,16.13508,13.294585,10.311183,9.183007,5.4911747,6.82518,5.2674217,8.839367,9.916029,7.8001657,14.018486,12.194142,12.228076,10.630013,13.538517,14.087562,16.949093,21.219875,23.34439,26.51279,28.799316,32.37517,33.962013,31.008207,27.68936,24.405968,26.766861,21.99344,26.713121,24.015587,27.345032,27.119328,29.539917,30.173828,31.656054,28.924284,32.42132,28.60715,31.174768,31.4561,32.671722,35.132816,32.748833,29.182922,28.71113,28.072874,23.34896,21.705606,22.349669,20.860023,19.476032,20.872063,21.185917,20.420656,21.249897,19.494287,21.29845,19.967497,23.741499,24.6921,23.059624,27.268509,27.092691,31.08568,31.453228,33.8899,36.023502,35.39187,36.916874,32.099277,29.130157,25.874636,24.709116,26.402369,21.1125,22.947155,20.870356,19.375957,21.478415,19.623667,22.035376,21.214321,19.355917,17.5393,15.347634,14.601751,14.222593,18.008476,17.83769,23.347017,26.175196,29.140469,31.500597,29.395739,34.694107,29.764912,33.716904,32.093693,34.42816
6,12.566752,9.6125765,10.329582,6.535638,7.1502633,3.773909,0.0,6.316063,7.7488494,11.192701,15.654943,17.841976,19.626749,20.161947,16.780737,12.834147,10.655893,6.857494,7.403452,4.0999527,7.9124465,7.812188,10.173488,12.49264,9.831126,15.662876,12.786209,11.900655,9.037974,11.9279,11.177462,14.642814,17.940212,20.756542,23.273615,25.976387,29.362415,30.811687,27.731812,24.6623,21.152977,23.860802,19.05999,24.028534,21.74965,25.169716,25.49062,28.02156,29.099796,30.177315,27.40739,30.60064,26.72585,29.436176,29.323296,31.09478,33.073215,31.079062,27.599318,27.207436,25.892105,21.466112,20.262152,20.274797,19.720608,17.965034,20.292128,20.940647,20.173231,20.619913,18.152729,19.977201,17.882797,21.602417,22.080086,19.999662,24.057629,23.599508,27.506306,27.728373,30.139338,32.253952,31.643145,33.22931,28.434055,25.539394,22.214312,20.991331,22.642967,17.452572,19.499111,17.80995,16.742344,19.31463,17.942612,20.87999,20.497688,18.322018,15.998325,13.237571,12.11442,10.791893,14.529317,14.069362,19.676361,22.44182,25.404093,27.818365,25.777933,31.14306,26.40924,30.514954,29.085453,31.678068
7,8.304817,7.525618,7.0608544,8.37309,8.561762,7.6332154,6.316063,0.0,4.4728436,6.0826983,11.252722,12.807509,15.141274,16.68372,13.1922245,10.266947,6.9390974,6.5031533,4.4118066,6.9837265,6.0870786,10.952415,14.022464,16.751143,15.25712,21.397333,19.001099,18.132477,15.106685,17.312288,15.849229,18.68663,20.124763,23.151497,25.121744,27.491583,31.245762,33.02066,30.318531,28.107855,24.51477,28.107199,23.443296,28.660185,26.878414,30.202215,30.96079,33.23444,34.829884,35.880726,33.171814,36.165314,32.270943,35.006546,34.25998,36.440792,37.771847,35.7917,32.39339,31.394716,29.53966,25.483458,25.147377,25.338747,25.563772,23.88442,26.54597,27.218756,26.261707,26.370436,23.65079,24.791525,22.344515,25.257156,25.34899,23.229849,26.687181,25.822939,29.202005,28.649202,30.983797,32.47076,31.002756,32.382362,28.10544,24.505056,21.485561,20.232244,23.235144,19.064919,20.715576,19.403202,19.297518,21.569525,21.415403,23.698042,24.284864,22.850813,20.421757,17.948969,14.980485,14.129706,15.50955,15.160974,19.98625,21.927834,24.693636,26.983265,25.138718,30.919222,26.621273,30.601572,29.885986,32.30501
8,6.3336005,6.0884247,8.451951,9.410045,11.217564,10.226014,7.7488494,4.4728436,0.0,4.5922728,8.099044,11.046019,12.445181,13.657845,10.695618,7.2231064,6.796976,5.5894794,7.224047,9.638396,10.513281,14.4440975,17.180443,19.860144,17.436028,23.302706,20.006805,18.292303,14.866357,15.98924,14.08617,16.074621,16.442465,19.446024,21.18287,23.365479,27.196505,29.125546,26.734697,24.926691,21.596937,25.776209,21.533772,27.065136,25.988426,29.492527,30.76642,33.3969,35.05925,35.450886,32.613716,35.04737,30.905802,33.456844,31.944695,34.475277,35.16527,33.275604,30.019316,28.719341,26.35826,22.700846,23.083014,23.28602,24.467764,23.098513,26.4117,27.664719,27.136414,27.291512,24.142977,25.713364,22.609858,25.657822,25.140644,22.227526,25.380566,23.81184,26.93326,25.859097,27.794008,29.028091,27.537807,28.546728,24.130442,20.478374,17.627115,16.890966,20.348566,16.903738,19.32276,18.997488,19.540894,22.445826,22.604769,25.53756,26.227325,24.264103,21.474905,18.35763,15.706874,12.956626,14.312285,12.485774,17.771914,18.954502,21.445591,24.287416,22.87146,28.938156,25.32075,29.607483,29.303617,32.178936
9,7.562754,9.548824,10.619022,13.371037,14.389891,13.469478,11.192701,6.0826983,4.5922728,0.0,5.575269,6.851862,9.071813,10.898477,7.6127214,5.912959,4.3724866,6.999204,7.051996,11.644587,11.369168,16.73631,19.215424,22.537394,20.84761,26.802979,23.832157,22.34192,18.674282,20.21115,17.508764,20.056005,19.021044,22.702011,23.38536,25.853289,29.46982,31.258533,28.825535,27.612993,23.991945,28.365807,24.116428,29.459946,28.545467,31.78795,33.315243,35.55939,37.75171,38.292824,35.62608,38.07012,34.180325,36.939167,35.393063,38.294735,38.69284,37.16106,34.013336,32.76513,29.960627,26.667358,27.288677,27.01454,28.524162,26.719913,30.229105,31.239801,30.310587,30.013306,26.677168,27.557938,24.318165,26.608759,25.89937,23.2825,25.916204,24.3687,27.055662,25.676157,27.753496,28.648193,26.569496,27.763245,24.016304,20.03866,17.357601,16.162815,20.205921,17.462461,19.079788,18.839073,19.965637,22.465525,23.495123,25.904255,27.309954,25.914011,23.117138,20.41126,16.603945,14.915933,14.280409,13.393644,17.212172,18.044483,20.448217,22.7529,21.324654,27.401676,23.994936,27.99289,28.133461,30.75286
10,8.550903,11.72691,14.052695,17.078392,18.878744,18.224499,15.654943,11.252722,8.099044,5.575269,0.0,4.8927464,4.714365,7.0459347,5.72572,5.9211483,8.642374,10.819967,12.472785,16.719719,16.867384,22.005068,24.44329,27.658848,25.456755,31.245037,27.721573,25.654284,21.86035,22.363003,19.412838,20.801338,17.990803,21.4276,21.38606,23.335781,26.963932,28.97977,27.194777,26.89275,23.754778,28.787231,25.248095,30.696032,30.631508,33.916714,35.98952,38.465996,40.788837,40.696396,37.97086,39.77449,35.730137,38.240932,35.782043,39.081924,38.605244,37.22466,34.35274,32.656845,29.246258,26.701578,28.246588,28.042961,30.55241,29.116919,33.137833,34.63287,34.059048,33.772907,30.119215,31.235666,27.477962,29.63706,28.288197,25.022522,26.985739,24.610249,26.60439,24.299908,25.718826,25.893782,23.351894,23.86365,20.458763,16.143143,14.20812,13.870991,18.963045,17.950785,20.062527,21.036322,22.950462,25.801998,27.298298,30.053051,31.668842,29.989166,26.96936,23.898655,20.313122,17.333757,16.045855,13.805926,17.01499,16.21377,17.853653,20.683521,20.072628,26.36946,24.229755,28.311872,29.219498,32.173885
11,12.034778,15.381444,16.527872,20.08992,21.134718,20.265919,17.841976,12.807509,11.046019,6.851862,4.8927464,0.0,3.619226,6.542354,4.78137,7.629027,8.3387,12.377924,12.6862135,17.814453,17.351479,23.150036,25.23808,28.999235,27.515083,33.362793,30.26317,28.57079,24.609974,25.885342,22.383043,24.789114,21.64576,25.794073,25.000656,27.515871,30.74413,32.404438,30.279617,30.17553,26.59843,31.404356,27.64276,32.74863,32.5266,35.489513,37.59953,39.592148,42.377834,42.643307,40.133057,42.166157,38.47491,41.281895,39.204536,42.704945,42.315144,41.28498,38.420795,37.049473,33.485714,30.978025,32.28655,31.545225,33.936012,31.932703,35.940468,37.032894,35.968365,35.249207,31.557707,31.950428,28.294827,29.717537,28.39945,25.734503,27.323908,25.345152,27.047785,24.840935,26.64018,26.722298,23.760996,24.815971,22.240227,17.97829,16.074135,14.832854,19.778614,18.966604,19.947647,20.618948,22.79537,25.049408,27.205051,29.316666,31.515741,30.455187,27.557468,25.035336,20.562641,19.00667,16.26282,15.568013,17.139723,16.543755,18.243233,20.020334,19.141212,25.117775,22.90888,26.491066,27.657146,30.161976
12,13.016361,16.421513,18.414211,21.647434,23.21994,22.332018,19.626749,15.141274,12.445181,9.071813,4.714365,3.619226,0.0,4.0301785,4.763824,8.003479,10.804948,13.934823,15.384811,20.089209,20.244057,25.662392,27.71918,31.387026,29.445051,35.153084,31.640385,29.569118,25.543776,26.214138,22.598318,24.359894,20.277697,24.278027,23.004656,25.273394,28.388474,30.116621,28.36376,28.769081,25.529253,30.64449,27.357096,32.489624,32.786793,35.790638,38.213413,40.40881,43.199326,43.02533,40.470688,42.082752,38.300663,40.930344,38.327595,42.04429,41.14684,40.244488,37.569874,36.011517,32.109825,30.074312,31.871553,31.123535,34.090363,32.319115,36.62557,38.038574,37.241467,36.576065,32.703392,33.36091,29.394287,30.877762,29.181383,26.048887,27.289762,24.784653,26.09725,23.359186,24.690413,24.36555,21.220331,21.821783,19.406912,15.031164,13.635127,13.014845,18.449556,18.66344,20.105364,21.543974,24.071959,26.663605,28.904663,31.39437,33.559326,32.175243,29.128433,26.301657,22.194378,19.679544,16.925657,15.275219,16.637396,15.011557,16.16657,18.405159,18.119884,24.19846,22.828493,26.540257,28.086151,30.90208
13,15.535746,18.261866,20.807178,23.001787,24.776,23.302864,20.161947,16.68372,13.657845,10.898477,7.0459347,6.542354,4.0301785,0.0,3.969738,7.405391,11.452742,13.832341,16.335096,20.527817,21.81269,26.556227,28.08306,32.021503,29.845755,35.198708,31.395853,29.112877,24.884771,25.49765,21.244574,23.31652,18.221008,22.92223,20.608194,23.543242,26.078354,27.403606,25.417494,26.158634,22.820969,27.912271,24.913252,29.780266,30.469458,33.296597,36.042572,38.183735,41.20775,40.76274,38.32062,39.6513,36.067455,38.74487,36.05984,40.114067,38.93483,38.52132,36.0292,34.80746,30.492338,28.867882,30.784178,29.401596,32.844852,30.825531,35.455574,36.936253,36.130722,35.23513,31.14467,31.735115,27.490704,28.717676,26.648464,23.315182,24.10646,21.360691,22.351208,19.43556,20.744938,20.433737,17.333736,18.27729,15.931405,11.740403,10.174595,9.229607,14.69864,15.678652,17.105711,19.179527,22.107874,24.874836,27.38453,30.132614,32.4212,30.86954,27.730019,24.849047,20.904537,18.011038,14.659672,12.843471,13.254301,11.107345,12.157779,14.441417,14.322806,20.447958,19.484402,23.298885,25.04278,28.11095
14,13.584003,15.953554,18.0436,20.075596,21.49797,19.848217,16.780737,13.1922245,10.695618,7.6127214,5.72572,4.78137,4.763824,3.969738,0.0,4.433695,7.5170536,10.350659,12.443207,16.791517,18.030447,22.805037,24.286016,28.324766,26.418093,31.863586,28.343992,26.35912,22.13131,23.342636,19.126307,21.949718,17.976725,22.89651,21.282518,24.536837,27.272444,28.549885,26.079868,26.073927,22.320171,27.08499,23.486885,28.435125,28.533932,31.400837,33.80747,35.833805,38.788277,38.761555,36.319923,38.1059,34.55704,37.421593,35.31754,39.10996,38.54019,37.950367,35.223522,34.236115,30.313137,28.10324,29.460783,28.068758,30.90875,28.647867,33.01499,34.217113,33.19068,32.280144,28.330553,28.78129,24.779697,26.127707,24.451284,21.465763,22.83249,20.645548,22.311213,20.142817,22.050129,22.414436,19.787174,21.244772,18.36595,14.3773985,11.962475,10.256166,15.017226,14.374425,15.553013,16.792425,19.323156,21.960318,24.25531,26.843332,29.052082,27.655153,24.592226,21.87129,17.637526,15.412358,12.212437,11.222256,12.455594,11.906435,13.8854885,15.839226,14.855529,21.025703,18.819366,22.73353,23.862602,26.756582
15,11.500266,12.792832,15.405314,16.32096,18.034004,16.13508,12.834147,10.266947,7.2231064,5.912959,5.9211483,7.629027,8.003479,7.405391,4.433695,0.0,5.756745,6.5122256,9.9620495,13.381736,15.508506,19.474575,21.007412,24.771011,22.452974,27.804756,24.091978,21.993196,17.80224,18.940063,14.922796,17.800365,14.775528,19.599588,18.804333,22.125587,25.090038,26.45348,23.78063,23.071146,19.285614,23.9315,20.07534,25.311192,25.139645,28.267105,30.437803,32.758537,35.328835,35.286232,32.69806,34.6052,30.853884,33.659016,31.726503,35.24513,35.040592,34.191696,31.320097,30.417225,26.816511,24.216814,25.28756,24.06944,26.634047,24.520315,28.785934,30.093409,29.27036,28.636728,24.775696,25.713459,21.772348,23.817362,22.380999,19.129318,21.215055,19.117804,21.501144,19.848267,21.842154,22.789568,20.906866,22.334885,18.497747,14.781002,11.768014,10.313444,14.364753,12.307049,14.370707,15.261606,17.19895,20.273754,21.805838,24.863518,26.505672,24.666918,21.54943,18.466248,14.873214,11.776511,10.166971,8.281673,11.774347,12.237549,14.691646,17.258661,15.99945,22.217875,19.308815,23.6145,24.047333,27.168016
16,11.63572,12.627294,13.378615,14.782971,15.268437,13.294585,10.655893,6.9390974,6.796976,4.3724866,8.642374,8.3387,10.804948,11.452742,7.5170536,5.756745,0.0,5.1161246,4.9671936,9.774864,10.758541,15.552014,17.112864,21.20044,19.89653,25.55366,22.755228,21.518988,17.575415,19.994225,16.453136,20.39654,19.182161,23.816252,23.765495,27.147831,30.213709,31.481806,28.432814,27.064001,22.920591,26.821375,22.27643,27.223207,26.06877,29.014769,30.54877,32.407833,34.979195,35.796207,33.343548,36.010204,32.51741,35.595013,34.61509,37.69576,38.328083,37.27741,34.155205,33.539005,30.590464,27.318806,27.525667,26.393639,27.792315,25.269083,28.844494,29.473894,28.087124,27.322386,23.873789,24.19454,20.971228,22.801453,22.172567,20.033367,22.639553,21.622498,24.445732,23.622011,26.205534,27.516483,25.679817,27.577053,23.969805,20.370625,17.255823,15.180187,18.334549,14.928093,15.73632,14.94695,16.03596,18.281313,19.633287,21.852991,23.591587,22.471323,19.695395,17.370693,12.900514,12.439126,10.8944645,11.592405,14.599671,16.442844,19.274775,20.887756,18.914,24.644203,20.587181,24.429276,24.256525,26.699547
17,11.896247,11.131976,12.904405,11.942345,13.050857,10.311183,6.857494,6.5031533,5.5894794,6.999204,10.819967,12.377924,13.934823,13.832341,10.350659,6.5122256,5.1161246,0.0,5.496176,7.019932,10.585402,13.249477,14.578537,18.334867,16.14747,21.515865,18.180254,16.619545,12.559316,14.948187,11.462442,15.693266,15.560305,20.05315,20.60067,24.115026,27.118935,28.31278,25.075037,23.053635,18.978682,22.586374,17.910315,23.04746,21.730875,24.949226,26.335175,28.604668,30.758125,31.36665,28.75741,31.408985,27.730423,30.719835,29.882694,32.747448,33.666965,32.506367,29.320189,28.93665,26.258144,22.741068,22.614826,21.45787,22.67753,20.253023,23.86455,24.716532,23.646564,23.18429,19.719067,20.774212,17.475428,20.19338,19.6781,17.089668,20.340946,19.325281,22.717665,22.35658,24.870422,26.677216,25.60041,27.438093,23.106688,19.991499,16.569504,14.830304,17.048136,12.572877,14.389016,13.544642,13.958227,16.908264,17.264881,20.345537,21.29876,19.377136,16.449478,13.478157,10.261857,8.21366,9.208186,8.888031,13.743457,16.194275,19.197071,21.374975,19.382015,25.025232,20.710155,24.928568,24.191086,27.018635
18,12.150247,11.79095,11.289386,11.832972,11.35326,9.183007,7.403452,4.4118066,7.224047,7.051996,12.472785,12.6862135,15.384811,16.335096,12.443207,9.9620495,4.9671936,5.496176,0.0,5.589842,6.0410595,10.732273,12.588791,16.504972,15.71034,21.522066,19.393965,18.82765,15.418545,18.564875,16.008287,20.24786,20.972996,25.03711,26.025387,29.243767,32.481136,33.78406,30.563494,28.419855,24.303497,27.544603,22.626852,27.422861,25.457998,28.428274,29.255035,31.044823,33.161255,34.526833,32.069725,35.273,31.82115,34.912502,34.645176,37.126606,38.54164,37.122047,33.794506,33.36681,31.183628,27.30577,26.739382,25.974321,26.258116,23.757833,26.568367,26.798388,25.252924,24.749144,21.861055,22.234114,19.803698,22.085535,22.267666,20.728989,24.041708,23.687395,27.055233,26.904648,29.671652,31.392134,29.963747,31.93481,27.968899,24.57141,21.291725,19.295021,21.712877,17.203842,17.935389,16.0556,15.909487,17.756123,18.059666,19.963346,21.068256,20.103376,17.700085,15.755925,11.782948,12.590795,12.838102,14.054556,17.827557,20.457144,23.486334,25.071566,22.815363,28.213495,23.448875,27.147352,26.237484,28.375599
19,14.866926,12.74151,12.451016,9.925732,9.121807,5.4911747,4.0999527,6.9837265,9.638396,11.644587,16.719719,17.814453,20.089209,20.527817,16.791517,13.381736,9.774864,7.019932,5.589842,0.0,6.2643332,6.4004,7.7647705,11.556624,10.37606,15.990531,13.990492,13.871875,10.941543,14.874726,13.175995,17.8588,20.402653,24.036886,25.745144,29.04563,32.101105,33.21519,29.733421,26.768923,22.777687,25.131874,20.03701,24.528654,21.88831,24.906485,25.112484,27.044622,28.594875,30.222795,27.736807,31.296238,27.90991,30.971443,31.428247,33.373432,35.51696,33.95477,30.5338,30.578388,29.06845,24.793268,23.378609,22.626812,21.92006,19.356855,21.550507,21.52775,19.989521,19.810858,17.368275,18.23188,16.442312,19.532282,20.345818,19.077822,23.074192,23.23185,27.140066,27.732384,30.565115,32.82627,32.119198,34.189537,29.73734,26.86249,23.368532,21.504833,22.815693,17.318562,18.354908,15.8860235,14.508434,16.436443,15.265717,17.582113,17.587027,16.098719,13.946108,12.01338,9.735651,10.844356,13.446556,14.620253,19.176764,22.52307,25.703314,27.445482,25.025633,30.040506,24.811855,28.5659,26.89897,29.083046
20,13.513667,12.209484,9.566979,10.039273,7.689599,6.82518,7.9124465,6.0870786,10.513281,11.369168,16.867384,17.351479,20.244057,21.81269,18.030447,15.508506,10.758541,10.585402,6.0410595,6.2643332,0.0,6.9261026,10.177684,12.803462,13.0973425,19.09071,18.201582,18.586851,16.371952,19.707996,18.820194,22.456758,25.001894,28.042313,30.226065,32.85267,36.441444,37.98319,34.902843,32.19774,28.386524,31.145761,26.133455,30.767668,28.132208,31.11255,31.133556,32.87797,34.2973,36.21293,33.74276,37.40593,33.931812,36.843327,37.117893,38.820084,40.962513,38.939938,35.432053,34.89924,33.65992,29.229795,28.023697,28.115948,27.151125,25.115944,26.803724,26.643774,25.119549,25.165789,23.204504,23.736012,22.37653,25.037321,25.98495,24.968119,28.723736,28.764614,32.418617,32.568825,35.322525,37.163433,35.861137,37.669186,33.480198,30.051828,26.838327,25.11403,27.411617,22.501608,23.286213,20.83789,19.78566,21.07204,20.314445,21.57183,21.841352,21.208187,19.481855,18.09864,15.208045,16.71917,18.240036,19.356955,23.60523,26.378653,29.402315,31.09027,28.7885,34.047745,28.992022,32.505253,31.181791,32.972187
21,18.150991,15.317815,13.5212145,10.234103,7.5079055,5.2674217,7.812188,10.952415,14.4440975,16.73631,22.005068,23.150036,25.662392,26.556227,22.805037,19.474575,15.552014,13.249477,10.732273,6.4004,6.9261026,0.0,4.4842315,5.9826727,6.760133,12.350419,12.384305,13.827365,12.851812,16.854301,17.117928,21.013464,25.300362,27.91202,30.666964,33.444813,36.694695,37.936768,34.561913,31.041904,27.435331,29.064966,24.05054,28.04882,24.673014,27.508629,26.697556,28.449846,29.122833,31.450356,29.062977,33.142796,29.922703,32.7485,33.996986,35.001766,38.03153,35.928066,32.389473,32.50551,32.082497,27.33343,25.100756,25.166077,22.901669,20.857311,21.462446,20.791813,19.220621,19.716352,18.64792,19.600666,19.303902,22.597652,24.267794,23.72218,28.00589,28.65144,32.75914,33.718582,36.559296,38.971325,38.429176,40.422703,35.806717,32.96583,29.523209,27.829485,28.955381,23.214584,24.131441,21.16331,18.962889,20.110184,17.804962,19.234823,18.135153,17.109034,16.027288,15.094169,14.286662,16.203444,19.496088,20.71222,25.381058,28.868914,32.04858,33.786663,31.288437,36.07235,30.558168,34.047577,31.941448,33.71513
22,21.738405,18.989458,17.706734,14.032856,11.804388,8.839367,10.173488,14.022464,17.180443,19.215424,24.44329,25.23808,27.71918,28.08306,24.286016,21.007412,17.112864,14.578537,12.588791,7.7647705,10.177684,4.4842315,0.0,5.330023,7.171133,11.053195,11.662218,13.637638,12.73065,17.47034,17.127575,21.991749,26.077993,29.258747,31.410114,34.799335,37.536236,38.322998,34.518574,30.842522,26.99674,27.89628,22.81286,26.089163,22.297731,24.69387,23.575638,24.852854,25.706852,28.495127,26.402542,30.79586,28.1198,31.201876,33.173725,34.22806,37.54503,35.949364,32.527233,33.318172,32.80596,28.229946,25.623428,24.808653,22.297895,19.496195,19.869167,18.541052,16.272993,16.237427,15.455706,15.792266,16.182854,19.182196,21.325441,21.541515,25.842247,27.133087,31.320953,32.876,35.975395,38.71909,38.50402,40.90793,36.40206,33.937157,30.331465,28.276024,28.55601,22.478796,22.807133,19.317383,16.499344,17.098593,14.229042,15.336353,13.836947,13.083293,12.503836,12.517391,12.247852,15.552822,18.751451,20.844612,24.83428,28.889156,32.18938,33.47891,30.723238,34.91661,29.049086,32.224964,29.656364,31.169252
23,23.47726,20.113646,18.510164,14.080737,11.565616,9.916029,12.49264,16.751143,19.860144,22.537394,27.658848,28.999235,31.387026,32.021503,28.324766,24.771011,21.20044,18.334867,16.504972,11.556624,12.803462,5.9826727,5.330023,0.0,4.979227,7.756661,10.168184,13.06866,13.844793,17.856543,19.221756,22.89683,28.334576,30.435883,33.596493,36.337276,39.299267,40.313007,36.811333,32.741264,29.452007,30.03647,25.262299,28.425383,24.441458,26.920864,25.179426,26.738266,26.538233,29.41042,27.242453,31.708727,28.908922,31.541487,33.778763,33.992874,37.8669,35.672653,32.19976,32.86515,33.278202,28.403854,25.318398,25.471273,21.898125,20.040796,19.154228,17.726519,16.098003,17.156876,17.461405,18.611814,19.649006,23.13669,25.45549,25.503796,29.979439,31.152706,35.455765,37.00632,39.875416,42.63846,42.5878,44.69005,39.888893,37.446617,33.942043,32.28746,32.65511,26.57918,27.428314,24.160221,21.228,21.960842,18.544289,19.661871,17.302923,16.26678,16.195078,16.0773,17.033327,19.268188,23.338535,24.657503,29.293596,33.145603,36.357372,38.032707,35.427788,39.752193,33.99672,37.28924,34.640755,36.220535
24,21.15438,17.330074,16.834734,11.151773,9.897036,7.8001657,9.831126,15.25712,17.436028,20.84761,25.456755,27.515083,29.445051,29.845755,26.418093,22.452974,19.89653,16.14747,15.71034,10.37606,13.0973425,6.760133,7.171133,4.979227,0.0,6.240931,6.0824814,8.396758,9.46617,13.013929,15.075618,18.12211,24.071524,25.72022,29.231554,31.721994,34.702618,35.816093,32.52379,28.352192,25.394379,26.1373,21.571503,25.127861,21.499266,24.441975,23.047106,25.357565,24.948761,27.033813,24.499632,28.560284,25.244085,27.672825,29.39569,29.632875,33.304035,30.924852,27.410423,27.922243,28.370176,23.457142,20.409473,20.882433,17.449602,16.069113,15.600257,15.051936,14.2945595,15.892927,15.618563,17.910728,18.134792,22.346128,24.154882,23.327608,27.893675,28.544626,32.874657,34.19995,36.754868,39.47657,39.624245,41.430935,36.390297,34.114174,30.70932,29.452806,29.809122,23.88202,25.497581,22.85238,20.210932,21.83829,18.440962,20.742271,18.402504,16.20898,15.449241,14.157987,15.93129,16.404129,21.371597,21.6904,26.974888,30.52044,33.58513,35.73241,33.39561,37.959606,32.589005,36.27986,33.840733,35.960743
25,27.134878,23.13044,22.892475,16.896896,15.885155,14.018486,15.662876,21.397333,23.302706,26.802979,31.245037,33.362793,35.153084,35.198708,31.863586,27.804756,25.55366,21.515865,21.522066,15.990531,19.09071,12.350419,11.053195,7.756661,6.240931,0.0,5.3117213,9.120725,12.07043,15.08898,17.846403,20.603983,27.205343,28.444515,32.025383,34.567154,37.019676,37.75168,34.329372,29.696932,27.170933,26.631351,22.5962,24.950106,20.82657,23.224287,20.827845,22.972717,21.456106,23.976238,21.741314,26.107004,23.406479,25.548958,28.468386,27.829695,32.403748,30.14077,26.85067,28.178043,29.435747,24.69262,20.792963,21.054281,16.247782,15.091433,12.62343,11.074692,10.563009,13.07272,14.485598,17.102161,18.627708,22.85781,25.155073,24.905392,29.459946,30.628307,35.024364,36.9654,39.49946,42.567596,43.27153,45.213448,40.094395,38.33628,34.921074,33.676716,33.165546,27.10677,28.575481,25.785301,22.607643,23.862747,19.627203,21.74477,18.344805,15.978659,16.225557,15.7690735,19.124777,19.858404,25.195997,25.677856,30.638227,34.48493,37.519012,39.525898,37.121273,41.100307,35.618443,39.063484,36.139423,38.102276
26,24.105371,20.047531,20.866755,14.430378,14.580611,12.194142,12.786209,19.001099,20.006805,23.832157,27.721573,30.26317,31.640385,31.395853,28.343992,24.091978,22.755228,18.180254,19.393965,13.990492,18.201582,12.384305,11.662218,10.168184,6.0824814,5.3117213,0.0,3.822785,7.135572,9.830515,12.820162,15.349538,22.006258,23.214624,26.750563,29.309332,31.709473,32.471317,29.131613,24.526897,22.108734,21.911587,17.92749,20.874039,17.24484,20.234636,18.61151,21.529104,20.39647,21.897732,19.198015,23.058184,19.675241,21.864267,23.996042,23.867292,27.931591,25.71153,22.321161,23.529375,24.345098,19.626507,15.920457,16.051388,11.807659,10.698737,9.582452,9.535148,9.893291,12.366596,12.375849,15.945833,16.19812,20.960365,22.581982,21.411718,25.959751,26.572126,30.927387,32.586536,34.870724,37.856728,38.659748,40.398792,35.17559,33.564335,30.242506,29.272257,28.754015,22.926434,25.004778,22.8461,20.112011,22.197292,18.346733,21.514303,18.628267,15.357179,14.637352,12.909886,16.651974,15.793048,21.656885,21.33694,26.666393,30.206291,33.092625,35.424877,33.263515,37.43883,32.363766,36.139736,33.525043,35.97678
27,22.414654,18.385181,20.081709,13.573803,14.707758,12.228076,11.900655,18.132477,18.292303,22.34192,25.654284,28.57079,29.569118,29.112877,26.35912,21.993196,21.518988,16.619545,18.82765,13.871875,18.586851,13.827365,13.637638,13.06866,8.396758,9.120725,3.822785,0.0,4.451825,6.050042,9.606155,11.560636,18.394228,19.424616,23.034325,25.510315,27.904522,28.740566,25.542852,20.96521,18.743473,18.934233,15.118686,18.636917,15.644195,19.07942,18.177109,21.619656,20.757023,21.37275,18.373543,21.626574,17.67507,19.778034,21.071785,21.355331,24.908962,22.659084,19.195051,20.207298,20.664686,15.9521675,12.48191,12.65364,9.169629,8.441867,8.92465,10.300099,11.343697,13.559989,12.535293,16.585333,15.800208,20.782747,21.783432,19.804737,24.240192,24.299936,28.561337,29.916998,31.931667,34.810223,35.689278,37.200443,31.877567,30.390171,27.191454,26.528986,26.063005,20.557531,23.210152,21.686918,19.445795,22.143045,18.757467,22.54433,20.117865,16.42367,15.041005,12.357847,16.137434,13.733596,19.933746,18.775621,24.43095,27.606134,30.322264,32.96967,31.059864,35.402596,30.744577,34.76926,32.45635,35.276707
28,19.691826,16.116707,18.227068,12.347877,13.8003645,10.630013,9.037974,15.106685,14.866357,18.674282,21.86035,24.609974,25.543776,24.884771,22.13131,17.80224,17.575415,12.559316,15.418545,10.941543,16.371952,12.851812,12.73065,13.844793,9.46617,12.07043,7.135572,4.451825,0.0,5.1268744,5.8567505,9.823156,15.258725,17.550943,20.262213,23.37295,25.77834,26.562355,23.095078,18.934624,15.961208,17.018398,12.566567,16.906755,14.323234,17.986795,17.981009,21.292122,21.51781,21.947393,18.961086,22.00842,18.003399,20.596807,21.19075,22.578419,25.24481,23.542356,20.125982,20.928799,20.147371,15.710373,13.255876,12.339712,10.984327,8.984464,11.588815,12.925317,13.101514,14.187832,11.819647,15.3863735,13.48555,18.331516,18.857763,16.441568,20.845457,20.646786,24.892345,26.02323,28.18086,30.982248,31.633268,33.294914,28.08316,26.441248,23.115479,22.238327,21.920538,16.348324,19.066214,17.742231,15.918758,19.00195,16.297586,20.403578,18.761553,15.088093,12.949488,9.506228,12.515013,9.38848,15.585185,14.402311,20.094093,23.287289,26.083603,28.662935,26.726688,31.244968,26.640059,30.784525,28.724386,31.69008
29,19.806427,16.083202,19.15753,13.246072,15.755545,13.538517,11.9279,17.312288,15.98924,20.21115,22.363003,25.885342,26.214138,25.49765,23.342636,18.940063,19.994225,14.948187,18.564875,14.874726,19.707996,16.854301,17.47034,17.856543,13.013929,15.08898,9.830515,6.050042,5.1268744,0.0,5.957277,5.5197325,12.78964,13.391061,17.287596,19.48219,22.083698,23.230072,20.431368,16.124626,14.31023,15.769806,12.460797,17.12132,15.626786,19.531271,19.904709,23.812218,23.511154,22.896278,19.654478,21.713512,17.028528,18.839045,18.208054,19.410858,21.634552,19.305223,15.788882,16.011114,15.481049,10.774617,8.52853,9.088537,8.605351,8.896517,11.850401,14.504004,15.954057,17.607327,15.379326,19.479752,17.249859,22.121819,22.086798,18.840342,22.839079,21.802979,25.738781,26.342255,27.82116,30.364504,31.22053,32.241684,26.765923,25.370182,22.461218,22.440971,22.359783,17.720055,21.341087,20.99598,19.786436,23.260384,20.856583,25.215977,23.598904,19.696634,17.515852,13.805418,16.810173,12.005014,18.166233,15.391187,21.555145,23.860844,26.210201,29.447823,28.04363,32.747337,28.91694,33.304153,31.63149,34.971977
30,19.14401,16.372389,19.650824,14.891902,17.176676,14.087562,11.177462,15.849229,14.08617,17.508764,19.412838,22.383043,22.598318,21.244574,19.126307,14.922796,16.453136,11.462442,16.008287,13.175995,18.820194,17.117928,17.127575,19.221756,15.075618,17.846403,12.820162,9.606155,5.8567505,5.957277,0.0,6.8292866,9.76095,13.361732,14.773681,18.604527,20.648422,21.25568,17.636072,13.9296055,10.544895,12.838622,8.496996,13.93435,12.94037,16.827147,18.23241,21.76207,22.788712,22.13005,19.11288,21.083506,16.82554,19.465601,18.646904,21.30947,22.6125,21.609888,18.475697,19.12674,16.816545,13.250623,12.316231,10.0769825,11.870982,9.773179,14.337326,16.398788,16.743834,17.091663,13.624282,16.927767,13.537324,17.926218,17.24567,13.517604,17.360806,16.15311,20.130405,20.769005,22.61528,25.31126,26.09529,27.634724,22.383528,21.057535,17.819546,17.227345,16.699219,11.778825,15.428839,15.455805,14.818757,18.655024,17.134024,21.76963,21.02514,17.232891,14.434563,10.274943,12.458484,6.525778,12.521765,9.828405,15.685416,18.318785,20.85633,23.76419,22.207666,26.821701,22.98127,27.405659,25.901678,29.383003
31,19.267612,16.23354,20.347046,15.572485,18.8033,16.949093,14.642814,18.68663,16.074621,20.056005,20.801338,24.789114,24.359894,23.31652,21.949718,17.800365,20.39654,15.693266,20.24786,17.8588,22.456758,21.013464,21.991749,22.89683,18.12211,20.603983,15.349538,11.560636,9.823156,5.5197325,6.8292866,0.0,8.187427,7.893848,12.180087,13.963687,16.76179,18.273731,16.062513,12.30243,11.308186,14.178649,12.013104,17.167479,17.20994,21.141474,22.488333,26.568977,26.669079,25.12343,21.876299,22.802376,17.844591,19.217514,16.68191,18.796055,19.425346,17.215822,13.968695,13.25692,11.258133,7.1054196,7.534481,8.278236,11.050081,11.96023,15.875091,19.00969,20.633932,21.923733,19.117268,23.043392,19.96297,24.445463,23.565197,19.427006,22.712318,20.639648,24.018934,23.814177,24.614288,26.739157,27.61958,28.061773,22.482166,21.316525,18.871407,19.661657,19.928167,16.624012,20.984829,21.808056,21.559128,25.459352,23.894667,28.515451,27.487734,23.552721,20.98233,16.912336,19.159428,12.934602,18.252398,14.011593,20.17038,21.387417,23.202885,26.99983,26.196285,31.07554,28.218422,32.80636,31.766674,35.49852
32,19.811287,18.47152,23.06125,20.158636,23.381124,21.219875,17.940212,20.124763,16.442465,19.021044,17.990803,21.64576,20.277697,18.221008,17.976725,14.775528,19.182161,15.560305,20.972996,20.402653,25.001894,25.300362,26.077993,28.334576,24.071524,27.205343,22.006258,18.394228,15.258725,12.78964,9.76095,8.187427,0.0,6.760005,5.3766904,9.716301,11.776525,12.983157,10.511288,9.107894,7.4503074,12.807098,11.574414,16.790905,18.52781,22.029488,24.74508,28.407246,29.788084,27.70814,24.806519,24.88026,20.470634,22.15073,18.390108,22.295193,20.877192,20.340418,18.04392,17.332506,12.6823225,11.636684,14.139738,12.495349,17.456427,16.980581,21.97328,24.82622,25.760513,25.989065,22.24106,25.224394,21.043816,24.401636,22.358038,17.444777,19.36431,16.006735,18.380243,17.003899,17.217958,18.866152,19.624624,19.88776,14.309466,13.522137,11.378047,12.834861,13.2548685,12.253591,17.03937,19.462917,20.686394,24.834679,24.767378,29.439735,29.546547,25.918495,22.87794,18.771593,19.508879,12.622564,15.433574,9.994194,14.871668,14.632173,15.779808,19.96491,19.85542,24.750069,23.202751,27.845205,27.737331,31.825636
33,21.207672,19.37007,24.193996,20.986103,24.64573,23.34439,20.756542,23.151497,19.446024,22.702011,21.4276,25.794073,24.278027,22.92223,22.89651,19.599588,23.816252,20.05315,25.03711,24.036886,28.042313,27.91202,29.258747,30.435883,25.72022,28.444515,23.214624,19.424616,17.550943,13.391061,13.361732,7.893848,6.760005,0.0,7.079215,6.2160172,9.876379,12.532711,12.341737,10.673909,11.877821,16.027908,15.909721,20.635298,22.305117,25.93003,28.115374,32.232723,32.616062,30.143354,27.048662,26.650845,21.796186,22.378366,17.63412,20.499552,18.73251,16.794348,14.596348,12.290979,8.064113,7.4216027,11.468915,12.507162,17.136932,18.602348,22.751364,26.192976,28.022217,29.093016,25.977882,29.670046,26.010616,29.91918,28.225088,23.437334,25.580605,22.340944,24.574757,23.101028,22.622358,23.797037,24.657612,23.882034,18.415379,17.794483,16.62768,18.875349,19.780718,18.946611,23.727306,25.862793,26.64925,30.769424,30.066393,34.78496,34.303596,30.421133,27.619812,23.458836,24.921034,18.086521,21.785086,16.37591,21.593908,20.96032,21.663925,26.144691,26.366848,31.23509,29.950916,34.578144,34.42948,38.512115
34,23.839472,22.907938,27.693142,25.109785,28.487423,26.51279,23.273615,25.121744,21.18287,23.38536,21.38606,25.000656,23.004656,20.608194,21.282518,18.804333,23.765495,20.60067,26.025387,25.745144,30.226065,30.666964,31.410114,33.596493,29.231554,32.025383,26.750563,23.034325,20.262213,17.287596,14.773681,12.180087,5.3766904,7.079215,0.0,6.1481376,6.684857,7.9461102,6.843794,7.8096757,8.645477,13.677185,14.409166,18.558088,21.356386,24.46826,27.582098,31.285814,32.62994,29.81523,27.084372,26.149754,21.966465,23.013739,18.057375,22.378523,19.503494,19.581083,18.11869,17.154652,11.591113,12.774387,16.313332,14.709018,20.441305,20.505821,25.471697,28.599401,29.849403,30.066742,26.357098,29.355255,25.098043,28.09303,25.638832,20.583597,21.560791,17.657213,18.952606,16.909163,15.862658,16.89121,18.16636,17.527548,12.153067,12.721518,11.950566,14.42587,14.46955,15.505372,20.106924,23.239594,24.846218,28.961613,29.166979,33.890778,34.09587,30.400305,27.415766,23.425655,24.293505,17.51256,19.528046,14.153012,17.502571,16.042303,16.092321,20.481003,21.187338,25.476849,25.211132,29.638178,29.997232,34.246063
