,0,1,2,3,4,5,6,7,8,9,10,11,12,13,14,15,16,17,18,19,20,21,22,23,24,25,26,27,28,29,30,31,32,33,34,35,36,37,38,39,40,41,42,43,44,45,46,47,48,49,50,51,52,53,54,55,56,57,58,59,60,61,62,63,64,65,66,67,68,69,70,71,72,73,74,75,76,77,78,79,80,81,82,83,84,85,86,87,88,89,90,91,92,93,94,95,96,97,98,99,100,101,102,103,104,105,106,107,108,109,110,111
0,0.0,4.3227034,6.495686,9.618349,12.194589,15.566461,18.052624,22.108618,25.081749,27.973808,32.660206,34.691784,37.547966,39.560734,37.309444,32.970264,33.26851,29.306494,28.442646,25.981121,24.61682,23.119211,19.289675,22.333237,21.811975,22.286406,20.177914,21.389696,22.849417,20.450886,25.306799,21.750921,28.689507,27.22081,32.219498,33.337456,36.07949,39.34181,39.02438,36.46676,33.77209,36.81259,32.280807,36.871117,33.853325,37.067726,36.379482,38.884636,38.399334,39.358322,36.265053,38.13901,33.46879,33.83023,33.2471,30.982492,34.332687,29.332842,26.612356,24.852987,30.243,26.66986,23.861996,28.022167,24.7883,27.028376,26.275755,29.334364,27.107124,30.548056,30.878359,32.774517,31.77331,35.9118,36.288086,32.973396,36.911903,35.3113,38.88764,39.1473,41.861153,41.62578,42.884224,44.230785,38.924553,37.621098,34.013977,32.582527,28.216463,26.913002,22.470818,20.3129,17.494894,12.178903,14.349063,16.075237,17.101648,20.798565,23.941622,26.041857,28.918503,27.812466,29.887188,33.81874,35.722794,37.25526,35.695644,40.27382,35.256794,39.926197,39.226208,42.27774
1,4.3227034,0.0,4.177816,6.7743716,10.051249,13.843776,16.140705,20.628023,23.085062,26.462418,30.637909,33.143917,35.87995,38.15109,36.202644,31.962332,32.638996,28.921818,28.282598,26.327202,25.10183,24.59562,21.15504,24.88779,24.813814,25.315886,22.63964,23.321207,24.185225,21.349121,25.79586,21.542923,28.16901,25.638597,31.169287,31.58207,34.53258,38.00986,38.177963,36.121796,33.5036,37.095543,32.627937,37.61651,34.903492,38.217186,37.96358,40.495255,40.459442,41.075512,38.005135,39.582993,34.757504,35.18288,33.889046,32.195488,34.872536,29.905865,27.07083,24.678896,29.63202,26.006014,23.900152,28.340967,25.956017,28.276104,28.29703,31.360891,29.56462,32.8543,32.68405,34.501877,33.008278,36.98477,37.068134,33.469955,37.29736,35.276054,38.853455,38.65784,41.33308,40.752373,41.95937,42.897373,37.586983,36.438324,32.672478,31.852028,27.001474,26.648445,22.090412,20.658768,18.373753,13.808238,16.328136,18.784534,20.026072,23.26949,26.162271,27.749775,30.387465,28.58889,30.448765,34.284233,35.902496,37.320995,35.881832,39.94436,35.037827,39.708614,38.726124,42.033554
2,6.495686,4.177816,0.0,5.8940988,7.0129414,10.712296,14.037228,17.656227,20.455164,23.645971,28.043821,30.623062,33.216957,35.41336,33.27035,29.014212,29.290571,25.918968,24.798697,23.30333,21.606627,21.813337,18.73189,22.951458,23.508612,24.578035,22.064196,22.831604,23.051188,20.80104,24.61387,20.95803,27.569822,25.015675,30.801403,30.86284,34.348995,37.762794,37.764046,35.82067,32.73962,36.36811,31.63184,36.46809,33.616093,36.73347,36.484474,38.681957,39.113495,39.94228,36.99239,38.83741,34.14001,35.02863,33.97359,32.733826,35.501175,30.887796,27.778332,25.627716,30.213116,26.074446,24.111326,27.986692,25.86883,27.502928,27.962069,30.53019,28.606005,31.611362,31.223106,32.55335,31.058475,34.71557,34.926777,31.562899,35.531635,33.63989,37.458893,37.349354,40.27021,39.67643,40.37985,41.369137,36.26907,34.627396,30.987297,30.08512,25.367598,24.815924,20.537342,18.814745,17.123295,12.968967,14.591651,17.31279,18.332844,21.107288,23.611998,24.957327,27.555462,25.523129,27.675224,31.165257,32.53787,34.187138,33.015224,37.094265,32.558147,37.35085,36.642914,40.12016
3,9.618349,6.7743716,5.8940988,0.0,4.9226074,8.334607,9.567011,14.624943,16.571125,20.178705,24.036898,26.625605,29.36008,31.750885,30.08978,25.97821,27.32306,23.58989,23.80861,22.03525,21.867998,22.162361,19.4373,23.902508,24.386156,24.663784,21.049309,20.8372,20.656876,17.521269,21.075315,16.426893,22.60697,19.435064,25.357286,25.248573,28.617073,32.11795,32.41327,30.778557,27.994026,32.053516,27.61891,32.91759,30.60114,33.96609,34.32651,36.902435,37.506897,37.577404,34.61249,35.811718,30.92005,31.626898,29.707705,29.006174,31.010946,26.50949,23.363743,20.72713,24.886251,20.816769,19.455914,23.66856,22.463068,24.51095,25.761042,28.600792,27.592714,30.51551,29.528015,31.299082,29.067055,32.821827,32.44992,28.523941,32.141155,29.718931,33.285587,32.72953,35.43546,34.624626,35.655014,36.38566,31.140375,29.982897,26.164421,25.730684,20.610998,21.029278,16.500822,16.016048,14.609505,11.869613,14.847539,18.343588,20.349455,22.538937,25.159939,25.642956,27.634508,24.92036,26.055393,29.968304,31.457153,32.414303,30.913904,34.34251,29.42677,33.9941,32.723095,36.205017
4,12.194589,10.051249,7.0129414,4.9226074,0.0,3.8937178,7.382363,10.781258,13.448756,16.695425,21.043955,23.645048,26.212257,28.457447,26.463821,22.283894,23.068268,19.7439,19.368198,18.181236,17.550404,18.807127,16.695848,21.664877,22.90596,23.835588,20.543915,20.4765,19.452654,17.301815,19.850868,16.352945,22.36334,19.462442,25.495953,25.026217,29.06071,32.37107,32.331455,30.780895,27.367092,31.338293,26.568995,31.546286,29.027052,32.086758,32.41766,34.537174,35.716145,36.086063,33.30399,34.87561,30.229536,31.539347,30.08148,29.896242,32.103813,28.144398,24.747644,22.647333,26.276237,21.629438,20.380522,23.610188,22.679796,23.719954,25.458248,27.589249,26.415531,28.927574,27.684298,28.803614,26.596378,29.907513,29.71975,26.155256,29.960949,27.784939,31.673159,31.313726,34.35527,33.5939,33.915382,34.792835,29.877678,27.977114,24.392801,23.728682,18.939812,18.899166,14.903236,13.932004,13.507722,11.644745,13.236176,16.927538,18.66608,20.115345,22.187986,22.248714,24.101587,21.04879,22.51474,25.986319,27.181574,28.418556,27.25112,30.748655,26.315369,31.055843,30.206448,33.885204
5,15.566461,13.843776,10.712296,8.334607,3.8937178,0.0,5.208245,6.958136,10.081033,12.958081,17.631487,20.057425,22.587387,24.724781,22.616413,18.426016,19.227516,15.995163,15.851326,14.935001,14.832807,16.77249,15.434114,20.624552,22.325243,23.345428,19.968655,19.607069,17.78864,16.192747,17.67756,14.955961,20.443815,17.805288,23.716566,23.050451,27.456055,30.558317,30.274385,28.851189,25.085537,29.04111,24.186686,28.995836,26.551817,29.43306,29.974277,31.887693,33.53823,33.823776,31.206951,32.793064,28.332449,30.0151,28.65264,29.043402,31.128752,27.705248,24.192364,22.451155,25.459852,20.507734,19.549109,21.980001,21.61668,21.982077,24.361494,26.001923,25.114641,27.222467,25.558973,26.358376,23.89118,26.869753,26.582932,23.113106,26.887379,24.747355,28.75356,28.43496,31.639267,30.895552,30.799345,31.76958,27.089357,24.771435,21.370825,20.592823,16.086256,15.914186,12.445952,11.640685,12.285749,12.016257,12.94068,16.786903,18.665348,19.243856,20.89692,20.223703,21.619532,18.058764,19.243753,22.561598,23.629139,24.734045,23.645168,26.956783,22.714458,27.472427,26.755482,30.534517
6,18.052624,16.140705,14.037228,9.567011,7.382363,5.208245,0.0,6.2030053,7.377865,10.866707,14.75275,17.068443,19.866808,22.234432,20.7738,16.833391,19.129961,15.42803,17.185463,15.788464,17.569942,19.036089,17.946608,22.803913,24.144623,24.302042,20.082169,18.7627,16.650259,14.1516695,15.096327,11.305584,16.000984,12.652294,18.757366,17.92274,22.279797,25.452185,25.429417,24.326113,20.875671,25.32035,20.857576,26.172606,24.38458,27.528297,28.715132,31.06725,32.749023,32.216343,29.603783,30.449095,25.835203,27.264952,24.99772,25.975136,27.232918,24.054214,20.586893,18.500666,20.821455,15.919442,15.77214,18.35927,19.11998,19.918001,23.044676,24.963047,25.045938,27.064165,24.891947,26.247025,23.067171,26.159477,25.196503,21.079012,24.360617,21.577595,25.252481,24.413841,27.374895,26.401163,26.738245,27.456287,22.51779,20.788107,17.094244,16.880651,11.728133,12.995564,9.265789,10.522237,11.582495,12.957727,15.050071,19.064047,21.619688,21.961908,23.799656,22.560959,23.342663,19.422094,19.281212,23.06228,24.32709,24.532679,22.99163,25.491194,20.719656,25.131046,23.684187,27.43013
7,22.108618,20.628023,17.656227,14.624943,10.781258,6.958136,6.2030053,0.0,4.5572443,6.063283,11.341115,13.305103,15.79948,17.79737,15.6863365,11.562994,13.15071,10.123078,11.563729,11.359943,13.282214,16.274414,16.561247,21.523193,23.740309,24.578476,21.019367,19.905697,16.74594,16.032757,15.101001,13.91312,17.452034,15.262798,20.556572,19.371712,24.312687,26.936817,26.32336,25.361654,21.14968,25.135887,20.436888,24.917778,22.960655,25.476963,26.678493,28.280083,30.841902,30.667309,28.440142,29.743612,25.721308,27.954535,26.483685,28.093367,29.587671,27.290623,23.780107,22.596079,24.14098,19.007486,18.94464,19.785414,20.889318,20.142076,23.807098,24.58538,24.581423,25.836292,23.26741,23.585943,20.408949,22.585981,21.819704,18.413357,21.810028,19.533087,23.58505,23.128506,26.526417,25.71427,24.845419,25.859896,21.707405,18.689299,15.708781,14.981572,11.197278,11.370697,9.708725,10.231916,12.947867,15.4550705,15.734381,19.40448,21.519392,20.684393,21.572573,19.448143,19.630075,15.056192,14.955152,17.91015,18.670536,19.072775,18.043985,20.469593,16.564283,21.185106,20.486294,24.484226
8,25.081749,23.085062,20.455164,16.571125,13.448756,10.081033,7.377865,4.5572443,0.0,4.529913,7.61545,10.525375,12.918906,15.479873,14.384789,10.977312,14.155131,11.817142,14.511158,14.763295,17.360611,20.487686,20.920855,25.734604,27.805601,28.256544,24.292034,22.640629,19.345694,18.047974,16.496273,14.612635,16.569525,13.066561,18.53356,16.221811,21.453678,24.138603,24.11816,23.9803,20.143341,24.708378,20.600866,25.366941,24.180794,26.72565,28.565517,30.309805,33.113075,32.29037,30.195456,30.841843,26.854752,28.917755,26.545435,28.850945,29.369465,27.426054,24.068056,22.441845,22.970945,18.144756,19.227232,20.060633,22.357111,21.891842,26.132904,27.021793,27.690037,28.791039,25.832514,26.34103,22.6611,24.538733,23.17491,19.442812,22.133991,19.185083,22.81717,21.551458,24.693121,23.366583,22.486917,22.825687,18.750378,16.125504,12.958856,13.659448,9.32326,12.002214,10.896458,13.133122,15.9468775,18.889322,19.824112,23.58201,25.896454,25.064278,25.947542,23.561749,23.346859,18.543478,17.554443,20.259142,20.705776,20.397331,19.373337,20.380451,16.692478,20.748287,19.31433,23.478853
9,27.973808,26.462418,23.645971,20.178705,16.695425,12.958081,10.866707,6.063283,4.529913,0.0,6.0932527,7.3411903,9.765737,11.769246,10.068358,6.4521027,10.032097,8.053747,11.661858,12.31457,15.775356,19.120165,20.41513,24.844936,27.214373,27.767221,24.138063,22.440807,18.58875,18.373108,15.544087,15.518933,16.535788,14.665736,18.87818,16.96804,22.180351,24.250134,23.518717,23.282543,18.987339,22.980701,18.884672,22.905645,21.763351,23.836374,25.799873,27.124384,30.446108,29.665903,27.88887,28.681637,25.203241,27.734882,25.952902,28.674448,29.352373,28.121555,24.829655,23.991604,24.05895,19.23331,20.18556,19.708,22.24355,20.797026,25.380865,25.517534,26.393164,26.91003,23.63627,23.618795,19.848358,21.049675,19.63005,16.374357,18.909094,16.354063,20.122911,19.258512,22.671635,21.646433,19.949934,20.780325,17.3609,13.71575,11.392542,11.284976,8.851451,10.257905,10.992062,12.924548,16.46379,20.261137,20.426899,23.81905,26.035175,24.444935,24.823048,21.79342,20.931644,15.932995,14.308803,16.518856,16.803043,16.115345,15.197406,15.891903,12.619798,16.67376,15.726169,19.95745
10,32.660206,30.637909,28.043821,24.036898,21.043955,17.631487,14.75275,11.341115,7.61545,6.0932527,0.0,4.7058387,5.940092,9.046418,9.664735,8.578876,13.311248,12.922724,16.807339,18.034124,21.530497,25.11949,26.495848,30.851599,33.13825,33.42999,29.52861,27.435982,23.584145,22.874624,19.644663,19.01733,18.129059,15.030103,18.72776,15.196134,20.5281,22.398703,22.492107,23.54452,19.95249,24.365473,21.301617,25.274282,25.12662,27.02611,29.650513,30.968594,34.58399,33.13865,31.626589,31.680166,28.453228,30.77304,28.066048,31.568874,31.0797,30.395767,27.398777,26.143312,24.927006,20.790955,22.973425,22.412941,26.103848,24.93744,29.942545,30.126394,31.598886,31.917736,28.33777,28.395668,24.303972,24.963419,22.970339,19.730434,21.13672,17.997976,20.881083,18.911741,21.794197,20.016214,17.940588,17.55073,14.900111,11.781237,9.945079,12.260855,10.252198,14.145765,15.330179,18.319326,21.731651,25.634418,26.282967,29.770323,32.080627,30.522873,30.841839,27.650623,26.487371,21.454773,19.274208,20.830994,20.558514,19.152376,18.52365,17.00844,14.867811,17.55345,15.726538,19.95538
11,34.691784,33.143917,30.623062,26.625605,23.645048,20.057425,17.068443,13.305103,10.525375,7.3411903,4.7058387,0.0,3.2954748,5.4834313,6.30476,6.292292,11.809574,11.372012,16.28097,17.05014,21.506908,24.503271,26.308455,30.102493,32.339615,32.39086,28.630999,26.334343,22.217022,22.16527,17.9598,18.714853,16.742268,15.469171,17.61297,14.974284,19.896212,21.03966,20.271915,21.155075,17.325453,21.118961,18.386343,21.648552,21.848806,23.370594,26.276335,27.440866,31.303486,29.597876,28.386757,28.277077,25.550266,28.108128,25.78561,29.692066,29.197317,29.251316,26.433218,25.932163,24.254957,20.306398,22.38047,20.654808,24.675423,22.869883,28.129797,27.79939,29.70968,29.560339,25.71952,25.652636,21.412275,21.589308,19.280645,16.321377,17.140373,14.1874695,16.875185,15.165038,18.213882,16.798779,14.047992,14.374151,12.318675,8.128974,7.5620003,9.100093,9.490551,12.349852,14.931792,17.922441,21.605314,26.23343,26.608177,29.774155,32.180138,30.158844,30.299824,26.709486,25.004845,20.176115,17.11043,18.522911,18.461805,16.233316,15.302542,13.003761,10.931051,13.016825,11.14268,15.359091
12,37.547966,35.87995,33.216957,29.36008,26.212257,22.587387,19.866808,15.79948,12.918906,9.765737,5.940092,3.2954748,0.0,3.286546,5.7859697,7.643351,12.46927,13.325015,17.72281,19.190493,23.31809,26.775888,28.85808,32.62622,35.04531,35.268436,31.680613,29.455547,25.270437,25.41376,21.08598,22.006037,19.774662,18.345839,20.22464,17.15712,21.935186,22.817137,22.223783,23.53468,19.92408,23.464546,21.094925,23.86852,24.269234,25.427618,28.40082,29.207724,33.388336,31.700926,30.732805,30.602049,28.210627,30.861666,28.589828,32.68772,32.002533,32.304565,29.571854,29.063934,27.099876,23.364002,25.600677,23.728065,27.847103,25.859303,31.139252,30.56527,32.472195,32.094448,28.20021,27.777601,23.659655,23.264578,20.9932,18.596004,19.024263,16.378168,18.672138,16.861626,19.653545,18.10383,14.677858,14.522685,13.657003,9.569128,9.9863,11.85455,12.706058,15.479067,18.196518,21.013315,24.75762,29.316538,29.486002,32.58808,34.83614,32.637978,32.50182,28.758953,26.871382,22.035908,19.051523,19.67397,19.062187,16.745441,16.37296,12.975986,12.479531,13.753199,12.204629,16.171345
13,39.560734,38.15109,35.41336,31.750885,28.457447,24.724781,22.234432,17.79737,15.479873,11.769246,9.046418,5.4834313,3.286546,0.0,4.1940913,7.7293777,11.882198,13.34923,17.743065,19.27745,23.604973,26.917551,29.373053,32.76704,35.26788,35.522064,32.222908,30.039268,25.72921,26.440899,21.670488,23.495867,20.976902,20.547411,21.686724,19.19597,23.634964,24.059135,22.922125,24.062008,20.344997,23.195145,21.055973,23.014454,23.52729,24.201183,27.210709,27.640465,32.116558,30.45819,29.798483,29.736988,27.848478,30.727266,28.946917,33.17595,32.638897,33.362022,30.731993,30.68829,28.616354,24.97952,26.99141,24.469946,28.533798,26.041773,31.32111,30.280157,32.289104,31.522125,27.546139,26.772793,22.785048,21.765177,19.483543,17.760517,17.770111,15.703594,17.771544,16.422415,19.233894,18.073395,13.954274,14.357959,14.41293,9.8656645,11.365851,12.322385,14.486054,16.209866,19.568584,22.046019,25.905136,30.703268,30.518112,33.348133,35.500156,32.951347,32.54095,28.549679,26.301123,21.694082,18.406168,18.442171,17.675835,14.918389,14.737567,10.384528,11.122471,11.570214,10.654691,14.32066
14,37.309444,36.202644,33.27035,30.08978,26.463821,22.616413,20.7738,15.6863365,14.384789,10.068358,9.664735,6.30476,5.7859697,4.1940913,0.0,4.3942356,7.788591,9.64638,13.767984,15.491108,19.712893,23.105326,25.809338,29.103243,31.794739,32.35345,29.424274,27.570183,23.186508,24.474228,19.763605,22.256027,20.763252,20.951519,22.52208,20.768715,25.36453,26.00789,24.39035,24.707945,20.427444,22.930271,20.049261,21.799322,21.572975,22.140331,24.68334,24.84047,29.40476,28.330477,27.60269,28.183292,26.274595,29.439497,28.414198,32.182774,32.449177,32.87006,30.045565,30.286903,28.967077,24.875097,26.171026,23.563953,26.898575,24.001545,29.025873,27.716614,29.295444,28.456583,24.618723,23.451975,19.730865,18.60914,16.782377,15.447509,16.22954,14.810751,17.65368,17.227415,20.519358,19.893812,16.014874,17.31413,16.62866,11.619598,12.542401,11.986914,14.180481,14.359382,17.82803,19.504461,23.459522,28.15689,27.456379,30.07122,32.015373,29.255905,28.629757,24.568174,22.27387,17.67901,14.597802,14.355853,13.56119,11.039026,11.043371,7.77184,8.545199,10.253461,10.602366,14.425225
15,32.970264,31.962332,29.014212,25.97821,22.283894,18.426016,16.833391,11.562994,10.977312,6.4521027,8.578876,6.292292,7.643351,7.7293777,4.3942356,0.0,5.6605854,5.7853107,10.368823,11.695451,15.999339,19.332384,21.760273,25.356201,28.028074,28.682938,25.673864,23.988081,19.669065,20.857218,16.621048,18.872768,18.557503,18.647346,21.05915,19.710957,24.531221,25.682295,24.05967,23.775917,19.176683,22.009075,18.31745,20.788034,19.868828,20.971514,23.117062,23.636707,27.78571,27.053274,25.894781,26.84359,24.356085,27.468613,26.568893,29.802483,30.597713,30.389557,27.334461,27.457035,26.898556,22.37835,23.191032,21.089933,23.842209,21.143732,25.963793,24.980358,26.169825,25.743341,22.103428,21.189161,17.47036,17.236746,15.730539,13.725933,15.620668,14.034692,17.650791,17.497192,21.087297,20.576908,17.584288,19.137999,17.148798,12.315007,11.935663,10.651643,11.688701,11.170944,14.133545,15.447664,19.398237,23.897013,23.18513,25.92281,27.905025,25.367018,24.990406,21.156454,19.265396,14.399664,11.695891,12.486334,12.305103,10.613634,10.06834,9.592313,7.883718,11.4871235,11.723964,15.8066845
16,33.26851,32.638996,29.290571,27.32306,23.068268,19.227516,19.129961,13.15071,14.155131,10.032097,13.311248,11.809574,12.46927,11.882198,7.788591,5.6605854,0.0,5.3011217,6.400535,9.537804,12.502317,16.68401,19.838257,23.169865,26.369104,27.807652,25.74636,24.807808,20.585878,22.757906,18.934246,21.981514,22.833216,23.402872,26.034164,25.123774,29.907497,31.069906,29.123257,28.310686,23.465471,25.560957,21.477343,23.100801,21.33793,21.871672,23.133606,22.78379,27.181702,27.50367,26.512768,28.399082,26.291805,29.742416,29.935692,32.58321,34.264694,33.85117,30.696472,31.147953,31.329031,26.576574,26.587051,24.427906,26.07431,22.80323,26.942026,25.367874,25.69057,24.967363,21.752354,19.776833,17.04166,16.109087,15.759745,15.213013,17.70886,17.398125,21.220343,21.95141,25.648022,25.57004,22.356853,24.296736,22.605268,17.647163,17.446972,15.386402,16.475653,14.287812,16.93837,16.634815,20.444561,24.356237,22.531685,24.720442,26.043243,22.998184,21.85876,17.837206,15.786211,11.080004,9.690558,8.558151,7.3739214,7.279343,8.250777,9.792758,9.956944,13.655456,15.458466,18.970676
17,29.306494,28.921818,25.918968,23.58989,19.7439,15.995163,15.42803,10.123078,11.817142,8.053747,12.922724,11.372012,13.325015,13.34923,9.64638,5.7853107,5.3011217,0.0,5.9798427,5.93604,10.868575,13.579309,16.164486,19.613546,22.406292,23.36161,20.82219,19.661047,15.422148,17.459116,13.763369,16.915207,18.337212,19.499228,22.139893,22.036652,26.590242,27.93539,25.794336,24.401846,19.453775,21.67418,17.119404,19.417418,17.313301,18.543047,19.77088,20.267538,24.017174,24.118696,22.673512,24.496532,21.828985,25.106369,25.261454,27.580832,29.532345,28.8214,25.614992,26.18809,26.79053,21.929842,21.528168,19.509304,20.854908,17.787733,21.95193,20.798433,21.25909,20.976048,17.722729,16.609127,13.3827305,13.84369,13.257124,11.488789,14.760354,14.100836,18.33289,19.252262,23.050047,23.165977,20.882063,23.17189,20.476324,15.917979,14.969847,12.069212,12.723919,9.401063,11.8962555,11.447341,15.315934,19.602364,18.17071,20.557798,22.382181,19.648174,19.248568,15.44105,13.732128,8.8117485,6.5743895,8.575742,9.581329,9.10752,7.959531,11.260798,8.159469,12.950593,14.05713,17.6134
18,28.442646,28.282598,24.798697,23.80861,19.368198,15.851326,17.185463,11.563729,14.511158,11.661858,16.807339,16.28097,17.72281,17.743065,13.767984,10.368823,6.400535,5.9798427,0.0,5.1051416,6.1066093,10.944519,14.081029,17.691795,21.14212,23.203259,21.710905,21.566347,17.841043,20.331997,17.823761,20.72739,23.4849,24.22213,27.555878,27.351444,32.054398,33.652634,31.623016,30.01903,25.05237,27.035465,22.227472,24.161303,21.356867,22.267744,22.497528,22.295212,25.905193,27.148483,25.715252,28.383669,25.847605,29.18285,30.030933,31.62107,34.2921,33.063404,29.736134,30.22234,31.64201,26.585487,25.586288,24.144352,24.334124,21.25679,24.418175,23.078844,22.288866,22.084812,19.651764,17.65492,15.821536,16.013447,16.695131,16.059172,19.682331,19.698795,23.951126,25.164352,28.9704,29.145487,26.75202,28.962254,26.34575,21.76954,20.696508,17.993956,17.941122,14.461337,15.770265,13.767598,17.00239,19.928234,17.320763,19.216867,20.121742,17.135962,15.939237,12.304957,11.147407,6.3229647,7.8356276,7.851252,7.94785,10.170544,10.542372,14.872458,13.407728,17.886475,19.685085,23.009304
19,25.981121,26.327202,23.30333,22.03525,18.181236,14.935001,15.788464,11.359943,14.763295,12.31457,18.034124,17.05014,19.190493,19.27745,15.491108,11.695451,9.537804,5.93604,5.1051416,0.0,6.1862354,7.645501,10.504623,13.862938,16.92626,18.488312,16.770266,16.552244,12.849063,15.770717,13.4630785,17.003014,20.237453,22.032259,24.901834,25.703308,29.937527,31.482122,29.07754,26.825642,21.877775,23.491917,18.43532,20.455143,17.218508,18.522354,18.47609,18.898111,21.870071,23.072882,21.321312,24.105053,21.31865,24.553932,25.786554,26.945082,30.068155,28.739374,25.474176,26.385708,28.211939,23.234268,21.61529,20.028818,19.588825,16.426725,19.339016,18.115053,17.340218,17.393747,15.013902,13.673596,11.700497,13.132527,13.864297,12.687996,16.830635,17.012075,21.347767,22.98758,26.754406,27.28885,25.613781,28.262667,25.11313,20.937151,19.60589,16.083242,16.13763,11.291617,12.403972,9.581357,12.661931,16.071682,13.521397,15.311057,16.77021,13.787167,13.330472,9.69492,8.656775,3.8825793,4.8039327,7.998086,10.122398,11.356345,10.18119,15.599738,12.3333845,17.066986,18.59517,21.57236
20,24.61682,25.10183,21.606627,21.867998,17.550404,14.832807,17.569942,13.282214,17.360611,15.775356,21.530497,21.506908,23.31809,23.604973,19.712893,15.999339,12.502317,10.868575,6.1066093,6.1862354,0.0,6.4325256,9.239908,13.026542,16.70195,19.536152,18.909681,19.762024,16.952446,19.625668,18.689924,21.266497,25.543251,26.473482,30.171036,30.597692,35.059364,36.942116,34.855854,32.626945,27.754454,29.50258,24.349752,26.374352,22.838192,23.99057,23.249134,23.184376,25.804447,27.889553,26.122583,29.412674,26.633608,29.712168,31.188452,31.711065,35.257805,33.32803,29.97146,30.522045,33.044315,27.937128,26.01495,25.279367,24.01533,21.308804,23.196888,22.156876,20.15074,20.539724,19.179737,17.344486,16.69098,17.868324,19.334368,18.739979,22.895773,23.196112,27.533724,29.093882,32.86559,33.255165,31.495783,33.88823,30.697062,26.506456,24.934866,21.899397,21.115759,16.93729,16.937843,13.429674,15.482865,16.888405,13.282236,14.539269,14.7369585,11.880378,10.603265,7.991292,8.689933,5.811051,10.086906,11.048248,12.01949,14.941511,14.929589,20.29679,18.106255,22.726152,24.481937,27.542782
21,23.119211,24.59562,21.813337,22.162361,18.807127,16.77249,19.036089,16.274414,20.487686,19.120165,25.11949,24.503271,26.775888,26.917551,23.105326,19.332384,16.68401,13.579309,10.944519,7.645501,6.4325256,0.0,4.250206,6.79335,10.436975,13.299949,13.471683,14.982687,12.979821,16.479237,16.347645,19.687675,24.446318,26.737776,29.6583,31.300303,35.08198,36.782272,34.18688,31.15604,26.484016,27.405334,22.256117,23.82589,19.732433,20.984312,19.401512,19.725174,21.221155,23.78665,21.78146,25.514692,22.808006,25.679832,28.104954,27.76256,32.139637,30.128683,27.00582,28.265865,31.393528,26.596542,23.748215,22.818373,20.269682,17.471071,18.152132,17.027962,14.263452,14.972865,14.496514,13.190329,13.535254,15.823363,17.746172,17.262318,21.59834,22.450119,26.578575,28.767088,32.369347,33.271164,32.196766,35.11216,31.603138,27.83957,26.240887,22.41482,22.019083,16.625992,16.346899,11.829771,12.727867,13.897891,9.615995,9.579583,9.969224,6.3446617,5.825618,3.602163,5.827496,6.2908144,10.043042,12.573567,14.978454,17.178429,16.140709,22.331167,19.092827,23.506464,25.236042,27.65348
22,19.289675,21.15504,18.73189,19.4373,16.695848,15.434114,17.946608,16.561247,20.920855,20.41513,26.495848,26.308455,28.85808,29.373053,25.809338,21.760273,19.838257,16.164486,14.081029,10.504623,9.239908,4.250206,0.0,5.3258033,8.120568,10.9714,10.983848,13.056065,12.116684,14.824737,16.18909,18.480724,24.126038,26.16986,29.386211,31.28458,34.825764,36.794136,34.423462,31.190807,26.817478,27.980564,22.790333,24.975346,20.856472,22.661997,21.009808,22.016764,22.639086,25.033873,22.642845,26.187555,22.97066,25.322039,27.532898,26.50871,31.131018,28.487507,25.37784,26.408415,30.21554,25.52895,22.258135,22.214376,18.914827,17.06253,16.952415,16.81865,13.623203,15.384511,15.5144825,15.351336,15.617025,18.7687,20.400501,19.181168,23.572416,24.002207,28.062012,30.047222,33.50601,34.327507,33.852917,36.629673,32.627533,29.348585,27.281986,23.647284,22.459234,17.38018,15.978623,11.164252,10.748371,10.449223,5.767294,5.4731007,6.2672076,4.156509,6.251718,6.9342256,9.770006,10.227706,13.326452,16.550663,19.01279,20.98271,19.637339,25.653522,21.729347,26.254055,27.459105,29.91908
23,22.333237,24.88779,22.951458,23.902508,21.664877,20.624552,22.803913,21.523193,25.734604,24.844936,30.851599,30.102493,32.62622,32.76704,29.103243,25.356201,23.169865,19.613546,17.691795,13.862938,13.026542,6.79335,5.3258033,0.0,3.9561388,7.839523,10.327935,13.213368,13.214949,16.79923,18.147612,21.404207,26.655298,29.7683,32.137413,34.73428,37.825203,39.45129,36.5872,32.881546,28.678608,28.849358,23.988634,25.117792,20.70965,22.010075,19.452446,20.162354,19.886923,23.100069,20.886456,24.993309,22.460077,24.745956,28.122374,26.50497,31.78844,29.46863,26.737726,28.528725,32.44878,28.166676,24.427395,23.768248,19.668348,17.406357,15.94792,15.122235,10.92425,12.467569,13.901826,13.596533,15.338169,18.408566,20.618336,20.2726,24.400871,25.620916,29.333857,31.92426,35.22842,36.505276,36.130432,39.32815,35.542828,32.309612,30.610971,26.471186,26.091623,20.35709,19.493006,14.69934,13.827076,13.534139,9.1806135,6.416967,6.1065164,2.7202888,4.872571,6.947687,9.693324,12.432733,15.206861,18.07156,20.884886,22.75264,21.27866,27.638777,23.904411,27.9422,29.535032,31.367233
24,21.811975,24.813814,23.508612,24.386156,22.90596,22.325243,24.144623,23.740309,27.805601,27.214373,33.13825,32.339615,35.04531,35.26788,31.794739,28.028074,26.369104,22.406292,21.14212,16.92626,16.70195,10.436975,8.120568,3.9561388,0.0,4.46279,8.3272505,11.781072,13.07009,16.278778,18.46657,21.419744,26.794462,30.288422,32.29526,35.41246,38.03675,39.626427,36.696762,32.6773,28.859741,28.739151,24.141975,25.252909,20.888998,22.409124,19.640448,20.886414,19.577408,22.679697,20.267641,24.242119,21.650583,23.420261,27.070446,24.736238,30.38579,27.869131,25.417156,27.452002,31.743622,27.857052,23.71509,23.308073,18.472496,16.812788,14.179378,13.93831,9.337766,11.702984,13.972447,14.717555,16.581877,20.165363,22.176058,21.554413,25.477133,26.656017,30.075994,32.729317,35.79756,37.213364,37.348785,40.614292,36.620235,33.814903,32.00422,27.81464,27.349274,21.651281,20.431425,15.8110075,14.068113,13.212234,9.717704,6.21419,6.459787,5.7471147,8.536416,10.807502,13.18428,15.870788,17.976538,21.286184,24.318434,25.813963,23.996927,30.244307,26.051186,29.902973,31.203491,32.768223
25,22.286406,25.315886,24.578035,24.663784,23.835588,23.345428,24.302042,24.578476,28.256544,27.767221,33.42999,32.39086,35.268436,35.522064,32.35345,28.682938,27.807652,23.36161,23.203259,18.488312,19.536152,13.299949,10.9714,7.839523,4.46279,0.0,5.3285136,8.761542,11.172067,14.075959,16.671383,19.591978,24.638296,28.747831,30.088318,33.7838,35.856373,37.280033,34.217945,29.923412,26.525492,26.063078,21.83461,22.935883,18.772703,20.611193,17.948317,19.982191,17.865885,20.344027,17.674677,21.254953,18.516256,19.792553,23.623163,20.807987,26.683857,24.222517,22.073444,24.523113,28.860615,25.443329,21.041954,20.554976,15.220957,14.041623,10.429845,10.886489,6.534366,9.852655,12.391168,14.486262,15.948667,20.087505,21.629711,20.563103,24.145657,25.209087,28.23716,30.918194,33.693497,35.261787,35.928703,39.264828,35.14843,32.835938,31.021242,26.773733,26.45452,20.814129,19.531145,15.421561,13.17728,12.869464,10.854721,8.172066,9.82698,9.804937,12.684085,14.10274,15.777373,17.976532,18.996851,22.909756,26.225473,27.061409,24.766222,30.691233,25.948051,29.49471,30.390266,31.628689
26,20.177914,22.63964,22.064196,21.049309,20.543915,19.968655,20.082169,21.019367,24.292034,24.138063,29.52861,28.630999,31.680613,32.222908,29.424274,25.673864,25.74636,20.82219,21.710905,16.770266,18.909681,13.471683,10.983848,10.327935,8.3272505,5.3285136,0.0,3.741611,6.8662477,8.828111,12.158632,14.380527,19.629961,23.592115,25.00683,28.721556,30.711462,32.28997,29.483187,25.306036,22.006723,22.202137,17.823338,20.034964,16.235085,18.898466,17.254766,20.1034,18.553005,19.71315,16.66523,19.344254,15.605497,16.67197,19.39854,16.872337,22.350498,19.564936,17.118923,19.331602,23.682407,20.172653,15.767729,15.72147,10.418914,10.079573,7.3460183,9.4661,7.1684337,10.841762,11.766352,14.82092,14.661614,19.357079,20.059776,17.830412,21.41178,21.67849,24.72866,26.931005,29.638159,30.955084,31.992609,35.070427,30.640882,28.713524,26.59863,22.640156,21.849838,16.674395,14.884099,11.295872,8.599511,9.293457,8.970892,8.36625,11.512287,11.791606,14.942153,15.39368,16.680128,17.373346,17.539682,22.185575,25.505356,25.829432,23.212505,28.596998,23.213787,26.87802,27.107124,28.597527
27,21.389696,23.321207,22.831604,20.8372,20.4765,19.607069,18.7627,19.905697,22.640629,22.440807,27.435982,26.334343,29.455547,30.039268,27.570183,23.988081,24.807808,19.661047,21.566347,16.552244,19.762024,14.982687,13.056065,13.213368,11.781072,8.761542,3.741611,0.0,4.420687,5.767302,9.014223,11.357868,16.093266,20.516016,21.448473,25.419905,27.180244,28.644686,25.786633,21.579117,18.391685,18.710915,14.414122,17.119102,13.715709,16.840315,15.938328,19.320091,18.038158,18.1944,15.017476,16.94845,12.692221,13.643733,15.8008795,13.675721,18.86476,16.276892,13.723195,16.185358,20.169527,16.742275,12.379312,11.995365,6.745535,6.7924857,5.163787,8.221654,8.042773,11.237936,11.046143,14.735482,13.540522,18.408487,18.454546,15.563736,18.857656,18.719398,21.572714,23.589561,26.161682,27.45636,28.77332,31.803682,27.311188,25.701422,23.593111,19.694893,19.035923,14.080505,12.42247,9.774898,7.3836055,9.904799,10.762557,11.312957,14.717878,14.663405,17.539001,17.179436,17.852978,17.743914,16.934717,21.899754,25.244051,24.994205,22.09551,26.929901,21.183023,24.62842,24.417309,25.83372
28,22.849417,24.185225,23.051188,20.656876,19.452654,17.78864,16.650259,16.74594,19.345694,18.58875,23.584145,22.217022,25.270437,25.72921,23.186508,19.669065,20.585878,15.422148,17.841043,12.849063,16.952446,12.979821,12.116684,13.214949,13.07009,11.172067,6.8662477,4.420687,0.0,5.127413,5.516393,9.702982,13.857764,18.33418,19.404219,22.898817,25.230505,26.609476,23.64961,19.790854,15.878519,16.557589,11.6505165,14.592753,11.08091,14.253669,13.96996,17.121206,17.08111,16.992393,14.017755,15.972758,11.723964,13.715749,15.426393,14.890389,19.222252,17.34709,14.436808,16.655506,19.660593,15.6156845,12.05384,10.555881,7.3496923,5.1771607,7.1682606,8.348787,9.018075,11.045504,9.34476,12.47894,10.254798,15.021495,14.786666,11.581659,15.2256775,14.996802,18.306635,20.327316,23.256525,24.45943,25.216366,28.29726,24.008007,21.89092,19.959913,15.818763,15.599201,10.03278,9.230047,6.5808,6.077391,10.711664,10.942121,12.285881,15.602419,14.553936,16.773346,15.34609,15.368696,14.404961,12.946706,18.043861,21.323942,20.832699,17.888489,22.584011,16.820686,20.447117,20.350794,22.04569
29,20.450886,21.349121,20.80104,17.521269,17.301815,16.192747,14.1516695,16.032757,18.047974,18.373108,22.874624,22.16527,25.41376,26.440899,24.474228,20.857218,22.757906,17.459116,20.331997,15.770717,19.625668,16.479237,14.824737,16.79923,16.278778,14.075959,8.828111,5.767302,5.127413,0.0,5.7849174,5.613729,11.209331,14.828361,16.442415,19.99569,22.044216,23.908358,21.635994,17.97926,14.717621,16.631567,12.106028,16.598425,14.130249,17.798382,18.228987,21.741274,21.52383,20.665083,17.593695,18.407648,13.487814,14.340902,14.033248,13.308367,16.889734,13.937788,10.6488285,11.989669,15.692432,11.580757,7.631937,8.449058,5.513622,7.1632795,9.199109,12.154914,13.201232,15.723019,14.173412,17.541311,14.895622,19.509514,18.678782,14.584178,17.735664,16.277723,19.281096,20.327475,22.92271,23.63208,25.187063,27.685825,22.777084,21.542,18.91058,15.714821,13.99253,10.291455,7.555117,6.7783875,4.918058,9.225258,11.677271,13.957634,17.584328,17.640207,20.349243,19.364405,19.778193,18.12212,16.699457,21.87537,24.856712,24.230429,21.309294,25.223349,19.098036,22.715498,21.668304,23.659332
30,25.306799,25.79586,24.61387,21.075315,19.850868,17.67756,15.096327,15.101001,16.496273,15.544087,19.644663,17.9598,21.08598,21.670488,19.763605,16.621048,18.934246,13.763369,17.823761,13.4630785,18.689924,16.347645,16.18909,18.147612,18.46657,16.671383,12.158632,9.014223,5.516393,5.7849174,0.0,6.678949,8.772047,13.762256,14.295418,17.705837,20.120085,21.382383,18.469398,15.010756,10.744599,12.48777,7.330718,11.89191,9.741179,13.354989,14.735472,18.079578,18.986855,17.510612,14.842566,15.362189,10.825441,12.877056,12.62234,13.984983,16.643618,15.488146,12.42673,14.2861595,15.8434305,11.573463,9.333201,6.6583576,7.247678,5.467007,10.395901,11.433983,13.724733,14.884051,11.951685,14.833926,11.091588,15.17139,13.668886,9.115532,12.122776,10.578884,13.888968,15.245245,18.208193,19.131643,20.051928,22.937885,18.519976,16.687578,14.707632,10.697311,10.75258,5.6975217,6.008769,6.7428126,8.140858,13.733745,14.882409,17.090328,20.43587,19.246431,21.073446,18.878378,18.206095,15.930444,13.119368,18.160831,21.103436,19.730976,16.576273,19.911135,13.682248,17.005999,15.992948,17.924042
31,21.750921,21.542923,20.95803,16.426893,16.352945,14.955961,11.305584,13.91312,14.612635,15.518933,19.01733,18.714853,22.006037,23.495867,22.256027,18.872768,21.981514,16.915207,20.72739,17.003014,21.266497,19.687675,18.480724,21.404207,21.419744,19.591978,14.380527,11.357868,9.702982,5.613729,6.678949,0.0,7.100003,9.236564,11.743984,14.654225,17.045118,19.34836,17.851122,15.104048,12.035424,15.685851,11.59758,17.299965,16.017317,19.772686,21.271502,24.738945,25.30773,23.655163,20.842152,20.692657,15.734973,16.421928,13.851252,14.753263,16.216377,13.409372,9.878805,9.497702,12.038506,7.0915775,5.12672,7.372665,8.568123,10.536529,14.0642,16.702625,18.425024,20.47487,18.16411,21.165943,17.63404,21.65469,20.065842,15.255987,17.81376,15.063249,17.890882,17.7233,20.178398,20.169394,21.998224,23.805565,18.515488,17.879488,14.695057,12.690402,9.611642,8.594965,5.1032753,8.000815,7.9761047,12.200226,15.254473,18.336298,21.875818,21.895578,24.31723,22.83702,22.92832,20.147411,18.152458,23.118727,25.62362,24.557577,21.73548,24.408268,18.231287,21.687025,19.720457,22.18102
32,28.689507,28.16901,27.569822,22.60697,22.36334,20.443815,16.000984,17.452034,16.569525,16.535788,18.129059,16.742268,19.774662,20.976902,20.763252,18.557503,22.833216,18.337212,23.4849,20.237453,25.543251,24.446318,24.126038,26.655298,26.794462,24.638296,19.629961,16.093266,13.857764,11.209331,8.772047,7.100003,0.0,7.249276,5.554417,9.882607,11.408884,12.882138,10.822989,8.437421,5.636877,10.552703,8.21798,14.169906,14.810163,18.301249,21.049925,24.610064,25.65254,22.68973,20.423239,18.808815,14.474764,14.986324,10.592038,14.037889,13.05907,12.540777,9.975312,10.223883,8.675358,4.9033213,7.0067453,5.5455127,11.007084,12.132547,16.820528,18.673138,21.808361,22.940058,19.854212,22.838806,18.629217,21.798437,19.217985,14.214119,15.011429,11.303207,12.815375,11.638441,13.513374,13.355723,15.97301,17.695278,12.467589,13.045049,10.470074,9.127214,8.010879,9.156144,9.083662,13.225222,14.3953495,19.189447,21.797728,24.633884,28.139963,27.502787,29.462502,27.216846,26.428446,23.355507,20.041811,24.54541,26.858095,24.710323,21.694712,22.668295,16.667906,18.725695,15.709228,17.605867
33,27.22081,25.638597,25.015675,19.435064,19.462442,17.805288,12.652294,15.262798,13.066561,14.665736,15.030103,15.469171,18.345839,20.547411,20.951519,18.647346,23.402872,19.499228,24.22213,22.032259,26.473482,26.737776,26.16986,29.7683,30.288422,28.747831,23.592115,20.516016,18.33418,14.828361,13.762256,9.236564,7.249276,0.0,6.6936855,6.176605,9.687212,12.915869,13.566585,13.567436,11.878313,17.361431,15.098097,20.993801,21.398016,24.776747,27.439602,30.652285,32.12932,29.574364,27.264286,25.987614,21.578747,22.057623,17.299414,20.152607,18.576506,16.913969,14.284804,11.90874,10.464427,6.7819815,10.451662,12.26514,16.53481,18.21147,22.571743,24.763763,27.122852,28.62323,25.628092,28.118017,23.876225,26.819008,24.38708,19.396473,20.602882,16.489937,18.327509,15.957172,17.668587,16.135511,18.32814,18.431822,12.845274,13.912459,10.120012,11.69622,7.150037,12.1115055,10.482214,15.189932,16.438421,20.152306,23.256847,26.786963,30.137468,29.989141,31.977345,29.922977,29.540272,25.701956,23.086336,27.241169,28.903614,27.179039,24.743837,25.133266,19.721209,22.25408,18.945026,21.801018
34,32.219498,31.169287,30.801403,25.357286,25.495953,23.716566,18.757366,20.556572,18.53356,18.87818,18.72776,17.61297,20.22464,21.686724,22.52208,21.05915,26.034164,22.139893,27.555878,24.901834,30.171036,29.6583,29.386211,32.137413,32.29526,30.088318,25.00683,21.448473,19.404219,16.442415,14.295418,11.743984,5.554417,6.6936855,0.0,5.9165964,5.879062,7.6087484,7.1241937,7.2583127,7.3771777,12.601249,12.323006,17.625914,19.281937,22.44888,25.65376,29.138502,30.34232,26.85582,24.885256,22.515379,18.691538,18.662315,13.015477,17.088144,13.997779,14.2062235,12.591902,11.669819,7.342326,6.357156,10.683293,10.2828865,15.918783,17.43653,21.961689,23.87621,27.242115,28.273825,25.092321,27.983732,23.633638,26.327196,23.401146,18.557705,18.431482,14.287585,14.563873,11.822263,12.443785,11.194697,14.854836,15.345089,10.04446,12.728376,10.339006,11.394321,10.115793,13.708739,13.748115,18.302681,19.503426,23.905191,26.855553,29.886536,33.396915,32.886135,34.817192,32.477463,31.584215,28.190876,24.708197,28.836088,30.785486,28.316015,25.496225,25.240864,19.834438,21.069582,17.27283,18.962616
35,33.337456,31.58207,30.86284,25.248573,25.026217,23.050451,17.92274,19.371712,16.221811,16.96804,15.196134,14.974284,17.15712,19.19597,20.768715,19.710957,25.123774,22.036652,27.351444,25.703308,30.597692,31.300303,31.28458,34.73428,35.41246,33.7838,28.721556,25.419905,22.898817,19.99569,17.705837,14.654225,9.882607,6.176605,5.9165964,0.0,5.425226,8.247099,10.144953,12.361909,11.890704,17.317415,16.621075,21.796692,23.322632,26.233873,29.564915,32.59277,34.509155,31.296837,29.453297,27.435633,23.730536,24.188675,18.847063,22.865496,19.861616,19.7112,17.845587,15.94212,12.113319,10.588231,15.06046,15.341493,20.720694,21.850792,26.65981,28.344244,31.321377,32.284103,28.881388,31.15274,26.626654,28.81145,25.869055,21.155262,21.158924,16.738424,17.393408,13.847804,14.645357,12.215234,14.704011,13.689611,8.463293,11.396002,8.555083,12.027885,9.574764,15.316606,15.339138,20.191963,21.955275,26.107985,28.920212,32.356117,35.683666,35.116962,36.782253,34.245274,33.33411,29.286493,26.010984,29.596884,30.923922,28.54064,26.228334,25.088663,20.451942,21.755125,17.756914,20.217604
