,0,1,2,3,4,5,6,7,8,9,10,11,12,13,14,15,16,17,18,19,20,21,22,23,24,25,26,27,28,29,30,31,32,33,34,35,36,37,38,39,40,41,42,43,44,45,46,47,48,49,50,51,52,53,54,55,56,57,58,59,60,61,62,63,64,65,66,67,68,69,70,71,72,73,74,75,76,77,78,79,80,81,82,83,84,85,86,87,88,89,90,91,92,93,94,95,96,97,98,99,100,101,102,103,104,105,106,107,108,109,110,111,112,113
0,0.0,4.408655,6.1804104,8.703734,12.453115,13.798929,17.907984,20.449135,23.596281,26.874275,31.595022,33.629906,35.795094,37.00284,33.487766,29.804634,26.746435,24.145481,21.974236,18.16143,16.626783,13.06744,15.792699,13.149176,15.174169,19.376606,19.458393,22.985046,22.09253,25.10138,25.842155,28.852236,34.022636,34.876785,38.43371,39.51252,43.780487,45.22406,44.039772,40.954556,36.316227,37.30706,32.21698,33.19619,29.23025,29.429659,27.424208,25.927126,28.208483,31.756327,30.423864,34.458805,32.406662,35.55483,38.288673,37.735287,42.127453,40.120304,37.00034,38.009743,41.428738,36.56389,33.51251,33.00839,30.067337,27.61968,28.020645,26.08957,24.052723,24.681246,24.149935,21.0566,21.76958,21.954708,24.390078,25.561468,29.372149,30.460297,34.63709,36.623894,40.38195,41.315914,37.844795,40.829823,40.644714,36.183582,33.792038,29.682547,29.11523,24.379993,24.041054,19.763582,20.228554,21.086956,15.362606,15.419446,15.849088,19.296389,17.996288,21.811651,18.761215,24.384197,22.246414,29.132332,26.837786,31.555054,34.57177,32.53415,29.356445,28.633682,23.483076,21.622688,17.602865,15.069634
1,4.408655,0.0,5.046953,4.6376243,8.949911,10.960885,14.475996,17.782509,20.386723,24.09305,28.508135,30.920574,32.784767,33.7923,30.45102,26.543108,24.09289,20.985588,19.592833,15.491808,14.956246,11.125439,13.4474745,11.953982,12.684192,17.654346,16.640205,19.843435,18.656067,21.301968,22.073969,24.729326,29.94122,30.533113,34.271217,35.207535,39.54712,41.115013,40.096684,37.08983,32.49792,33.85324,28.64792,30.177855,26.300829,26.927486,25.340012,24.410677,26.771181,29.810698,28.220781,31.915894,29.434732,32.519604,34.75915,34.34955,38.482143,36.36594,33.14116,33.933285,37.30157,32.37288,29.441978,29.164078,26.501972,24.251028,25.034657,23.42886,21.859095,22.825275,21.965199,19.382526,19.253496,19.960629,21.95531,22.417,26.370863,27.005413,31.280941,32.99253,36.765766,37.533886,34.183327,37.109337,36.664318,32.204796,29.652288,25.673443,24.810856,20.294142,19.822721,15.650957,16.37236,17.329897,11.556903,12.392443,12.342225,15.522975,13.889454,17.54677,14.357978,19.980433,17.991573,24.882372,22.791788,27.554213,30.64818,28.890333,25.619118,25.526863,19.94332,18.671701,14.515649,12.78317
2,6.1804104,5.046953,0.0,5.9310594,7.4604893,9.391786,12.8694935,16.00313,19.200756,22.397997,27.351482,29.107958,31.317183,32.140884,28.531643,24.831493,21.647781,18.828947,16.843313,12.427986,11.896192,7.0817432,9.634269,7.548643,9.639771,14.532709,14.083849,17.651257,16.494213,20.078365,20.420118,24.148441,29.049208,30.810324,33.72759,35.48936,39.365154,40.525574,38.919422,35.598732,30.992191,31.559294,26.569157,27.241241,23.183275,23.37159,21.295443,20.03583,22.225855,25.64181,24.251005,28.289028,26.326986,29.526134,32.522152,32.03727,36.500435,34.816784,31.843803,33.32631,36.539787,31.863094,28.696527,27.624403,24.619675,21.83497,22.352621,20.076904,18.37893,18.77097,18.006174,14.965974,15.6438055,16.13497,18.656126,19.865707,23.757809,25.09943,29.2217,31.51693,35.218174,36.41941,33.2759,36.62912,36.322807,31.747309,29.687067,25.223564,25.139013,19.779976,19.598146,15.2076435,15.559923,17.65735,12.23481,12.65506,14.116864,17.072071,15.831362,18.812733,15.692096,21.13344,18.879063,25.84906,23.091503,28.039017,31.003885,29.218,26.12582,25.884592,20.384914,19.375275,14.992175,13.543421
3,8.703734,4.6376243,5.9310594,0.0,4.8258357,7.1262817,10.040592,13.806518,15.997781,19.935303,24.169859,26.756,28.442125,29.31837,26.072666,22.066715,20.00993,16.635948,15.811792,11.757034,12.048081,8.692847,10.803094,11.235817,10.837298,16.730396,14.340849,17.092705,15.122563,17.779108,17.904636,20.775526,25.590544,26.32609,29.805658,30.843204,35.090096,36.56306,35.545128,32.6441,28.000582,29.524254,24.31505,26.091343,22.41628,23.249622,22.17672,21.63305,24.317352,26.73353,25.07787,28.383474,25.738586,28.903074,30.73978,30.770046,34.527588,32.65608,29.38733,30.202267,33.186802,28.233566,25.561975,25.022282,22.948698,20.540972,22.075138,20.418867,19.743496,20.653582,19.171577,16.925667,15.84998,16.71236,18.204979,18.185593,22.125456,22.503492,26.800034,28.391087,32.16822,32.899696,29.572535,32.538284,32.063824,27.5889,25.11649,21.058193,20.456219,15.754757,15.68197,11.710479,13.082457,15.102875,9.643329,11.739195,11.54444,13.918579,11.734765,14.524616,10.636445,16.191063,13.651854,20.606607,18.275553,23.115488,26.198854,24.55358,21.286333,21.580767,15.704026,15.048539,10.7329645,10.097893
4,12.453115,8.949911,7.4604893,4.8258357,0.0,4.429495,5.765703,10.4451885,12.587023,16.4025,20.859896,23.130592,24.875494,25.412632,22.054955,18.039366,15.866675,12.226085,11.748567,7.1232867,9.007709,5.465208,6.900903,9.398515,8.329222,14.641848,11.362884,13.823739,11.144372,14.515194,13.779156,17.666464,21.977013,23.74244,26.419123,28.181782,31.994558,33.12472,31.669508,28.571724,23.885382,24.987724,19.860954,21.31869,17.616905,18.44149,17.518301,17.275085,20.033924,22.085901,20.425888,23.608301,21.076265,24.37064,26.39488,26.672005,30.395323,28.96461,25.842083,27.165733,29.796093,25.028757,22.345335,21.044283,19.14962,16.247623,18.243624,16.156769,16.244143,16.806377,14.817305,12.791091,11.13559,12.269403,13.587109,13.488793,17.518867,18.1565,22.42185,24.350304,28.091835,29.111893,26.039583,29.38107,28.887455,24.302418,22.257135,17.76475,17.926022,12.38872,12.817083,8.900563,10.473041,14.162279,9.716143,12.131802,12.85612,14.394804,12.40453,13.841704,9.934833,14.849668,11.948798,18.7818,15.814682,20.831768,23.792953,22.340286,19.25033,19.917295,13.927666,14.226538,9.89864,10.6354065
5,13.798929,10.960885,9.391786,7.1262817,4.429495,0.0,5.1594405,6.87001,9.940973,13.237133,18.022192,20.045807,22.106625,23.213274,19.698425,16.063692,13.210517,10.706365,8.885198,6.348906,5.6682625,6.2098403,9.084115,12.061699,12.0227995,18.216148,14.978828,17.183405,13.821343,17.428509,15.285318,19.819736,22.936266,24.84388,26.833609,28.541004,32.19087,32.974667,31.520107,28.819746,23.92795,24.89875,20.12277,20.959755,17.770716,17.918987,17.452532,16.486935,20.278135,21.981657,20.876467,23.832434,21.945017,25.556973,27.445856,28.525585,31.720257,30.962938,27.922762,29.356699,31.20019,26.49424,24.421951,22.394096,21.515427,18.082254,20.885284,18.148163,19.02451,18.813475,16.176311,13.47777,11.600987,10.976802,12.0402,12.843708,16.184637,17.208414,21.229458,23.267466,26.990366,28.086212,24.442078,27.681713,27.94969,23.522398,21.922413,17.336205,18.709242,13.052919,14.897232,11.867332,14.074315,18.221533,13.993307,16.545269,17.000212,18.413103,16.055323,17.081083,12.504025,16.911194,12.499821,18.850323,15.155503,19.812452,22.49024,20.319572,17.481775,16.92321,11.72624,11.125599,6.9330215,7.4300284
6,17.907984,14.475996,12.8694935,10.040592,5.765703,5.1594405,0.0,6.269559,7.285485,11.182591,15.411336,17.719522,19.281414,19.659319,16.356878,12.280156,10.642784,6.633426,7.5268106,4.526012,8.0602045,8.068169,8.492096,13.105688,11.419489,17.269865,12.839878,13.998407,9.941314,13.2405,10.302401,15.118584,17.844778,20.267916,21.89911,24.036592,27.446453,28.183624,26.581636,23.735872,18.88182,20.033962,15.102713,16.593004,13.536774,14.445339,14.738286,15.016061,18.434395,19.180138,17.701809,20.009415,17.580025,21.080381,22.455194,23.781906,26.673185,26.016813,22.998459,24.522747,26.129042,21.522186,19.56449,17.288694,16.933876,13.533697,17.094307,14.710769,16.640448,16.673994,13.588617,12.25412,8.791428,9.534491,9.376045,8.430395,12.176955,12.590558,16.820208,18.745985,22.48834,23.595295,20.444696,23.951424,23.693527,19.13151,17.619865,12.820724,14.387323,8.315441,10.558083,8.376604,10.938914,15.929639,13.175502,16.135584,16.655003,17.064137,14.875088,14.531427,10.4497,13.627694,9.525466,15.366673,11.552341,16.39663,19.082829,17.670565,14.90109,15.899739,10.218459,11.773461,8.428251,11.026491
7,20.449135,17.782509,16.00313,13.806518,10.4451885,6.87001,6.269559,0.0,4.509819,6.4515715,11.618589,13.21269,15.486563,16.911192,13.29407,10.249759,6.9899883,6.4312277,4.0961914,6.997736,6.215017,10.915071,12.724577,17.046953,16.675383,22.373016,18.459904,19.632994,15.416331,18.84035,14.688887,19.894823,20.810179,23.42011,23.85249,25.92056,28.888565,28.998205,27.346355,25.182898,20.245216,20.953081,16.992085,17.129297,15.163488,14.75911,15.7112465,14.804927,19.519333,19.754509,19.2543,21.157423,19.972279,23.753628,25.036158,27.392298,29.522772,29.875957,27.123695,28.81844,29.308825,25.023808,23.934038,20.740173,21.6128,17.737274,21.839407,18.690714,21.213507,20.2656,16.687767,14.482731,11.451338,9.289698,8.4827795,9.547991,11.3151655,12.612558,16.009203,18.171974,21.714417,23.008528,18.995047,22.316753,23.412233,19.303122,18.73702,14.138349,17.541807,12.127518,15.720063,14.449493,17.139315,22.17085,19.189938,22.087017,22.495295,23.088007,20.6226,20.264011,15.752587,18.405533,13.0041,17.439928,12.823382,16.553202,18.538527,15.938401,13.893617,12.585952,9.144606,9.296882,7.493592,9.721756
8,23.596281,20.386723,19.200756,15.997781,12.587023,9.940973,7.285485,4.509819,0.0,4.7083135,8.277867,11.08577,12.447826,13.5818815,10.465989,6.882991,6.5046563,5.217128,6.777405,9.457366,10.589925,14.222338,15.095691,19.915102,18.546339,24.089102,19.434504,19.774214,15.284826,17.707724,12.983344,17.487408,17.412754,19.668316,19.841057,21.668566,24.604616,24.748518,23.423538,21.662066,16.755709,18.272556,14.434512,15.625701,14.455192,14.822718,16.806467,16.939919,21.290108,20.539103,19.793976,20.73697,19.03602,22.553295,22.695627,25.62718,26.944609,27.414598,24.632046,25.961866,25.880974,21.648764,21.241497,18.124376,20.177347,16.752815,21.563717,19.064922,22.289743,21.71819,17.969728,16.853548,12.876716,11.775054,9.683682,8.570831,9.734406,9.553711,12.954773,14.361347,17.971214,18.915867,14.786686,18.01944,18.960281,14.880551,14.38376,9.985588,13.989948,9.412058,13.713874,13.78266,16.83706,21.83185,19.792242,23.08761,23.03734,22.925552,20.366354,19.097225,14.874215,16.193127,10.682077,13.705033,8.925904,12.248605,14.1219,11.825403,9.897873,9.873146,6.479342,8.7313175,8.361653,11.918214
9,26.874275,24.09305,22.397997,19.935303,16.4025,13.237133,11.182591,6.4515715,4.7083135,0.0,5.6500673,6.830384,9.090179,10.878998,7.392128,5.723363,4.125688,6.9223003,6.9723573,11.851229,11.911467,16.839851,17.829489,22.655516,21.82953,27.021189,22.670443,22.92845,18.462837,21.161917,15.884369,20.810873,19.47963,22.448942,21.287315,23.542324,25.675709,25.099363,23.391905,22.010818,17.351086,17.982182,15.3088045,15.042278,14.864053,14.266793,16.752361,16.418736,21.19319,19.835241,19.80243,20.262716,19.6272,23.185179,23.458904,27.009054,27.84503,29.197803,26.808222,28.533237,27.657156,23.992329,24.006348,20.073507,22.678322,18.943438,23.877756,20.885307,24.547913,23.315042,19.352114,18.076218,14.461614,12.133838,9.537901,9.740569,8.845305,9.717691,11.75269,13.647079,16.784384,18.159056,13.838793,17.119366,19.092852,15.624099,16.314005,12.39735,17.417969,13.310981,17.742752,18.035566,20.842981,26.098434,24.15384,27.263416,27.51996,27.457504,24.997997,23.623718,19.548988,20.571278,15.193308,17.110212,12.381899,14.379855,15.315333,12.624787,11.914734,10.433394,9.937334,11.283257,11.874379,14.737547
10,31.595022,28.508135,27.351482,24.169859,20.859896,18.022192,15.411336,11.618589,8.277867,5.6500673,0.0,4.776755,4.564058,7.0293064,5.5014663,5.8042326,8.599045,10.761467,12.477772,16.860561,17.461071,22.049152,22.676338,27.701164,26.303154,31.374207,26.570612,26.1872,21.697573,23.364977,17.889656,21.61405,18.692951,20.940474,18.942722,20.605885,22.27411,21.406004,20.29928,20.04748,15.924326,17.417667,15.778588,16.344133,17.446375,17.398703,20.688688,21.03989,25.438055,23.176224,23.107433,22.444279,21.61929,24.67763,23.518497,27.864273,27.410414,29.164888,26.936966,28.155132,26.21121,22.988583,24.132137,20.380005,24.38333,21.29983,26.67549,24.321991,28.472456,27.50269,23.511885,22.969229,18.939514,17.25637,14.173024,12.985504,11.000368,10.049836,10.610954,10.863699,13.45595,14.20391,9.264782,11.8979645,14.710903,12.162369,13.703485,11.306609,16.839708,14.690962,19.300985,20.789236,23.776196,28.743254,27.533072,30.924845,30.708267,30.09785,27.550636,25.486874,21.79379,21.483738,16.40639,15.913343,11.871668,11.724937,11.507801,8.920452,9.732354,8.90252,10.88781,13.127557,15.1310835,18.44697
11,33.629906,30.920574,29.107958,26.756,23.130592,20.045807,17.719522,13.21269,11.08577,6.830384,4.776755,0.0,3.7051196,6.4853067,4.4981394,7.4757524,8.295452,12.239085,12.821125,18.007368,18.115126,23.23762,23.86362,28.81542,27.929224,32.61884,28.231085,27.936144,23.561504,25.779123,20.067808,24.537964,21.27773,24.56615,21.663534,24.1081,24.997852,23.470297,21.616098,21.266422,17.482626,17.549763,16.894499,15.742186,17.397612,16.411852,19.780285,19.70236,24.201326,21.597296,22.18094,21.303474,21.58274,24.671236,24.16743,28.688444,28.24349,30.701344,28.870098,30.693789,28.475002,25.760387,26.746094,22.263142,26.085682,22.612131,27.789843,24.90677,29.221857,27.6525,23.623316,22.914644,19.405016,16.948097,13.858766,13.904717,10.817019,11.386513,10.738795,12.125051,13.985487,15.549901,11.425237,14.21787,17.470173,15.393195,17.6168,15.065789,20.813183,18.078606,22.588108,23.755896,26.430872,31.741842,30.44553,33.5653,33.84412,33.426228,31.055235,29.108112,25.459538,25.45814,20.497234,20.434988,16.282585,16.320879,15.845168,13.500988,14.507958,12.905359,15.058487,16.594374,18.22819,21.022331
12,35.795094,32.784767,31.317183,28.442125,24.875494,22.106625,19.281414,15.486563,12.447826,9.090179,4.564058,3.7051196,0.0,4.0056214,4.6364594,7.875626,10.836114,13.767217,15.487518,20.164959,20.90351,25.586548,25.91064,31.036102,29.656807,34.297993,29.566393,28.862135,24.500877,26.032753,20.341003,23.98542,19.928617,22.735012,19.41572,21.513424,22.098684,20.44734,19.007042,19.34242,15.965663,16.756447,16.56987,16.321653,18.493418,18.14278,21.867607,22.391375,26.535873,23.532703,23.848154,22.383986,22.224274,24.947945,23.46613,28.344017,27.147524,29.692614,27.92938,29.379625,26.608828,24.165913,25.778872,21.561737,26.127928,23.148737,28.544386,26.183628,30.723597,29.473358,25.468931,25.280493,21.38539,19.587158,16.255146,15.224692,12.06551,11.321391,9.99804,10.060626,11.485313,12.550764,8.250587,10.641726,14.234534,12.805782,15.48949,13.903944,19.652185,18.036459,22.507483,24.346567,27.098122,32.183224,31.393446,34.680485,34.670635,33.884426,31.508114,29.132757,25.803965,25.017765,20.420708,19.103354,15.513617,14.500605,13.406095,11.632427,13.3282,12.729931,15.381597,17.596601,19.646566,22.845753
13,37.00284,33.7923,32.140884,29.31837,25.412632,23.213274,19.659319,16.911192,13.5818815,10.878998,7.0293064,6.4853067,4.0056214,0.0,4.0201144,7.400105,11.479569,13.622206,16.364426,20.40533,22.177385,26.101072,25.763872,31.045713,29.256771,33.395836,28.566992,27.38786,23.238535,24.357174,18.662142,22.008322,17.221682,20.710861,16.548897,19.395294,19.343645,17.35919,15.374363,15.62374,12.613426,13.172084,13.766792,13.66487,16.482475,16.56365,20.628586,21.888645,25.404615,21.86348,22.000584,19.881819,19.597715,21.937256,19.984375,25.10443,23.481842,26.345625,24.8583,26.479712,23.35202,21.390333,23.189442,18.735666,23.706728,21.053226,26.441868,24.44045,29.272793,28.137594,24.239746,24.769512,20.706453,19.62245,16.047722,14.230221,10.6803,9.333443,6.8222585,6.6127744,7.6504803,9.253045,6.1486006,9.50993,12.176794,10.823379,14.091764,12.76105,18.47287,17.252003,21.399923,23.681112,26.131788,31.19582,31.08157,34.255306,34.420773,33.316193,31.227314,28.428286,25.700117,24.337294,20.533468,18.763462,15.538556,14.511156,13.371865,12.8938675,14.448392,15.408779,16.931309,19.902178,21.443687,24.950039
14,33.487766,30.45102,28.531643,26.072666,22.054955,19.698425,16.356878,13.29407,10.465989,7.392128,5.5014663,4.4981394,4.6364594,4.0201144,0.0,4.4278746,7.4845614,10.157725,12.423294,16.7057,18.283,22.355913,22.196318,27.40772,25.93617,30.210325,25.58956,24.80004,20.547173,22.349266,16.556288,20.848133,17.161224,21.09637,17.773111,20.894642,21.545847,20.000462,17.711891,16.9305,13.087646,13.10898,12.576479,11.825606,13.886121,13.559752,17.373003,18.258251,22.1277,19.054945,19.241505,17.864616,17.698181,20.575146,19.708452,24.331244,23.750278,26.251892,24.52273,26.485031,24.207787,21.6777,22.66804,17.991266,22.114138,18.892967,24.18448,21.691673,26.321789,24.995222,21.013763,21.122349,17.199356,15.740556,12.226062,11.011285,7.498593,7.3350973,6.250963,8.039976,10.268487,12.22444,8.860431,12.658446,14.822561,12.312639,14.756229,12.06221,17.867725,15.324071,19.601223,21.2286,23.658962,28.972145,28.371655,31.427378,31.838171,31.06712,28.969328,26.572447,23.509138,22.93653,18.727703,18.354391,14.410549,14.683885,14.39472,13.21284,13.925371,14.291789,14.930151,17.572332,18.583658,21.89067
15,29.804634,26.543108,24.831493,22.066715,18.039366,16.063692,12.280156,10.249759,6.882991,5.723363,5.8042326,7.4757524,7.875626,7.400105,4.4278746,0.0,5.759779,6.3302717,9.845871,13.203832,15.528907,18.884352,18.584911,23.86023,22.053389,26.57467,21.726341,21.009195,16.627947,18.398058,12.689188,17.105371,14.463139,18.195787,16.05209,19.04735,20.616055,19.841667,17.800205,16.294039,11.696923,12.607984,10.293919,10.935448,11.752952,12.212532,15.660061,16.826893,20.62606,18.202417,17.744463,17.073414,15.872014,18.997301,18.295181,22.337372,22.48789,24.135876,21.956285,23.742517,22.312109,19.061848,19.528141,15.243214,18.890553,15.649317,21.025791,18.734224,23.122488,22.223927,18.272196,18.423544,14.100906,13.356639,9.915155,7.6104093,5.611292,4.470534,6.3523545,8.142553,11.513944,13.061744,9.589556,13.641405,14.681278,11.032286,12.362116,8.606483,14.203467,11.000792,15.342493,16.846916,19.39219,24.65586,23.99913,27.127172,27.432978,26.65551,24.543194,22.21044,19.109308,18.734224,14.526369,14.954079,10.71991,12.18629,12.848004,11.806817,11.46588,12.784863,11.628171,14.790694,15.18506,18.77283
16,26.746435,24.09289,21.647781,20.00993,15.866675,13.210517,10.642784,6.9899883,6.5046563,4.125688,8.599045,8.295452,10.836114,11.479569,7.4845614,5.759779,0.0,5.110852,5.0147033,9.921169,10.950216,15.293523,15.667516,20.612501,19.88604,24.51137,20.437946,20.63332,16.354069,19.543442,14.183393,19.891819,18.739983,22.856531,21.289381,24.462387,26.212376,25.432198,22.994143,20.92228,16.302057,15.832414,13.225318,11.823166,11.376049,10.285028,12.747903,12.534841,17.19982,15.726134,15.818746,16.458284,16.257387,19.948576,21.064863,24.347744,25.685684,27.240925,25.087275,27.420597,26.784254,23.374964,22.870834,18.387465,20.42135,16.32573,21.00846,17.630873,21.460186,19.868244,15.859174,14.773249,11.3004055,8.833873,5.8137364,6.931941,5.7371445,8.310194,10.393865,13.446043,16.524832,18.522358,15.114717,19.002327,20.424425,16.736147,17.621107,13.241491,18.14725,13.316262,17.328442,17.326609,19.612152,25.175667,23.48589,26.228872,27.09933,27.070074,24.998737,23.587784,19.948397,21.112663,16.42537,18.888792,14.203379,16.765642,17.845594,15.880346,15.01572,14.431022,12.8470955,14.43954,13.935238,16.58057
17,24.145481,20.985588,18.828947,16.635948,12.226085,10.706365,6.633426,6.4312277,5.217128,6.9223003,10.761467,12.239085,13.767217,13.622206,10.157725,6.3302717,5.110852,0.0,5.4077044,6.947232,10.392045,12.677556,12.276609,17.533564,15.900076,20.669956,16.067041,16.063128,11.62516,14.6127405,9.461839,15.202722,15.2572565,19.186798,18.704231,21.817764,24.175272,24.062456,21.838358,19.182259,14.29096,14.679562,10.6016035,11.085108,9.323289,9.854464,11.87075,12.75279,16.572847,15.594805,14.64019,15.687596,14.004179,17.659216,18.626083,21.239319,23.147501,23.803654,21.278477,23.393538,23.588995,19.690527,18.62364,14.724661,16.170515,12.261273,17.037472,14.221966,17.895977,17.080961,13.201228,12.783886,8.406251,8.164443,5.498111,3.419357,5.7352276,6.7576537,10.588459,13.167437,16.74278,18.374395,15.428527,19.42982,19.633549,15.307343,15.193848,10.2703495,14.178739,8.65639,12.348132,12.275575,14.578634,20.118431,18.755276,21.596561,22.382523,22.124376,20.180403,18.605219,15.267094,16.421759,12.322587,15.593793,11.154309,14.823978,16.664782,15.462185,13.732807,14.848686,11.105572,13.652888,12.163649,15.332841
18,21.974236,19.592833,16.843313,15.811792,11.748567,8.885198,7.5268106,4.0961914,6.777405,6.9723573,12.477772,12.821125,15.487518,16.364426,12.423294,9.845871,5.0147033,5.4077044,0.0,5.80394,6.0197616,10.538219,11.62896,16.191013,16.088512,21.100473,17.522673,18.585861,14.523728,18.48883,14.048189,20.051426,20.645443,24.409946,24.044203,26.974277,29.36922,29.086721,26.771767,24.212946,19.410221,19.055996,15.481486,14.378383,12.311342,11.203951,11.997774,10.874633,15.76306,15.886623,15.689292,17.748877,17.229147,21.121746,23.159225,25.4493,27.848373,28.634838,26.208801,28.530634,28.933224,25.047537,23.700333,19.798471,20.364151,16.069958,19.979141,16.27929,19.104652,17.565203,13.820546,11.591914,8.790299,5.686369,4.7324243,7.5206623,8.9452505,11.549748,14.596149,17.603361,20.948326,22.790562,19.354525,23.14625,24.16577,20.066961,20.057041,15.236823,19.030397,13.251086,16.615362,15.310133,17.418705,22.852638,20.277723,22.758528,23.864523,24.420532,22.379627,21.816303,17.860033,20.296404,15.582283,19.78598,15.131408,18.781559,20.536737,18.352177,16.66325,15.755009,12.705393,13.339988,11.46811,13.340269
19,18.16143,15.491808,12.427986,11.757034,7.1232867,6.348906,4.526012,6.997736,9.457366,11.851229,16.860561,18.007368,20.164959,20.40533,16.7057,13.203832,9.921169,6.947232,5.80394,0.0,5.935369,5.798503,6.0007334,10.888423,10.299125,15.556065,12.003071,13.616716,9.962787,14.428912,11.429573,17.291307,19.77448,23.369932,24.169863,27.106964,29.963253,30.261818,27.98847,24.758316,20.017422,19.917759,15.398402,15.301839,11.784912,11.768512,11.15929,10.78968,14.361764,15.703559,14.541753,17.56083,15.990009,19.719524,22.319038,23.37979,26.82499,26.608982,23.958633,26.240952,27.845814,23.659586,21.33047,18.261814,17.169079,13.09028,16.03466,12.608756,14.41165,13.56427,10.346435,8.12446,5.38535,5.384989,6.530169,7.7431173,11.362339,13.269097,17.10056,19.928343,23.472786,25.148783,22.309168,26.196545,26.17648,21.671555,20.78606,15.788406,17.951242,11.651732,13.568522,11.038783,12.536939,17.8112,15.030401,17.172922,18.703192,19.477936,17.82537,17.739637,14.250456,17.481186,13.936837,19.449715,15.437854,20.033089,22.42631,20.922781,18.523642,18.88351,14.001558,14.987002,11.654093,13.291892
20,16.626783,14.956246,11.896192,12.048081,9.007709,5.6682625,8.0602045,6.215017,10.589925,11.911467,17.461071,18.115126,20.90351,22.177385,18.283,15.528907,10.950216,10.392045,6.0197616,5.935369,0.0,6.673491,9.770219,12.791548,14.053827,19.455135,16.933147,19.157627,15.772721,20.16503,17.1179,22.774137,24.88399,27.97048,28.720764,31.187054,34.165028,34.30462,32.228428,29.468977,24.612429,24.455032,20.383276,19.559488,16.62459,15.543526,14.785435,12.627613,17.174622,19.000792,18.673534,21.836933,21.16929,25.025217,27.705507,29.112751,32.323208,32.40387,29.757044,31.898308,33.194107,28.929134,26.95386,23.82648,23.099445,18.967043,21.76695,18.026808,19.28408,17.923445,14.990285,11.374525,10.436717,7.560453,9.311643,12.284633,14.697169,17.07272,20.468428,23.301128,26.775269,28.428518,24.801195,28.347223,29.256811,24.997608,24.28625,19.451353,22.108566,16.085337,18.539724,15.857234,17.657433,22.427858,18.560602,20.585892,21.82124,23.26679,21.232203,21.933868,17.6581,21.533436,16.931608,22.529007,18.211075,22.420338,24.60929,22.098705,19.871056,18.30382,14.562929,13.631742,10.503329,10.487604
21,13.06744,11.125439,7.0817432,8.692847,5.465208,6.2098403,8.068169,10.915071,14.222338,16.839851,22.049152,23.23762,25.586548,26.101072,22.355913,18.884352,15.293523,12.677556,10.538219,5.798503,6.673491,0.0,4.2726684,6.329865,7.739045,13.2192955,11.371475,14.383517,12.124188,16.65632,15.477123,20.569382,24.362642,27.3731,29.066673,31.656055,34.90491,35.528156,33.396027,29.98544,25.34257,25.260635,20.59041,20.510355,16.553568,16.394638,14.497874,13.290403,16.049543,18.943031,17.742102,21.631994,20.105885,23.59473,26.820404,26.936325,31.137594,30.271309,27.542858,29.67264,32.13787,27.777712,24.852406,22.601852,20.186583,16.5783,17.95175,14.745393,14.463025,13.938064,12.100101,8.756182,8.916271,9.086393,11.6755085,13.382838,17.078403,18.98698,22.87345,25.635727,29.212881,30.794437,27.880331,31.61351,31.49197,26.919783,25.549896,20.68821,21.819715,15.719775,16.474998,12.653611,13.35337,17.490143,13.381336,14.634523,16.617584,18.434626,17.072575,18.424122,15.070817,19.585745,16.646221,23.105885,19.566708,24.445545,27.118347,25.43043,22.696167,22.61622,17.38779,17.267822,13.138278,13.142721
22,15.792699,13.4474745,9.634269,10.803094,6.900903,9.084115,8.492096,12.724577,15.095691,17.829489,22.676338,23.86362,25.91064,25.763872,22.196318,18.584911,15.667516,12.276609,11.62896,6.0007334,9.770219,4.2726684,0.0,5.355842,4.7550216,9.827973,7.452708,10.35511,8.5366335,13.29796,12.711696,17.792881,21.903849,25.444384,27.015408,30.061834,33.053726,33.69628,31.310375,27.521833,23.156345,22.826088,18.123045,18.235718,13.928061,14.363086,12.200143,12.161529,13.76107,16.560394,14.814233,18.754354,16.790161,20.02664,23.524132,23.115585,27.69333,26.628834,24.035488,26.433321,29.204954,25.084593,21.761045,19.560926,16.430054,12.966127,13.76684,10.72241,10.294365,10.159591,8.567912,6.437983,6.4493146,8.827612,11.137764,11.924631,15.951282,17.681892,21.542072,24.36696,27.828196,29.505371,27.265215,31.209942,30.5175,25.901173,24.555792,19.733246,20.48632,14.4655905,14.473503,10.720547,10.562274,14.993555,11.994187,12.9360075,15.5439205,16.835152,16.057306,16.814285,14.460751,18.337029,16.497686,22.622328,19.39891,24.328808,27.01339,25.985025,23.289198,24.226242,18.666018,19.564665,15.573152,16.443796
23,13.149176,11.953982,7.548643,11.235817,9.398515,12.061699,13.105688,17.046953,19.915102,22.655516,27.701164,28.81542,31.036102,31.045713,27.40772,23.86023,20.612501,17.533564,16.191013,10.888423,12.791548,6.329865,5.355842,0.0,4.7967644,8.051378,8.854784,12.651903,12.514798,16.735518,17.456234,21.793621,26.638302,29.822212,31.905228,34.769455,37.94488,38.76987,36.419727,32.49358,28.275288,27.835594,23.19475,23.14853,18.731443,18.929285,16.015076,15.361059,16.058907,19.943329,18.315434,22.740555,21.014893,23.912506,27.905869,26.716423,31.84064,30.330532,27.817165,30.126087,33.52049,29.421381,25.700342,24.099037,20.063667,17.18383,16.514177,13.949413,11.44576,11.623766,11.753882,9.276313,11.304985,13.094542,15.989347,17.250607,21.183996,23.033113,26.85926,29.710072,33.157898,34.824455,32.575947,36.460957,35.71188,31.07328,29.48499,24.773022,24.939096,19.200697,18.516073,14.250979,13.326114,16.180283,12.46237,11.939547,15.209868,17.399963,17.179277,19.072266,17.194094,21.697638,20.42257,26.949924,24.045185,29.08321,31.907612,30.76615,27.904026,28.534351,22.874035,23.108232,18.807638,18.652138
24,15.174169,12.684192,9.639771,10.837298,8.329222,12.0227995,11.419489,16.675383,18.546339,21.82953,26.303154,27.929224,29.656807,29.256771,25.93617,22.053389,19.88604,15.900076,16.088512,10.299125,14.053827,7.739045,4.7550216,4.7967644,0.0,6.3139176,4.5325704,8.31476,8.426196,12.1428995,13.674751,17.321518,22.647715,25.592768,28.030802,30.8041,34.046036,35.123837,32.965572,28.983335,24.936434,25.002338,20.103579,21.078106,16.651127,17.811043,15.53292,16.158945,16.562407,19.538132,17.297,21.162037,18.48329,21.11256,24.469624,23.088875,28.133884,26.178242,23.50341,25.558475,29.225061,25.078852,21.209816,20.15936,15.915702,13.585605,12.949878,11.36001,9.189289,10.670813,10.59639,9.882384,10.175008,13.4376955,15.472469,15.285112,19.550682,20.620031,24.597618,27.037243,30.477255,31.90778,30.034334,33.85093,32.55115,27.914238,26.061996,21.60116,21.082684,15.760281,14.331214,10.12099,8.665006,11.6649,8.808717,8.716569,12.018298,13.490946,13.496723,14.807238,13.646775,17.631727,17.28665,23.52455,21.118692,26.155779,29.066484,28.498636,25.566637,27.200253,21.11752,22.244457,18.071388,18.857813
25,19.376606,17.654346,14.532709,16.730396,14.641848,18.216148,17.269865,22.373016,24.089102,27.021189,31.374207,32.61884,34.297993,33.395836,30.210325,26.57467,24.51137,20.669956,21.100473,15.556065,19.455135,13.2192955,9.827973,8.051378,6.3139176,0.0,5.6505847,8.461244,11.221965,13.986593,16.782774,19.709003,25.203588,28.699596,30.876114,34.164173,36.939777,37.953762,35.402676,30.98461,27.59034,26.950117,22.59448,23.140198,18.700241,19.927437,16.958563,18.106756,16.531725,19.959087,17.510971,21.526611,19.032932,20.800821,25.005085,22.313904,28.161522,25.879087,23.76788,26.25202,30.501625,27.037817,22.612986,21.861427,16.27898,14.880192,11.786966,11.174547,6.548649,8.977862,11.225445,11.896714,13.524237,17.259914,19.405993,19.220142,23.173613,24.41241,27.96891,30.59623,33.71161,35.34758,34.240948,38.228916,36.49354,31.974514,30.296556,26.061384,25.209417,20.414082,18.238367,14.652433,11.972798,13.454661,12.54016,10.663112,14.844637,15.991897,17.219273,18.294266,18.616114,21.795794,22.636496,28.334087,26.293524,31.175262,33.988464,33.875443,31.07038,33.10739,27.059385,28.46845,24.353321,25.12598
26,19.458393,16.640205,14.083849,14.340849,11.362884,14.978828,12.839878,18.459904,19.434504,22.670443,26.570612,28.231085,29.566393,28.566992,25.58956,21.726341,20.437946,16.067041,17.522673,12.003071,16.933147,11.371475,7.452708,8.854784,4.5325704,5.6505847,0.0,3.9030352,5.7466927,8.724734,11.329045,14.34728,19.843662,23.206198,25.454018,28.60178,31.504948,32.60648,30.29605,26.058212,22.459229,22.447807,17.70498,19.154097,14.815799,16.732353,14.772121,16.609354,16.065796,18.301674,15.560875,18.906101,15.595271,17.68228,20.919636,18.978638,24.256037,22.01211,19.479286,21.735088,25.67429,21.872145,17.667835,16.872622,11.888281,10.270733,8.75263,8.372132,6.2787437,9.007402,9.341983,10.709165,10.214097,14.590101,15.916733,14.655377,18.818,19.431885,23.18402,25.45852,28.671724,30.090862,28.936974,32.81886,30.96354,26.436302,24.660545,20.497938,19.584688,14.848449,12.656261,9.303501,6.7243614,9.859482,9.505924,9.390421,12.704817,13.002611,13.636666,13.757204,13.895413,16.586468,17.403852,22.804237,20.837883,25.645033,28.447708,28.54835,25.776415,28.299393,22.200142,24.191463,20.364737,21.904305
27,22.985046,19.843435,17.651257,17.092705,13.823739,17.183405,13.998407,19.632994,19.774214,22.92845,26.1872,27.936144,28.862135,27.38786,24.80004,21.009195,20.63332,16.063128,18.585861,13.616716,19.157627,14.383517,10.35511,12.651903,8.31476,8.461244,3.9030352,0.0,4.527663,5.7778783,9.269771,11.463084,16.908173,20.58294,22.604729,26.01786,28.614378,29.737204,27.37336,23.006844,19.819729,19.914545,15.350757,17.44507,13.460913,16.098534,14.810052,17.570023,16.635475,17.863413,14.804384,17.30932,13.323416,14.87039,17.602291,15.36593,20.633696,18.153639,15.663988,18.056341,22.103916,18.584352,14.1943035,13.636057,8.166844,7.505794,5.619015,7.059505,6.4967766,9.648094,9.767055,12.512771,11.056861,15.868949,16.418049,14.142614,18.026796,18.064278,21.550917,23.536846,26.523432,27.858036,27.307013,31.159225,28.84989,24.48614,22.799839,19.018686,17.815155,13.826054,11.157297,9.115339,6.218397,9.416601,11.125423,11.453392,14.166732,13.408029,14.25261,13.147115,14.190014,15.524276,17.176754,21.614092,20.062151,24.52433,27.17334,27.845547,25.270596,28.510386,22.547665,25.223774,21.802814,23.948244
28,22.09253,18.656067,16.494213,15.122563,11.144372,13.821343,9.941314,15.416331,15.284826,18.462837,21.697573,23.561504,24.500877,23.238535,20.547173,16.627947,16.354069,11.62516,14.523728,9.962787,15.772721,12.124188,8.5366335,12.514798,8.426196,11.221965,5.7466927,4.527663,0.0,5.0500684,5.600633,9.77283,14.434469,18.295912,19.970613,23.344402,26.081488,27.026752,24.738398,20.657345,16.831404,17.247004,12.230578,14.521458,10.571871,13.247484,12.731279,15.3448515,15.720312,16.360178,13.558779,15.802479,11.862506,14.305974,16.45205,15.735424,20.110327,18.40627,15.616516,17.92209,21.007053,17.030113,13.346782,11.735979,8.213332,5.7222247,7.538847,7.048734,8.835035,10.557688,8.850908,10.982611,8.029723,12.638736,12.653282,9.947363,14.042028,13.985006,17.770937,19.790195,23.020117,24.356073,23.298883,27.188251,25.275736,20.77288,19.218334,15.0372095,14.655389,9.825213,8.2587805,6.390402,5.2779274,10.591227,11.1668625,12.817248,14.757921,14.037872,13.78918,12.273229,11.913294,13.295066,13.655238,18.177977,16.037298,20.577618,23.193594,23.584658,21.06142,24.115583,18.321266,21.128445,17.956732,20.46657
29,25.10138,21.301968,20.078365,17.779108,14.515194,17.428509,13.2405,18.84035,17.707724,21.161917,23.364977,25.779123,26.032753,24.357174,22.349266,18.398058,19.543442,14.6127405,18.48883,14.428912,20.16503,16.65632,13.29796,16.735518,12.1428995,13.986593,8.724734,5.7778783,5.0500684,0.0,5.8074665,5.7318068,11.820865,14.833194,17.379023,20.385187,23.242432,24.716259,22.915945,18.901346,15.740986,17.212576,12.369392,16.295095,13.219492,16.62522,16.819798,19.95,19.944323,19.875496,16.866678,18.034983,13.272614,14.636209,15.121141,13.944185,17.867636,15.096332,11.928169,13.466558,17.318356,13.2606945,9.107591,9.4954815,5.829138,6.5574613,8.048303,10.1586685,11.829146,14.357978,13.208294,15.936253,12.825811,17.33067,16.745739,12.977377,16.576305,15.2262745,18.73338,19.785877,22.762342,23.57012,23.192106,26.701994,23.928524,19.685667,17.655834,14.483067,12.466104,9.764346,6.362264,6.6920004,5.067554,8.581306,11.586206,13.375952,14.462586,12.514431,12.728855,9.896769,11.436848,10.9024935,13.39671,16.618916,15.788912,19.822767,22.423138,23.694414,21.229017,25.389664,19.579266,23.043476,20.310892,23.241102
30,25.842155,22.073969,20.420118,17.904636,13.779156,15.285318,10.302401,14.688887,12.983344,15.884369,17.889656,20.067808,20.341003,18.662142,16.556288,12.689188,14.183393,9.461839,14.048189,11.429573,17.1179,15.477123,12.711696,17.456234,13.674751,16.782774,11.329045,9.269771,5.600633,5.8074665,0.0,6.565654,9.224708,13.721452,14.575449,18.217592,20.715984,21.51723,19.336866,15.521573,11.448857,12.784659,7.4777045,11.458407,8.850382,12.251829,13.580768,16.673214,17.763346,16.746292,14.194903,14.762673,10.41815,12.802976,12.965707,13.939561,16.743132,15.714663,12.758054,14.8478155,16.677618,12.570018,9.966827,7.289375,7.2740617,5.002006,9.910966,9.82333,13.456324,14.527697,11.89456,14.232006,9.964729,13.693747,12.156684,7.670779,10.944158,9.451288,13.129058,14.5293045,17.735807,18.859756,18.060532,21.892548,19.759832,15.331208,14.062261,10.085544,10.406417,6.2895355,6.128763,7.585241,8.378762,13.412597,14.725818,17.206835,18.114431,16.634462,15.785979,12.90309,12.311806,11.6704,11.651332,14.325428,12.239794,16.11506,18.410982,19.346848,17.24232,21.073881,15.941977,19.669804,17.523746,20.90219
31,28.852236,24.729326,24.148441,20.775526,17.666464,19.819736,15.118584,19.894823,17.487408,20.810873,21.61405,24.537964,23.98542,22.008322,20.848133,17.105371,19.891819,15.202722,20.051426,17.291307,22.774137,20.569382,17.792881,21.793621,17.321518,19.709003,14.34728,11.463084,9.77283,5.7318068,6.565654,0.0,7.0655656,9.163667,12.159909,14.766561,17.758606,19.601475,18.47685,15.034197,12.254801,15.313652,10.909475,16.354006,14.6658325,18.37807,19.802753,23.136522,23.69028,22.521534,19.74034,19.608269,14.689819,15.605502,13.602906,13.840749,15.716165,12.999467,9.42142,9.612457,12.660578,7.985612,4.845051,6.8109784,7.472057,9.162525,12.297057,14.448709,17.162481,19.278948,17.506014,20.223402,16.295229,20.177452,18.63098,13.921447,16.585358,13.8119755,16.831734,16.649574,19.362675,19.514345,19.585405,22.599176,19.206766,15.318535,13.043177,11.126961,8.144819,8.393712,5.4514084,9.113683,9.356336,11.86357,15.234161,17.728506,17.652205,14.988189,14.607561,10.450299,12.137995,8.941234,12.103481,12.830412,13.0968275,16.076906,18.38521,20.518496,18.433962,23.57265,18.421997,22.63191,20.88014,24.454111
32,34.022636,29.94122,29.049208,25.590544,21.977013,22.936266,17.844778,20.810179,17.412754,19.47963,18.692951,21.27773,19.928617,17.221682,17.161224,14.463139,18.739983,15.2572565,20.645443,19.77448,24.88399,24.362642,21.903849,26.638302,22.647715,25.203588,19.843662,16.908173,14.434469,11.820865,9.224708,7.0655656,0.0,7.080566,5.7212014,10.268966,11.812313,12.903572,11.433203,8.320088,5.955866,10.374167,7.741592,13.717597,14.115056,17.661518,20.420298,23.965498,24.901434,22.287128,20.05602,18.301128,14.029437,14.571356,10.241595,13.168474,12.214352,11.67219,9.008797,9.498568,8.517284,4.6825166,6.234678,4.7480655,10.586991,11.512252,15.914843,17.296713,21.36527,22.543238,20.066746,22.912249,18.506813,21.477884,18.901606,13.87689,14.620082,10.854399,12.289792,10.985118,12.989534,12.922785,14.1647,17.067518,13.300261,10.046787,9.290749,8.832967,8.456906,10.346743,10.502973,14.634266,15.665306,18.88473,21.719398,24.442665,24.360552,21.81958,20.989912,16.766535,17.335438,13.5353985,14.8251095,12.746464,12.823517,13.866055,15.038156,17.922794,16.966486,22.361269,18.870358,23.53784,22.917126,26.944872
33,34.876785,30.533113,30.810324,26.32609,23.74244,24.84388,20.267916,23.42011,19.668316,22.448942,20.940474,24.56615,22.735012,20.710861,21.09637,18.195787,22.856531,19.186798,24.409946,23.369932,27.97048,27.3731,25.444384,29.822212,25.592768,28.699596,23.206198,20.58294,18.295912,14.833194,13.721452,9.163667,7.080566,0.0,6.7962756,6.049036,10.213694,13.210257,14.374038,13.314659,11.855854,17.05276,14.402599,20.387522,20.467468,23.90315,26.481895,29.631016,31.004091,28.872456,26.573296,25.244606,20.853745,21.426458,16.91496,19.107243,17.759624,15.980997,13.106924,10.741828,10.2597,6.042589,8.954022,11.284463,15.602061,17.110725,21.014755,22.82625,26.134895,27.863901,25.525995,27.868437,23.38421,26.222681,23.813667,18.82925,19.984211,15.823437,17.552818,15.074085,16.935093,15.482435,16.041365,17.426365,13.046797,10.658835,7.8578258,10.072872,6.3711743,11.957099,11.446676,15.996822,17.488556,19.177275,22.162886,25.239794,23.961111,20.98518,19.864626,15.390974,16.460241,11.222284,13.75616,9.406989,12.125448,11.982867,13.280551,16.920237,15.838467,22.038126,18.69606,23.404566,23.32199,27.380596
34,38.43371,34.271217,33.72759,29.805658,26.419123,26.833609,21.89911,23.85249,19.841057,21.287315,18.942722,21.663534,19.41572,16.548897,17.773111,16.05209,21.289381,18.704231,24.044203,24.169863,28.720764,29.066673,27.015408,31.905228,28.030802,30.876114,25.454018,22.604729,19.970613,17.379023,14.575449,12.159909,5.7212014,6.7962756,0.0,5.9311037,6.187538,7.4715085,7.610689,7.143889,6.946586,12.21204,11.595637,16.953596,18.473475,21.609903,24.922796,28.282795,29.604816,26.451433,24.603825,22.15888,18.532898,18.779219,13.306348,17.163074,14.119086,14.510608,12.694865,11.922879,8.120677,6.462069,10.646612,10.012446,16.14373,17.062485,21.52344,22.77155,27.021738,28.00609,25.316713,27.943863,23.381855,25.715918,22.732948,17.865948,17.554216,13.315828,13.369635,10.287105,11.071534,9.654003,11.985824,13.658071,9.003291,7.571175,7.8136935,10.220149,10.374203,14.128382,15.042746,19.44256,20.89998,23.780172,26.537584,29.510805,28.944157,26.252432,25.142216,20.78738,21.14147,16.682802,17.556227,13.187518,14.166448,13.047483,13.050835,16.827116,16.83878,22.50497,20.434986,25.216305,25.553993,29.763947
