,0,1,2,3,4,5,6,7,8,9,10,11,12,13,14,15,16,17,18,19,20,21,22,23,24,25,26,27,28,29,30,31,32,33,34,35,36,37,38,39,40,41,42,43,44,45,46,47,48,49,50,51,52,53,54,55,56,57,58,59,60,61,62,63,64,65,66,67,68,69,70,71,72,73,74,75,76,77,78,79,80,81,82,83,84,85,86,87,88,89,90,91,92,93,94,95,96,97,98,99,100,101,102,103,104,105,106,107,108,109,110,111
0,0.0,3.7117124,7.1470385,10.662381,12.86788,14.532063,17.495327,21.19384,24.259123,26.629246,30.631735,33.81802,34.206757,30.975792,30.933493,26.778008,27.403965,23.877918,24.881353,23.20212,24.290184,24.461655,24.130457,28.13287,25.59054,28.54081,25.048494,24.696795,23.22494,21.529938,23.02366,20.11584,26.083185,23.840008,29.251621,29.581661,33.871414,37.033794,35.512554,34.82864,30.772366,34.63633,29.562582,33.71237,30.800663,32.932568,33.061516,34.085186,36.099773,37.322887,34.943733,37.075573,32.871304,35.026634,33.50422,34.94793,36.45444,32.927216,29.391708,27.292877,29.790495,25.314295,24.390755,25.65282,26.90267,27.190104,29.781853,31.432274,30.822796,31.364208,28.855349,29.243402,26.804266,29.337818,29.536201,27.114632,30.965923,29.571716,33.78996,34.618656,37.72515,38.037876,39.00075,40.889824,36.014767,33.581528,30.035913,28.133333,24.358486,22.218365,19.390514,17.164751,17.685947,15.705606,18.736826,20.327223,20.703213,23.30897,24.005772,20.160187,19.418118,13.814672,13.600795,11.896538,10.011966,12.915711,14.385673,16.279144,17.749166,20.90052,22.254757,26.184061
1,3.7117124,0.0,3.5205524,7.092806,9.856159,11.594378,14.137741,18.24175,20.980246,23.66504,27.383821,30.768423,31.342337,28.134398,28.426773,24.410988,25.502892,22.213995,23.551643,22.4402,23.803318,24.698814,24.341413,28.74012,25.700796,29.121965,25.0673,24.460564,22.428104,20.632881,21.389452,18.382841,23.756355,21.002478,26.617296,26.502487,31.011332,34.26881,32.80126,32.492954,28.432549,32.53884,27.598618,31.839151,29.35197,31.49637,32.083927,33.198193,35.53136,36.29686,33.995968,35.761856,31.569174,33.72152,31.824276,33.795773,34.81478,31.664024,28.113184,25.987207,27.801254,23.26104,22.929811,24.016325,26.03437,26.201807,29.391787,30.951052,30.90006,31.232264,28.30994,28.748484,25.832605,28.131325,27.935522,25.293741,28.88105,27.202084,31.360123,31.945196,35.14286,35.262745,36.04553,37.76543,32.931225,30.305044,26.823547,25.273178,21.222357,19.626087,16.741955,15.10552,16.166597,14.882428,18.347134,20.414036,21.377768,24.234608,25.446907,21.868793,21.021608,15.553409,14.1704035,13.127362,11.296093,13.000977,14.071551,14.932195,16.045044,18.997066,19.804792,23.851803
2,7.1470385,3.5205524,0.0,4.415054,8.358812,10.306171,11.798345,16.620346,18.753498,21.89143,25.144655,28.774273,29.652962,26.524555,27.275665,23.491274,25.150335,22.175463,23.860744,23.322628,24.911512,26.409054,26.014675,30.652475,27.225582,30.90282,26.4369,25.535292,23.092972,21.093105,21.197783,17.92879,22.513496,18.948439,24.867361,24.078426,28.793379,32.208652,30.96483,31.147148,27.21225,31.628353,26.929712,31.289255,29.319597,31.496353,32.550133,33.77745,36.355618,36.650623,34.42253,35.767147,31.577734,33.63373,31.248497,33.71422,34.13348,31.328688,27.82925,25.560602,26.606245,22.16496,22.559679,23.669111,26.404486,26.578726,30.245691,31.79221,32.25798,32.45763,29.214243,29.74483,26.412094,28.472605,27.85694,24.970905,28.198584,26.14917,30.165453,30.378126,33.622684,33.455513,34.09064,35.51293,30.702944,27.87738,24.504679,23.52515,19.030132,18.37004,15.322346,14.605193,16.324604,15.604697,19.536173,21.857967,23.307728,26.264336,27.796526,24.514143,23.685266,18.375174,16.357075,15.8080015,14.044022,14.900254,15.640975,15.441043,16.186169,18.78681,18.906288,23.007301
3,10.662381,7.092806,4.415054,0.0,4.572919,7.1330795,7.4701314,12.7695675,14.661837,17.804226,21.05042,24.559586,25.658571,22.66308,23.712595,20.051434,22.45266,19.501055,21.935387,21.640848,23.996103,25.726305,25.024351,29.807081,25.834337,29.662422,24.74322,23.495436,20.646029,18.521345,17.928137,14.640718,18.477161,14.789469,20.636658,19.80943,24.595264,27.95566,26.63139,26.986654,23.099522,27.67334,23.182852,27.653603,26.154242,28.449274,29.942617,31.45824,34.077328,33.82828,31.630634,32.52534,28.332903,30.272682,27.560223,30.441774,30.458052,28.063295,24.619608,22.513308,22.946285,18.458527,19.345509,20.219389,23.607681,23.743868,27.860628,29.382833,30.45655,30.566597,27.038414,27.86946,24.08478,26.125866,25.039228,21.753206,24.670395,22.269806,26.150764,26.130756,29.356237,29.091537,29.762669,31.12615,26.289839,23.52729,20.1223,19.240242,14.620518,14.37215,11.234743,11.274509,13.598738,13.610688,17.842747,20.38333,22.439953,25.47539,27.501509,24.748085,24.003517,19.133816,16.3072,16.900352,15.830238,15.6869335,15.50552,15.025157,14.251756,16.90775,16.101898,20.362015
4,12.86788,9.856159,8.358812,4.572919,0.0,4.28045,5.102615,9.282177,11.957648,14.270719,18.269115,21.228058,22.138304,19.18916,19.988377,16.141054,18.881582,15.543401,18.681292,18.118067,21.318604,22.80204,21.735588,26.502125,22.159761,26.047237,20.875248,19.503544,16.381075,14.441609,13.383449,10.646804,14.49015,12.164686,17.23899,17.480473,22.037544,25.028664,23.152199,23.040615,18.917284,23.283762,18.671387,23.154316,21.640083,24.053877,25.641432,27.410904,29.874577,29.40617,27.176445,27.967022,23.768488,25.752304,23.256516,26.192278,26.451057,24.27273,20.799496,19.247814,19.794785,14.985122,15.560972,15.775487,19.36891,19.301804,23.64063,25.060051,26.448383,26.510366,22.873394,23.989676,19.9874,22.257376,20.987854,17.407175,20.39188,17.994625,21.951736,22.185265,25.379166,25.417978,26.268085,28.0243,23.179394,20.770542,17.1873,15.4609995,11.527051,10.072556,7.1607027,6.7931113,9.281592,10.139314,14.112888,16.843462,19.286997,22.366901,24.823475,22.516592,21.806538,17.587795,14.119805,15.887014,15.729821,14.849929,13.661897,13.820355,11.188402,14.36909,13.096806,17.514034
5,14.532063,11.594378,10.306171,7.1330795,4.28045,0.0,5.4732523,6.7359033,10.093324,12.284361,16.284271,19.511015,19.785828,16.5427,16.996504,13.193881,15.324355,12.638662,15.154263,15.498131,18.110971,20.55764,20.01476,25.068743,20.936638,25.712315,20.53368,19.805094,16.111898,15.499287,13.1846485,12.603831,15.506748,14.276192,18.411839,18.780075,23.486689,26.157463,23.61189,23.477365,18.908752,22.675005,17.978045,21.72709,20.095612,21.941378,23.585312,24.826307,27.902662,27.549013,25.66075,26.67718,23.02869,25.520397,23.770472,26.987938,27.568684,25.996668,22.57406,21.786764,22.079613,17.153965,17.571983,16.207935,20.100182,19.031897,23.749044,24.36487,25.768854,25.228188,21.337805,21.760149,17.783882,19.295982,18.094637,15.176947,18.094114,16.287111,20.39781,21.163193,24.67277,24.978474,25.060865,27.217718,22.86178,19.98484,16.607079,14.584192,11.688808,9.234554,8.502757,7.723522,9.10426,11.912958,13.887574,17.394941,19.603529,22.914564,25.677277,23.051674,21.7337,18.030638,13.722932,15.176617,14.938408,12.901946,11.530784,10.378775,7.7989364,10.298051,9.105463,13.474672
6,17.495327,14.137741,11.798345,7.4701314,5.102615,5.4732523,0.0,6.4476113,7.4619985,10.64394,13.763996,17.134438,18.511858,15.758368,17.42358,14.288787,18.021828,15.663573,19.14183,19.690678,22.948156,25.316095,24.355728,29.235342,24.629421,28.871105,23.41134,21.864786,18.207537,16.542877,13.94338,11.903999,13.046396,9.837147,14.7150755,13.86508,18.859459,21.892818,20.037477,20.811852,16.857365,21.488302,17.544426,21.840538,21.385239,23.608627,25.969551,27.766588,30.633665,29.398872,27.465391,27.524837,23.66653,25.53321,22.507433,26.336182,25.66095,24.45847,21.2696,19.96864,18.9497,14.495781,16.373867,15.922987,20.683796,20.315376,25.28628,26.373537,28.528217,28.23293,24.233355,25.304977,20.887344,22.458885,20.491903,16.778044,18.790327,15.840194,19.382965,19.017555,22.357704,21.97506,22.341469,23.749828,19.069786,16.175577,12.757618,12.057852,7.493121,8.290669,6.283945,8.534392,11.452644,13.670474,17.11761,20.08363,22.901068,25.966225,28.782742,26.821745,26.009853,22.238073,18.299425,20.199492,19.976854,18.31471,16.907463,15.618911,12.554299,14.537823,11.86423,15.943204
7,21.19384,18.24175,16.620346,12.7695675,9.282177,6.7359033,6.4476113,0.0,4.539039,5.5815406,9.932385,12.831128,13.106263,9.980705,11.081088,7.931187,11.946759,10.365052,14.040699,15.470069,18.885258,21.87066,21.093153,25.969673,21.388788,26.352877,20.88906,19.912449,15.621391,15.669417,11.256238,12.580046,12.238522,12.4231205,14.555371,15.200327,19.633276,21.70272,18.483103,18.678244,14.050557,17.519102,13.54473,16.785986,16.432766,18.055304,20.727873,22.228214,25.56944,24.100714,22.586943,22.651442,19.547121,21.973589,20.094046,24.222435,24.144318,23.894127,20.898777,21.005621,19.960394,15.472582,16.677628,13.768119,18.87327,17.206514,22.640436,22.708372,25.22764,24.249657,19.97649,20.61421,16.082142,16.857239,14.54945,11.249481,12.870505,10.533993,14.307817,14.926028,18.625168,18.947294,18.500109,20.89313,16.97081,14.021179,10.885086,8.5714,7.4873776,5.0697823,7.577957,8.717336,10.076124,14.495224,15.484797,19.025919,21.794203,24.912724,28.244741,26.472092,25.221441,22.617922,17.899786,20.26636,20.64087,17.784513,15.602949,13.864487,9.370598,10.34586,6.5347233,10.22561
8,24.259123,20.980246,18.753498,14.661837,11.957648,10.093324,7.4619985,4.539039,0.0,4.5610485,6.4175224,10.287957,11.572455,9.001899,11.636503,10.039133,14.670819,14.135416,17.649197,19.650196,22.844559,26.191534,25.454927,30.255201,25.603037,30.42204,24.907312,23.626867,19.38943,19.03129,14.455369,15.116277,12.943648,11.820142,13.686425,12.8208275,17.4776,19.639524,16.817198,18.185335,14.232959,18.028988,15.158013,18.202488,19.023666,20.520874,23.742962,25.301094,28.73653,26.637024,25.34906,24.660566,21.827457,23.84023,21.193544,25.912682,24.77421,25.18738,22.520514,22.429102,20.12353,16.314257,18.641237,16.142252,21.754969,20.364445,25.902431,26.026346,28.994593,27.983513,23.675385,24.398258,19.808315,20.117699,17.362,14.14381,14.500036,11.5159235,14.291438,13.806891,17.484842,17.091892,16.113932,17.81708,14.077459,10.383502,7.619202,7.531496,5.8922286,7.558206,9.52683,12.208445,14.1704445,18.169498,19.764378,23.084427,26.048977,29.067312,32.41497,30.838545,29.704279,26.965893,22.34421,24.570864,24.674158,21.871044,19.933554,17.509344,13.701446,13.845621,9.617397,12.209713
9,26.629246,23.66504,21.89143,17.804226,14.270719,12.284361,10.64394,5.5815406,4.5610485,0.0,5.5087004,7.298566,7.9383187,5.4582214,7.9375052,6.772219,12.22446,11.85043,15.972844,17.835852,21.660696,24.65757,23.649855,28.112581,23.363188,28.062506,22.64669,21.41554,17.12943,17.459925,12.174679,14.490264,11.238096,12.725105,12.4294615,13.334355,17.011923,18.31735,14.530953,15.1702,10.941939,13.915926,11.334401,13.806105,15.099991,16.488491,20.030136,21.828188,25.085405,22.546299,21.408323,20.385307,17.919907,19.98678,17.8751,22.703773,21.848919,22.86291,20.459568,21.258871,19.045282,15.457828,17.295025,13.579472,19.224611,17.367413,22.964863,22.704401,26.080173,24.902649,20.614782,21.55617,16.936209,17.150343,13.990378,10.616861,10.230786,7.102498,9.797206,9.890686,13.709792,13.958879,12.975485,15.593234,12.2073,9.441733,6.926562,4.446206,6.888309,6.2556906,10.107425,12.216262,13.418277,17.969557,18.525106,21.698391,24.744144,27.55656,31.143059,30.066055,28.986689,27.053307,22.3406,25.177532,25.874582,22.797941,20.309258,18.577,13.655831,13.808825,9.388555,11.20376
10,30.631735,27.383821,25.144655,21.05042,18.269115,16.284271,13.763996,9.932385,6.4175224,5.5087004,0.0,4.9587607,6.8165336,5.901987,9.877353,10.862095,15.663749,16.610983,19.950214,22.636557,25.794546,29.445505,28.733603,33.18657,28.584703,33.37852,28.029524,26.786186,22.54241,22.77029,17.523102,19.35131,15.080781,15.250658,14.58441,13.680396,17.176336,18.292395,15.013849,17.084742,14.022943,16.642427,15.547273,17.135578,19.429422,20.288673,24.163765,25.63962,29.183113,26.199638,25.5071,23.899826,22.108374,23.848179,21.369768,26.592033,24.802448,26.582352,24.572367,25.227835,21.927237,19.145443,21.791004,18.457674,24.220028,22.440382,27.989717,27.552158,31.15649,29.777418,25.51157,26.16522,21.727695,21.146225,17.843735,15.289888,13.7106695,10.930736,11.805863,10.682236,14.158032,13.518175,10.962859,12.669705,10.502137,6.4037094,6.0276732,7.5054827,9.378869,11.506365,14.549233,17.342577,18.846924,23.219183,24.020998,27.198097,30.250586,33.05593,36.648705,35.534027,34.373886,32.30015,27.528612,30.012089,30.350115,27.13928,24.953617,22.263832,18.249725,17.433372,12.962955,13.592957
11,33.81802,30.768423,28.774273,24.559586,21.228058,19.511015,17.134438,12.831128,10.287957,7.298566,4.9587607,0.0,4.1093388,5.777882,9.320599,11.312599,16.305378,17.23333,21.037746,23.30826,27.081203,30.153692,29.070637,33.03089,28.34809,32.650642,27.514238,26.115734,22.136889,22.61234,17.238312,19.82727,14.393555,16.367764,13.588222,14.070959,16.134108,16.14638,12.13307,13.90495,11.5616665,13.05477,13.380433,14.095045,17.453482,18.244045,22.441214,24.314001,27.350813,23.671097,23.17255,20.789804,19.527151,20.847952,18.531067,23.864979,21.836931,24.4788,23.00469,24.37103,20.82149,18.773891,21.23276,17.389555,22.932085,21.10963,26.406702,25.80562,29.891493,28.532005,24.495167,25.576057,21.278515,20.76302,17.163513,14.5795355,11.879296,9.0840845,8.177316,6.489188,9.644646,9.302282,6.277762,9.049467,7.793067,5.801087,6.648036,7.0095797,11.296187,12.645634,16.181149,18.796076,19.933634,24.282158,24.60973,27.370543,30.536928,33.01411,36.73015,36.24864,35.309,33.870174,29.206505,32.250343,33.073242,29.830376,27.243313,25.29578,20.473866,19.939285,15.566026,15.719011
12,34.206757,31.342337,29.652962,25.658571,22.138304,19.785828,18.511858,13.106263,11.572455,7.9383187,6.8165336,4.1093388,0.0,3.5131657,6.0178924,9.227274,13.360398,15.185313,18.375406,21.089497,24.469236,27.804003,27.00279,30.839119,26.49822,31.177193,26.298847,25.453794,21.373087,22.774458,17.120472,20.92255,16.23465,19.133772,16.463684,17.720388,19.842537,19.666601,15.190173,15.906656,12.978149,13.142603,13.148148,12.5506735,15.599199,15.610726,19.773167,21.146679,24.569815,21.038565,20.94373,18.930567,18.408642,20.300056,19.282726,24.280455,23.21302,25.84175,24.28349,26.13795,23.329681,20.868507,22.54962,17.79,22.930517,20.353603,25.591427,24.293812,28.219797,26.41886,22.407303,22.952072,18.97704,17.730555,14.173569,12.616709,9.3774,8.097315,7.234204,7.8018055,10.960863,11.762076,8.343161,12.033643,11.60579,9.868483,10.218447,8.947666,13.743361,13.308983,17.58769,19.353853,19.772495,24.626722,23.851583,26.832235,29.698948,32.1969,36.001877,35.383125,34.15428,33.185844,28.360239,31.29781,32.249012,28.663055,25.985886,23.927511,19.20128,18.09489,14.058078,13.24319
13,30.975792,28.134398,26.524555,22.66308,19.18916,16.5427,15.758368,9.980705,9.001899,5.4582214,5.901987,5.777882,3.5131657,0.0,4.049513,6.3538218,10.739905,12.441155,15.559381,18.427835,21.630476,25.19961,24.56963,28.728455,24.4057,29.443531,24.423964,23.756859,19.462423,20.926615,15.2483225,19.033167,15.317341,17.84752,16.26294,17.441889,20.339344,20.776632,16.409098,16.87391,13.100058,14.026939,12.632275,12.809272,14.785909,14.954351,18.830757,20.012459,23.756252,20.847048,20.48886,19.224762,18.159445,20.489794,19.566883,24.390852,23.817547,25.730755,23.735706,25.308355,23.017729,19.89216,21.339144,16.586567,21.793737,19.093246,24.530367,23.299114,26.85339,25.038635,20.835632,21.129345,16.981527,15.816054,12.408054,10.706355,8.485876,7.2008142,8.306342,9.467011,13.112126,13.938341,11.288305,14.707576,13.201811,10.699275,9.961124,8.014102,12.099904,10.928717,15.328289,16.783512,17.132559,22.168213,21.356598,24.631598,27.390106,30.094883,33.850548,32.852104,31.468384,30.258577,25.342314,28.06175,28.880808,25.265673,22.68306,20.453005,15.865441,14.704042,10.576671,10.089307
14,30.933493,28.426773,27.275665,23.712595,19.988377,16.996504,17.42358,11.081088,11.636503,7.9375052,9.877353,9.320599,6.0178924,4.049513,0.0,4.389977,7.3694963,9.802031,12.438598,15.438243,18.519388,22.028894,21.544922,25.495075,21.492022,26.7696,22.079073,21.965906,17.723606,20.12071,14.459425,19.3885,16.562153,20.126389,18.44004,20.543968,23.260706,23.490732,18.770542,18.224379,14.108611,13.912845,12.021417,11.101087,12.226877,11.683826,15.346638,16.130138,20.150824,17.5688,17.456161,16.804575,16.279654,19.146914,19.501568,23.77744,24.225328,25.96558,23.924812,25.968208,24.52312,21.13974,21.692926,16.220594,20.732025,17.365158,22.573233,20.721394,24.034166,21.86126,17.732647,17.578651,13.763066,12.019886,8.646831,8.13203,5.8073134,6.7987165,8.3761425,11.163347,14.519265,16.151043,13.843261,17.791986,16.46027,14.5249815,13.506313,10.392621,14.70076,11.728226,16.503473,16.905771,16.375084,21.687815,19.676811,23.014824,25.432817,28.070473,31.872387,30.854828,29.270144,28.661308,23.723776,26.477215,27.588278,23.75666,20.984024,19.139645,14.410996,13.020593,9.6595,8.3007965
15,26.778008,24.410988,23.491274,20.051434,16.141054,13.193881,14.288787,7.931187,10.039133,6.772219,10.862095,11.312599,9.227274,6.3538218,4.389977,0.0,5.736958,6.0932126,9.879183,12.130908,15.84471,18.957273,18.262487,22.574186,18.294771,23.674034,18.702145,18.54878,14.13941,16.419643,10.911303,15.79485,14.275268,17.779654,17.043272,19.471687,22.619085,23.36516,18.85679,17.882616,13.125967,13.915618,10.450228,11.1006365,10.771006,11.150437,14.258397,15.396517,19.194187,17.328968,16.518469,16.626026,14.977344,18.080048,18.257477,22.197731,23.131403,23.961775,21.48812,23.21558,22.499454,18.533842,18.644947,13.360954,17.799751,14.549122,19.924805,18.51669,21.455463,19.598219,15.270401,15.377149,11.059976,10.463474,7.3974504,5.3737636,5.8047333,6.0728292,9.6120825,12.318784,15.851721,17.43059,16.233154,19.954418,17.456652,15.4586525,13.405151,9.455257,12.761476,8.386045,13.092652,12.848998,12.106838,17.494623,15.558467,19.076641,21.51124,24.317104,28.05371,26.81951,25.272425,24.383642,19.450697,22.31858,23.511776,19.874393,16.989046,15.735121,10.385729,9.950151,6.593829,7.089305
16,27.403965,25.502892,25.150335,22.45266,18.881582,15.324355,18.021828,11.946759,14.670819,12.22446,15.663749,16.305378,13.360398,10.739905,7.3694963,5.736958,0.0,5.126259,5.1501,9.073436,11.1850815,15.226722,15.483476,19.707916,16.462294,22.60828,18.407787,19.462164,15.355544,18.851921,14.08137,19.54934,19.351025,22.948421,22.571772,25.105469,28.325344,29.011135,24.382673,22.974731,18.242586,18.048395,14.509841,13.824454,11.962981,10.864741,12.673087,12.174151,16.926662,16.361317,16.109167,17.58963,16.912502,20.592337,22.24652,25.38227,27.381222,27.933786,25.404648,27.375463,27.493763,23.314554,22.606209,17.09004,20.278746,16.304886,20.953701,18.576141,20.54681,17.959253,13.913428,12.314108,9.174747,6.542698,5.0391498,7.219345,8.4524,10.998452,13.990832,17.3967,20.645489,22.60175,21.01173,24.967392,22.983164,20.865244,19.001352,15.189633,18.089071,13.171387,17.44602,16.024345,14.216149,19.588373,15.943214,19.69715,21.24061,24.061277,27.685423,25.939295,23.784348,23.608702,18.647354,20.861757,22.114847,17.994864,15.233437,13.783269,9.672427,7.788328,7.086885,5.3236775
17,23.877918,22.213995,22.175463,19.501055,15.543401,12.638662,15.663573,10.365052,14.135416,11.85043,16.610983,17.23333,15.185313,12.441155,9.802031,6.0932126,5.126259,0.0,5.5829067,6.103482,10.680999,12.971707,12.248693,16.792776,12.723731,18.62603,13.932427,14.705057,10.501123,13.916793,9.635785,15.1102705,16.141438,20.059763,20.078197,23.225304,26.380117,27.301624,22.909613,20.964682,16.027838,16.50065,11.928844,12.735054,9.758978,10.191969,11.501498,12.299299,15.913301,15.665757,14.422999,16.261349,14.267003,17.89624,19.281382,21.95485,24.3617,24.10501,21.316694,23.10901,23.996458,19.57271,18.258108,13.052135,15.831913,12.128497,16.846125,15.191705,17.012138,15.090816,10.820767,10.418303,6.2020884,6.827133,5.7232113,4.8476214,8.532507,10.056905,13.89851,17.082977,20.220768,22.174814,21.75948,25.570955,22.656944,20.979998,18.423683,13.970996,16.20906,10.255407,13.984064,11.718993,9.383321,14.634064,10.886927,14.659194,16.430197,19.332167,22.979893,21.388569,19.558237,19.220919,14.353358,17.324448,19.034037,15.444679,12.213817,12.598375,6.840657,7.7753067,7.29165,8.545414
18,24.881353,23.551643,23.860744,21.935387,18.681292,15.154263,19.14183,14.040699,17.649197,15.972844,19.950214,21.037746,18.375406,15.559381,12.438598,9.879183,5.1501,5.5829067,0.0,5.336876,6.094817,10.594298,11.5880785,16.088263,13.602488,20.168531,16.505043,18.352858,14.71163,18.56676,14.989573,20.137222,21.65202,25.035427,25.481743,28.180218,31.619495,32.600594,28.151754,26.355616,21.461786,21.487957,17.262829,17.078518,13.827032,12.916169,13.08623,11.902586,16.445768,17.465403,16.923882,19.621292,18.613161,22.465918,24.591587,26.930962,29.737856,29.444637,26.652777,28.410395,29.520723,24.991793,23.540274,18.495712,20.614279,16.679424,20.593664,18.20763,18.940104,16.35105,12.72761,10.152981,8.146792,6.179539,7.401698,9.749319,12.478135,14.915982,18.332027,21.762728,24.944643,26.96038,25.83863,29.738148,27.302456,25.153301,22.859127,18.86033,20.834084,15.293494,18.735313,16.213638,13.689274,18.514755,13.93681,17.772982,18.519096,21.420998,24.758102,22.402094,19.833576,19.92769,15.140333,16.811287,18.204681,14.034056,11.354861,10.776942,7.7605605,6.362572,8.569159,7.98236
19,23.20212,22.4402,23.322628,21.640848,18.118067,15.498131,19.690678,15.470069,19.650196,17.835852,22.636557,23.30826,21.089497,18.427835,15.438243,12.130908,9.073436,6.103482,5.336876,0.0,6.2533865,6.8707185,6.6100526,11.41753,8.443219,15.011546,11.478267,13.757623,10.759382,14.9998045,12.767617,17.860537,20.593882,24.575516,25.016827,28.496317,31.580183,32.539772,28.23733,25.723711,20.939978,20.951405,16.277208,16.695868,12.340614,12.309319,11.317937,11.073069,14.165884,15.975574,14.684697,18.091906,16.394024,20.146421,22.659567,24.070566,27.665798,26.639229,23.801237,25.63422,27.76588,23.261784,20.88964,16.23904,17.02746,13.2854395,16.388002,14.3156805,14.304392,12.186847,8.838126,6.932522,5.2737894,6.730412,8.671285,9.720032,13.535722,15.675087,19.274555,22.712214,25.54286,27.743368,27.606007,31.518787,28.549753,27.020922,24.327559,19.782106,21.509575,15.294443,18.025906,14.580602,11.286572,15.254675,9.573258,13.021936,13.380562,16.164837,19.488567,17.367144,14.982034,15.771354,11.407096,14.003305,16.299767,12.919008,9.698591,12.081594,8.148722,9.598212,11.672736,12.578746
20,24.290184,23.803318,24.911512,23.996103,21.318604,18.110971,22.948156,18.885258,22.844559,21.660696,25.794546,27.081203,24.469236,21.630476,18.519388,15.84471,11.1850815,10.680999,6.094817,6.2533865,0.0,6.4296155,9.216569,13.270803,12.683968,19.124758,16.75675,19.527025,16.879799,20.878786,18.733212,23.342407,26.200605,29.404114,30.4087,33.23613,36.759808,37.90228,33.582874,31.450792,26.571377,26.54782,22.07842,21.979235,17.913292,16.968948,15.63736,13.655878,17.466894,20.11281,19.531128,23.221016,22.255823,26.10399,28.794193,30.27466,33.85024,32.871212,29.974823,31.581099,33.60794,28.934431,26.80483,22.340631,23.219034,19.506287,22.226254,19.79225,18.960976,16.446268,13.99892,10.46361,10.799564,9.7070055,12.416379,14.903243,18.058367,20.569733,24.043747,27.548508,30.602287,32.716934,31.852543,35.760033,33.13145,30.99672,28.494368,24.433783,25.818213,20.074162,22.71212,19.40214,16.427763,20.139223,14.802036,18.179607,17.681005,20.37359,23.114134,20.047682,16.910677,17.717728,13.742461,14.2350855,15.7615795,11.890724,9.931373,10.791591,10.417503,9.798649,13.524792,13.30052
21,24.461655,24.698814,26.409054,25.726305,22.80204,20.55764,25.316095,21.87066,26.191534,24.65757,29.445505,30.153692,27.804003,25.19961,22.028894,18.957273,15.226722,12.971707,10.594298,6.8707185,6.4296155,0.0,3.8437953,7.1372194,7.8414845,13.545169,12.494643,15.966432,14.705405,18.88927,18.329218,22.755592,26.530382,30.45105,31.185371,34.8498,37.862663,38.83889,34.62534,31.735504,27.145285,26.82083,22.267271,22.376558,17.534304,17.150822,14.578132,13.319341,15.179805,18.85331,17.746124,22.119198,20.863152,24.43102,27.735222,28.053679,32.519287,30.897991,28.145266,29.94106,33.020535,28.584612,25.509615,21.542099,20.760435,17.43594,18.639128,16.415993,14.248321,12.295179,11.200602,8.306836,10.27405,11.443096,14.507403,16.254143,19.906904,22.333015,25.733572,29.308447,31.911415,34.275433,34.299347,38.286236,35.310284,33.87001,31.104607,26.529388,27.943121,21.710201,23.77356,19.794516,16.293846,18.712297,12.475423,14.652968,13.141605,15.227685,17.645838,14.936198,11.899152,14.438143,11.76224,13.104294,15.784869,13.289772,11.072814,14.824842,13.347561,14.663688,17.82077,18.43169
22,24.130457,24.341413,26.014675,25.024351,21.735588,20.01476,24.355728,21.093153,25.454927,23.649855,28.733603,29.070637,27.00279,24.56963,21.544922,18.262487,15.483476,12.248693,11.5880785,6.6100526,9.216569,3.8437953,0.0,5.2218237,4.092887,10.014682,8.668705,12.240361,11.450171,15.700008,15.721964,20.130293,24.040648,28.400297,28.817554,32.90827,35.572105,36.424965,32.307827,29.10835,24.722366,24.36968,19.809992,20.242811,15.222576,15.4685755,12.799516,12.680839,13.547526,16.955717,15.32922,19.659203,17.942238,21.298689,24.619497,24.562498,29.241022,27.415602,24.747646,26.680006,30.06358,25.827494,22.417244,18.624687,17.235477,14.126552,14.91634,13.027379,10.773424,9.354684,8.360278,6.9608665,8.555549,11.279363,13.883057,14.737751,18.581793,20.707693,24.044659,27.505495,29.859892,32.270573,32.821243,36.762447,33.586014,32.575077,29.711905,24.923653,26.432608,20.075838,21.94023,17.849342,14.211004,16.20173,9.648801,11.27119,9.844274,11.816805,14.600986,12.637838,10.203711,13.148078,10.675775,13.335092,16.485363,14.459085,11.736973,16.242477,13.393244,15.621449,18.03567,19.164164
23,28.13287,28.74012,30.652475,29.807081,26.502125,25.068743,29.235342,25.969673,30.255201,28.112581,33.18657,33.03089,30.839119,28.728455,25.495075,22.574186,19.707916,16.792776,16.088263,11.41753,13.270803,7.1372194,5.2218237,0.0,5.3621583,7.805542,9.611801,13.594505,14.29014,18.50747,19.29601,23.701788,27.545486,32.463886,32.35119,36.925312,39.121788,39.646862,35.493027,31.81444,27.8507,26.787117,22.744865,22.575773,17.4846,17.467928,13.852844,13.604185,12.67792,17.076044,15.636269,20.385466,19.313572,22.297941,26.496305,25.449013,30.828798,28.927803,26.672031,28.986155,32.87638,29.06724,25.177645,21.575914,18.943144,16.124166,15.115381,12.9010315,9.097529,8.03173,9.599067,8.588528,11.863913,14.407678,17.251331,18.457382,21.88912,24.32553,27.187923,30.79963,32.714146,35.380527,36.20081,40.263374,37.27896,36.711205,33.95302,28.988348,30.869087,24.47741,26.29602,22.192804,18.546354,19.799162,13.33955,13.488879,11.218644,11.701108,13.7742,12.907027,11.062044,15.65673,14.6356535,17.091434,20.410992,18.972126,16.58413,21.274975,18.600067,20.69338,23.033825,23.84246
24,25.59054,25.700796,27.225582,25.834337,22.159761,20.936638,24.629421,21.388788,25.603037,23.363188,28.584703,28.34809,26.49822,24.4057,21.492022,18.294771,16.462294,12.723731,13.602488,8.443219,12.683968,7.8414845,4.092887,5.3621583,0.0,6.62919,5.0445743,8.881708,8.956493,13.391336,13.959118,18.528086,22.186861,27.231659,26.99696,31.632483,33.767197,34.33401,30.258108,26.646387,22.626183,21.940893,17.646666,18.117558,13.033578,13.844438,11.020801,12.157618,11.668729,14.689941,12.572913,16.826939,14.844237,17.902658,21.52379,20.928122,25.956306,24.0907,21.670975,23.981075,27.618307,23.769672,19.99481,16.23364,13.961538,10.999339,10.969268,9.204307,6.8552494,6.1278796,5.6730285,6.6524715,7.9078417,11.801017,13.813841,13.899976,17.590874,19.51792,22.532646,25.911343,27.864561,30.396786,31.47306,35.396812,32.185787,31.741156,28.90807,23.916677,25.777597,19.415596,21.225948,17.251822,13.630997,15.19714,8.6453905,9.15558,8.132603,9.507604,12.760721,12.259248,10.901839,14.1588955,12.105767,15.749696,19.102537,17.411444,14.4129925,19.046787,15.0608635,17.743116,19.306812,20.64186
25,28.54081,29.121965,30.90282,29.662422,26.047237,25.712315,28.871105,26.352877,30.42204,28.062506,33.37852,32.650642,31.177193,29.443531,26.7696,23.674034,22.60828,18.62603,20.168531,15.011546,19.124758,13.545169,10.014682,7.805542,6.62919,0.0,5.6035867,8.500725,11.459847,14.535931,17.009493,20.468868,24.42019,29.815443,29.162407,34.361404,35.753563,36.05307,32.3644,28.188263,24.991278,24.03953,20.380447,21.056108,16.353603,17.731062,14.669863,16.60398,13.925623,16.850847,14.395694,18.283194,16.137383,18.036606,21.93152,19.680939,25.471596,22.936447,21.070126,23.531748,28.13186,25.05402,20.572948,18.082058,13.747381,12.43104,9.217337,8.957542,4.568281,7.270542,9.636415,12.109739,13.591246,17.718739,19.36495,18.782322,22.110056,23.602747,26.121725,29.17347,30.463083,33.0446,34.96108,38.715797,35.36054,35.637283,32.77567,27.752113,29.529469,23.492231,24.581455,20.690037,17.422691,17.211628,11.965558,9.826194,8.042647,6.6723,9.056515,11.148755,11.565291,15.839332,15.7125025,19.517841,23.096409,22.436554,19.718832,24.979225,20.914541,24.064693,25.284405,26.907465
26,25.048494,25.0673,26.4369,24.74322,20.875248,20.53368,23.41134,20.88906,24.907312,22.64669,28.029524,27.514238,26.298847,24.423964,22.079073,18.702145,18.407787,13.932427,16.505043,11.478267,16.75675,12.494643,8.668705,9.611801,5.0445743,5.6035867,0.0,3.9866846,5.9038334,9.447401,11.476621,15.206719,19.123692,24.398668,23.944754,28.948328,30.627092,31.156027,27.453693,23.59004,20.000355,19.724695,15.500341,16.99584,12.347776,14.433974,12.455192,15.041003,13.731698,15.409539,12.556154,15.859502,12.67104,14.990158,17.951565,16.819527,21.92945,19.510382,17.129066,19.428083,23.53645,20.041363,15.838693,12.917056,9.507114,7.7300406,6.835278,7.2176714,5.932521,7.556093,7.0145345,10.362335,9.844716,14.587339,15.5156355,13.976424,17.612715,18.582188,21.463367,24.307497,25.916092,28.285688,30.148643,33.780357,30.192276,30.264742,27.303001,22.33358,23.936722,17.904682,19.039852,15.225857,11.973089,12.369861,6.9667683,5.5839043,5.8458176,6.7424736,10.531481,11.504079,11.555235,14.046188,12.519763,17.00892,20.396389,19.305357,16.217667,21.081018,16.25699,19.70035,20.378408,22.403996
27,24.696795,24.460564,25.535292,23.495436,19.503544,19.805094,21.864786,19.912449,23.626867,21.41554,26.786186,26.115734,25.453794,23.756859,21.965906,18.54878,19.462164,14.705057,18.352858,13.757623,19.527025,15.966432,12.240361,13.594505,8.881708,8.500725,3.9866846,0.0,4.4876065,6.2259374,9.421528,12.221603,16.141804,21.503263,20.880337,26.069204,27.427053,27.969246,24.599499,20.684753,17.436377,17.711771,13.589576,16.06807,12.174106,15.116999,14.111791,17.409338,16.090427,16.588953,13.443445,15.613137,11.452837,13.050757,14.93943,13.73242,18.553923,15.724503,13.247402,15.489974,19.796778,16.554493,12.12969,9.997378,5.8647113,5.764614,5.1484423,7.816521,8.38954,10.495486,9.398656,13.37176,11.688095,16.567148,16.655674,13.946434,17.359123,17.4329,20.183773,22.47184,23.860407,25.99897,28.410656,31.73867,27.862488,28.282438,25.259237,20.438143,21.78339,16.227312,16.816727,13.393948,10.756605,10.359743,7.0062594,4.657906,6.9483337,7.6737466,11.312722,12.960337,13.740592,15.097518,13.62053,18.440683,21.62473,20.777742,17.676332,22.299763,16.95047,20.734087,20.660929,23.135542
28,23.22494,22.428104,23.092972,20.646029,16.381075,16.111898,18.207537,15.621391,19.38943,17.12943,22.54241,22.136889,21.373087,19.462423,17.723606,14.13941,15.355544,10.501123,14.71163,10.759382,16.879799,14.705405,11.450171,14.29014,8.956493,11.459847,5.9038334,4.4876065,0.0,5.1237803,5.575819,10.038826,13.421562,18.739164,18.279089,23.126732,25.023651,25.746723,22.047764,18.59488,14.608702,15.288252,10.475483,13.271154,9.395672,12.434411,12.328932,15.49084,15.5333605,15.469458,12.544577,14.436604,10.173643,12.629463,13.98204,14.472665,18.337538,16.314074,13.460397,15.569324,18.733591,14.838243,11.247489,7.481604,6.4339466,4.236017,7.746986,8.791441,10.52858,11.15779,8.293358,11.7635765,8.705983,13.417978,13.006175,9.818086,13.530506,13.492894,16.703962,19.118364,21.026505,23.08954,24.982931,28.403189,24.553581,24.513584,21.46957,16.570686,18.08299,12.154559,13.454666,10.072762,7.1703157,8.895046,5.10141,5.9267154,8.873408,10.928799,14.716255,15.042818,14.935975,15.34839,12.425023,17.199614,20.042547,18.471334,15.142654,18.940691,13.098921,16.718918,16.28662,18.803406
29,21.529938,20.632881,21.093105,18.521345,14.441609,15.499287,16.542877,15.669417,19.03129,17.459925,22.77029,22.61234,22.774458,20.926615,20.12071,16.419643,18.851921,13.916793,18.56676,14.9998045,20.878786,18.88927,15.700008,18.50747,13.391336,14.535931,9.447401,6.2259374,5.1237803,0.0,5.7203045,6.01671,10.940348,15.463985,15.70082,20.427334,22.180964,23.315243,20.439138,17.277365,13.806527,15.973272,11.415448,15.71472,13.091599,16.616514,17.125309,20.497297,20.392797,19.818806,16.77894,17.685102,12.719779,13.957347,13.095526,13.62412,16.49036,13.389113,10.048816,11.067469,14.833423,10.902566,6.8564568,6.166126,5.4068007,6.993142,9.745374,12.584485,14.364497,15.792293,13.342779,16.86439,13.595036,18.085623,17.173664,13.076046,16.40224,14.97719,18.109129,19.454662,21.188457,22.655573,25.275513,28.068121,23.589315,23.779585,20.486647,16.144442,16.39272,11.582871,11.078709,8.139998,6.844464,5.8571925,6.8869762,6.3623195,10.113499,11.888198,15.087329,15.738573,16.44432,15.570358,13.353477,18.121094,20.639103,19.852718,16.89764,20.67007,15.016169,19.121801,18.135237,21.395128
30,23.02366,21.389452,21.197783,17.928137,13.383449,13.1846485,13.94338,11.256238,14.455369,12.174679,17.523102,17.238312,17.120472,15.2483225,14.459425,10.911303,14.08137,9.635785,14.989573,12.767617,18.733212,18.329218,15.721964,19.29601,13.959118,17.009493,11.476621,9.421528,5.575819,5.7203045,0.0,6.6728024,8.329793,13.700845,13.134669,17.718985,19.90684,20.858973,17.170462,14.418246,9.94107,12.089671,6.88729,11.310003,9.330009,12.715722,14.388199,17.607727,18.657585,17.241161,14.658026,14.989252,10.449075,12.549967,11.713726,14.209062,16.176878,14.916803,11.850587,13.500261,15.017919,10.736643,8.689963,3.8700995,7.6945643,6.399,11.62709,12.719754,15.617598,15.763455,12.162497,15.086634,10.7985735,14.426893,12.667175,7.9695997,11.034428,9.382811,12.880281,14.552159,16.838589,18.436306,20.315088,23.429462,19.28394,19.093765,15.960852,11.1799965,12.635072,6.9787717,8.72991,6.713346,5.522717,8.807284,8.403037,10.264013,13.697579,16.00563,19.611,19.59363,19.385462,18.48387,14.841506,19.267414,21.40896,19.479588,16.257233,18.542812,12.196934,15.500129,13.651755,16.559563
31,20.11584,18.382841,17.92879,14.640718,10.646804,12.603831,11.903999,12.580046,15.116277,14.490264,19.35131,19.82727,20.92255,19.033167,19.3885,15.79485,19.54934,15.1102705,20.137222,17.860537,23.342407,22.755592,20.130293,23.701788,18.528086,20.468868,15.206719,12.221603,10.038826,6.01671,6.6728024,0.0,7.073448,9.628796,11.333682,15.089966,17.466642,19.365084,17.181892,15.30043,11.880352,15.952233,11.708236,17.007748,15.821434,19.33901,20.932373,24.155626,24.932308,23.625443,20.855253,20.823961,15.858314,16.749804,13.66062,15.889467,16.45284,13.746801,10.212344,9.404678,11.327321,6.462287,5.0308003,6.738111,9.806792,11.424928,15.225191,17.816313,20.146803,21.146973,18.055683,21.070852,17.012922,20.72293,19.040003,14.271299,16.981312,14.175398,17.357038,17.529747,19.582127,20.182804,22.827291,24.912859,19.898947,19.737045,16.230469,12.851701,11.461133,8.441265,6.0006056,5.1521997,7.00198,6.3373046,10.82866,11.599311,15.226685,17.351126,20.218267,20.196117,20.701187,18.366652,15.67439,19.796717,21.45652,20.647255,18.073654,20.504372,15.061499,18.937994,16.974718,20.758081
32,26.083185,23.756355,22.513496,18.477161,14.49015,15.506748,13.046396,12.238522,12.943648,11.238096,15.080781,14.393555,16.23465,15.317341,16.562153,14.275268,19.351025,16.141438,21.65202,20.593882,26.200605,26.530382,24.040648,27.545486,22.186861,24.42019,19.123692,16.141804,13.421562,10.940348,8.329793,7.073448,0.0,7.2955556,4.903354,10.089371,11.64101,12.904134,10.153672,8.7760105,5.662916,10.897902,8.380206,13.7124605,14.770728,18.14853,20.964434,24.448671,25.457851,22.734444,20.422962,18.811005,14.41028,14.637229,9.960361,14.236349,12.642016,12.314602,9.825948,10.20098,8.262318,4.699499,7.084332,6.4898233,11.795437,12.766512,17.276108,19.19195,22.8335,23.306168,19.895824,22.965752,18.508286,21.302544,18.611366,13.571187,14.416763,10.501716,12.400747,11.342215,13.054263,13.249455,16.323341,18.127028,13.159533,13.898142,10.878623,7.7976584,8.210433,7.5266733,7.3812747,9.671316,11.607521,13.178672,16.001562,17.12643,20.853697,22.791664,26.005352,26.436813,26.733736,24.924822,21.618757,25.693094,27.201967,25.583447,22.794247,23.906502,17.988276,20.702902,17.45032,20.450363
33,23.840008,21.002478,18.948439,14.789469,12.164686,14.276192,9.837147,12.4231205,11.820142,12.725105,15.250658,16.367764,19.133772,17.84752,20.126389,17.779654,22.948421,20.059763,25.035427,24.575516,29.404114,30.45105,28.400297,32.463886,27.231659,29.815443,24.398668,21.503263,18.739164,15.463985,13.700845,9.628796,7.2955556,0.0,6.6106124,6.243333,10.048492,13.319787,12.82981,13.999574,11.98102,17.565306,15.227857,20.355768,21.324266,24.428925,27.26737,30.296497,31.910038,29.518684,27.270565,25.922499,21.584951,21.919823,16.880337,20.89626,18.388401,17.45525,14.981992,13.061722,10.003309,7.0728545,11.253987,13.068916,17.930767,19.215857,23.650545,25.805925,28.927849,29.428331,25.830635,28.380535,23.776493,26.231749,23.610264,18.770346,19.786804,15.624234,17.731318,15.759363,17.80371,16.716875,19.130388,19.597628,14.15034,13.588212,10.385989,10.391267,6.1565323,9.881177,6.8529963,11.005159,14.380201,15.020523,19.700466,21.147833,24.71958,26.97126,29.767067,29.450777,29.701332,26.589806,23.456753,26.680046,27.327467,26.187225,24.128237,24.348055,19.656694,22.224514,18.847355,22.407623
34,29.251621,26.617296,24.867361,20.636658,17.23899,18.411839,14.7150755,14.555371,13.686425,12.4294615,14.58441,13.588222,16.463684,16.26294,18.44004,17.043272,22.571772,20.078197,25.481743,25.016827,30.4087,31.185371,28.817554,32.35119,26.99696,29.162407,23.944754,20.880337,18.279089,15.70082,13.134669,11.333682,4.903354,6.6106124,0.0,6.1902356,6.7759743,8.285245,6.594488,7.521504,6.868635,12.247005,11.646466,16.27098,18.47841,21.580431,24.83706,28.288916,29.413515,26.14862,24.109045,21.750498,17.86025,17.477364,11.856602,16.585562,13.078336,13.8625,12.325176,12.096526,7.4811807,6.5984735,10.718524,11.116586,16.11793,17.271498,21.57566,23.464512,27.382776,27.799168,24.384937,27.370842,22.853897,25.166779,22.137789,17.277979,17.149065,12.835443,13.525805,10.8845415,11.964223,10.920705,14.459626,15.116881,9.872278,11.404672,9.078101,8.348373,8.272253,10.79223,10.364026,13.781091,16.184666,17.595964,20.861284,21.95836,25.698887,27.55657,30.673956,31.195116,31.553923,29.497858,26.192928,30.051119,31.269522,29.631634,27.016367,27.465227,21.848507,24.072115,20.325142,23.055325
35,29.581661,26.502487,24.078426,19.80943,17.480473,18.780075,13.86508,15.200327,12.8208275,13.334355,13.680396,14.070959,17.720388,17.441889,20.543968,19.471687,25.105469,23.225304,28.180218,28.496317,33.23613,34.8498,32.90827,36.925312,31.632483,34.361404,28.948328,26.069204,23.126732,20.427334,17.718985,15.089966,10.089371,6.243333,6.1902356,0.0,5.333702,8.86617,9.447698,12.717979,12.262708,17.486418,16.879055,21.178871,23.488216,26.234272,29.69909,32.72146,34.50654,31.324015,29.483057,27.22806,23.58759,23.505083,18.000729,22.747389,18.845037,19.546957,17.986818,16.714521,11.658469,10.99336,15.665388,16.553467,21.795414,22.755032,27.344713,29.103176,32.833096,33.035862,29.33205,31.809376,27.113098,28.889816,25.769928,21.174324,20.89154,16.469353,17.208244,13.975185,15.437203,13.291519,15.566142,14.816933,9.579149,9.653326,7.831602,10.373323,7.7181497,13.242696,12.051704,16.384058,19.456018,20.879028,24.846306,26.418447,30.079405,32.254448,35.250652,35.17575,35.32313,32.49755,29.049816,32.265526,32.83433,31.242798,29.102024,28.520025,23.797112,25.50915,21.496778,24.275045
