,0,1,2,3,4,5,6,7,8,9,10,11,12,13,14,15,16,17,18,19,20,21,22,23,24,25,26,27,28,29,30,31,32,33,34,35,36,37,38,39,40,41,42,43,44,45,46,47,48,49,50,51,52,53,54,55,56,57,58,59,60,61,62,63,64,65,66,67,68,69,70,71,72,73,74,75,76,77,78,79,80,81,82,83,84,85,86,87,88,89,90,91,92,93,94,95,96,97,98,99,100,101,102,103,104,105,106,107,108,109,110,111,112,113,114
0,0.0,4.2893386,5.683656,8.351936,11.729716,12.821926,16.899246,19.19236,22.501913,25.440308,30.385345,32.06395,34.48395,35.757587,32.128986,28.628838,25.18712,22.829035,20.555882,16.208824,15.264433,11.520395,13.786881,11.327472,14.694898,16.317924,17.248957,20.798004,20.46797,23.610912,24.79295,27.501007,33.16891,34.61873,38.12014,40.316925,43.824867,45.37712,43.064957,39.559032,35.225315,36.314945,31.109003,32.910095,28.297325,28.95153,26.753931,26.055136,26.944016,30.78192,29.030367,33.44677,31.219574,33.901913,36.57619,35.846203,40.8826,38.548763,35.44978,36.437813,40.04577,35.207657,31.975847,29.823357,28.143335,25.981577,25.939098,25.020842,21.649101,22.17606,22.03571,19.763805,20.732698,21.484379,24.049543,25.293968,29.215586,30.675512,34.969723,37.50831,41.457134,42.53808,41.217976,44.109924,42.133495,37.461426,34.71864,30.753927,29.557962,24.811522,23.479399,18.952957,19.579699,13.906657,18.524021,22.210876,22.370394,19.10891,22.326694,17.624294,21.89267,21.533394,25.474018,25.76389,29.891397,31.028599,35.78567,38.958153,38.563797,35.256405,38.36991,32.572784,33.930866,31.530739,31.642857
1,4.2893386,0.0,5.068132,4.482383,8.641774,10.567433,14.016577,17.170704,19.886847,23.340786,27.962404,30.106058,32.20113,33.271194,29.82295,26.041195,23.264463,20.281763,18.894644,14.298453,14.2614565,10.150129,13.417985,10.795664,12.461795,14.724278,14.485911,17.680704,17.18237,19.869099,21.323898,23.529198,29.401192,30.551193,34.308052,36.35133,39.93785,41.643215,39.527107,36.052883,31.821205,33.291363,27.99599,30.343328,25.88926,27.043148,25.203957,25.158003,25.963617,29.264893,27.17743,31.26919,28.532352,31.056437,33.231,32.559853,37.424152,34.871693,31.680613,32.42514,36.095478,31.219725,28.046333,26.254837,24.712652,22.864328,23.06216,22.631561,19.641188,20.62365,20.148327,18.589565,18.712927,20.15758,22.267765,22.718758,26.826872,27.779758,32.177788,34.396572,38.335964,39.216236,38.024235,40.745968,38.517155,33.897305,30.990889,27.240644,25.650509,21.1997,19.495451,15.043278,15.588932,10.150498,14.490558,18.19384,18.486149,14.858157,18.102158,13.414041,17.793377,17.691608,21.576035,22.279383,26.25169,27.683294,32.40995,35.56602,35.42266,32.146385,35.522594,29.625671,31.428246,29.028553,29.65988
2,5.683656,5.068132,0.0,5.9794407,7.2525034,9.010079,12.333262,15.386708,18.717163,21.57133,26.703117,28.154436,30.569693,31.426508,27.728819,24.155273,20.662058,18.03839,16.020536,11.050744,11.490937,6.1798387,8.555022,6.20601,9.22616,11.845967,12.314475,16.031494,15.437082,19.171219,19.881296,23.338018,28.609102,30.90134,33.71825,36.488846,39.614346,40.857277,38.21048,34.57749,30.241596,30.945402,25.835764,27.35337,22.677122,23.29976,21.101892,20.600874,21.51778,25.168633,23.396276,27.80205,25.697395,28.515568,31.435917,30.889,35.899433,33.97917,30.97215,32.407963,35.701023,30.9932,27.697884,24.937012,23.29552,20.738405,20.918043,19.615295,16.575006,16.812742,16.395836,14.175901,15.11089,16.146563,18.755226,20.016548,23.98453,25.647228,29.867128,32.63418,36.50979,37.781704,36.77642,39.89368,37.87483,33.178986,30.767042,26.441778,25.797094,20.4537,19.585758,14.918591,15.772007,10.185602,16.219845,19.633232,21.01467,17.216486,20.849304,15.795603,19.610836,18.637741,22.801308,22.283207,26.889254,27.203957,32.1774,35.28971,34.497063,31.091467,33.679474,27.734781,28.835094,26.16769,26.266298
3,8.351936,4.482383,5.9794407,0.0,4.7025685,7.20726,9.875867,13.658562,15.885249,19.631968,24.035236,26.416779,28.289492,29.178566,25.850473,21.917984,19.627512,16.249254,15.579482,11.058685,11.838621,8.041937,12.169196,10.40946,10.045797,13.805085,11.957863,14.763856,13.486565,16.125206,17.13256,19.416595,25.075565,26.270264,29.908022,31.98118,35.535732,37.21506,35.145,31.782362,27.494953,29.21671,23.875637,26.540411,22.33059,23.778112,22.457201,22.85973,23.963825,26.633709,24.370033,28.1108,25.056265,27.642607,29.374432,29.131374,33.662434,31.255505,27.96671,28.658875,32.001488,27.058979,24.11171,22.144691,21.155037,19.21674,20.150301,19.815563,17.651823,18.641096,17.458847,16.372623,15.496845,17.285751,18.881454,18.75476,22.897167,23.53127,27.965715,30.02074,33.963505,34.775116,33.59897,36.295193,34.037025,29.415386,26.532846,22.761284,21.244555,16.735157,15.178221,10.791908,11.89148,7.1509905,12.095705,15.604683,16.762148,12.016315,15.125045,9.943468,13.921246,13.449474,17.458431,17.920723,22.023954,23.292658,28.06242,31.2024,31.05512,27.778204,31.222872,25.312483,27.358103,25.071888,26.031036
4,11.729716,8.641774,7.2525034,4.7025685,0.0,4.4282646,5.592465,10.259129,12.490862,16.041609,20.65108,22.724297,24.643175,25.218077,21.789206,17.839952,15.443119,11.857519,11.486778,6.633225,8.967492,5.0841,9.384617,9.043353,6.9954133,12.400869,9.510099,12.205166,9.969772,13.480978,13.339303,16.798306,21.740046,23.869656,26.663801,29.307335,32.486107,33.803387,31.378536,27.987434,23.543365,24.928127,19.633787,21.999619,17.823053,19.19016,18.150614,18.69835,20.179016,22.45286,20.237625,23.867476,20.954062,23.83047,25.710335,25.942312,30.286554,28.465014,25.241518,26.39926,29.170835,24.314562,21.489773,18.586803,18.059969,15.458707,17.12773,16.240622,14.915782,15.381153,13.477775,12.471591,10.954234,12.8625555,14.252848,14.1250725,18.27476,19.161589,23.546425,25.88789,29.812721,30.859869,29.823944,32.79934,30.676792,25.988926,23.515139,19.253864,18.60587,13.263452,12.665223,8.261789,10.23224,6.6252003,12.785698,15.686737,18.130396,12.907302,15.968576,10.66863,13.425466,11.858423,16.057621,15.217897,19.922436,20.122114,25.116974,28.20434,27.559992,24.174911,27.097822,21.092096,22.847782,20.446655,21.339834
5,12.821926,10.567433,9.010079,7.20726,4.4282646,0.0,5.040888,6.660486,9.808913,12.85486,17.7811,19.59336,21.817514,22.94825,19.38282,15.842406,12.801105,10.375477,8.653081,5.734367,5.1913247,5.6143217,9.842817,11.365923,10.265604,16.090757,13.366336,15.901211,12.885925,16.51653,14.966449,18.92359,22.88804,24.832869,27.336054,29.697973,32.96493,34.155586,31.798613,28.87359,24.106575,25.603935,20.44757,22.464886,18.68845,19.501083,18.987728,18.852787,21.446558,23.570415,21.736383,25.250473,22.692265,25.941687,27.581041,28.577698,32.403408,31.058805,27.799639,28.860098,30.905989,25.98411,23.808746,20.343868,20.87968,17.793203,20.331276,18.885109,18.183506,17.891497,15.352001,13.465617,11.643734,11.925264,13.112773,13.792376,17.349798,18.562468,22.799572,25.258366,29.268965,30.413296,28.69347,31.75674,30.308458,25.592756,23.313047,18.94807,19.070248,13.773721,14.338217,10.821518,13.665756,10.963609,16.66258,19.460226,21.819077,16.019857,18.143274,12.602006,14.410295,11.966707,16.05502,14.221804,19.040382,18.876398,23.74658,26.873856,26.00519,22.667572,25.695887,20.166101,21.670666,19.987633,20.378944
6,16.899246,14.016577,12.333262,9.875867,5.592465,5.040888,0.0,6.2168202,7.4687595,10.998834,15.412878,17.501678,19.24554,19.646357,16.26938,12.255147,10.365608,6.3934474,7.342201,4.6661825,7.8468165,7.6838713,11.066029,12.724085,9.286549,15.491922,11.412881,12.923961,9.05459,12.541242,10.085367,14.5189085,17.986488,20.53798,22.53336,25.327717,28.298159,29.34366,26.848675,23.839655,19.095102,20.696472,15.486694,17.930138,14.453001,15.868364,16.037367,16.880545,19.313078,20.455599,18.339155,21.258291,18.282978,21.47688,22.69773,24.053614,27.554176,26.437042,23.213331,24.431583,26.123768,21.308731,19.272942,15.436636,16.540941,13.37133,16.723083,15.482615,15.957122,15.790811,12.593109,11.990618,8.592287,10.075101,10.151257,9.346739,13.224939,13.9276,18.295206,20.638216,24.618032,25.746683,24.461813,27.59114,25.832315,21.10739,19.01644,14.402481,14.881832,9.058908,10.290817,7.4500875,10.776922,10.181771,15.349198,17.36457,20.62816,14.795646,16.799591,11.8792515,12.509603,9.551148,13.447705,10.878795,16.03108,15.124867,20.203014,23.234436,22.212828,18.788738,21.5739,15.692428,17.528248,15.607144,16.703741
7,19.19236,17.170704,15.386708,13.658562,10.259129,6.660486,6.2168202,0.0,4.491138,6.2581506,11.487903,12.955379,15.325984,16.761871,13.153517,10.171657,6.9603314,6.415455,4.3493853,7.1383533,5.611015,10.548183,13.30622,16.464529,14.480476,20.748093,17.291594,18.935755,14.896442,18.254465,14.630073,19.170773,21.112007,23.262064,24.710705,26.989971,29.978489,30.779493,28.435467,26.235357,21.236937,22.860523,18.229881,19.872372,17.235352,17.636116,18.494625,18.249884,22.054066,23.037848,21.587189,24.273571,22.019403,25.557667,26.50023,28.753963,31.517982,31.061544,27.908033,28.973179,29.677483,24.97279,23.858631,19.559069,21.788897,18.264862,22.201548,20.332695,21.193396,20.202633,16.643867,14.89014,11.806448,10.5677805,10.149905,10.950758,13.18902,14.472709,18.250551,20.726107,24.696486,25.979063,23.591854,26.826147,26.244347,21.64987,20.022821,15.53877,17.263382,12.277278,14.81309,13.143451,16.733753,16.059843,21.104807,23.19215,26.148117,19.90758,20.962914,15.980555,15.724122,12.084602,15.283689,11.323979,16.18936,14.556626,19.161343,22.149082,20.692104,17.453482,20.25622,15.513588,16.726488,16.207607,16.318346
8,22.501913,19.886847,18.717163,15.885249,12.490862,9.808913,7.4687595,4.491138,0.0,4.6130257,8.19093,10.973046,12.431352,13.652079,10.582143,7.1384697,6.8361683,5.5755587,7.1193967,10.07987,10.062763,14.002094,16.904789,19.662277,16.57793,22.816622,18.516985,19.283155,14.883394,17.204409,13.020868,16.811068,17.909664,19.502014,20.934494,22.809532,25.910286,26.845707,24.888811,23.11926,18.173304,20.62462,16.167059,18.621515,16.884552,17.912226,19.624193,20.186028,23.808065,23.86217,22.183956,24.039688,21.262564,24.5345,24.407806,27.213644,29.245625,28.824547,25.638578,26.285685,26.440434,21.781433,21.375134,17.35766,20.601717,17.527891,22.130384,20.829197,22.492916,21.855661,18.013021,17.297583,13.266979,12.864411,11.201182,10.131317,11.872614,11.822028,15.562438,17.29799,21.292908,22.231014,19.614925,22.619371,22.01921,17.47193,15.7703285,11.584858,13.53175,9.476116,12.633629,12.460456,16.210018,17.115946,21.022018,22.537046,25.676142,19.323895,19.560066,15.352842,13.740076,9.776696,12.101026,7.2953076,12.023383,10.10376,14.690096,17.708874,16.511225,13.299713,16.846992,12.312769,14.507753,14.669243,15.71078
9,25.440308,23.340786,21.57133,19.631968,16.041609,12.85486,10.998834,6.2581506,4.6130257,0.0,5.6757975,6.7893133,9.097481,10.85366,7.4148264,5.728096,4.4189086,6.9691052,7.007904,12.072259,11.18607,16.354794,18.389214,22.002453,19.382278,25.604708,21.675718,22.50923,18.09427,20.759235,15.900661,20.261984,20.08599,22.236576,22.51096,24.57049,27.139019,27.525652,25.332872,24.036764,19.12338,20.936737,17.251383,18.569979,17.494701,17.669971,19.8493,19.809444,24.16717,23.923573,22.802994,24.404163,22.411282,25.906988,25.955458,29.298021,30.888876,31.229235,28.295322,29.25644,28.648653,24.397167,24.390232,19.746077,23.375158,19.892317,24.708004,22.794273,24.85057,23.56407,19.527777,18.341558,14.606549,12.813492,10.710861,10.869606,10.9720335,11.78574,14.5704,16.731985,20.475256,21.800236,18.710392,22.027973,22.407568,18.182531,17.428467,13.316646,16.593176,12.83652,16.649458,16.659924,20.345863,21.09684,25.410877,26.859142,30.179232,23.88902,24.128134,19.958097,18.228392,14.2481165,16.070454,10.693214,14.68483,11.348168,15.165622,17.79871,15.66381,12.709531,15.175276,11.837152,12.796942,13.94689,14.0169325
10,30.385345,27.962404,26.703117,24.035236,20.65108,17.7811,15.412878,11.487903,8.19093,5.6757975,0.0,4.8046684,4.6455593,7.1072927,5.6906233,6.0221596,8.897356,10.918873,12.534511,17.29036,16.735615,21.668058,23.866446,27.25737,24.07421,30.216402,25.776941,25.940493,21.425755,23.053013,17.949207,21.15202,19.504614,20.678719,20.503506,21.655443,24.143034,24.511164,23.026047,22.79757,18.306105,20.944122,18.12504,19.906267,20.143774,20.680424,23.62485,24.101974,28.33515,27.222126,26.073877,26.713104,24.481617,27.58425,26.377682,30.435698,30.908333,31.50441,28.696451,29.111416,27.516537,23.665695,24.772158,20.659119,25.30464,22.400093,27.65749,26.232977,28.926994,27.87582,23.717312,23.216806,19.0485,17.735748,14.970343,13.846606,12.783564,11.999358,13.642661,14.443235,17.799568,18.625153,14.599814,17.47094,18.689754,15.054258,14.792009,12.005459,15.747431,14.106648,18.127283,19.511538,23.1063,24.97799,28.253447,29.186306,32.487274,26.240564,25.541977,22.308529,19.418655,15.641895,15.982289,10.530279,12.640235,8.6278515,10.843595,13.07475,10.92969,8.644654,11.946075,10.707405,12.416426,15.080091,15.859929
11,32.06395,30.106058,28.154436,26.416779,22.724297,19.59336,17.501678,12.955379,10.973046,6.7893133,4.8046684,0.0,3.6651175,6.3773603,4.4470778,7.384196,8.396818,12.257713,12.6556835,18.184818,17.320044,22.698412,24.088173,28.10224,25.394009,31.439234,27.482275,27.881182,23.45474,25.717627,20.271818,24.367086,22.266865,24.477468,23.29571,25.112236,26.906109,26.625595,24.577614,24.40063,20.006954,21.5022,19.318947,19.72939,20.231058,19.869293,22.929996,22.776432,27.502249,26.31228,25.732552,26.346855,25.017424,28.3568,27.813522,32.02672,32.48248,33.743927,31.193062,32.1705,30.283787,26.778366,27.72085,22.909338,27.36591,23.968203,29.140118,27.057869,29.880991,28.230646,24.059044,23.088676,19.429237,17.10491,14.341723,14.522245,12.40418,12.974052,13.673641,15.384058,18.31357,19.790369,15.937686,19.256983,21.142653,17.850796,18.423677,15.287937,19.723936,17.306923,21.629303,22.54644,26.113836,27.50542,31.50846,32.548603,36.09114,29.90241,29.6925,26.079617,23.627022,19.719788,20.502485,14.85398,17.343622,12.746868,14.639106,16.31608,13.133175,11.240222,12.094854,11.849044,11.587266,14.69154,14.216306
12,34.48395,32.20113,30.569693,28.289492,24.643175,21.817514,19.24554,15.325984,12.431352,9.097481,4.6455593,3.6651175,0.0,3.9787173,4.701532,7.9507484,10.98713,13.8938055,15.402162,20.555853,20.184494,25.187574,26.822495,30.55857,27.348196,33.340336,28.995703,28.946436,24.49076,26.088602,20.615469,23.960833,21.080368,22.752384,21.27929,22.60571,24.27479,23.988022,22.395742,22.83531,18.793056,20.858042,19.150358,20.053923,21.242487,21.330532,24.756134,25.133465,29.563015,27.861012,27.117517,27.151089,25.508629,28.526066,27.164354,31.719208,31.521276,32.857254,30.395554,31.036942,28.62083,25.40343,26.954905,22.562532,27.531874,24.567173,29.947424,28.277222,31.456095,30.075356,25.856722,25.4449,21.4108,19.698011,16.604204,15.7528925,13.376678,12.771812,12.848256,13.505198,16.129341,17.216673,12.880391,15.906848,18.220552,15.376099,16.301765,14.033795,18.577673,17.320463,21.64523,23.311996,26.775175,28.879698,32.21871,32.910328,36.468475,30.38861,29.716051,26.691032,23.646603,19.922888,19.95883,14.472684,15.958037,11.116604,11.901063,13.148075,9.861438,8.580068,9.772371,10.931058,11.409311,15.141725,15.455228
13,35.757587,33.271194,31.426508,29.178566,25.218077,22.94825,19.646357,16.761871,13.652079,10.85366,7.1072927,6.3773603,3.9787173,0.0,4.014747,7.4252257,11.516516,13.7457695,16.20786,20.913218,21.602037,25.80018,27.1486,30.750504,27.056618,32.74979,28.275389,27.781857,23.468216,24.761187,19.116848,22.415897,18.639593,21.058756,18.563902,20.534908,21.543474,20.816284,18.862816,19.416237,15.654187,17.442442,16.435282,17.126062,19.058308,19.308758,23.115519,23.993385,28.076168,25.749647,25.021809,24.443209,22.883366,25.670546,24.046356,28.867117,28.248755,30.005146,27.80714,28.689877,25.83644,23.067673,24.805786,20.273586,25.455967,22.65779,28.097939,26.527224,30.191196,28.837328,24.638424,24.820646,20.63191,19.404472,15.942881,14.413218,11.389152,10.264041,9.360065,9.861929,12.283113,13.652063,9.802626,13.389416,15.543746,12.8892765,14.611762,12.365541,17.502743,16.420498,20.915937,22.972256,26.163618,28.804338,31.911077,32.219685,36.108673,30.37484,29.884407,27.200285,24.028505,20.413649,20.305782,14.777628,16.252161,10.596067,11.293053,12.13004,7.9741683,6.689133,5.909062,8.07648,8.270731,12.460363,13.250765
14,32.128986,29.82295,27.728819,25.850473,21.789206,19.38282,16.26938,13.153517,10.582143,7.4148264,5.6906233,4.4470778,4.701532,4.014747,0.0,4.392589,7.5229907,10.262927,12.256681,17.136312,17.743368,22.012325,23.250484,26.995483,23.590431,29.385996,25.158508,25.062912,20.707869,22.650913,16.9804,21.112003,18.396597,21.369467,19.509382,22.019651,23.409311,22.906311,20.472237,20.078922,15.708676,17.076582,15.132861,15.616938,16.620346,16.630613,20.098425,20.657682,24.951132,23.167492,22.42704,22.550985,21.063099,24.242582,23.491188,27.859797,28.118992,29.59446,27.196915,28.399988,26.321045,23.051168,24.027374,19.033333,23.693918,20.432995,25.740194,23.830423,27.146276,25.630316,21.413721,21.193026,17.14756,15.593945,12.267019,11.370677,8.707824,8.754448,9.245614,11.206632,14.333137,16.032755,12.880394,16.662172,17.941456,14.483321,15.455968,11.978836,16.980974,14.516279,19.08259,20.419918,23.74244,25.779675,29.488754,30.134102,34.028408,28.171618,28.16496,24.905827,22.293444,18.462036,19.14622,13.336027,16.04097,10.572724,12.915946,14.54427,10.892604,8.497246,8.476158,7.5366807,7.3217263,10.621374,10.8952
15,28.628838,26.041195,24.155273,21.917984,17.839952,15.842406,12.255147,10.171657,7.1384697,5.728096,6.0221596,7.384196,7.9507484,7.4252257,4.392589,0.0,5.6992717,6.3904243,9.6886635,13.723545,15.07435,18.589523,20.259031,23.544857,19.779821,25.627031,21.149231,21.018644,16.585644,18.484558,12.945784,17.16805,15.442554,18.467037,17.516443,20.252987,22.181442,22.195738,19.718771,18.521446,13.705113,15.613852,12.471966,14.04824,14.140621,14.886759,17.978233,19.001263,22.84895,21.425158,20.162973,20.724216,18.507235,21.715845,21.067568,24.978214,25.866568,26.697866,24.021046,25.163292,23.835314,20.04634,20.519638,15.605422,20.032528,16.827915,22.127745,20.526377,23.611273,22.483744,18.279938,18.359436,13.9297,13.262172,10.013239,8.052464,6.9563584,6.418881,9.002271,11.065206,14.875452,16.313238,13.8253355,17.485743,17.514706,13.310003,13.32229,8.965682,13.524506,10.284809,14.816889,16.028955,19.368977,21.504583,25.09617,25.779804,29.662085,23.82839,24.015377,20.69966,18.262062,14.433228,15.506379,9.705512,13.318832,8.255035,12.121853,14.431283,11.665624,8.413787,10.088015,6.114335,7.7360873,9.335411,10.63389
16,25.18712,23.264463,20.662058,19.627512,15.443119,12.801105,10.365608,6.9603314,6.8361683,4.4189086,8.897356,8.396818,10.98713,11.516516,7.5229907,5.6992717,0.0,5.099819,4.7988653,10.074444,10.542146,14.818963,15.9143305,19.890285,17.22347,23.191435,19.600266,20.468927,16.243235,19.51962,14.421968,19.796402,19.494543,23.012825,22.479368,25.564878,27.544348,27.487898,24.572117,22.748821,17.838863,18.536478,14.972376,15.275697,13.907347,13.55489,15.708671,15.531096,20.03397,19.733006,18.856892,20.61597,19.188236,22.901352,23.794285,26.977833,28.904293,29.656706,26.952765,28.603779,28.078524,24.076317,23.577564,18.230484,21.392426,17.437246,22.083803,19.613785,21.880379,20.148361,16.062819,14.808232,11.249452,8.967191,6.5289516,7.80653,7.6967416,10.024314,12.7871475,15.980454,19.64228,21.506832,19.282934,23.071611,23.142534,18.8708,18.59244,13.824998,17.598646,12.778394,16.786201,16.335476,19.747866,20.282017,25.186913,26.545982,30.287825,24.372921,25.382994,21.07117,19.863077,15.946855,18.234833,12.824606,17.356966,13.3259115,17.4873,19.944532,17.189396,14.050608,14.949995,10.895761,10.601408,10.8358135,10.197822
17,22.829035,20.281763,18.03839,16.249254,11.857519,10.375477,6.3934474,6.415455,5.5755587,6.9691052,10.918873,12.257713,13.8938055,13.7457695,10.262927,6.3904243,5.099819,0.0,5.347967,7.5087214,10.225408,12.389986,14.1898775,17.18865,13.476306,19.466986,15.238163,15.774292,11.395835,14.481739,9.616851,15.022848,15.796243,19.38468,19.605814,22.904009,25.177134,25.549799,22.689732,20.198957,15.214216,16.459377,11.900652,13.60227,11.417941,12.385212,14.15304,15.114013,18.543827,18.307219,16.655224,18.567736,16.11347,19.628603,20.387468,23.056545,25.476706,25.55727,22.644503,24.213558,24.410488,20.090029,19.063578,13.990502,16.808537,13.084641,17.75705,15.899124,18.107878,17.085457,13.017854,12.769312,8.323655,8.436547,6.223638,4.7337093,7.3376517,8.441375,12.483917,15.279732,19.215652,20.735773,19.271137,22.837105,21.764776,17.156855,16.153255,11.054464,13.883387,8.230184,11.937972,11.369967,14.707354,15.759735,20.30375,21.502434,25.373522,19.644438,20.924946,16.807604,15.764744,12.072971,14.725279,9.928893,15.002349,11.765588,16.670841,19.39735,17.37897,13.927533,15.695856,10.077427,11.328018,10.104816,11.1119585
18,20.555882,18.894644,16.020536,15.579482,11.486778,8.653081,7.342201,4.3493853,7.1193967,7.007904,12.534511,12.6556835,15.402162,16.20786,12.256681,9.6886635,4.7988653,5.347967,0.0,5.8539095,5.994658,10.214203,11.509659,15.50373,13.568692,19.627087,16.588184,18.250816,14.355191,18.352398,14.235905,19.800491,21.118471,24.527487,24.920126,28.046398,30.396364,30.67378,27.717022,25.277596,20.324375,20.89618,16.615803,17.117996,14.3423815,14.027493,14.849203,14.214029,18.431946,19.363775,18.293295,21.103422,19.57794,23.361284,25.056814,27.35424,30.2306,30.374987,27.504633,29.238796,29.703173,25.349972,24.020292,18.936228,20.928568,16.85854,20.729445,18.133642,19.33276,17.667723,13.948307,11.842346,9.013264,6.606408,6.2549133,8.676068,10.548225,13.071538,16.517485,19.777687,23.577915,25.35102,23.451294,27.116152,26.62019,22.091812,21.133873,16.182478,18.812695,13.164852,16.217897,14.43117,17.728886,16.986803,22.612335,24.49877,27.94719,22.110708,23.753588,18.851866,18.7502,15.105973,18.288063,13.794638,18.85457,16.035614,20.691004,23.448929,21.233297,17.930414,19.378677,14.545666,14.594831,13.584117,12.890175
19,16.208824,14.298453,11.050744,11.058685,6.633225,5.734367,4.6661825,7.1383533,10.07987,12.072259,17.29036,18.184818,20.555853,20.913218,17.136312,13.723545,10.074444,7.5087214,5.8539095,0.0,5.8413515,5.019498,6.9895697,10.012954,7.848742,13.971925,11.226045,13.562462,10.355799,14.943199,12.416276,17.840593,20.873037,24.41605,25.573807,28.982248,31.47896,32.065674,29.018147,25.796463,21.074987,21.498896,16.63208,17.639526,13.588333,13.960255,13.334169,13.219819,16.033308,17.961918,16.336433,19.968658,18.01135,21.551949,23.969584,25.105553,29.003168,28.410215,25.476526,27.37755,29.000172,24.495857,22.144415,17.597672,18.009867,14.1449,16.872873,14.511162,14.538799,13.40816,10.32948,8.269358,6.170315,6.4192805,7.99667,9.501494,13.092825,15.223197,19.216,22.372292,26.207197,27.827784,26.727242,30.246143,28.796535,24.120825,22.592705,17.618773,18.929552,12.719085,14.305416,11.076249,13.725499,11.801959,18.057646,20.241886,23.586369,18.306791,20.943394,15.877531,17.080425,14.215367,18.082453,15.018043,20.277336,18.527658,23.583328,26.491703,24.80987,21.352577,23.074028,17.315073,17.90292,15.542521,15.512484
20,15.264433,14.2614565,11.490937,11.838621,8.967492,5.1913247,7.8468165,5.611015,10.062763,11.18607,16.735615,17.320044,20.184494,21.602037,17.743368,15.07435,10.542146,10.225408,5.994658,5.8413515,0.0,6.930722,9.17648,12.680042,12.641219,18.412704,16.380451,19.036436,15.839492,20.051195,17.388098,22.327423,25.150143,27.78738,29.316406,31.996092,34.880466,35.59224,32.88601,30.2018,25.276178,26.0893,21.388529,22.257301,18.706215,18.486279,18.092463,16.890993,20.515533,22.75134,21.572104,25.182428,23.532234,27.177368,29.271593,30.76194,34.34813,33.770496,30.705593,32.18797,33.555756,28.858027,26.982948,22.621988,23.589466,19.82668,22.678137,20.299702,19.976562,18.660217,15.838252,12.829492,11.611665,9.732749,11.257503,13.696987,16.336191,18.577412,22.321024,25.351704,29.255312,30.811403,28.778584,32.186737,31.461626,26.815706,25.185152,20.494614,21.88145,16.309813,18.049948,15.029953,18.039265,15.484021,21.582537,24.22914,26.870266,21.111317,23.10566,17.627928,18.832287,15.797879,19.568047,16.428062,21.378098,20.036299,24.74111,27.727633,26.130693,22.847662,25.060213,20.092323,20.548891,19.253702,18.568947
21,11.520395,10.150129,6.1798387,8.041937,5.0841,5.6143217,7.6838713,10.548183,14.002094,16.354794,21.668058,22.698412,25.187574,25.80018,22.012325,18.589523,14.818963,12.389986,10.214203,5.019498,6.930722,0.0,4.562434,6.0343475,6.5035625,11.70788,10.550063,13.928439,12.031444,16.562449,15.667458,20.337107,24.510433,27.620466,29.492786,32.70917,35.457516,36.298862,33.35101,29.869947,25.328094,25.719889,20.752756,21.825655,17.317518,17.663836,15.969426,15.439916,17.318356,20.382223,18.746368,22.96775,21.09022,24.345507,27.245466,27.508461,32.061,30.900936,27.947071,29.760113,32.200523,27.597815,24.692774,20.871637,20.116583,16.735806,18.090216,16.002384,14.330233,13.645478,11.952529,9.342454,9.494031,10.084222,12.594357,14.24236,17.99898,20.049631,24.11263,27.180405,31.017721,32.53719,31.517752,34.901485,33.202126,28.497385,26.584229,21.839548,22.258099,16.295399,16.66645,12.446513,14.280769,10.2796,17.051933,19.866625,22.491764,17.76964,21.036545,15.748195,18.2876,16.225052,20.395447,18.478619,23.542646,22.71524,27.780886,30.796555,29.462322,26.011065,28.036125,22.188438,22.8803,20.285465,20.158104
22,13.786881,13.417985,8.555022,12.169196,9.384617,9.842817,11.066029,13.30622,16.904789,18.389214,23.866446,24.088173,26.822495,27.1486,23.250484,20.259031,15.9143305,14.1898775,11.509659,6.9895697,9.17648,4.562434,0.0,5.0571017,7.2788653,11.030767,11.429114,14.903885,13.644334,18.58455,17.485878,22.791302,26.429474,30.436813,31.50561,35.31764,37.573574,37.99536,34.57597,30.910292,26.530113,25.944006,21.445341,21.383186,16.672092,16.197561,13.697865,12.331359,14.054144,17.859156,16.76043,21.411554,20.509752,23.863413,27.697376,27.765518,32.5385,31.899002,29.278862,31.6967,33.98094,29.73481,26.641369,22.293612,21.074732,17.329105,18.089594,15.136219,13.202337,11.513078,10.4301815,6.63655,9.026635,8.861871,12.23641,14.981397,18.298256,21.134453,24.77799,28.355919,31.973457,33.858517,33.182217,36.848774,35.27576,30.659218,29.228954,24.225525,25.287807,19.018988,19.80486,15.745051,17.19558,13.287585,20.14907,22.706045,25.614193,21.47906,25.066362,19.9814,22.419464,20.224943,24.306725,21.856071,27.069517,25.475163,30.542217,33.415752,31.565868,28.113604,29.212204,23.495409,23.302498,20.332636,19.47524
23,11.327472,10.795664,6.20601,10.40946,9.043353,11.365923,12.724085,16.464529,19.662277,22.002453,27.25737,28.10224,30.55857,30.750504,26.995483,23.544857,19.890285,17.18865,15.50373,10.012954,12.680042,6.0343475,5.0571017,0.0,5.769273,7.294381,9.180399,13.093657,13.189736,17.596392,18.129911,22.466702,27.176693,30.804056,32.553596,36.243084,38.672005,39.414124,36.17541,32.18553,28.112762,27.77365,23.083418,23.686981,18.734087,19.009768,16.085403,15.61531,15.712176,19.755774,18.179499,22.88486,21.463543,24.269,28.16374,27.30821,32.62811,31.261545,28.644726,30.90926,34.044216,29.794603,26.158966,22.742954,20.421808,17.483288,16.96051,14.896857,11.508093,11.133572,11.460114,9.205403,11.583674,13.096791,16.128387,17.749786,21.600636,23.808933,27.697813,30.925304,34.542797,36.171772,35.855427,39.29112,37.138252,32.53107,30.684767,25.977137,26.053993,20.117552,19.737268,15.187198,15.625562,10.682975,17.239677,19.978619,22.39901,19.220545,23.379995,18.685514,21.969,20.62008,24.742985,23.410765,28.38373,27.606607,32.73018,35.665504,34.29124,30.818668,32.34322,26.270702,26.661726,23.3322,23.140734
24,14.694898,12.461795,9.22616,10.045797,6.9954133,10.265604,9.286549,14.480476,16.57793,19.382278,24.07421,25.394009,27.348196,27.056618,23.590431,19.779821,17.22347,13.476306,13.568692,7.848742,12.641219,6.5035625,7.2788653,5.769273,0.0,6.291935,4.2474976,7.864375,7.424762,11.958482,12.506252,16.828362,21.503578,25.325216,26.948818,30.775448,33.078465,33.857674,30.692877,26.636435,22.678026,22.649813,17.798084,19.121004,14.279969,15.510819,13.290899,14.316172,14.2836075,17.040413,14.772995,18.926758,16.61895,19.331423,22.679329,22.025564,27.153788,25.711742,22.996872,25.25109,28.275639,24.05725,20.43192,17.017462,14.8289995,11.930547,12.010052,10.430868,8.176666,8.613493,7.8049736,7.6756063,7.882531,11.235429,13.263891,13.4041815,17.607365,19.137733,23.135948,26.030712,29.598192,31.049593,31.080082,34.384632,31.8838,27.356781,25.519007,20.921383,20.869415,14.992674,14.526631,10.256158,10.632758,7.2053022,13.663313,15.803297,19.12635,15.624944,19.682756,15.415296,18.003468,16.609615,20.487385,19.152494,24.0234,23.1113,28.20709,31.037548,29.798365,26.359604,27.935694,21.658108,22.555866,19.036873,19.712162
25,16.317924,14.724278,11.845967,13.805085,12.400869,16.090757,15.491922,20.748093,22.816622,25.604708,30.216402,31.439234,33.340336,32.74979,29.385996,25.627031,23.191435,19.466986,19.627087,13.971925,18.412704,11.70788,11.030767,7.294381,6.291935,0.0,5.5918145,8.568523,11.085155,14.3699,16.632124,19.951218,25.024708,29.062305,30.638197,34.747234,36.72112,37.450584,34.140835,29.677582,26.41227,25.750725,21.43858,22.359575,17.483122,18.674824,15.493483,16.705732,14.600011,17.996305,15.817233,20.084126,18.255636,20.107489,24.317509,22.244888,28.125305,26.335432,24.111372,26.716986,30.520992,26.840647,22.558626,20.029716,16.102451,14.30606,11.725454,10.819384,6.0618234,7.911848,10.086305,10.823333,12.732443,16.184761,18.46357,18.577707,22.586565,24.092096,27.787985,30.651169,33.91127,35.370113,36.071804,39.30736,36.364506,32.057346,30.264793,25.946209,25.43794,20.047241,18.792933,14.699309,13.508197,9.837565,14.664216,16.435556,19.293585,17.875034,22.568865,19.19398,22.371164,21.75899,25.422163,24.779814,29.366863,28.672436,33.67868,36.39398,35.22784,31.851969,33.053215,26.75858,27.450348,23.451773,24.114408
26,17.248957,14.485911,12.314475,11.957863,9.510099,13.366336,11.412881,17.291594,18.516985,21.675718,25.776941,27.482275,28.995703,28.275389,25.158508,21.149231,19.600266,15.238163,16.588184,11.226045,16.380451,10.550063,11.429114,9.180399,4.2474976,5.5918145,0.0,3.9465296,5.6248364,9.0448,11.254756,14.495304,19.684874,23.523247,25.279913,29.21543,31.354416,32.25629,29.195608,24.876347,21.440228,21.521784,16.811789,18.741066,14.136926,16.202583,14.155035,16.265562,15.133135,17.164217,14.411717,18.00078,15.033234,17.048166,20.202608,18.824879,24.259771,22.32518,19.698868,21.997149,25.562038,21.586805,17.510859,14.926564,11.654211,9.782416,8.690584,8.54701,6.164872,8.4131775,8.363638,10.288196,9.841081,14.151329,15.499898,14.379603,18.63363,19.419107,23.324663,25.784178,29.141798,30.360165,30.980072,34.04538,30.98467,26.666183,24.735422,20.553276,19.85727,14.602521,13.260529,9.414935,8.382382,6.3635798,11.248616,12.696808,16.41785,13.927137,18.257792,15.002336,17.483082,16.748657,20.20335,19.582214,24.017982,23.400574,28.33317,31.01965,30.077192,26.750845,28.335167,21.968618,23.292738,19.499285,20.909264
27,20.798004,17.680704,16.031494,14.763856,12.205166,15.901211,12.923961,18.935755,19.283155,22.50923,25.940493,27.881182,28.946436,27.781857,25.062912,21.018644,20.468927,15.774292,18.250816,13.562462,19.036436,13.928439,14.903885,13.093657,7.864375,8.568523,3.9465296,0.0,4.5160546,6.0566344,9.352731,11.682505,16.828714,20.897966,22.441086,26.56403,28.423773,29.328802,26.330898,21.866789,18.907537,19.112623,14.651655,17.156834,13.103768,15.913498,14.487215,17.502728,15.974411,16.865189,13.766582,16.431482,12.747927,14.146086,16.809753,15.133049,20.592052,18.422775,15.843684,18.285479,22.002445,18.305384,13.992161,11.923462,7.925564,7.101725,5.5603704,7.1998816,6.615317,9.504632,9.230691,12.491645,11.091479,15.86406,16.421963,14.170025,18.217924,18.280354,21.959549,23.986036,27.094154,28.118847,29.26267,32.12504,28.665161,24.601347,22.76542,18.97637,18.01786,13.441469,11.774878,9.106917,7.2641554,8.194875,10.831907,11.080308,15.478465,13.571774,17.594372,15.353404,17.077682,16.61486,19.47499,19.098118,23.087494,22.418098,27.093649,29.56659,28.779356,25.615688,27.059307,20.777054,22.429495,18.54344,20.634468
28,20.46797,17.18237,15.437082,13.486565,9.969772,12.885925,9.05459,14.896442,14.883394,18.09427,21.425755,23.45474,24.49076,23.468216,20.707869,16.585644,16.243235,11.395835,14.355191,10.355799,15.839492,12.031444,13.644334,13.189736,7.424762,11.085155,5.6248364,4.5160546,0.0,5.0691466,5.637982,9.659775,14.273417,18.371456,19.819004,23.816477,25.930292,26.822588,23.873425,19.757097,16.068096,16.841646,11.799026,14.759303,10.849078,13.760736,13.273059,16.123363,16.01587,16.442554,13.444391,15.924095,11.999649,14.258315,16.112143,15.978683,20.53751,18.904116,15.952297,18.07547,20.864294,16.65566,13.102305,9.777115,8.197511,5.7574406,7.929833,8.202666,9.273844,10.704911,8.539179,11.280621,8.307657,12.928826,12.899243,10.174871,14.404505,14.337839,18.3267,20.405066,23.808561,24.867722,25.471888,28.454216,25.363478,21.046387,19.210115,15.025575,14.616448,9.312391,8.598979,6.0782924,6.2128067,8.122294,11.70409,12.286969,16.79166,13.140586,16.41336,13.490124,14.399823,13.115144,16.090298,14.923231,19.22794,18.18969,23.010735,25.5874,24.670061,21.41571,23.119568,16.761414,18.645103,15.1296835,17.355783
29,23.610912,19.869099,19.171219,16.125206,13.480978,16.51653,12.541242,18.254465,17.204409,20.759235,23.053013,25.717627,26.088602,24.761187,22.650913,18.484558,19.51962,14.481739,18.352398,14.943199,20.051195,16.562449,18.58455,17.596392,11.958482,14.3699,9.0448,6.0566344,5.0691466,0.0,5.804979,5.661673,11.577779,14.8962145,17.065187,20.724722,22.912167,24.244257,21.861753,17.735199,14.831523,16.599947,11.970973,16.213188,13.465756,17.041243,17.152605,20.548916,19.97756,19.579357,16.381254,17.667942,12.897376,13.939364,14.099363,13.576535,17.790476,15.142168,11.900632,13.398867,16.919447,12.70383,8.693839,7.621342,5.703637,6.4965973,8.265335,10.763663,12.287451,14.566952,12.923024,16.215641,13.064955,17.61908,16.976604,13.163613,16.899704,15.483702,19.17912,20.198015,23.293554,23.760496,24.861965,27.2638,23.46244,19.530695,17.344742,14.261616,12.446127,9.198518,6.776034,6.571711,4.942243,9.926633,10.151365,9.238131,14.13555,11.384786,14.088645,12.94359,13.096708,12.87031,14.785675,14.9502125,18.145416,17.931738,22.210567,24.547163,24.332775,21.407604,23.54663,17.502048,20.256346,17.07104,20.176708
30,24.79295,21.323898,19.881296,17.13256,13.339303,14.966449,10.085367,14.630073,13.020868,15.900661,17.949207,20.271818,20.615469,19.116848,16.9804,12.945784,14.421968,9.616851,14.235905,12.416276,17.388098,15.667458,17.485878,18.129911,12.506252,16.632124,11.254756,9.352731,5.637982,5.804979,0.0,6.463121,9.066137,13.751304,14.450373,18.635721,20.59555,21.39887,18.560066,14.780015,10.749872,12.595606,7.346661,11.781305,9.574745,13.070725,14.368034,17.606747,18.345448,17.226412,14.367128,15.28097,10.7678795,12.979351,12.86813,14.499657,17.544943,16.510784,13.406831,15.215684,16.65624,12.323272,9.960553,5.385726,7.621192,5.467301,10.397366,10.872695,13.866486,14.673048,11.576409,14.42298,10.101052,13.960164,12.374847,7.8436937,11.276958,9.736956,13.636661,15.078321,18.485323,19.334871,19.999203,22.883451,19.745646,15.461041,13.899266,9.7300415,10.073386,5.17252,6.3449697,7.3235846,8.644269,12.658035,14.77332,14.500824,19.165785,14.99102,16.775318,14.618944,13.550257,11.678944,13.547442,11.519789,15.345704,13.515288,18.043344,20.39252,19.448622,16.347254,18.073547,11.86315,14.53007,11.614327,14.877874
31,27.501007,23.529198,23.338018,19.416595,16.798306,18.92359,14.5189085,19.170773,16.811068,20.261984,21.15202,24.367086,23.960833,22.415897,21.112003,17.16805,19.796402,15.022848,19.800491,17.840593,22.327423,20.337107,22.791302,22.466702,16.828362,19.951218,14.495304,11.682505,9.659775,5.661673,6.463121,0.0,7.0784154,9.241227,12.054744,15.149344,17.653286,19.426842,17.80812,14.326746,11.715746,15.182392,11.087309,16.468958,15.291286,19.071281,20.358177,23.870676,23.978357,22.633581,19.58461,19.711111,14.644454,15.294532,12.9444275,13.953836,16.2233,13.541018,9.961328,10.010012,12.587924,7.732072,5.1498384,5.9195642,7.9781647,9.4809265,12.723018,15.133471,17.619051,19.485823,17.180435,20.34749,16.341797,20.310116,18.720469,13.98923,16.835184,13.991398,17.269886,17.046577,19.944227,19.759552,20.842577,22.67345,18.527655,14.883402,12.406341,10.545519,7.7398577,7.4419203,5.212249,8.702574,8.413138,14.251276,13.151513,11.529194,15.93551,12.777471,13.477605,13.622822,11.719931,11.587231,11.877489,12.426702,14.294663,14.407346,17.938477,19.985485,20.38166,17.874763,20.593655,15.242435,18.957321,16.760323,20.582273
32,33.16891,29.401192,28.609102,25.075565,21.740046,22.88804,17.986488,21.112007,17.909664,20.08599,19.504614,22.266865,21.080368,18.639593,18.396597,15.442554,19.494543,15.796243,21.118471,20.873037,25.150143,24.510433,26.429474,27.176693,21.503578,25.024708,19.684874,16.828714,14.273417,11.577779,9.066137,7.0784154,0.0,7.2115664,5.621516,10.560002,11.713723,12.739145,10.773377,7.735231,5.5404344,10.33519,8.172859,13.59332,14.70304,18.279795,20.879393,24.555016,25.198536,22.472025,19.899637,18.456911,13.850028,14.232192,9.764665,13.386123,12.986087,12.381913,9.68095,10.076547,8.661788,4.8767896,6.597733,5.417542,10.820393,11.6665535,16.014997,17.606392,21.500383,22.499027,19.609419,22.864336,18.42661,21.603344,19.004196,13.856297,14.829907,10.880496,12.597566,11.170251,13.392657,12.960449,14.921683,16.678104,12.345296,9.262352,8.460772,7.6644692,7.74039,9.334498,10.417201,14.40367,15.074217,20.517012,20.211256,18.528206,22.86204,19.601425,19.525747,19.60352,16.594282,15.448603,14.677036,13.359236,14.246586,12.291651,14.600476,15.801726,15.661247,13.778777,15.3328,11.298347,15.085258,13.844696,18.17656
33,34.61873,30.551193,30.90134,26.270264,23.869656,24.832869,20.53798,23.262064,19.502014,22.236576,20.678719,24.477468,22.752384,21.058756,21.369467,18.467037,23.012825,19.38468,24.527487,24.41605,27.78738,27.620466,30.436813,30.804056,25.325216,29.062305,23.523247,20.897966,18.371456,14.8962145,13.751304,9.241227,7.2115664,0.0,6.846095,6.400934,10.254412,13.290367,14.03916,13.043135,11.851554,17.236437,15.048353,20.530655,21.319336,24.825083,27.275867,30.65808,31.568537,29.328627,26.6398,25.587173,20.841127,21.08016,16.22876,19.025475,18.12602,16.147127,13.364857,10.905728,9.876794,6.0563393,9.471694,11.69489,16.02667,17.494467,21.368557,23.509718,26.618402,28.084827,25.250662,28.090496,23.515402,26.518774,24.02215,18.99743,20.198402,15.939022,17.7754,15.223762,17.221605,15.562725,16.26754,16.458036,11.837305,9.660542,6.7814527,9.541498,6.0573545,11.733376,11.339808,16.097734,16.738586,22.448847,20.53228,18.67538,21.90366,18.706923,16.870142,18.481735,14.437323,14.424001,11.851378,12.882485,11.185056,12.118924,12.920418,13.92631,15.899375,14.787508,18.422352,15.514793,20.11857,19.87567,24.066202
34,38.12014,34.308052,33.71825,29.908022,26.663801,27.336054,22.53336,24.710705,20.934494,22.51096,20.503506,23.29571,21.27929,18.563902,19.509382,17.516443,22.479368,19.605814,24.920126,25.573807,29.316406,29.492786,31.50561,32.553596,26.948818,30.638197,25.279913,22.441086,19.819004,17.065187,14.450373,12.054744,5.621516,6.846095,0.0,6.1197224,6.169533,7.4792447,7.202873,6.92775,7.153096,12.329131,12.1741905,16.797205,19.088516,22.29888,25.436554,28.987906,29.95847,26.723536,24.46196,22.29893,18.217703,18.207214,12.6104,16.915205,14.383371,14.547942,12.742261,11.953599,7.734105,6.5169954,10.720227,10.880411,16.125122,17.110317,21.396315,22.92204,27.025566,27.861816,24.836351,27.929869,23.36092,25.997557,22.998598,17.979115,17.858088,13.428705,13.641299,10.391518,11.313793,9.604726,12.0459,12.60945,7.627737,6.493254,7.1091475,9.391954,9.894493,13.5964365,14.977207,19.382961,20.244257,25.785042,25.033321,23.15752,27.094334,23.921078,22.925982,23.62343,19.86231,18.804,16.938095,15.697101,14.872688,12.858635,13.0695305,13.146559,13.597586,12.97081,14.340391,12.669421,16.51927,16.631845,20.909971
