,0,1,2,3,4,5,6,7,8,9,10,11,12,13,14,15,16,17,18,19,20,21,22,23,24,25,26,27,28,29,30,31,32,33,34,35,36,37,38,39,40,41,42,43,44,45,46,47,48,49,50,51,52,53,54,55,56,57,58,59,60,61,62,63,64,65,66,67,68,69,70,71,72,73,74,75,76,77,78,79,80,81,82,83,84,85,86,87,88,89,90,91,92,93,94,95,96,97,98,99,100,101,102,103,104,105,106,107,108,109,110,111,112,113,114
0,0.0,4.275011,5.748387,8.407094,11.706175,12.731937,16.774261,19.242664,22.378515,25.73556,30.485472,32.581684,34.793736,35.87436,32.41458,28.625038,25.602112,22.788244,20.815475,16.342379,15.590835,11.40613,14.088115,11.75274,14.459424,16.842268,18.013247,21.704506,20.748774,24.11972,24.572275,27.304535,32.924698,33.67507,37.24728,38.221695,42.44443,44.16885,43.05342,39.896908,35.0946,36.15976,31.137228,32.29358,28.034388,28.081413,26.13698,24.667892,26.87469,30.413176,29.01838,33.09925,30.871666,33.678364,36.425648,35.81886,39.9047,37.703506,35.189777,36.01147,39.75378,34.9227,32.009766,31.508104,28.728188,26.232409,26.99142,23.157171,23.55515,23.960844,23.405302,20.478666,21.094986,21.32089,23.729723,24.952568,28.744263,29.855427,34.09989,36.06399,39.88257,40.591118,37.19772,39.9671,39.37274,34.99822,32.391094,29.851028,28.020067,22.828377,22.511541,18.685192,20.442308,16.547386,21.46778,25.42562,21.678215,21.990646,18.143106,20.54684,17.694868,20.326834,24.336699,24.485262,28.255941,29.276388,33.704403,36.44579,32.792763,29.98291,26.283386,22.940018,20.09648,16.671831,14.562576
1,4.275011,0.0,5.116787,4.549356,8.711412,10.597756,13.929965,17.265121,19.778921,23.574347,27.965025,30.448092,32.330807,33.192684,29.935795,25.92371,23.577862,20.20008,19.122158,14.447161,14.686409,10.159782,13.444183,11.123251,12.1910305,15.453195,15.43625,18.810562,17.624352,20.549444,21.205694,23.37956,29.20718,29.627182,33.466434,34.32288,38.565964,40.4612,39.551125,36.494873,31.737719,33.240875,28.082815,29.816322,25.687593,26.243376,24.679026,23.875711,26.02676,29.060654,27.352762,31.086897,28.359934,31.028963,33.262554,32.726826,36.523518,34.18528,31.526674,32.094555,35.850487,31.010206,28.18485,28.02309,25.47218,23.283327,24.365685,20.81053,21.77065,22.574278,21.724752,19.411226,19.17092,20.026346,21.979301,22.40271,26.3657,26.974073,31.318567,32.967133,36.781483,37.281773,34.038334,36.70368,35.795013,31.465424,28.644917,26.31431,24.069338,19.169554,18.564507,14.882952,16.846203,13.495175,18.460749,21.982767,18.021885,17.93978,14.046828,16.277243,13.575552,16.293215,20.316975,20.874865,24.512981,25.937069,30.251534,33.001755,29.370361,26.643469,22.997835,19.548803,16.62334,13.38916,11.065665
2,5.748387,5.116787,0.0,5.946509,7.2013044,9.030848,12.287214,15.551147,18.725506,21.951447,26.906898,28.696367,30.94495,31.61828,28.075434,24.260174,21.160501,18.104258,16.394634,11.262932,11.951863,6.204246,8.666402,6.5161796,8.930008,12.160355,12.900206,16.634546,15.515722,19.376522,19.534546,23.031004,28.364248,29.973574,32.900345,34.531963,38.425133,39.888496,38.357105,34.938995,30.200073,30.889357,25.919249,26.881243,22.463636,22.554949,20.507519,19.338585,21.370468,24.77893,23.29409,27.37955,25.210958,28.047628,31.066484,30.45977,34.70676,32.74726,30.453281,31.691294,35.299564,30.557854,27.478367,26.491005,23.554333,20.7817,21.57016,17.515093,18.150593,18.39542,17.669489,14.879664,15.465658,16.100313,18.586943,19.788305,23.698402,25.0273,29.231642,31.489874,35.28133,36.230095,33.208324,36.331295,35.57962,31.025091,28.626741,25.64818,24.28905,18.523407,18.412191,14.402761,16.106339,12.824233,17.717941,21.736261,18.90306,18.900782,15.093686,18.042767,14.47501,17.421778,21.749456,21.127333,25.489498,25.870913,30.809319,33.832005,30.689217,27.639874,24.95637,20.554613,18.6852,14.690757,13.879978
3,8.407094,4.549356,5.946509,0.0,4.7269654,7.3853154,9.74858,13.815059,15.818343,19.836946,24.011757,26.642927,28.321518,28.97448,25.832245,21.705893,19.82917,16.074846,15.743033,11.104569,12.353375,8.050086,11.781804,10.467518,9.561462,14.356181,12.805268,15.734274,13.832975,16.676006,16.891016,19.12913,24.715668,25.26996,28.95096,29.895817,34.088196,35.926937,35.010986,32.00977,27.241959,28.924026,23.744028,25.759554,21.842533,22.721024,21.634995,21.371044,23.681389,26.084566,24.230387,27.571362,24.569162,27.269098,29.080402,28.895878,32.3572,30.237076,27.57936,28.096437,31.568012,26.660208,24.036423,23.705715,21.636055,19.402384,21.140165,17.579428,19.440351,20.268162,18.856106,17.001692,15.81675,17.036533,18.489162,18.306944,22.316969,22.623446,26.999012,28.515364,32.322083,32.78023,29.652308,32.37207,31.341585,26.973019,24.170975,21.77844,19.631823,14.628836,14.266741,10.861531,13.431449,11.556391,16.416517,19.386395,15.80356,14.768283,10.756574,12.71243,9.346151,12.063082,16.259258,16.502287,20.366047,21.642796,26.115784,28.990408,25.604984,22.781084,19.710333,15.648815,13.270786,9.77473,8.369493
4,11.706175,8.711412,7.2013044,4.7269654,0.0,4.4472146,5.474738,10.238707,12.371351,16.10121,20.566074,22.79087,24.61083,25.034758,21.735565,17.660711,15.528981,11.694914,11.492761,6.5543594,9.201252,5.0509253,8.652066,9.101287,6.8264976,13.052791,10.59225,13.227332,10.463201,14.080541,13.166602,16.70948,21.495844,23.086283,25.878696,27.408995,31.324865,32.765667,31.402105,28.217663,23.394855,24.60863,19.535706,21.164135,17.243862,18.022532,17.140314,17.070513,19.621677,21.63081,19.85583,23.073141,20.258898,23.2092,25.19484,25.394304,28.834734,27.268373,24.897987,25.850008,28.865519,23.958765,21.421236,20.185093,18.41275,15.560971,17.874964,13.832012,16.47418,16.81831,14.809434,12.993706,11.251005,12.5204315,13.816408,13.708444,17.7385,18.37145,22.7021,24.587597,28.395716,29.164415,26.195927,29.28766,28.388369,23.834135,21.44581,18.468218,17.29555,11.447936,12.0423765,8.880985,11.841827,11.541069,15.96973,18.725018,16.353067,14.660674,10.933343,12.924821,8.468387,10.958574,15.275266,14.073856,18.665258,18.85835,23.911156,27.04363,24.230495,21.11566,19.270979,14.168969,13.26527,9.176779,10.036983
5,12.731937,10.597756,9.030848,7.3853154,4.4472146,0.0,5.0587053,6.735277,9.837329,13.13781,17.974253,19.990911,22.145735,23.166996,19.690622,15.966445,13.094464,10.388124,8.726176,5.6503124,5.4058456,5.351913,9.353519,11.614172,10.323149,16.633553,14.418249,16.842083,13.46173,17.214684,14.919932,19.016027,22.559494,24.208868,26.561039,27.703337,31.769543,32.897335,31.55244,28.693293,23.73701,24.694822,20.025126,20.960024,17.58798,17.689121,17.327456,16.535114,20.16857,21.868416,20.639078,23.664686,21.417122,24.78206,26.556364,27.581863,30.539055,29.677927,27.476686,28.36553,30.631498,25.6224,23.765823,21.797934,21.036655,17.662586,20.714064,16.234419,19.349915,18.927263,16.337236,13.720514,11.81975,11.371554,12.464725,13.256012,16.621866,17.624056,21.746061,23.737137,27.531366,28.42691,24.863459,27.904657,27.78661,23.34032,21.456852,18.395456,18.278175,12.582879,14.550515,12.3980665,15.741187,15.971973,20.305212,22.846361,20.562698,18.379725,14.736396,15.725127,11.0763035,12.252672,16.00909,13.701769,18.29343,17.627922,22.704447,25.756487,22.941698,19.64989,17.956495,12.955864,12.561836,8.061243,10.105521
6,16.774261,13.929965,12.287214,9.74858,5.474738,5.0587053,0.0,6.2070704,7.4017477,11.036913,15.3562765,17.523233,19.237574,19.56495,16.277283,12.186816,10.437698,6.326684,7.3202205,4.5621285,8.028134,7.7367544,10.352091,12.835986,9.43853,16.093834,12.42271,13.791057,9.687673,13.099918,10.026181,14.480641,17.594282,19.792986,21.722294,23.349878,27.146584,28.205507,26.701973,23.717464,18.780464,19.94312,15.113013,16.634573,13.450325,14.332649,14.665997,15.120215,18.34261,19.083214,17.492264,19.87124,17.097153,20.352495,21.628843,22.918753,25.561377,24.881863,22.765074,23.721647,25.729675,20.773575,19.030594,16.78912,16.55176,13.224286,17.020521,12.915432,17.009909,16.806574,13.715202,12.396101,8.940122,9.798301,9.759044,8.916105,12.669139,13.121856,17.41949,19.31868,23.13155,24.022013,20.949556,24.223001,23.624441,19.025568,17.15741,13.788828,13.958669,7.8722014,10.454543,9.225375,12.720456,14.786064,18.267017,20.005878,18.59477,15.751802,12.757748,13.479441,8.717833,9.564094,13.178244,10.148889,15.205607,14.164045,19.605793,22.888985,20.682396,17.369448,16.951458,11.125587,12.111417,8.285877,11.399859
7,19.242664,17.265121,15.551147,13.815059,10.238707,6.735277,6.2070704,0.0,4.5110188,6.5200033,11.730602,13.3408985,15.724474,17.117373,13.543306,10.388188,7.1218333,6.3548627,4.1007404,6.9395475,5.667661,10.473895,12.932548,16.788458,14.703146,21.199762,18.158798,19.54237,15.317809,18.687061,14.445123,19.138206,20.313017,22.540941,23.639277,24.669256,28.518377,29.017635,27.528189,25.13185,20.234797,20.840265,17.022636,17.212606,15.20702,14.887446,16.039598,15.418588,19.963804,20.199114,19.519997,21.489147,19.774355,23.434744,24.423532,26.783913,28.708023,29.033867,27.238459,28.118082,29.051907,24.18025,23.413946,20.299936,21.318295,17.564823,21.854227,17.445766,21.660799,20.552008,17.02367,14.764571,11.670455,9.786596,9.108373,10.006723,11.931872,13.085407,16.670958,18.7299,22.371328,23.500881,19.538805,22.704708,23.452698,19.20941,18.355581,15.061148,16.950836,11.965435,15.700888,15.312475,18.856106,20.85068,24.433489,26.12551,24.703867,21.607836,18.636318,18.531557,13.976765,13.48808,15.959661,11.589736,16.107954,13.4834385,18.742025,21.804932,19.809027,16.332434,16.490362,11.270267,13.184638,9.622935,13.62898
8,22.378515,19.778921,18.725506,15.818343,12.371351,9.837329,7.4017477,4.5110188,0.0,4.613621,8.252273,11.037187,12.557907,13.774223,10.712427,7.160577,6.6678157,5.366113,6.846869,9.876685,10.14543,13.945022,16.373589,19.835026,16.711761,23.2934,19.34703,19.924423,15.401735,17.709942,13.002347,16.785963,16.983625,18.75303,19.799679,20.381804,24.331017,24.897902,23.803804,21.860723,17.013783,18.443256,14.802361,15.89155,14.869267,15.365861,17.45114,17.828915,21.997972,21.296785,20.370434,21.404417,19.150618,22.539682,22.324984,25.28931,26.301573,26.869116,25.031874,25.45026,25.779099,20.935818,20.934603,17.930529,20.166676,16.931679,21.888836,18.177761,22.985355,22.246391,18.503197,17.286306,13.250762,12.33754,10.428078,9.240924,10.607609,10.301263,13.8581085,15.1073675,18.75674,19.51193,15.386539,18.388672,19.03961,14.888335,14.118434,11.127099,13.467357,9.718077,14.017043,14.968951,18.633297,21.782969,24.817875,25.636381,24.416111,20.66083,18.263636,17.187557,13.192791,11.580678,13.002265,7.890005,12.115709,8.984256,14.31148,17.449238,15.781674,12.303579,13.576293,8.220543,11.509511,9.237969,13.779261
9,25.73556,23.574347,21.951447,19.836946,16.10121,13.13781,11.036913,6.5200033,4.613621,0.0,5.6858716,6.881853,9.262484,11.017134,7.57981,5.7114444,4.184146,6.7850924,6.955326,12.071171,11.553198,16.578255,18.269316,22.478518,19.719189,26.06422,22.369152,22.781542,18.291494,20.77389,15.444572,19.821417,18.480064,21.052782,20.75547,21.582478,25.001429,24.834011,23.316954,21.620184,17.109062,17.543457,15.053472,14.752319,14.776855,14.457706,17.179913,17.248547,21.829865,20.472616,20.186853,20.700857,19.379604,22.917551,22.719978,26.338408,26.965637,28.40864,27.041552,27.761156,27.305183,22.845285,23.287245,19.419882,22.223846,18.675554,23.753494,19.983095,24.844149,23.494833,19.529064,18.180523,14.388598,12.358012,9.82446,9.676291,9.108483,9.686647,12.089222,13.838545,17.12794,18.404776,14.133549,17.366203,19.00725,15.257716,15.715369,12.602464,16.443249,13.196734,17.743279,18.851606,22.246317,25.533003,28.370127,29.186266,28.485907,24.76658,22.542091,21.596844,17.631464,16.00925,16.984709,11.456151,14.999069,10.373455,15.278936,18.192827,17.45662,14.163526,16.602608,12.017117,15.690665,13.637706,18.166645
10,30.485472,27.965025,26.906898,24.011757,20.566074,17.974253,15.3562765,11.730602,8.252273,5.6858716,0.0,4.7289844,4.6933994,7.1831927,5.680449,5.8606663,8.670047,10.726729,12.510952,17.234852,17.085264,21.810879,23.623352,27.567318,24.243177,30.574816,26.305695,26.078701,21.551918,22.942833,17.525131,20.526197,17.486141,19.26981,18.390556,18.24764,21.510326,21.086796,20.233566,19.657845,15.761286,17.012808,15.615917,15.978509,17.495983,17.787043,21.224777,21.964542,26.168919,23.951303,23.60677,23.032185,21.484842,24.541586,22.841248,27.269974,26.535128,28.526747,27.280916,27.402199,25.834402,21.784542,23.442518,19.778372,23.993822,21.156965,26.62047,23.615566,28.795712,27.715832,23.690126,23.08289,18.871513,17.465567,14.418228,12.873613,11.183355,9.900714,10.8618765,10.922712,13.6384325,14.35774,9.423925,12.105405,14.610503,11.772401,13.235802,11.299401,15.884026,14.915591,19.461199,21.708078,25.046043,29.145397,31.497732,31.482584,30.950771,26.724136,25.102621,23.22194,20.085558,17.535206,17.044363,11.622014,13.340964,7.802518,11.253519,13.758146,14.148181,11.423214,15.63704,12.417939,16.874912,16.294283,20.800703
11,32.581684,30.448092,28.696367,26.642927,22.79087,19.990911,17.523233,13.3408985,11.037187,6.881853,4.7289844,0.0,3.7194684,6.3568606,4.3392644,7.176393,8.262083,12.08309,12.833285,18.285746,17.916365,23.089235,24.193401,28.670113,25.727919,31.751934,27.862654,27.644299,23.257551,25.114277,19.391268,23.332518,19.70539,22.6458,20.61436,21.334377,23.826204,22.658545,20.97858,20.23035,16.76717,16.50114,16.150442,14.88504,17.023075,16.47238,20.142822,20.57123,24.893608,22.258478,22.523241,21.655985,21.143093,24.312885,23.161982,27.81538,27.188066,29.827364,29.053663,29.740643,27.888159,24.22308,25.719496,21.28307,25.350697,22.122442,27.391258,24.248688,29.261818,27.628246,23.566055,22.823156,19.066168,16.936033,13.770057,13.333056,10.393637,10.546345,10.210839,11.45329,13.566089,15.211192,11.095245,14.138216,17.113894,14.579743,16.73187,14.288384,19.491488,17.873034,22.484278,24.388775,27.46381,31.435143,33.699013,33.944656,33.902496,29.927204,28.264494,26.943066,23.466534,21.382582,21.33824,15.712403,17.872477,12.161573,15.482366,17.7585,18.683578,16.10925,20.274355,16.813944,21.116438,19.922043,24.488367
12,34.793736,32.330807,30.94495,28.321518,24.61083,22.145735,19.237574,15.724474,12.557907,9.262484,4.6933994,3.7194684,0.0,3.942954,4.6467323,7.823685,10.95377,13.78982,15.621127,20.647694,20.765087,25.52534,26.807314,30.995853,27.588627,33.626472,29.318384,28.702517,24.323963,25.470047,19.851072,22.854033,18.38746,20.798157,18.457787,18.643412,20.948162,19.667704,18.463617,18.444893,15.438402,15.932748,16.074434,15.640868,18.385029,18.482069,22.401033,23.383398,27.337727,24.342321,24.347427,22.923925,21.986551,24.768152,22.620314,27.627792,26.176796,29.004528,28.25755,28.538548,26.091284,22.720886,24.892775,20.754108,25.565933,22.875544,28.323635,25.706331,30.906246,29.590874,25.538832,25.319391,21.19892,19.715322,16.346432,14.852224,11.887561,10.681062,9.632868,9.413464,11.038055,12.201417,7.835767,10.545376,13.913914,12.062532,14.7668705,13.110467,18.467516,18.123362,22.600725,25.13408,28.144545,32.607193,34.54419,34.25258,34.311184,30.068007,28.8011,26.985487,24.031183,21.518337,20.737255,15.386247,16.578573,10.814895,13.073572,15.042028,16.738884,14.639526,19.622269,16.78349,21.369701,20.904034,25.415148
13,35.87436,33.192684,31.61828,28.97448,25.034758,23.166996,19.56495,17.117373,13.774223,11.017134,7.1831927,6.3568606,3.942954,0.0,3.9970365,7.3946996,11.566688,13.693834,16.476192,20.972017,22.133928,26.094107,26.990778,31.000696,27.186357,32.866146,28.331715,27.226566,23.067596,23.760105,18.18466,20.999113,15.677964,18.85541,15.528872,16.585686,18.22138,16.587666,14.822854,14.687334,12.062768,12.386477,13.266529,13.009028,16.437714,17.012283,21.176428,22.84843,26.180784,22.681763,22.519253,20.469568,19.421314,21.835133,19.20456,24.454,22.603382,25.77695,25.315708,25.756056,22.95339,19.98404,22.322906,17.958977,23.15245,20.808683,26.204813,24.159182,29.386236,28.210327,24.243143,24.730263,20.44698,19.659897,16.063416,13.778997,10.466972,8.598479,6.379923,5.810071,7.2777166,8.976895,5.846284,9.516438,11.959725,10.040767,13.233259,11.431128,17.190058,17.258484,21.494438,24.332098,26.940573,31.834953,33.237034,32.588078,33.228672,29.02286,28.198172,26.544193,23.850029,21.506023,20.675808,15.44053,16.69602,11.0161085,13.429387,15.582514,17.80537,15.846748,21.161665,17.885248,22.578869,22.109632,26.572704
14,32.41458,29.935795,28.075434,25.832245,21.735565,19.690622,16.277283,13.543306,10.712427,7.57981,5.680449,4.3392644,4.6467323,3.9970365,0.0,4.374576,7.5993185,10.244852,12.568036,17.267872,18.317934,22.400227,23.206274,27.395994,23.873291,29.629732,25.384232,24.665184,20.408373,21.8149,16.05355,19.89709,15.755455,19.411516,16.829847,18.379042,20.540089,19.3457,17.227638,16.051512,12.500597,12.263323,11.994309,11.154574,13.754779,13.915681,17.897882,19.217943,22.890942,19.825865,19.722416,18.375675,17.44471,20.381445,18.863672,23.627924,22.84922,25.57191,24.928072,25.754694,23.832937,20.31576,21.805712,17.179037,21.5443,18.595217,23.941738,21.31255,26.468622,25.087597,21.051537,21.11079,16.959436,15.803957,12.261652,10.549244,7.2749977,6.5636063,5.9409156,7.5809283,10.186573,12.127113,8.832043,12.734136,14.627033,11.600481,13.851081,10.995552,16.588568,15.207111,19.665354,21.909533,24.642998,29.106396,30.859085,30.74689,31.211899,27.235254,25.995832,24.81398,21.58142,19.64391,19.591698,13.9762945,16.379698,10.642812,14.51933,17.175434,18.4174,15.83992,20.36103,16.286423,20.768526,19.602919,24.137259
15,28.625038,25.92371,24.260174,21.705893,17.660711,15.966445,12.186816,10.388188,7.160577,5.7114444,5.8606663,7.176393,7.823685,7.3946996,4.374576,0.0,5.686517,6.3666844,9.852459,13.74507,15.43871,18.817047,19.95411,23.770407,19.98815,25.934729,21.508804,20.917063,16.515823,17.98859,12.298248,16.257456,13.409406,16.860245,15.486429,17.125462,19.981792,19.59885,17.739683,15.909257,11.456918,12.218386,10.053805,10.588933,11.770827,12.588076,16.10964,17.614727,21.204409,18.809679,18.124884,17.521513,15.661498,18.764812,17.563374,21.702938,21.61665,23.473558,22.369116,23.116247,22.075626,17.946497,18.854376,14.614063,18.468956,15.464467,20.918673,18.113241,23.364668,22.359715,18.350224,18.423613,13.91984,13.427116,10.047205,7.366829,5.8493485,4.337512,6.828686,8.441824,11.99793,13.389534,10.012021,13.926123,14.674218,10.645465,11.622434,8.083889,13.107495,10.962235,15.502698,17.629934,20.524109,24.923986,26.83134,26.827118,26.996733,23.033018,21.657469,20.56537,17.22194,15.431987,15.799911,10.129452,13.395585,8.187166,13.292876,16.445202,16.77727,13.809322,17.60348,12.799864,17.097921,15.712037,20.171041
16,25.602112,23.577862,21.160501,19.82917,15.528981,13.094464,10.437698,7.1218333,6.6678157,4.184146,8.670047,8.262083,10.95377,11.566688,7.5993185,5.686517,0.0,5.058049,5.049434,10.255992,10.983234,15.259148,16.006786,20.513304,17.7653,23.681564,20.198359,20.497612,16.220419,19.151764,13.677659,19.105429,17.812527,21.620565,20.652714,22.62221,25.523212,25.100868,22.801783,20.395016,15.910795,15.268275,12.774515,11.488913,11.130159,10.359707,13.135987,13.3595085,17.82756,16.309202,16.161926,16.806185,15.9319725,19.640978,20.29204,23.656502,24.875443,26.448833,25.383888,26.738466,26.52395,22.25397,22.12087,17.676542,19.894072,15.953183,20.784025,16.900833,21.658182,19.976532,15.958869,14.774416,11.085306,8.912085,5.929083,6.6268506,5.851111,8.12232,10.627163,13.571806,16.88748,18.753126,15.415133,19.233335,20.346119,16.290699,16.820215,12.981132,17.040377,12.88718,17.255537,17.948284,20.883232,24.13672,26.695381,27.736956,27.670605,24.320944,22.205511,22.059912,17.869146,17.001913,18.599743,13.091804,17.294605,12.718266,18.061039,21.177885,20.744125,17.445189,19.908895,14.680144,18.125093,15.463758,19.82253
17,22.788244,20.20008,18.104258,16.074846,11.694914,10.388124,6.326684,6.3548627,5.366113,6.7850924,10.726729,12.08309,13.78982,13.693834,10.244852,6.3666844,5.058049,0.0,5.349263,7.4863224,10.388845,12.583574,13.740442,17.414303,13.803449,19.93173,15.869765,16.037443,11.579565,14.370798,9.157984,14.559383,14.747407,18.295464,18.371271,20.534586,23.755562,24.028444,21.992783,19.141756,14.256239,14.707183,10.6779585,11.343643,9.58405,10.319693,12.408514,13.530277,17.155338,16.200592,15.076715,16.179348,13.940307,17.47049,18.089018,20.729692,22.433142,23.091225,21.593433,22.81929,23.446278,18.826237,18.075706,14.287301,15.892216,12.166486,17.101397,13.357095,18.339935,17.41576,13.528651,12.986358,8.493182,8.478173,6.08934,3.9865644,6.59729,7.345347,11.379953,13.778988,17.50902,18.878632,15.951928,19.710657,19.614567,15.057845,14.438198,10.391028,13.182776,8.111275,12.297908,12.919644,15.925077,19.434166,21.910412,22.828876,22.636347,19.271532,17.21931,17.248182,13.076953,12.584736,14.718574,9.729419,14.609124,11.312418,17.088913,20.469263,19.498491,16.15839,17.939737,12.081362,15.1087475,12.329714,16.422575
18,20.815475,19.122158,16.394634,15.743033,11.492761,8.726176,7.3202205,4.1007404,6.846869,6.955326,12.510952,12.833285,15.621127,16.476192,12.568036,9.852459,5.049434,5.349263,0.0,5.898846,6.11957,10.460478,11.4957695,16.081766,14.086302,20.123724,17.331648,18.533834,14.481905,18.30395,13.700639,19.438656,20.078392,23.49852,23.627254,25.564589,28.864113,28.934765,26.758474,23.942587,19.20105,18.763266,15.280927,14.391816,12.195379,11.207113,12.333363,11.568345,16.302902,16.348824,15.979768,18.042137,16.983208,20.81692,22.516844,24.845474,27.118881,27.823503,26.427315,27.90521,28.736652,24.142973,23.10682,19.266153,19.987494,15.790777,19.899319,15.308074,19.47535,17.819462,14.120814,11.798843,8.864033,6.097453,5.270715,7.728469,9.369936,11.769306,15.058658,17.964764,21.49029,23.157667,19.768389,23.422,24.126106,19.777218,19.393658,15.530937,18.174446,12.75041,16.504707,15.937667,18.957516,21.067194,24.275312,26.11966,25.492588,22.68404,19.95526,20.515673,15.871712,15.878249,18.505737,13.766081,18.557909,15.212585,20.772974,23.968216,22.605621,19.13533,20.084475,14.57735,16.84713,13.231558,17.087687
19,16.342379,14.447161,11.262932,11.104569,6.5543594,5.6503124,4.5621285,6.9395475,9.876685,12.071171,17.234852,18.285746,20.647694,20.972017,17.267872,13.74507,10.255992,7.4863224,5.898846,0.0,5.898611,5.2794447,6.553787,10.428518,8.314284,14.489681,12.026978,13.981925,10.475708,14.959969,11.917454,17.545029,20.307611,23.508865,24.616585,26.900347,30.303972,30.940035,28.809942,25.445875,20.64373,20.601547,16.13812,16.25625,12.4576845,12.270946,11.6779,11.200382,14.744175,16.219814,15.043929,18.20051,16.383095,19.922567,22.446304,23.43565,26.781796,26.375036,24.65678,26.300598,28.363901,23.665977,21.520662,18.591143,17.526934,13.518027,16.566422,11.711095,15.183409,14.1444645,11.105244,8.58803,6.3016777,6.087483,7.5325413,9.001505,12.546431,14.438633,18.376135,21.137669,24.836258,26.26523,23.392735,27.020546,26.74462,22.104946,20.75123,16.937916,17.876955,11.52459,13.86991,11.833097,14.510379,15.5814705,19.130903,21.64017,20.759783,18.696636,15.657471,17.346937,12.601068,14.025834,17.712543,14.365748,19.4961,17.68058,23.326117,26.644947,24.713419,21.306906,21.10955,15.351693,16.319061,12.150646,14.882107
20,15.590835,14.686409,11.951863,12.353375,9.201252,5.4058456,8.028134,5.667661,10.14543,11.553198,17.085264,17.916365,20.765087,22.133928,18.317934,15.43871,10.983234,10.388845,6.11957,5.898611,0.0,6.9258776,9.207048,13.304805,13.071884,18.911177,17.349957,19.704306,16.244928,20.51393,17.200853,22.404701,24.63657,27.194098,28.443768,29.902847,33.664055,34.17908,32.34694,29.491806,24.623434,24.553234,20.595797,20.097467,17.08082,16.016302,15.722384,13.821855,18.393215,20.023726,19.584692,22.65485,21.512676,25.244476,27.506405,29.031256,31.956871,31.894234,30.137962,31.467299,33.11627,28.273468,26.691977,23.68495,23.287628,19.25386,22.42697,17.487839,20.573751,19.13012,16.241444,12.70773,11.512473,8.887817,10.322079,13.020271,15.395072,17.525808,21.077303,23.712687,27.331434,28.733112,25.011534,28.310535,28.9743,24.613712,23.572899,20.089535,21.416016,15.641479,18.470427,16.657812,19.745466,20.122196,24.226837,26.93119,25.304688,23.154953,19.70726,20.743181,15.982057,16.713192,20.01795,16.478884,21.153854,19.059185,24.313305,27.349339,25.050026,21.61223,20.817574,15.860192,16.469868,12.17784,14.887581
21,11.40613,10.159782,6.204246,8.050086,5.0509253,5.351913,7.7367544,10.473895,13.945022,16.578255,21.810879,23.089235,25.52534,26.094107,22.400227,18.817047,15.259148,12.583574,10.460478,5.2794447,6.9258776,0.0,4.3645315,6.6262984,6.9942513,12.386243,11.622616,14.77336,12.4452305,16.995834,15.546952,20.365932,24.42971,26.989664,28.909916,30.947,34.584236,35.560616,33.6327,30.188042,25.406569,25.556763,20.882631,21.209284,16.98733,16.721466,15.070795,13.85582,16.72382,19.510738,18.281103,22.140362,20.340742,23.594505,26.614632,26.763994,30.704273,29.583174,27.626747,29.196463,32.029793,27.286976,24.603783,22.506065,20.339317,16.776428,18.555275,13.805861,15.72255,15.088526,13.266951,10.064229,9.981466,9.997846,12.434495,14.138757,17.802734,19.59561,23.618109,26.243866,29.982368,31.253582,28.27278,31.700901,31.284489,26.652813,24.831635,21.345354,21.225185,14.938511,16.092884,12.808058,15.080954,13.995947,18.33958,21.772858,20.062109,18.970984,15.406704,17.868088,13.375281,15.689718,19.868454,17.730377,22.617865,21.775976,27.161913,30.367018,27.826088,24.516325,23.077871,17.84756,17.416239,12.994897,14.202334
22,14.088115,13.444183,8.666402,11.781804,8.652066,9.353519,10.352091,12.932548,16.373589,18.269316,23.623352,24.193401,26.807314,26.990778,23.206274,19.95411,16.006786,13.740442,11.4957695,6.553787,9.207048,4.3645315,0.0,5.2712736,6.7355604,10.532112,10.844858,13.967481,12.377288,17.317434,15.972599,21.494984,25.233873,28.719612,29.895914,32.67541,35.843517,36.508183,34.030552,30.209274,25.683123,24.991964,20.638088,20.194628,15.605392,14.871261,12.286001,10.736905,12.941363,16.424852,15.372347,19.73412,18.59347,21.778234,25.73615,25.472597,29.974009,29.017235,27.45652,29.635664,32.51813,28.104887,25.06326,22.50816,19.661098,15.852953,16.782059,11.877338,12.938321,11.648633,10.3062525,6.515238,8.34569,8.53438,11.730435,14.157894,17.631687,20.084558,23.784573,26.929935,30.513388,32.153725,29.668161,33.4164,32.91811,28.227238,26.716259,22.87318,23.235704,16.759708,17.79259,14.390682,15.793646,14.559946,18.275152,22.007858,21.260738,20.671389,17.53505,20.592995,16.237936,18.770807,22.930656,20.424112,25.512314,24.13642,29.760954,33.08421,30.97607,27.614754,26.801495,21.263615,21.32892,16.970367,18.393114
23,11.75274,11.123251,6.5161796,10.467518,9.101287,11.614172,12.835986,16.788458,19.835026,22.478518,27.567318,28.670113,30.995853,31.000696,27.395994,23.770407,20.513304,17.414303,16.081766,10.428518,13.304805,6.6262984,5.2712736,0.0,5.4407597,6.784804,8.894868,12.748518,12.605681,17.005247,17.430828,21.838598,26.887024,29.789976,31.743782,34.469944,37.704254,38.811398,36.577652,32.63153,28.2195,28.050348,23.327427,23.734226,18.86534,18.858746,15.960837,15.123661,15.8928175,19.796442,18.211926,22.678,20.922215,23.517147,27.544567,26.30711,31.26896,29.397848,27.571783,29.623096,33.35822,29.04273,25.411846,23.928762,20.021643,17.091295,16.769716,12.733541,12.274089,12.312557,12.3902645,9.969965,11.877276,13.44145,16.350426,17.769804,21.699625,23.558126,27.49268,30.297134,33.92673,35.283787,33.026466,36.6141,35.54978,30.84889,28.765839,25.26613,24.454409,18.260815,17.967157,13.737175,14.2804575,11.12751,15.09211,19.498161,18.312408,18.814962,15.7083645,19.571873,15.94138,19.246933,23.656881,22.370941,27.200191,26.857859,32.258877,35.538,33.082336,29.903885,28.370615,23.137419,22.318943,18.228596,18.438251
24,14.459424,12.1910305,8.930008,9.561462,6.8264976,10.323149,9.43853,14.703146,16.711761,19.719189,24.243177,25.727919,27.588627,27.186357,23.873291,19.98815,17.7653,13.803449,14.086302,8.314284,13.071884,6.9942513,6.7355604,5.4407597,0.0,6.672966,4.6481943,8.126425,7.2569027,11.654646,12.182679,16.417002,21.585356,24.497837,26.474815,29.309408,32.439194,33.662117,31.557722,27.645348,23.26752,23.600182,18.618937,19.880192,15.11677,16.064453,13.936396,14.521006,15.247171,17.955818,15.775188,19.589525,16.919382,19.394144,22.739408,21.66938,26.29781,24.343645,22.368963,24.279837,27.953009,23.614004,20.009045,18.69053,14.986252,12.237841,12.6524935,8.743941,9.966094,10.784311,9.935389,9.155138,8.888027,11.949901,13.896869,13.87508,18.129747,19.300898,23.362938,25.824959,29.43935,30.595816,28.65784,32.198452,30.715317,26.037416,23.808485,20.394325,19.339632,13.269522,12.715583,8.625996,9.300632,8.075482,11.727431,15.354424,14.605373,14.296984,11.495876,15.255496,11.629421,14.941947,19.230513,18.004286,22.79062,22.61209,27.954636,31.274149,29.09465,26.020006,25.034622,19.544958,19.241745,15.534694,16.297281
25,16.842268,15.453195,12.160355,14.356181,13.052791,16.633553,16.093834,21.199762,23.2934,26.06422,30.574816,31.751934,33.626472,32.866146,29.629732,25.934729,23.681564,19.93173,20.123724,14.489681,18.911177,12.386243,10.532112,6.784804,6.672966,0.0,5.6309233,8.820062,11.116282,14.4188385,16.682804,20.18443,25.78709,28.978216,30.78928,34.196026,36.841335,38.08439,35.67674,31.39448,27.558952,27.412582,22.764238,23.77829,18.7901,19.672615,16.537313,17.205563,15.916474,19.542385,17.270239,21.452507,19.199839,20.790068,25.14718,22.61348,28.20362,25.586071,23.927557,26.354494,30.774874,27.090345,22.731325,22.019945,16.739576,14.992532,12.675796,10.441901,7.892483,9.775719,11.4920845,11.645553,13.339061,16.649183,18.994936,19.197218,23.241592,24.615131,28.358648,30.996407,34.39593,35.67215,34.35735,37.99301,36.099613,31.4905,29.20842,25.876324,24.459208,18.901829,17.319551,13.095278,11.661195,8.083956,10.1454115,14.825091,15.052988,16.695377,14.799722,19.422766,16.900232,20.58951,24.784822,24.153286,28.734974,28.809282,34.065754,37.381218,35.303738,32.351604,31.276295,25.940493,25.33556,21.839008,21.896767
26,18.013247,15.43625,12.900206,12.805268,10.59225,14.418249,12.42271,18.158798,19.34703,22.369152,26.305695,27.862654,29.318384,28.331715,25.384232,21.508804,20.198359,15.869765,17.331648,12.026978,17.349957,11.622616,10.844858,8.894868,4.6481943,5.6309233,0.0,3.9677517,5.681868,8.909736,11.303587,14.579369,20.267334,23.355665,25.254461,28.59106,31.26071,32.61813,30.435394,26.300047,22.38876,22.862692,17.934269,19.832802,15.116845,16.865454,14.754178,16.46285,15.835152,18.10137,15.386222,18.776327,15.535845,17.181965,20.570963,18.53761,23.576914,20.988184,19.049187,21.215855,25.449274,21.568989,17.356205,16.753977,11.894241,10.270169,9.234723,7.0085764,7.3901815,9.74841,9.825243,11.105298,10.584136,14.742165,16.149948,15.069888,19.286648,19.947338,23.805283,26.038548,29.442848,30.484976,29.30084,32.81844,30.673546,26.119799,23.72692,20.532206,18.9327,13.611363,11.8389,7.9279838,6.5258594,5.9032536,7.8157225,11.363299,11.882426,12.241976,10.610614,14.8835335,12.365756,15.837448,19.795532,19.168049,23.614042,23.809538,28.924591,32.225826,30.368008,27.52865,26.921867,21.497826,21.371021,18.28347,18.880472
27,21.704506,18.810562,16.634546,15.734274,13.227332,16.842083,13.791057,19.54237,19.924423,22.781542,26.078701,27.644299,28.702517,27.226566,24.665184,20.917063,20.497612,16.037443,18.533834,13.981925,19.704306,14.77336,13.967481,12.748518,8.126425,8.820062,3.9677517,0.0,4.5696287,6.0013456,9.407977,12.034193,17.549688,20.99336,22.509787,26.286324,28.510468,29.853361,27.58595,23.351875,19.837914,20.463839,15.693891,18.17642,13.851898,16.333118,14.783941,17.461597,16.317354,17.58039,14.53165,17.083723,13.245397,14.249383,17.261786,14.834225,19.90271,17.08287,15.2172365,17.63842,21.964146,18.441345,13.96009,13.630552,8.193894,7.6048007,6.106139,5.927064,7.1735897,10.08537,9.994028,12.717073,11.310731,15.990532,16.654934,14.572559,18.538805,18.672274,22.245552,24.224712,27.399418,28.354614,27.798409,31.284409,28.700762,24.312145,21.973904,18.936558,17.281105,12.760421,10.542029,7.8476067,5.3140497,7.711292,7.2599993,9.210578,11.352938,11.282453,10.8964615,14.701977,12.876908,15.908839,19.314346,18.743504,22.874672,23.061033,27.955912,31.222775,29.81984,27.172188,27.225843,21.81859,22.228569,19.663677,20.62001
28,20.748774,17.624352,15.515722,13.832975,10.463201,13.46173,9.687673,15.317809,15.401735,18.291494,21.551918,23.257551,24.323963,23.067596,20.408373,16.515823,16.220419,11.579565,14.481905,10.475708,16.244928,12.4452305,12.377288,12.605681,7.2569027,11.116282,5.681868,4.5696287,0.0,5.0095367,5.622856,9.877644,14.779134,18.310535,19.766253,23.203468,25.831821,27.05879,24.912006,20.91354,16.818346,17.720497,12.578621,15.220807,11.060696,13.626239,12.943535,15.539731,15.747732,16.385073,13.555879,15.821992,11.813641,13.782388,15.994134,15.153414,19.271612,17.341219,15.332609,17.326689,20.765085,16.587473,12.911921,11.5545845,8.105873,5.8409047,7.962581,5.6407795,9.604205,11.1342945,9.291623,11.340252,8.412077,12.889741,13.013418,10.479168,14.641979,14.6270075,18.503618,20.462929,23.860514,24.816057,23.751917,27.276245,25.0709,20.522583,18.304783,14.980724,13.894714,8.594595,7.5868607,5.4904995,5.617617,9.549098,10.69193,11.978748,12.961752,11.202648,10.059006,12.8590145,10.030948,12.512216,15.926641,14.552695,18.997105,18.740898,23.850931,27.187231,25.7951,22.993828,23.332928,17.69675,18.602743,15.956385,17.647295
29,24.11972,20.549444,19.376522,16.676006,14.080541,17.214684,13.099918,18.687061,17.709942,20.77389,22.942833,25.114277,25.470047,23.760105,21.8149,17.98859,19.151764,14.370798,18.30395,14.959969,20.51393,16.995834,17.317434,17.005247,11.654646,14.4188385,8.909736,6.0013456,5.0095367,0.0,5.807212,6.0484343,12.162995,15.036471,17.006916,20.495556,22.826067,24.502785,22.800219,18.980343,15.45735,17.46639,12.517815,16.574501,13.443291,16.779516,16.780434,19.96031,19.725645,19.5831,16.545816,17.665255,12.902254,13.697613,14.28825,13.0044365,16.478468,13.636867,11.094342,12.6288,16.705198,12.763041,8.549323,9.131175,5.689658,6.640532,8.499844,9.103411,12.473035,14.752415,13.336566,16.122377,12.943693,17.388988,16.845198,13.163784,16.815725,15.561461,19.099632,20.142124,23.233274,23.66465,23.308027,26.435926,23.393667,19.216515,16.574827,14.106743,11.761129,8.720998,5.808394,6.0165505,4.644742,10.629024,9.950317,8.982742,10.9123955,8.549266,9.286412,11.315386,10.336697,12.286418,14.749918,14.560771,18.010073,18.665138,23.019958,26.148708,25.033318,22.714205,23.334478,18.27209,19.234068,17.66645,19.050007
30,24.572275,21.205694,19.534546,16.891016,13.166602,14.919932,10.026181,14.445123,13.002347,15.444572,17.525131,19.391268,19.851072,18.18466,16.05355,12.298248,13.677659,9.157984,13.700639,11.917454,17.200853,15.546952,15.972599,17.430828,12.182679,16.682804,11.303587,9.407977,5.622856,5.807212,0.0,6.7916284,9.509618,13.773067,14.431461,18.031103,20.548435,21.580004,19.48981,15.72789,11.381145,13.055193,7.7339525,11.650273,9.022176,12.367034,13.521163,16.68583,17.606043,16.55707,13.964811,14.566381,10.070042,12.129578,12.2931795,13.290425,15.758778,14.878816,12.96796,14.539088,16.632257,12.171583,9.719717,7.050812,7.2181225,5.1170382,10.167982,8.829468,13.86141,14.698397,11.845872,14.118843,9.759586,13.498541,12.054317,7.68859,11.138537,9.846893,13.610961,15.056382,18.412052,19.223322,18.393028,21.908947,19.58664,15.073631,13.179005,9.683506,9.653216,5.313222,6.2775555,7.855685,9.13584,14.499957,15.123479,14.778559,16.014948,12.802779,12.394353,13.183363,10.669876,11.339422,13.491875,11.116092,15.227113,14.28213,19.237715,22.567669,21.867622,19.212069,20.825666,15.259224,17.433376,15.598442,18.286211
31,27.304535,23.37956,23.031004,19.12913,16.70948,19.016027,14.480641,19.138206,16.785963,19.821417,20.526197,23.332518,22.854033,20.999113,19.89709,16.257456,19.105429,14.559383,19.438656,17.545029,22.404701,20.365932,21.494984,21.838598,16.417002,20.18443,14.579369,12.034193,9.877644,6.0484343,6.7916284,0.0,7.61075,9.012379,11.913022,14.6975355,17.316214,19.467943,18.670996,15.695349,12.324166,16.0712,11.559522,16.808617,15.289988,18.900082,20.166578,23.443178,23.98937,22.851112,20.07504,20.013268,15.086777,15.714144,13.628298,14.094437,15.083392,12.790728,9.820875,9.466865,12.472123,7.788204,5.2980328,7.313887,8.558015,10.049846,13.514905,14.140842,18.227182,20.07126,17.944435,20.473003,16.37755,20.113327,18.59624,13.920956,16.72038,13.975039,17.152805,16.875227,19.742739,19.433283,19.2357,21.776346,18.219585,14.443256,11.375826,10.073212,6.591211,7.2376523,4.89494,8.831137,9.30894,15.415894,14.913111,12.5263815,13.616905,9.584547,11.062931,10.332006,10.534049,10.483769,11.097276,11.430673,13.543141,14.84076,18.242516,21.117048,20.40029,18.584702,19.956161,15.6521435,17.290892,17.04049,18.824665
32,32.924698,29.20718,28.364248,24.715668,21.495844,22.559494,17.594282,20.313017,16.983625,18.480064,17.486141,19.70539,18.38746,15.677964,15.755455,13.409406,17.812527,14.747407,20.078392,20.307611,24.63657,24.42971,25.233873,26.887024,21.585356,25.78709,20.267334,17.549688,14.779134,12.162995,9.509618,7.61075,0.0,6.9031672,5.0083327,9.684003,11.177544,12.399813,11.124524,8.49306,5.503125,10.542163,7.984693,13.434946,14.375628,17.922081,20.599796,24.193657,25.092749,22.400114,20.192585,18.408161,14.114843,14.53576,9.921407,13.291842,11.379684,11.957687,10.463934,10.1517515,8.868065,4.610866,7.001146,5.284126,11.330598,12.191595,16.734024,17.37234,22.129396,23.037273,20.219614,22.923988,18.33912,21.197992,18.567694,13.463855,14.213871,10.400369,11.892265,10.521467,12.691682,12.266159,13.344777,15.94132,12.136036,8.824307,7.5591793,6.6139245,7.4626765,10.281374,11.245876,15.332565,16.278358,22.399956,21.886774,19.456657,21.196314,17.157871,18.318783,16.883831,16.397425,14.991231,14.12771,12.314221,13.420904,12.57448,15.24015,17.915134,18.920408,17.433386,21.01856,17.086193,20.344471,20.457125,23.392475
33,33.67507,29.627182,29.973574,25.26996,23.086283,24.208868,19.792986,22.540941,18.75303,21.052782,19.26981,22.6458,20.798157,18.85541,19.411516,16.860245,21.620565,18.295464,23.49852,23.508865,27.194098,26.989664,28.719612,29.789976,24.497837,28.978216,23.355665,20.99336,18.310535,15.036471,13.773067,9.012379,6.9031672,0.0,6.6777654,6.253011,9.657201,12.795161,14.205288,13.638154,11.599389,17.070158,14.520465,19.881702,20.496164,23.901152,26.399567,29.596521,30.910622,28.739933,26.439796,25.13103,20.677551,21.106556,16.457098,19.016178,16.691462,16.051464,13.752427,11.114275,10.074999,6.246254,9.722391,11.456114,16.164371,17.52929,21.720036,22.26924,26.8216,28.204659,25.512083,27.732063,23.078598,25.780575,23.330488,18.326689,19.452002,15.302323,17.044676,14.478191,16.337679,14.537949,14.79883,15.761306,11.2805605,9.30664,6.1812477,8.784151,5.9384236,12.096419,12.109486,16.705997,18.026348,23.876068,23.553564,20.52452,20.996851,16.478348,18.035133,15.006556,16.093048,13.741473,11.113269,11.773867,10.322356,12.261923,12.755403,14.700438,15.275102,14.811682,17.828983,15.637262,18.259043,19.840902,22.047985
34,37.24728,33.466434,32.900345,28.95096,25.878696,26.561039,21.722294,23.639277,19.799679,20.75547,18.390556,20.61436,18.457787,15.528872,16.829847,15.486429,20.652714,18.371271,23.627254,24.616585,28.443768,28.909916,29.895914,31.743782,26.474815,30.78928,25.254461,22.509787,19.766253,17.006916,14.431461,11.913022,5.0083327,6.6777654,0.0,6.045656,6.2399974,7.5680566,7.6268044,7.266849,6.746777,12.101204,11.530873,16.30103,18.361174,21.644573,24.77395,28.314938,29.39574,26.21948,24.292133,21.850878,18.05598,18.126827,12.397253,16.442322,12.599889,14.146829,13.205662,11.877293,8.008502,6.0071845,10.561431,9.740358,15.9549,17.03579,21.45172,22.269493,27.017288,27.818151,24.917835,27.5513,22.889683,25.304657,22.345604,17.363064,17.160223,12.96919,13.079712,10.133299,10.986616,9.444837,11.775932,13.312842,8.729184,7.346814,7.3807335,8.693916,10.055933,14.454856,15.611558,19.959108,21.009512,27.145939,26.515865,23.664135,25.311377,21.114351,22.508814,20.35662,20.361544,18.294542,16.337954,14.776861,14.27169,13.394881,14.222403,16.165655,18.254515,17.564638,21.997393,19.152203,22.725122,23.57036,26.584383
