,0,1,2,3,4,5,6,7,8,9,10,11,12,13,14,15,16,17,18,19,20,21,22,23,24,25,26,27,28,29,30,31,32,33,34,35,36,37,38,39,40,41,42,43,44,45,46,47,48,49,50,51,52,53,54,55,56,57,58,59,60,61,62,63,64,65,66,67,68,69,70,71,72,73,74,75,76,77,78,79,80,81,82,83,84,85,86,87,88,89,90,91,92,93,94,95,96,97,98,99,100,101,102,103,104,105,106,107,108,109,110,111,112,113
0,0.0,4.3967924,5.8669243,8.810734,12.167301,13.868649,17.557178,20.485264,23.684156,26.864902,31.853098,33.614853,35.996483,36.994465,33.419247,29.770782,26.46039,23.671738,21.689137,16.916826,16.68504,12.075075,13.376785,11.586436,15.15459,15.941886,17.915926,21.704166,21.455454,25.001133,25.720592,28.821545,34.109802,35.921402,39.173496,40.187214,44.505493,46.00105,44.146095,40.937626,36.12636,36.707787,31.833303,32.582123,28.214455,27.79362,25.690805,23.85934,25.938307,29.819197,28.5995,32.99497,31.253832,34.116028,37.7055,36.65933,41.58775,39.619865,36.725986,38.25035,41.717804,36.996944,33.981182,32.874504,29.903936,27.225311,27.563894,25.106441,22.973904,23.12274,23.032923,19.789793,21.13333,21.269491,23.890345,25.500679,29.223377,30.726177,34.840054,37.07642,40.8969,41.739986,39.834476,42.469845,39.793045,35.25335,33.904625,29.471521,29.528008,24.405169,24.08195,20.077848,21.07661,17.130434,17.609081,17.86737,20.657064,22.148369,24.28977,30.100182,29.135569,33.394302,32.821575,28.289547,30.18711,31.700956,32.27554,27.700445,26.291348,21.126009,20.603262,17.129227,14.436995,14.306044
1,4.3967924,0.0,5.0718737,4.955356,8.89725,11.480268,14.387619,18.15152,20.788115,24.401487,29.09588,31.247799,33.3331,34.101562,30.696665,26.799759,24.112942,20.761875,19.629429,14.610315,15.373689,10.350677,12.723233,10.384743,12.381557,13.907901,14.772265,18.358168,17.929838,21.107847,22.063675,24.6861,30.203184,31.737782,35.22226,36.164394,40.482353,42.150154,40.480106,37.356102,32.579346,33.57824,28.530478,29.849836,25.560747,25.651573,23.881672,22.732222,24.743639,28.166897,26.581892,30.69788,28.423878,31.173147,34.31055,33.297264,38.05053,35.872612,32.858944,34.154884,37.655148,32.89202,29.930101,29.135622,26.298729,23.884892,24.46803,22.381882,20.578981,21.199863,20.875017,18.217588,18.750698,19.566904,21.77631,22.61764,26.562538,27.59832,31.846094,33.80895,37.63052,38.28735,36.58962,39.041336,36.10271,31.681213,30.062984,25.79788,25.443775,20.538248,19.91951,16.020496,17.1339,13.197701,13.308335,13.474506,16.312567,18.00045,20.065348,26.105902,25.51291,29.554121,29.448072,24.871418,27.28256,28.74063,29.603367,25.000181,23.252237,18.626059,17.218725,13.740398,10.603909,10.300283
2,5.8669243,5.0718737,0.0,5.9363627,7.1734114,8.702546,12.247722,15.167841,18.55165,21.48657,26.643196,28.143864,30.602755,31.46804,27.817408,24.261217,20.754805,18.062393,15.960351,11.09176,11.28667,6.2186112,8.177531,7.390912,10.365495,12.931842,13.96615,17.75102,16.783194,20.876413,20.736027,24.646925,29.290169,31.717999,34.371887,35.66025,39.8398,41.044426,38.91995,35.648647,30.813017,31.11413,26.385584,26.847706,22.574068,22.034887,20.168089,18.420628,20.94617,24.441587,23.272093,27.527452,25.905773,28.992588,32.571423,31.964409,36.686005,35.19987,32.38612,34.255,37.27664,32.599106,29.74002,27.968767,25.410559,22.267794,23.195747,20.279793,18.952082,18.684576,17.93211,14.529261,15.511193,15.453872,18.024345,19.798128,23.43033,25.143307,29.168861,31.60501,35.393623,36.426018,34.58412,37.465103,34.864357,30.394548,29.281908,24.560335,25.24638,19.650316,19.983404,16.109503,17.718922,14.122098,14.949028,15.672191,17.627995,18.243687,21.374212,26.434515,25.251223,29.859856,29.085604,24.01273,25.711708,27.923952,28.919466,24.663818,22.875784,18.3739,16.870853,14.492923,11.213283,12.859485
3,8.810734,4.955356,5.9363627,0.0,4.7807918,7.4977903,9.88903,13.879645,16.066814,19.935627,24.384068,26.807085,28.691935,29.444895,26.165874,22.173452,19.935688,16.367954,15.79907,11.142029,12.292766,8.181065,11.926885,10.491573,10.319135,13.93651,12.940348,16.151037,14.693696,17.816025,18.075138,20.703777,25.875658,27.24925,30.729862,31.445858,35.87591,37.46594,35.92328,33.01086,28.165857,29.492495,24.441753,26.054632,22.124664,22.478613,21.407509,20.732351,23.236889,25.887745,24.171509,27.829432,25.235073,28.12747,30.66437,30.223095,34.496002,32.53362,29.399178,30.594439,33.64297,28.750885,26.180387,25.173971,23.117098,20.572466,22.093678,19.994722,19.271759,19.898977,18.758863,16.454792,15.784709,16.683407,18.278097,18.549831,22.455164,23.1256,27.418139,29.142267,32.98399,33.519566,31.734705,34.11239,31.22681,26.749807,25.194666,20.945332,20.772808,15.936109,15.788638,12.462434,14.520733,11.000396,10.428121,10.227281,12.237614,13.38675,15.7808,21.378922,20.658155,24.836561,24.679302,19.953846,22.499252,24.083794,25.20404,20.729168,18.693892,14.639681,12.422934,9.429995,5.832491,6.9754024
4,12.167301,8.89725,7.1734114,4.7807918,0.0,4.4798417,5.533206,10.172003,12.477159,16.060507,20.738436,22.804457,24.79183,25.312084,21.911572,17.978846,15.527451,11.879452,11.440601,6.517001,9.015294,5.0062194,9.246345,8.901515,7.116543,12.478448,10.44707,13.441395,11.138641,14.966623,14.178472,17.931568,22.344772,24.61597,27.307198,28.487598,32.693672,33.957684,32.02568,28.944006,24.064743,24.991007,20.061695,21.348204,17.454428,17.746258,16.932966,16.517334,19.275316,21.467627,19.78999,23.281076,20.826796,23.931509,26.569042,26.510256,30.652884,29.21237,26.221052,27.883766,30.509815,25.717514,23.225819,21.417646,19.705257,16.621101,18.72213,16.155264,16.314713,16.512272,14.716061,12.519713,11.21147,12.149633,13.554881,13.866785,17.778553,18.724037,22.957417,24.993322,28.810545,29.616295,27.988214,30.70334,27.837084,23.484756,22.175514,17.49757,18.11288,12.508983,13.207451,10.024479,12.736364,9.961124,10.107845,10.790147,11.513595,11.344478,15.159874,19.697233,18.794645,23.33207,22.998457,17.583548,19.901337,22.388395,24.007393,20.033268,17.584179,14.59985,11.077642,10.037673,6.0589414,9.48179
5,13.868649,11.480268,8.702546,7.4977903,4.4798417,0.0,5.215525,6.695373,9.941113,13.032884,18.018227,19.853373,22.130682,23.246147,19.710026,16.159342,13.044897,10.534999,8.72638,5.767534,5.311135,5.657389,9.921429,11.57368,10.423028,16.211472,14.199071,16.91256,13.857506,17.807652,15.644069,19.895365,23.189518,25.401838,27.748802,28.484148,32.87949,33.722965,31.794832,29.041172,24.05442,24.806387,20.327587,20.958519,17.689367,17.33327,17.188423,16.176147,20.01328,21.747414,20.573784,23.76559,21.814753,25.29067,27.654715,28.433222,32.02749,31.225704,28.29076,30.018,31.87812,27.049065,25.196646,22.686617,22.043505,18.495237,21.42859,18.366205,19.346327,18.852804,16.357857,13.602932,11.940403,11.162929,12.228931,13.3279,16.50012,17.748905,21.73373,23.80775,27.646671,28.535063,26.219622,29.08861,26.939892,22.234472,21.664999,16.882177,18.657032,13.289535,15.328591,13.221373,16.480991,14.17073,13.945907,13.987408,13.828887,12.663093,16.382494,19.556566,17.587402,22.652712,21.201323,15.86652,17.143343,19.849255,21.211754,17.476118,15.380667,12.102668,9.689759,9.581921,7.285067,11.494975
6,17.557178,14.387619,12.247722,9.88903,5.533206,5.215525,0.0,6.1797404,7.4730797,11.048284,15.501064,17.622103,19.427952,19.795998,16.458448,12.455534,10.52734,6.4896464,7.4153047,4.6222105,8.056269,7.736164,11.447191,12.468749,8.852634,15.217942,11.6312,13.377273,9.576693,13.229931,10.501882,14.970993,18.030294,20.683527,22.732195,23.903292,28.060917,28.981478,26.95219,24.055635,19.089905,20.125883,15.395298,16.749273,13.591407,14.139687,14.597007,14.945995,18.222197,19.067423,17.410755,20.023495,17.415543,20.746706,22.63112,23.555643,26.924084,26.127508,23.189718,24.976717,26.712015,21.945072,20.11545,17.48312,17.193764,13.7399435,17.28963,14.628285,16.54316,16.431662,13.5184355,12.155489,8.913567,9.6895895,9.655104,9.000839,12.703564,13.337614,17.569159,19.527622,23.360243,24.21366,22.529408,25.400454,22.686188,18.354452,17.411621,12.457618,14.156171,8.314398,10.732191,9.312502,12.969598,11.7780075,11.621079,12.202535,10.991842,8.897815,13.651549,16.290012,15.042547,19.827612,19.232086,13.341569,15.464866,18.715458,20.875347,17.646034,14.814079,13.629628,8.854233,10.424036,7.731418,12.117995
7,20.485264,18.15152,15.167841,13.879645,10.172003,6.695373,6.1797404,0.0,4.505582,6.387001,11.621457,13.17968,15.564541,16.980625,13.412616,10.349009,7.0839257,6.2818546,4.3033133,6.998749,5.8400197,10.5737505,13.724797,16.481388,14.084864,20.448208,17.380196,19.023144,14.960646,18.499702,14.422802,19.14815,20.355879,22.876198,24.207136,24.716995,28.991474,29.189198,27.150799,24.831352,19.917345,20.525278,16.86349,16.950012,15.078606,14.506802,15.981723,15.467092,20.010246,20.162426,19.355106,21.397346,19.7526,23.443384,24.924572,26.988256,29.49886,29.668264,26.944983,28.803463,29.410791,24.805222,23.931032,20.416277,21.542292,17.70316,21.935158,18.752026,21.358362,20.395073,16.89876,14.8704815,11.754652,9.88041,9.006926,9.829882,11.603028,12.809275,16.301598,18.319853,22.068035,23.097868,20.300697,23.463573,22.031446,17.294226,17.726826,12.928321,16.470106,11.771017,15.532062,15.22131,18.992804,17.954967,17.568865,17.530664,15.8033905,12.990773,17.015038,17.494102,14.635647,19.999931,17.617338,12.0632515,12.007953,15.890986,17.723299,15.251711,13.065931,12.122844,9.374884,12.178975,11.476617,16.04828
8,23.684156,20.788115,18.55165,16.066814,12.477159,9.941113,7.4730797,4.505582,0.0,4.678709,8.327476,11.179194,12.67271,13.859484,10.814842,7.2508025,6.838061,5.402128,7.098682,9.980764,10.316518,14.06551,17.394445,19.524391,16.030712,22.43466,18.436762,19.273912,14.861946,17.324795,12.831233,16.597952,17.073019,18.957228,20.410334,20.425539,24.853636,25.110584,23.475498,21.604227,16.737587,18.286652,14.730329,15.818935,14.870966,15.205935,17.506233,18.017673,22.102251,21.397675,20.261654,21.426846,19.129145,22.537062,22.839422,25.428316,27.170582,27.349514,24.543446,25.97711,26.056242,21.433777,21.237885,17.909136,20.150011,16.8366,21.70018,19.21479,22.44907,21.953705,18.308062,17.344658,13.3104925,12.517319,10.511539,9.151318,10.48124,10.128132,13.677619,14.844709,18.642366,19.252014,16.405113,19.278519,17.71685,12.863834,13.347131,8.798695,12.752954,9.261713,13.565823,14.682429,18.639574,18.380209,17.434793,17.061016,14.410786,10.911035,14.591105,13.618334,10.710799,15.950426,13.776821,7.9718986,8.451706,12.642351,15.120276,13.238291,10.57188,11.84264,7.9641895,12.150757,12.181333,16.467264
9,26.864902,24.401487,21.48657,19.935627,16.060507,13.032884,11.048284,6.387001,4.678709,0.0,5.6393356,6.8962913,9.200231,10.9430485,7.53256,5.666869,4.208215,6.6962447,6.96195,11.99824,11.443432,16.457949,18.995428,21.942656,18.801174,25.13164,21.398844,22.075953,17.655962,20.318897,15.105201,19.508797,18.428453,21.042946,21.17057,21.391787,25.338194,24.822517,22.760693,21.088583,16.557318,17.138838,14.78693,14.472652,14.613955,14.174573,17.16107,17.443047,21.913837,20.494635,19.975433,20.555475,19.166382,22.704323,22.97467,26.272448,27.480782,28.578686,26.172428,28.003538,27.295593,23.155228,23.377518,19.180128,22.059574,18.431084,23.48492,20.61653,24.360443,23.245817,19.293457,18.275385,14.408882,12.484589,9.843666,9.482567,8.783563,9.288967,11.638928,13.278542,16.766722,17.886776,14.583618,18.052069,17.501377,13.062206,14.748112,10.652061,15.693491,12.643707,17.232704,18.441305,22.23019,22.200949,21.686352,21.606775,18.919003,15.254866,18.967495,16.845514,13.577289,18.520256,15.531196,10.507773,8.776953,13.807601,16.189566,15.491689,13.4330635,15.084032,12.361266,16.529428,16.620497,21.01241
10,31.853098,29.09588,26.643196,24.384068,20.738436,18.018227,15.501064,11.621457,8.327476,5.6393356,0.0,4.808536,4.7021856,7.0881925,5.582036,5.707354,8.585762,10.677036,12.465194,17.209272,16.999153,21.777304,24.454542,27.102276,23.400364,29.66445,25.371964,25.39498,20.902048,22.460838,17.121998,20.156132,17.534407,19.149174,18.813215,18.056017,21.895884,20.968,19.53202,18.97451,15.096112,16.583408,15.344349,15.694421,17.325756,17.539995,21.167461,22.120504,26.186865,23.924623,23.323141,22.814108,21.148945,24.196747,22.94494,27.066372,26.979597,28.443361,26.179167,27.480846,25.677883,21.933441,23.317936,19.339907,23.616512,20.699549,26.137661,23.95249,28.177542,27.363758,23.375027,23.108511,18.841017,17.534239,14.41335,12.69358,10.884103,9.464933,10.347511,10.224758,13.240462,13.766223,9.582998,12.798674,13.266488,9.112472,12.027087,9.755938,15.082232,14.3394,18.91833,21.355328,25.097765,25.693634,24.728388,24.296549,20.977495,17.060318,19.823296,15.568992,12.21792,16.154158,12.854481,9.380903,6.561483,11.577799,14.374436,15.269488,13.470049,17.155252,14.6298275,19.346992,20.199678,24.181528
11,33.614853,31.247799,28.143864,26.807085,22.804457,19.853373,17.622103,13.17968,11.179194,6.8962913,4.808536,0.0,3.6559756,6.3508215,4.347264,7.2215214,8.158961,12.065772,12.651868,18.142223,17.588528,22.824524,24.751404,27.98627,24.704472,30.796818,26.927923,26.997562,22.637562,24.713482,19.03739,23.051682,19.792034,22.588846,21.045895,21.13878,24.21282,22.614473,20.389746,19.596577,16.16221,16.062487,15.9216795,14.587624,16.845308,16.222242,20.083141,20.73302,24.928598,22.230234,22.251951,21.417126,20.816917,23.968817,23.248617,27.637922,27.4827,29.72717,27.889069,29.798096,27.731268,24.471882,25.675863,20.936808,25.075285,21.752468,27.021877,24.376541,28.79377,27.39037,23.299076,22.897326,19.062613,16.969978,13.767155,13.224742,10.134,10.2331705,9.719646,10.8270035,13.180775,14.67007,10.859035,14.74917,15.866538,12.772607,15.863478,13.384912,18.929895,17.393362,22.03575,23.98445,27.550415,28.137777,27.734724,27.754688,24.667154,20.737669,24.088083,20.196152,16.998983,20.888779,17.532766,14.1083145,10.97722,15.898192,18.293352,19.346674,17.811392,20.724209,18.472897,22.964687,23.350855,27.629982
12,35.996483,33.3331,30.602755,28.691935,24.79183,22.130682,19.427952,15.564541,12.67271,9.200231,4.7021856,3.6559756,0.0,3.9890149,4.6288867,7.826052,10.821295,13.803906,15.457106,20.575142,20.498657,25.367432,27.545605,30.425755,26.6777,32.743748,28.464193,28.135447,23.758585,25.12355,19.535866,22.617577,18.621805,20.755768,18.980349,18.526182,21.448744,19.661095,17.89674,17.842295,14.892472,15.604673,15.941079,15.442229,18.282476,18.316008,22.370941,23.545855,27.372532,24.342325,24.100433,22.732824,21.683176,24.451769,22.729431,27.475788,26.567455,28.871717,27.088987,28.602917,25.960072,22.96378,24.815376,20.39167,25.24918,22.458458,27.894947,25.775572,30.394073,29.323284,25.272789,25.37433,21.203402,19.749466,16.356007,14.786783,11.706398,10.440602,9.236956,8.832198,10.739727,11.721421,7.429501,11.194005,12.882886,10.362028,13.928302,12.621047,17.973557,17.68866,22.192688,24.81261,28.3245,29.287144,28.60315,28.444012,25.027,21.023312,23.863338,19.011465,16.09933,19.208864,16.118435,13.555412,10.602722,15.081255,17.730673,19.41449,17.869432,21.761032,19.29349,24.024277,24.698257,28.72627
13,36.994465,34.101562,31.46804,29.444895,25.312084,23.246147,19.795998,16.980625,13.859484,10.9430485,7.0881925,6.3508215,3.9890149,0.0,3.9617777,7.3521113,11.438278,13.709599,16.318876,20.938438,21.910152,25.953106,27.913864,30.450626,26.253214,32.00215,27.495611,26.657566,22.46962,23.35294,17.78577,20.644493,15.782128,18.613276,15.846773,16.20959,18.49473,16.503265,14.200627,13.993104,11.424767,12.048092,13.103138,12.864353,16.367203,16.961397,21.193012,23.0653,26.240618,22.730362,22.292871,20.302496,19.073109,21.458725,19.198277,24.201635,22.85555,25.456512,23.935627,25.593876,22.637886,20.068714,22.066183,17.46446,22.701801,20.270418,25.661678,23.95061,28.831131,27.918856,23.968256,24.782307,20.446152,19.718073,16.118856,13.741775,10.382947,8.398687,6.024483,5.1622005,6.904539,8.423868,5.5614123,9.91809,10.688654,9.388453,12.604485,11.640734,16.756212,16.77716,21.009905,23.889654,27.079487,28.538515,28.077684,28.264025,24.743017,20.713402,23.781374,18.916965,16.926323,19.508537,17.571817,14.670717,12.9822035,17.410702,20.441973,21.853668,19.856766,23.947365,20.540531,25.286106,25.476896,29.420925
14,33.419247,30.696665,27.817408,26.165874,21.911572,19.710026,16.458448,13.412616,10.814842,7.53256,5.582036,4.347264,4.6288867,3.9617777,0.0,4.388649,7.499316,10.2544775,12.419703,17.211424,18.083334,22.21266,24.07118,26.797844,22.878391,28.732096,24.49883,24.049522,19.784567,21.388456,15.652082,19.54366,15.757689,19.237986,17.150944,18.015694,20.784445,19.311665,16.669792,15.429456,11.87108,11.863908,11.774659,10.952792,13.659748,13.823429,17.927488,19.462261,22.982477,19.891375,19.513819,18.223,17.13671,20.054811,18.95174,23.437954,23.148304,25.418026,23.67213,25.703074,23.610794,20.501638,21.676153,16.778975,21.199234,18.151978,23.502193,21.270136,25.968884,24.839413,20.803122,21.198915,16.980413,15.892609,12.338804,10.497653,7.1350822,6.2730155,5.4641857,6.977757,9.814029,11.603637,8.99746,13.241598,13.141664,10.57813,13.187391,10.622182,16.096619,14.6959715,19.165707,21.417477,24.727367,25.820616,25.58581,25.935677,22.70106,18.698906,22.341185,18.522982,16.235798,19.756409,17.601704,13.585247,11.971551,16.963436,19.913134,20.567913,18.413836,21.66676,18.181835,22.749321,22.608713,26.786154
15,29.770782,26.799759,24.261217,22.173452,17.978846,16.159342,12.455534,10.349009,7.2508025,5.666869,5.707354,7.2215214,7.826052,7.3521113,4.388649,0.0,5.725197,6.4593964,9.884619,13.851751,15.421635,18.830696,21.121822,23.378948,19.16034,25.134596,20.682026,20.336697,15.938008,17.570494,11.944635,15.905008,13.369981,16.730461,15.8454,16.78066,20.22214,19.622536,17.247927,15.425124,10.9293375,11.945403,9.894752,10.516343,11.803558,12.595436,16.251991,17.944664,21.385471,18.983555,18.028957,17.519339,15.505368,18.600296,17.850435,21.64996,22.17548,23.552534,21.346424,23.228064,22.000982,18.210247,18.83904,14.320645,18.216375,15.118708,20.553305,18.429556,22.868444,22.133581,18.176962,18.570795,14.027897,13.644128,10.238157,7.376033,5.8038173,4.021579,6.5337825,8.001361,11.719077,12.9432745,10.793519,14.503849,13.017464,9.443442,10.939198,7.086505,12.525649,10.4205675,14.982339,17.174711,20.620665,21.61025,21.23077,21.549608,18.352434,14.371566,18.257414,15.265726,13.270345,17.221579,15.6765,10.653383,10.439369,15.389895,18.521496,18.263363,15.646444,18.605524,14.384097,18.852936,18.466755,22.57241
16,26.46039,24.112942,20.754805,19.935688,15.527451,13.044897,10.52734,7.0839257,6.838061,4.208215,8.585762,8.158961,10.821295,11.438278,7.499316,5.725197,0.0,5.0358396,4.969301,10.188367,10.802092,15.043084,16.788446,19.894234,16.735752,22.77998,19.283987,19.851633,15.635175,18.774403,13.378762,18.859226,17.683416,21.643797,20.986887,22.357275,25.755327,25.133322,22.322353,19.907888,15.394704,14.806048,12.477088,11.138409,10.930731,10.042351,13.124987,13.583881,17.92673,16.315443,15.948309,16.62955,15.720944,19.427296,20.535095,23.605572,25.275175,26.647652,24.509512,26.962887,26.516617,22.637125,22.29184,17.523815,19.828127,15.796357,20.615479,17.38151,21.29842,19.813803,15.770055,14.933303,11.159357,9.068825,5.9890065,6.475566,5.466701,7.7826858,10.179888,13.081151,16.492567,18.252483,15.92468,19.830467,18.734764,14.955382,16.235516,11.659188,16.564728,12.4643135,16.854397,17.477726,20.916178,21.054533,21.268768,21.90997,19.5087,15.939464,20.447893,19.088512,16.577976,21.351507,19.12808,13.675191,12.769689,17.822071,20.327814,19.34387,17.029457,18.116034,14.660284,18.406363,17.471909,21.99529
17,23.671738,20.761875,18.062393,16.367954,11.879452,10.534999,6.4896464,6.2818546,5.402128,6.6962447,10.677036,12.065772,13.803906,13.709599,10.2544775,6.4593964,5.0358396,0.0,5.329343,7.5235076,10.344066,12.507697,14.911991,16.94581,12.8852005,19.047487,14.964267,15.41743,11.0270405,14.064354,9.013874,14.465439,14.762161,18.564991,18.916931,20.50516,24.185436,24.35253,21.81512,19.001268,14.07933,14.542616,10.600467,11.2338295,9.547385,10.109962,12.399434,13.625971,17.175787,16.225159,14.911267,16.163942,13.924266,17.483923,18.644947,20.913944,23.24097,23.651466,21.12377,23.35602,23.777918,19.46326,18.512215,14.410105,15.988792,12.141067,16.969007,14.176806,17.837702,17.104973,13.286049,12.97561,8.501098,8.540749,6.0743103,3.8634858,6.454038,7.2653146,11.253574,13.642263,17.399664,18.685175,17.09216,20.507906,18.17808,14.258468,14.247905,9.094437,12.916675,7.8133845,11.976577,12.467788,15.990834,16.230173,16.341644,17.131058,14.762015,11.319119,16.227394,16.067623,14.466412,19.124199,18.092451,12.05995,13.120813,17.605822,20.350388,18.513689,15.629217,16.54203,11.751783,15.199697,13.626032,17.966131
18,21.689137,19.629429,15.960351,15.79907,11.440601,8.72638,7.4153047,4.3033133,7.098682,6.96195,12.465194,12.651868,15.457106,16.318876,12.419703,9.884619,4.969301,5.329343,0.0,5.845795,6.0444145,10.296432,12.181003,15.518214,13.179318,19.285683,16.511614,17.980904,14.083923,18.119846,13.63408,19.448158,20.026033,23.813433,24.09403,25.526798,29.234428,29.100332,26.382662,23.589275,18.834517,18.309752,15.017954,13.960323,11.896104,10.616878,12.113052,11.488674,16.215431,16.129427,15.654997,17.763975,16.82677,20.681612,22.878141,24.931622,27.659224,28.333328,25.96585,28.45572,28.9941,24.761549,23.594137,19.358332,20.193039,15.904222,19.964996,16.280437,19.208727,17.64747,13.916743,11.87544,8.898998,6.075748,4.99295,7.515843,8.944725,11.499223,14.638024,17.555698,21.1239,22.7343,20.478525,24.14288,22.629175,18.451965,19.022667,13.986563,17.917255,12.629375,16.392754,15.711379,19.094088,18.373123,18.837801,19.59521,17.991377,15.084485,19.791042,20.179066,17.74883,22.905382,20.821272,15.058501,14.807351,19.28814,21.368406,19.324514,17.056509,16.420124,13.257668,15.944375,14.388988,18.977152
19,16.916826,14.610315,11.09176,11.142029,6.517001,5.767534,4.6222105,6.998749,9.980764,11.99824,17.209272,18.142223,20.575142,20.938438,17.211424,13.851751,10.188367,7.5235076,5.845795,0.0,5.8331914,5.1009316,7.6029196,9.948989,7.5986004,13.750984,11.419124,13.690011,10.483472,15.152069,12.28635,17.959248,20.47608,24.209938,25.338928,27.17522,30.926214,31.460958,28.816582,25.5212,20.689602,20.467808,16.16256,16.073545,12.359676,11.799583,11.43209,10.835176,14.531654,15.997781,14.831178,18.126675,16.555696,20.156046,23.20013,23.92809,27.761772,27.459986,24.895859,27.360886,29.108871,24.684805,22.509542,19.159811,18.215572,14.112441,17.03237,13.397999,15.039557,13.961869,10.97568,8.426257,6.311295,5.7913857,7.2112064,8.949346,12.3480215,14.437055,18.242249,21.061047,24.741484,26.153141,24.56419,27.92631,25.489359,21.386536,20.876144,15.707923,18.04274,11.856898,14.184868,11.908949,14.843188,13.401631,14.410632,15.714084,15.1321745,13.292304,18.197556,20.692303,19.20796,24.135012,23.111021,17.150814,18.365213,22.134333,24.149805,21.12161,18.584238,16.810764,13.01038,14.176761,11.193865,15.413419
20,16.68504,15.373689,11.28667,12.292766,9.015294,5.311135,8.056269,5.8400197,10.316518,11.443432,16.999153,17.588528,20.498657,21.910152,18.083334,15.421635,10.802092,10.344066,6.0444145,5.8331914,0.0,6.9468174,9.328246,12.969265,12.647259,18.321127,16.83943,19.41868,16.205523,20.655132,17.424282,22.76297,24.766043,27.850815,29.115257,30.154001,34.25665,34.47536,32.054794,29.260048,24.38901,24.133234,20.417189,19.638647,16.772142,15.2956,15.339846,13.372402,18.120316,19.620102,19.216526,22.330616,21.457766,25.24447,28.023174,29.330217,32.717796,32.775345,30.183916,32.451042,33.704823,29.166862,27.549374,24.03335,23.82466,19.670422,22.819693,19.018118,20.522038,19.032118,16.101545,12.676041,11.514137,8.600575,9.89493,12.812005,14.932205,17.272139,20.629446,23.311459,26.968964,28.349459,25.757307,29.128359,27.649586,23.047766,23.298801,18.319681,21.36063,15.853951,18.760138,16.93146,20.127195,18.205402,18.596037,19.032902,18.490059,16.607397,20.744522,22.628056,20.013025,25.366068,23.043713,17.655487,17.52671,21.040033,22.338762,19.374197,17.62744,14.786113,13.213202,14.169587,12.511271,16.779947
21,12.075075,10.350677,6.2186112,8.181065,5.0062194,5.657389,7.736164,10.5737505,14.06551,16.457949,21.777304,22.824524,25.367432,25.953106,22.21266,18.830696,15.043084,12.507697,10.296432,5.1009316,6.9468174,0.0,4.484129,6.250692,6.859516,11.760493,11.286499,14.626942,12.679438,17.387966,15.987133,21.012691,24.626598,27.944317,29.690891,31.423573,35.314453,36.133747,33.62098,30.232418,25.427372,25.256697,20.780066,20.773504,16.611969,15.8926935,14.37198,12.86802,15.970438,18.804846,17.70805,21.726454,20.315966,23.67218,27.267279,27.209747,31.645197,30.810698,28.180769,30.508682,32.94589,28.437529,25.789612,23.124878,21.125088,17.38689,19.082695,15.580582,15.52675,14.6347,12.867698,9.377153,9.643069,9.307808,11.827281,13.900437,17.392418,19.475033,23.33027,26.092257,29.797466,31.115526,29.46112,32.672184,30.144285,25.892551,25.09519,20.058453,21.608139,15.495395,16.7537,13.336526,15.573119,12.951064,14.232017,15.545196,16.23891,15.589876,19.884865,23.725838,22.380106,27.246809,26.320004,20.653599,22.059145,25.201826,26.756819,23.109362,20.884165,17.680946,14.866491,14.3379135,10.846473,14.236872
22,13.376785,12.723233,8.177531,11.926885,9.246345,9.921429,11.447191,13.724797,17.394445,18.995428,24.454542,24.751404,27.545605,27.913864,24.07118,21.121822,16.788446,14.911991,12.181003,7.6029196,9.328246,4.484129,0.0,4.914902,7.8091087,10.8773,12.013802,15.370268,14.237448,19.221666,17.939718,23.526737,26.797937,30.915348,31.983152,34.323315,37.818924,38.420383,35.444313,31.718271,27.149124,26.10304,22.01717,21.14039,16.707531,15.359783,12.835453,10.502571,13.096943,16.810637,16.152794,20.667486,20.128199,23.3973,27.883886,27.46746,32.29143,31.756517,29.48956,32.31936,34.849796,30.686445,27.724016,24.6964,22.09673,18.185179,19.028772,15.079027,14.410075,12.697069,11.541217,7.231248,9.702046,8.9816475,12.357428,15.385268,18.53252,21.31814,24.791122,28.059677,31.569191,33.260784,31.905352,35.410698,32.904324,28.952194,28.287258,23.146107,24.933136,18.601635,19.74381,16.016249,17.544506,15.120075,17.253248,19.152905,20.030186,19.371445,23.937256,27.660387,26.388779,31.257051,30.312502,24.495232,25.59758,29.11615,30.732405,27.2922,25.094833,21.964115,19.213028,18.818033,15.234094,18.354576
23,11.586436,10.384743,7.390912,10.491573,8.901515,11.57368,12.468749,16.481388,19.524391,21.942656,27.102276,27.98627,30.425755,30.450626,26.797844,23.378948,19.894234,16.94581,15.518214,9.948989,12.969265,6.250692,4.914902,0.0,5.7474,6.6604667,9.043783,12.819469,12.913357,17.425083,17.675438,22.36997,26.725666,30.516958,32.144157,34.62046,38.058983,39.138187,36.369606,32.49902,28.030296,27.471195,22.925936,22.988491,18.174501,17.748085,14.888655,13.665643,14.691973,18.70707,17.364014,21.987112,20.698092,23.456734,27.969477,26.672096,31.970385,30.645853,28.283592,30.864065,34.156803,30.01059,26.537678,24.430342,20.83401,17.641754,17.431667,14.298051,12.224431,11.665544,11.758519,8.732467,11.142118,12.391734,15.399999,17.198074,20.973358,23.128685,26.90218,29.872438,33.407597,34.85106,33.943054,37.16024,34.063663,30.290413,28.977434,24.067493,24.769945,18.609428,18.55437,14.108671,14.71715,11.851317,14.447208,16.765787,18.430332,18.677402,22.89073,27.673023,27.162035,31.585772,31.481133,25.741488,27.713633,30.825644,32.53845,28.735483,26.330042,23.162653,19.902136,18.759949,14.605773,16.738106
24,15.15459,12.381557,10.365495,10.319135,7.116543,10.423028,8.852634,14.084864,16.030712,18.801174,23.400364,24.704472,26.6777,26.253214,22.878391,19.16034,16.735752,12.8852005,13.179318,7.5986004,12.647259,6.859516,7.8091087,5.7474,0.0,6.4273453,4.4829745,7.933321,7.205329,11.823261,12.031122,16.66756,21.055489,24.901794,26.505463,29.104332,32.43175,33.645863,30.999998,27.161818,22.714743,22.655886,17.801039,18.750334,14.000051,14.611283,12.555269,12.984829,13.921847,16.640839,14.56833,18.574533,16.278057,18.973799,22.83041,21.721548,26.764845,25.298664,22.771343,25.254108,28.447733,24.263994,20.841465,18.823053,15.443315,12.324035,12.852133,10.079493,9.303992,9.645336,8.750407,7.5743546,7.5174003,10.584812,12.544585,12.805246,16.989855,18.457653,22.400698,25.057644,28.568188,29.826647,29.316145,32.354847,28.89191,25.412857,23.797274,19.042084,19.421625,13.298819,13.0620985,8.767732,9.767067,7.75817,10.4616585,13.193003,14.059708,13.888928,18.525068,22.942148,22.938404,27.034554,27.513487,21.664381,24.194588,27.425749,29.596422,26.074255,23.242226,21.29188,16.756874,16.513113,12.22813,14.803591
25,15.941886,13.907901,12.931842,13.93651,12.478448,16.211472,15.217942,20.448208,22.43466,25.13164,29.66445,30.796818,32.743748,32.00215,28.732096,25.134596,22.77998,19.047487,19.285683,13.750984,18.321127,11.760493,10.8773,6.6604667,6.4273453,0.0,5.5783234,8.591958,10.954452,14.312696,16.407045,20.091316,25.041327,29.040554,30.58203,33.71934,36.58389,38.04383,35.25991,31.099308,27.13414,26.725483,22.08669,22.981453,18.006004,18.69301,15.589931,16.027742,14.94954,18.668283,16.549969,20.889868,18.914522,20.730345,25.372856,22.8768,28.708412,26.672203,24.531607,27.12456,31.191666,27.51903,23.38218,22.186653,17.248182,15.197565,13.174356,11.442674,7.5825157,8.892803,10.733928,10.378358,12.333826,15.60055,17.957832,18.33242,22.371384,23.906286,27.6056,30.35496,33.63577,34.962376,35.014835,37.99281,34.162262,31.105352,29.129173,24.676615,24.298546,18.63008,17.197124,12.4817095,11.25162,9.248925,12.915945,16.203245,18.087276,18.883165,22.944502,28.13308,28.721077,32.394573,33.44202,27.723051,30.529957,33.60074,35.742428,32.026085,29.210438,26.9523,22.581944,21.606401,17.142414,18.453964
26,17.915926,14.772265,13.96615,12.940348,10.44707,14.199071,11.6312,17.380196,18.436762,21.398844,25.371964,26.927923,28.464193,27.495611,24.49883,20.682026,19.283987,14.964267,16.511614,11.419124,16.83943,11.286499,12.013802,9.043783,4.4829745,5.5783234,0.0,3.9132164,5.549632,8.924776,11.0658655,14.563455,19.611666,23.46657,25.141638,28.16467,31.09337,32.658215,30.099632,26.106512,22.053768,22.303007,17.346483,19.156624,14.461115,16.034246,14.008658,15.559233,15.155781,17.465214,14.822257,18.3975,15.37592,17.286627,20.99134,18.99418,24.386173,22.250273,19.767454,22.163645,26.004244,22.108538,18.147392,17.018768,12.540472,10.523336,9.747846,8.475432,6.851246,8.954049,9.135825,10.067127,9.614347,13.814076,15.176539,14.204835,18.46143,19.267788,23.1222,25.471071,28.769327,29.855963,30.061932,32.828705,28.805803,25.89841,23.724771,19.466906,18.824535,13.332805,11.730668,7.214031,6.411964,5.480526,9.086282,12.571435,13.565089,13.928079,18.257492,22.992945,23.895905,27.307602,28.708265,23.031837,26.202724,29.260197,31.68949,28.2488,25.183144,23.89449,18.72876,18.519035,14.215026,15.958959
27,21.704166,18.358168,17.75102,16.151037,13.441395,16.91256,13.377273,19.023144,19.273912,22.075953,25.39498,26.997562,28.135447,26.657566,24.049522,20.336697,19.851633,15.41743,17.980904,13.690011,19.41868,14.626942,15.370268,12.819469,7.933321,8.591958,3.9132164,0.0,4.5109816,6.048549,9.282488,12.057944,16.985182,21.163927,22.469774,25.960682,28.425184,30.104713,27.519854,23.42446,19.774311,20.185295,15.335825,17.793459,13.466087,15.849691,14.299061,16.850758,15.803783,17.166088,14.1443205,16.922865,13.25295,14.516917,17.843235,15.419013,20.87735,18.461494,16.058977,18.586164,22.622232,19.060688,14.810965,14.057117,8.9302635,7.868301,6.448832,6.8572845,6.251249,9.221427,9.405452,11.920683,10.610115,15.366023,16.001453,13.993666,18.031155,18.284021,21.88074,23.981472,27.011251,28.016733,28.859924,31.457558,27.086998,24.793251,22.349579,18.553791,17.449724,12.647368,10.472032,6.9771986,5.129504,6.791348,9.956417,13.520242,13.825744,13.930095,18.176785,22.352337,23.838673,26.711187,28.692234,23.151056,26.596159,29.715528,32.442924,29.348894,26.093077,25.695562,19.99671,20.382874,16.376667,18.032799
28,21.455454,17.929838,16.783194,14.693696,11.138641,13.857506,9.576693,14.960646,14.861946,17.655962,20.902048,22.637562,23.758585,22.46962,19.784567,15.938008,15.635175,11.0270405,14.083923,10.483472,16.205523,12.679438,14.237448,12.913357,7.205329,10.954452,5.549632,4.5109816,0.0,5.0849323,5.51647,9.906442,14.222951,18.461422,19.751282,22.838015,25.739912,27.170925,24.635843,20.767683,16.586761,17.307997,12.140705,14.769066,10.685761,13.154319,12.60287,15.1676655,15.455621,16.072454,13.209421,15.62365,11.743308,13.896806,16.486729,15.541501,20.149643,18.424435,15.708989,18.158033,21.253649,17.170694,13.672329,11.850809,8.6702385,6.081126,8.126338,7.1073136,9.022822,10.589518,8.88957,10.899415,7.9292536,12.478615,12.469604,9.899352,14.102765,14.1744995,18.042507,20.09812,23.364838,24.349186,24.746006,27.449419,23.341444,20.676842,18.517838,14.351603,13.975768,8.516135,7.57545,4.868618,6.0528874,7.4897423,9.453986,12.347329,11.588226,10.591406,15.485179,18.836718,19.855648,23.09521,24.620869,18.916811,22.16825,25.478613,28.273018,25.403929,22.120674,22.130781,16.271765,17.41215,13.77082,16.290045
29,25.001133,21.107847,20.876413,17.816025,14.966623,17.807652,13.229931,18.499702,17.324795,20.318897,22.460838,24.713482,25.12355,23.35294,21.388456,17.570494,18.774403,14.064354,18.119846,15.152069,20.655132,17.387966,19.221666,17.425083,11.823261,14.312696,8.924776,6.048549,5.0849323,0.0,5.78943,6.03496,11.626131,15.185898,16.977694,20.19784,22.746498,24.753996,22.721378,19.059597,15.475667,17.324337,12.306863,16.403055,13.340339,16.614288,16.632586,19.771265,19.519468,19.436043,16.331623,17.638363,12.922549,13.888761,14.878152,13.42881,17.620008,14.834624,11.754263,13.542718,17.321196,13.329311,9.342917,9.482886,5.98932,6.5284896,8.131866,9.77684,11.62775,14.113114,12.994828,15.7654915,12.664142,17.187239,16.562895,12.854228,16.55027,15.345343,18.909243,20.05761,22.979652,23.448347,24.595318,26.67292,21.951014,20.064363,17.159544,14.170602,12.104779,8.785989,5.779561,5.4887586,5.0771303,8.666155,9.629995,12.261223,11.002634,10.459854,14.299699,17.484165,19.67851,21.786312,24.475683,19.406431,23.361412,26.159796,29.16252,26.535435,23.122364,24.06234,17.843842,19.106869,15.970394,17.61187
30,25.720592,22.063675,20.736027,18.075138,14.178472,15.644069,10.501882,14.422802,12.831233,15.105201,17.121998,19.03739,19.535866,17.78577,15.652082,11.944635,13.378762,9.013874,13.63408,12.28635,17.424282,15.987133,17.939718,17.675438,12.031122,16.407045,11.0658655,9.282488,5.51647,5.78943,0.0,6.8079123,9.0599575,13.933395,14.51363,17.702105,20.52842,21.746946,19.238384,15.579985,11.212591,12.759102,7.429811,11.404912,8.937378,12.223612,13.46991,16.67363,17.53162,16.463175,13.74509,14.470222,9.980279,12.138983,12.790674,13.507481,16.668528,15.639568,12.803955,15.163261,17.00617,12.773083,10.310831,7.260072,7.3444414,4.9040203,9.860842,9.452736,13.256369,14.273451,11.603772,14.016727,9.700476,13.471402,11.907673,7.46278,10.881674,9.618625,13.350576,14.881341,18.068342,18.898577,19.6016,22.203178,17.979752,15.742559,13.651957,9.792132,9.969461,5.4495945,6.2842126,7.565883,9.678509,11.989582,12.585802,14.479801,12.146497,9.658248,14.48838,15.654023,16.782587,19.640722,21.283937,15.782655,18.97998,22.5148,25.684162,23.613258,20.221079,21.743933,15.567004,18.08405,15.496746,18.419695
31,28.821545,24.6861,24.646925,20.703777,17.931568,19.895365,14.970993,19.14815,16.597952,19.508797,20.156132,23.051682,22.617577,20.644493,19.54366,15.905008,18.859226,14.465439,19.448158,17.959248,22.76297,21.012691,23.526737,22.36997,16.66756,20.091316,14.563455,12.057944,9.906442,6.03496,6.8079123,0.0,7.1715565,9.177244,11.906728,14.443705,17.263714,19.657532,18.471262,15.658994,12.317758,15.950511,11.423998,16.699686,15.287233,18.839094,20.121336,23.419653,23.871674,22.768202,19.864275,19.955866,14.984748,15.706712,14.066127,14.245101,16.28513,13.578136,10.04315,10.329362,13.027263,8.277762,5.815905,7.322651,8.237774,9.614424,12.878539,14.577735,17.400423,19.494116,17.654184,20.286285,16.27916,20.098083,18.49058,13.760643,16.551376,13.820493,17.008993,16.843704,19.52969,19.2599,20.640944,21.999323,16.965376,15.62582,12.190952,10.689525,7.256193,7.460643,4.989029,8.89652,9.924228,13.187961,12.458632,13.588004,10.780467,9.307852,11.922519,13.086272,16.069887,17.094563,20.54444,16.32527,20.63726,22.950615,26.178787,24.22626,20.803352,23.228199,16.935688,19.123138,17.222069,18.800179
32,34.109802,30.203184,29.290169,25.875658,22.344772,23.189518,18.030294,20.355879,17.073019,18.428453,17.534407,19.792034,18.621805,15.782128,15.757689,13.369981,17.683416,14.762161,20.026033,20.47608,24.766043,24.626598,26.797937,26.725666,21.055489,25.041327,19.611666,16.985182,14.222951,11.626131,9.0599575,7.1715565,0.0,7.1829476,5.5422106,9.82045,11.619575,13.161004,11.354426,8.628263,5.806466,10.537291,7.8585496,13.341205,14.212966,17.79805,20.337234,24.032015,24.694153,22.088799,19.65169,18.054092,13.548794,13.956366,9.906468,12.762817,12.189549,11.688695,9.10838,10.032753,9.069497,5.030563,6.390238,4.319558,10.2199545,11.097759,15.466784,16.710297,20.90885,22.11117,19.560001,22.509584,18.036428,21.05539,18.450027,13.345214,14.199408,10.5395,12.122377,11.105099,13.019999,12.752432,15.271186,16.664778,11.560195,11.9178095,9.35167,9.273222,8.387448,10.2448225,10.915936,14.875561,16.370008,19.526426,19.1058,20.053251,16.707682,13.960973,16.6226,14.387536,16.656637,17.288582,20.125408,16.409113,19.621729,22.546188,26.101835,25.408815,22.149857,25.821321,19.841719,23.271982,22.005615,24.414104
33,35.921402,31.737782,31.717999,27.24925,24.61597,25.401838,20.683527,22.876198,18.957228,21.042946,19.149174,22.588846,20.755768,18.613276,19.237986,16.730461,21.643797,18.564991,23.813433,24.209938,27.850815,27.944317,30.915348,30.516958,24.901794,29.040554,23.46657,21.163927,18.461422,15.185898,13.933395,9.177244,7.1829476,0.0,6.6813917,5.9660735,9.527385,12.63469,13.638404,13.313141,11.537325,17.025373,14.597683,19.92985,20.693733,24.056433,26.575495,29.86556,31.015747,28.83761,26.362623,25.135614,20.572319,20.99377,16.630934,18.938309,17.708212,16.101152,13.308247,11.435139,10.192687,6.108028,9.470019,11.124525,15.722099,17.114933,21.11453,22.640574,26.192627,27.85336,25.419872,27.850794,23.277014,26.069277,23.528618,18.462427,19.504538,15.334388,17.015518,14.523762,16.166546,14.380801,16.164053,15.796737,10.570635,11.160636,7.455014,10.424639,6.869976,12.471339,12.369984,17.19227,18.840925,21.716476,20.046518,19.799522,16.104057,13.943631,14.116018,10.47463,14.088583,12.545884,16.944246,15.148712,19.103897,20.398464,23.762306,23.340311,20.34526,24.864662,19.411818,22.63562,22.454063,23.952955
34,39.173496,35.22226,34.371887,30.729862,27.307198,27.748802,22.732195,24.207136,20.410334,21.17057,18.813215,21.045895,18.980349,15.846773,17.150944,15.8454,20.986887,18.916931,24.09403,25.338928,29.115257,29.690891,31.983152,32.144157,26.505463,30.58203,25.141638,22.469774,19.751282,16.977694,14.51363,11.906728,5.5422106,6.6813917,0.0,5.9477334,6.1522074,7.8411303,7.3031816,6.9200106,7.021657,12.2374935,11.781479,16.53227,18.632917,21.97145,24.98566,28.673267,29.468296,26.310484,24.157976,21.779003,17.79235,17.714321,12.160195,15.893019,12.990233,13.32909,11.672464,11.278354,7.2915096,5.617252,9.842305,9.13813,15.189186,16.413187,20.57094,21.967686,26.288,27.395987,24.764095,27.696068,23.139807,25.702606,22.74784,17.753149,17.563913,13.467236,13.555419,10.912854,11.372857,10.008003,13.644422,13.848982,8.709135,11.421783,9.43798,11.86905,11.148004,14.873095,15.769595,20.111038,21.614683,24.796272,24.013226,24.505941,20.892328,18.111874,19.717709,15.698478,18.062454,17.370855,20.435192,18.152765,20.882584,23.289177,26.850613,27.064005,24.10451,28.710728,23.198835,26.974932,26.378521,28.650663
