,0,1,2,3,4,5,6,7,8,9,10,11,12,13,14,15,16,17,18,19,20,21,22,23,24,25,26,27,28,29,30,31,32,33,34,35,36,37,38,39,40,41,42,43,44,45,46,47,48,49,50,51,52,53,54,55,56,57,58,59,60,61,62,63,64,65,66,67,68,69,70,71,72,73,74,75,76,77,78,79,80,81,82,83,84,85,86,87,88,89,90,91,92,93,94,95,96,97,98,99,100,101,102,103,104,105,106,107,108,109,110,111,112,113,114
0,0.0,4.34594,5.8715725,8.611776,12.174677,13.54677,17.382963,19.739946,22.843422,25.968437,30.726484,32.585075,34.918434,36.281742,32.726986,29.219099,25.974255,23.517326,21.460993,17.132498,16.332087,12.352474,14.711328,12.392663,16.029669,16.176865,17.77945,21.460806,20.902308,24.253794,25.246552,28.07764,33.58934,34.983402,38.61546,40.341324,44.236504,45.81557,43.599033,40.262653,35.827408,37.035965,31.839355,33.710804,29.14977,29.879095,27.742508,27.080069,27.953007,31.741606,29.931433,34.19233,31.817547,34.471397,37.023563,36.61919,41.420174,39.121227,36.013676,36.91242,40.540188,35.64376,32.47623,30.3983,28.853275,26.634418,26.694944,24.432436,22.844685,23.666786,23.625557,21.44194,22.14104,22.977938,25.402857,26.414148,30.404108,31.91564,36.29883,38.955086,42.896683,43.830536,43.85761,46.441936,43.526043,39.375072,36.32358,32.513218,31.151043,26.523636,25.180447,20.691055,21.17224,16.11441,22.50416,18.455923,18.422407,20.840364,18.799784,22.330257,19.073778,21.420925,25.281898,25.701862,29.33895,31.010098,35.41757,38.665497,38.627995,35.424137,39.159588,33.365273,35.412663,33.200848,33.74302
1,4.34594,0.0,5.0859833,4.807168,8.901074,11.038086,14.076724,17.32473,19.887,23.444765,27.933287,30.158989,32.20607,33.31593,29.908602,26.141392,23.48164,20.447643,19.219181,14.630844,14.8223,10.383632,13.390169,10.836529,13.212298,14.031087,14.492202,17.91819,17.118368,20.176712,21.318653,23.833042,29.471676,30.715057,34.463512,36.181602,40.049847,41.730442,39.641415,36.32509,31.95886,33.459347,28.196209,30.509802,26.09081,27.250801,25.444366,25.375711,26.203138,29.491133,27.396765,31.35296,28.551958,31.087154,33.222,32.914684,37.536186,35.116394,31.933964,32.68081,36.300045,31.380648,28.266474,26.415571,25.021347,23.009157,23.366148,21.419983,20.296627,21.434036,21.048798,19.463465,19.430742,20.87325,22.89632,23.22618,27.369328,28.471786,32.928436,35.350853,39.27633,40.059326,40.247105,42.69709,39.586784,35.4037,32.32984,28.638548,27.01611,22.54711,20.94667,16.479336,16.916517,12.027541,18.64914,14.886712,14.426835,16.825588,14.727794,18.11114,14.937782,17.312204,21.216187,21.88839,25.508263,27.365011,31.799837,35.04572,35.176483,31.978313,35.854286,29.975819,32.342243,30.096756,31.070492
2,5.8715725,5.0859833,0.0,5.9851546,7.372045,9.063631,12.536029,15.145311,18.512257,21.37541,26.449717,27.931574,30.383205,31.469748,27.78406,24.326569,20.783428,18.34799,16.173515,11.507385,11.430579,6.5449553,8.973621,7.5162697,10.863598,12.599299,13.727785,17.450539,16.42535,20.469376,20.666607,24.421335,29.345243,31.63317,34.50313,36.692493,40.32008,41.53831,38.944565,35.528423,31.026718,31.799881,26.716637,28.166101,23.570408,24.094662,21.998013,21.290897,22.451982,26.10666,24.402834,28.684153,26.555998,29.461279,32.27316,32.194298,36.915268,35.161526,32.15791,33.543343,36.731827,31.93465,28.789951,25.89921,24.585196,21.804996,22.232763,19.375854,18.305614,18.61034,18.168283,15.719175,16.419516,17.132685,19.659626,20.963886,24.878422,26.729702,31.00598,33.947803,37.841286,39.021294,39.1624,42.01385,39.212505,35.21225,32.461746,28.213118,27.570206,22.268766,21.606766,17.053324,17.987696,13.804397,20.079386,17.22573,17.611336,20.266804,18.22247,20.886751,17.324848,18.545198,22.671036,22.027527,26.309416,27.036467,31.7522,34.999115,34.470173,31.139585,34.32249,28.39392,30.096819,27.697094,28.045742
3,8.611776,4.807168,5.9851546,0.0,4.768741,6.943949,9.473929,13.016176,15.217158,18.96779,23.30153,25.688469,27.5831,28.605206,25.277653,21.4352,19.121084,15.889016,15.145512,10.851819,11.500739,7.7926354,11.685485,10.360168,10.853601,13.820207,12.620038,15.604027,13.759811,16.937008,17.239655,20.084442,25.245401,26.573477,30.138624,31.777016,35.706486,37.276897,35.19988,32.07381,27.569359,29.291636,23.991327,26.513823,22.380114,23.701998,22.481539,22.700409,24.06707,26.735497,24.574955,28.182438,25.163858,27.874184,29.54989,29.849358,34.030342,31.925724,28.659286,29.406584,32.514893,27.509848,24.739212,22.496681,21.876616,19.574272,20.884493,18.743237,18.708889,19.603168,18.383644,16.982662,15.970127,17.449814,18.976845,18.928652,23.022942,23.913313,28.39244,30.711777,34.6711,35.422405,35.478226,37.94165,34.940113,30.772078,27.720804,23.947039,22.58028,17.979053,16.770437,12.400209,13.648719,10.152959,16.971642,14.430475,13.223311,15.306488,12.785824,15.162432,11.402139,13.010556,17.031256,17.187653,21.026121,22.596087,27.09697,30.348965,30.387371,27.176105,31.079763,25.253225,27.760082,25.710398,26.907211
4,12.174677,8.901074,7.372045,4.768741,0.0,4.4284644,5.402996,9.780992,12.156685,15.602806,20.267193,22.223215,24.23465,24.930862,21.449482,17.62544,15.021787,11.648584,11.01795,6.22393,8.475632,4.475111,8.410599,8.576944,7.438249,12.426541,10.437447,13.168626,10.594603,14.60691,13.79,17.82433,22.222473,24.607496,27.268627,29.436113,33.053223,34.221912,31.718546,28.49293,23.889498,25.130749,19.915733,22.003204,17.834702,18.990545,17.934055,18.220139,19.920015,22.297398,20.238987,23.800623,21.016653,24.015303,25.955576,26.63077,30.709631,29.20989,26.081411,27.371328,29.978664,25.1135,22.390297,19.177038,18.887531,15.908795,17.756311,14.97746,15.723451,16.038074,14.225046,12.722177,11.302882,12.780445,14.249295,14.398847,18.480705,19.746838,24.150526,26.809044,30.736689,31.76767,31.950853,34.718575,31.842958,27.843842,25.14751,20.84776,20.375324,14.9242,14.657949,10.326878,12.224304,10.306358,16.320446,15.230527,14.67195,16.837437,14.616566,15.832512,12.083178,12.005511,16.175367,14.925683,19.52281,19.905334,24.753899,27.986824,27.461319,24.104424,27.377008,21.35644,23.497686,21.217604,22.248695
5,13.54677,11.038086,9.063631,6.943949,4.4284644,0.0,5.304715,6.3150873,9.519162,12.520594,17.414091,19.197054,21.46552,22.755108,19.189749,15.7879505,12.667568,10.498224,8.578799,6.0439644,5.083505,5.789485,9.898242,11.808208,10.996524,16.511082,14.588316,17.01362,13.790377,17.689592,15.651254,19.993935,23.393822,25.487093,28.022762,29.635069,33.551464,34.532177,32.125893,29.399122,24.536669,25.930513,20.868248,22.680353,18.986591,19.638588,19.154434,18.802605,21.581524,23.74419,22.075745,25.449303,22.970982,26.289326,27.875664,29.301186,32.81844,31.784523,28.635427,29.802877,31.70304,26.78217,24.707,21.04552,21.790545,18.432684,21.09075,17.890535,19.25975,18.937883,16.563438,14.311702,12.557757,12.490476,13.671535,14.492646,17.981201,19.45083,23.716433,26.395058,30.40484,31.48175,30.948244,33.79894,31.515558,27.584738,24.828604,20.54553,20.705185,15.45095,16.133085,12.516239,15.315872,14.309345,20.295393,19.385706,18.124641,19.776396,17.033068,17.694855,13.292011,12.625329,16.356136,14.232596,18.669107,18.639439,23.253384,26.463251,25.719053,22.441591,25.84403,20.315401,22.274235,20.72876,21.4163
6,17.382963,14.076724,12.536029,9.473929,5.402996,5.304715,0.0,6.2609863,7.415218,10.959094,15.314851,17.388577,19.145996,19.612682,16.230947,12.276821,10.348685,6.4489083,7.3650446,4.6933265,7.945916,7.651295,10.671186,12.447294,9.234427,15.583835,12.151002,13.530568,9.566677,13.263128,10.4581585,15.197049,18.214466,20.923397,22.98132,25.072742,28.676914,29.57347,27.025341,24.145838,19.328968,20.821737,15.670072,17.952578,14.48835,15.812046,15.955549,16.681013,19.195055,20.399178,18.406506,21.19455,18.251139,21.475796,22.653423,24.346703,27.595575,26.727125,23.62286,24.94924,26.592289,21.779564,19.77249,15.803851,17.00658,13.604766,17.004526,14.101082,16.529135,16.342272,13.34349,12.340644,9.09809,10.329257,10.479666,9.837122,13.704075,14.673754,19.086926,21.65667,25.6362,26.681097,26.63699,29.495169,26.864988,22.967815,20.44103,15.896983,16.272242,10.491609,11.601133,8.378125,11.594547,12.499393,17.269865,17.759039,16.617165,18.097857,15.8483925,15.434397,11.715113,9.64146,13.335101,10.523476,15.553218,14.913462,19.890932,23.075134,22.23665,18.838228,21.975058,16.002123,18.291641,16.363272,17.746443
7,19.739946,17.32473,15.145311,13.016176,9.780992,6.3150873,6.2609863,0.0,4.4958878,6.256607,11.472613,12.890111,15.296237,16.818829,13.204646,10.332651,7.0207543,6.6162386,4.3392096,7.0902486,5.479963,10.376811,13.1984625,16.516787,14.396959,20.876163,18.115364,19.573975,15.515023,19.050095,15.185041,20.028645,21.470234,23.838543,25.44236,26.759962,30.6237,31.111492,28.643452,26.553915,21.554707,22.957655,18.405869,19.820305,17.197805,17.45828,18.258783,17.843245,21.740059,22.795126,21.530174,24.100069,21.933851,25.506193,26.426317,28.987967,31.510378,31.37404,28.386997,29.640337,30.301704,25.630869,24.489037,20.029547,22.27887,18.51928,22.418308,18.969952,21.676125,20.666021,17.339178,15.187429,12.286841,10.867196,10.620137,11.591096,13.91956,15.452985,19.309223,21.986076,25.956758,27.167582,25.98071,29.036303,27.47737,23.86812,21.452002,17.046015,18.63115,13.569716,15.959616,13.842816,17.484478,18.517313,23.489557,23.814539,22.219177,23.32426,20.57623,19.835848,15.578827,13.177233,15.880741,11.818243,16.228924,14.557934,18.969763,22.004112,20.592552,17.37777,20.389128,15.46347,17.080511,16.4564,16.969954
8,22.843422,19.887,18.512257,15.217158,12.156685,9.519162,7.415218,4.4958878,0.0,4.5984807,8.14802,10.887486,12.384659,13.677253,10.576788,7.2144933,6.7660522,5.651027,6.9915714,9.967481,9.940834,13.824556,16.657705,19.486273,16.379208,22.924355,19.222525,19.865906,15.424285,17.947826,13.560378,17.692703,18.294909,20.082344,21.739632,22.569298,26.608309,27.18524,25.094301,23.454212,18.480398,20.705837,16.297415,18.532257,16.80823,17.702774,19.379963,19.79041,23.522894,23.64984,22.166458,23.904974,21.220188,24.531113,24.364115,27.480148,29.24653,29.1706,26.15018,27.003786,27.105486,22.479006,22.030151,17.851562,21.093578,17.7588,22.372375,19.563206,22.95702,22.251696,18.592117,17.447054,13.571764,12.957655,11.443827,10.636887,12.526633,12.811648,16.653185,18.650862,22.656054,23.517721,22.123426,24.930199,23.3606,19.695911,17.16497,13.041319,14.763055,10.489932,13.403007,12.554463,16.514486,18.90856,23.158674,24.181423,21.988361,22.506138,19.838675,18.110897,14.284952,10.97081,12.740052,7.9447956,12.112077,10.105852,14.486844,17.550222,16.363493,13.155254,16.840122,12.134357,14.631153,14.658621,16.107336
9,25.968437,23.444765,21.37541,18.96779,15.602806,12.520594,10.959094,6.256607,4.5984807,0.0,5.6856337,6.7226243,9.070116,10.900968,7.447564,5.863016,4.3606863,7.0196533,6.8688207,11.95091,11.014667,16.208055,18.330334,22.016869,19.09985,25.833017,22.459572,23.052958,18.6633,21.415579,16.412895,21.008537,20.346882,22.701725,23.271755,24.108875,27.800488,27.770575,25.408146,24.19848,19.340252,20.880003,17.258871,18.353075,17.311266,17.353052,19.499538,19.321724,23.769823,23.56835,22.665583,24.1323,22.23743,25.752317,25.730957,29.34665,30.683779,31.38109,28.645182,29.828121,29.20143,24.992554,24.916319,20.124315,23.730629,20.034204,24.793753,21.54824,25.202078,23.859118,20.006107,18.410896,14.821828,12.854821,10.927815,11.310755,11.664297,12.708679,15.675985,18.006475,21.782274,23.018354,21.023945,24.19764,23.521679,20.420504,18.521666,14.411815,17.467531,13.462158,17.141535,16.669891,20.564978,23.068985,27.062155,28.330194,26.448023,27.048203,24.431671,22.599937,18.867678,15.413301,16.737421,11.409199,14.950339,11.40097,15.081819,17.711798,15.511116,12.539051,15.013476,11.319595,12.565249,13.488237,14.030453
10,30.726484,27.933287,26.449717,23.30153,20.267193,17.414091,15.314851,11.472613,8.14802,5.6856337,0.0,4.81444,4.659354,7.1522384,5.68084,5.990542,8.804958,10.878579,12.393785,17.150276,16.569408,21.499575,23.749144,27.143574,23.732601,30.414194,26.44591,26.410719,21.89256,23.596733,18.38225,21.82902,19.739374,21.063961,21.340605,21.087421,24.879202,24.725935,23.04647,22.920675,18.467028,20.847023,18.053112,19.659916,19.945646,20.375965,23.304874,23.66969,27.990171,26.92013,25.991413,26.499748,24.360512,27.47809,26.165863,30.481838,30.67394,31.650986,29.03572,29.690027,28.07383,24.24817,25.262909,21.00926,25.622349,22.503942,27.75069,25.13103,29.25782,28.123266,24.103756,23.211256,19.152538,17.685019,15.031554,14.099573,13.326837,12.777386,14.757164,15.807091,19.269613,20.002995,17.031506,19.812653,19.895058,17.184958,15.503703,12.573609,16.11697,14.135817,18.076872,18.991,22.897133,26.379135,29.72584,31.50197,29.037798,29.011574,26.470385,23.789694,20.645855,16.798758,16.680803,11.372636,13.084083,8.70741,10.762751,12.895012,10.493149,8.113714,11.237804,9.735446,11.548757,14.133814,15.417492
11,32.585075,30.158989,27.931574,25.688469,22.223215,19.197054,17.388577,12.890111,10.887486,6.7226243,4.81444,0.0,3.6683307,6.430546,4.451607,7.3742003,8.277603,12.178915,12.47489,18.003147,17.08369,22.527317,24.081188,28.122519,24.963816,31.724771,28.212902,28.307768,23.940945,26.19664,20.669514,24.912338,22.360914,24.745234,23.990452,24.359606,27.520689,26.73329,24.46959,24.339039,20.071447,21.266113,19.141277,19.357672,19.923866,19.451977,22.49433,22.243338,27.02844,25.849775,25.503622,25.971838,24.739777,28.073797,27.408495,31.842836,32.04259,33.67916,31.352856,32.568127,30.692947,27.227354,28.071497,23.13004,27.544548,23.979223,29.064262,25.938353,30.082323,28.361876,24.331919,22.98626,19.43793,16.973013,14.336134,14.697673,12.886908,13.5818205,14.659734,16.476837,19.550526,20.924795,17.856228,21.168045,21.936424,19.863361,18.931612,15.665222,19.978054,17.291315,21.579996,22.1467,25.969883,29.209017,32.500816,34.36613,32.456333,32.791058,30.316185,27.893152,24.607262,20.760033,21.095175,15.520227,17.736225,12.805084,14.7033415,16.316898,12.925407,10.958787,11.467143,10.786539,10.493242,13.459379,13.424285
12,34.918434,32.20607,30.383205,27.5831,24.23465,21.46552,19.145996,15.296237,12.384659,9.070116,4.659354,3.6683307,0.0,3.989026,4.6300945,7.8744097,10.860733,13.810121,15.235336,20.394003,19.982817,25.037514,26.758976,30.489727,26.921879,33.636036,29.688448,29.371738,24.95498,26.547138,21.005457,24.503838,21.198832,23.00477,22.034563,21.831964,24.949022,24.104753,22.28629,22.790964,18.855396,20.636518,18.96901,19.704538,20.966537,20.955978,24.374409,24.662725,29.159737,27.47605,26.964169,26.856522,25.310858,28.323837,26.821693,31.592886,31.1192,32.842613,30.59773,31.480917,29.069078,25.87984,27.328045,22.809225,27.737417,24.600677,29.931295,27.282429,31.691034,30.21592,26.110952,25.325401,21.391228,19.53191,16.52984,15.856451,13.755146,13.285857,13.802164,14.638895,17.468807,18.452139,14.855963,17.897934,19.0596,17.280684,16.587906,14.11212,18.577805,17.036879,21.347689,22.668488,26.43187,30.262236,33.08928,35.298023,33.09264,33.082024,30.730904,27.8308,24.979347,20.929596,20.544598,15.149614,16.433706,11.221272,12.050645,13.192011,9.572633,8.18319,8.758265,9.702568,10.005112,13.747433,14.517169
13,36.281742,33.31593,31.469748,28.605206,24.930862,22.755108,19.612682,16.818829,13.677253,10.900968,7.1522384,6.430546,3.989026,0.0,3.9968984,7.3732924,11.455543,13.697085,16.119726,20.825325,21.487658,25.765799,27.121538,30.682907,26.629723,33.19642,29.006516,28.212612,23.9584,25.165953,19.499245,22.839193,18.669127,21.152601,19.189217,19.556902,22.06151,20.835764,18.680283,19.289782,15.673634,17.212091,16.241667,16.818237,18.8422,19.031055,22.843708,23.672361,27.8044,25.484577,24.970352,24.238499,22.74831,25.505634,23.67756,28.69159,27.785618,29.903685,27.925982,29.011301,26.179293,23.436516,25.087965,20.475168,25.625484,22.704332,28.091711,25.760452,30.446037,28.990198,24.864454,24.69445,20.58166,19.22163,15.81595,14.43995,11.660605,10.599476,10.242077,10.864379,13.54361,14.733908,11.467024,14.949347,16.001225,14.607058,14.643124,12.107539,17.219688,15.859133,20.379902,22.173841,25.664885,30.017227,32.05053,34.823135,32.923252,32.931713,30.95012,27.788567,25.445896,21.116035,20.608818,15.146406,16.550179,10.66364,11.579974,12.429879,8.1832,6.7566404,5.0639477,6.846515,6.726766,10.9640255,12.251997
14,32.726986,29.908602,27.78406,25.277653,21.449482,19.189749,16.230947,13.204646,10.576788,7.447564,5.68084,4.451607,4.6300945,3.9968984,0.0,4.3730083,7.476935,10.217752,12.178734,17.050241,17.632883,21.983839,23.262112,26.990686,23.173386,29.829777,25.933165,25.509987,21.22774,23.088003,17.378397,21.549746,18.404867,21.483091,20.065075,21.090136,23.851852,22.922218,20.311193,19.96538,15.736885,16.850426,14.952801,15.301206,16.390135,16.334688,19.8073,20.317377,24.654823,22.869844,22.338757,22.295296,20.866888,24.018862,23.07764,27.66412,27.650404,29.470219,27.292742,28.688166,26.631481,23.396847,24.29824,19.220825,23.857485,20.47114,25.704437,22.925661,27.404966,25.812853,21.69662,21.112398,17.147068,15.46123,12.21658,11.490233,9.156653,9.293835,10.249126,12.228495,15.489086,17.018436,14.634063,18.251663,18.453112,16.382877,15.830565,12.158982,17.01623,14.238513,18.801523,19.836277,23.431038,27.273157,29.76904,32.217846,30.578789,30.92418,28.83327,26.11762,23.358406,19.155312,19.412409,13.645329,16.197668,10.540137,13.018184,14.690774,11.018932,8.547189,8.233046,6.478155,6.292082,9.358587,10.189536
15,29.219099,26.141392,24.326569,21.4352,17.62544,15.7879505,12.276821,10.332651,7.2144933,5.863016,5.990542,7.3742003,7.8744097,7.3732924,4.3730083,0.0,5.7384686,6.413282,9.710699,13.721521,15.087585,18.637495,20.23229,23.4907,19.443766,26.059282,21.928104,21.510286,17.124405,18.968529,13.371843,17.648483,15.471635,18.586924,18.020973,19.400646,22.550167,22.215899,19.610483,18.500296,13.762072,15.472543,12.362538,13.82736,13.9959345,14.6911545,17.793097,18.76906,22.669214,21.2547,20.180174,20.56443,18.386057,21.571835,20.731997,24.903818,25.501862,26.656254,24.175787,25.483486,24.154684,20.396938,20.825659,15.840239,20.26802,16.921495,22.191721,19.580881,23.976803,22.780804,18.687204,18.392944,14.041167,13.239514,10.073155,8.301054,7.540736,7.2228365,10.047396,12.180019,16.025854,17.293251,15.820535,19.188004,18.181505,15.275611,14.001406,9.549747,13.791485,10.16892,14.648541,15.469854,19.098703,22.942104,25.517744,27.883602,26.21165,26.607887,24.571533,21.951685,19.215302,14.995574,15.625697,9.806337,13.244888,8.084008,12.039757,14.450457,11.762024,8.486529,10.1525955,5.4802017,7.537394,8.680786,10.584234
16,25.974255,23.48164,20.783428,19.121084,15.021787,12.667568,10.348685,7.0207543,6.7660522,4.3606863,8.804958,8.277603,10.860733,11.455543,7.476935,5.7384686,0.0,5.0824676,4.7647147,10.012242,10.478306,14.827992,16.008257,20.036146,16.874514,23.61257,20.464333,20.958305,16.81525,20.034054,14.821835,20.269728,19.493416,23.192171,22.906984,24.804535,27.87689,27.510023,24.45787,22.682137,17.879564,18.3391,14.849906,14.973903,13.657143,13.216988,15.36393,15.119302,19.670607,19.359507,18.674826,20.25699,18.878105,22.582556,23.34893,26.788399,28.475986,29.535398,27.038406,28.862406,28.349363,24.392076,23.847427,18.394169,21.563208,17.466858,22.013758,18.399637,22.16347,20.410328,16.493595,14.864411,11.413568,9.007289,6.7660036,8.17944,8.33856,10.720873,13.653967,16.885983,20.58113,22.329065,21.09966,24.694487,23.746094,20.846071,19.461246,14.698907,18.24497,13.228267,17.139095,16.357182,19.92558,22.40271,25.8812,27.507317,26.443455,27.4821,25.24129,23.60541,20.136614,16.582743,18.439194,12.96835,17.273857,13.170131,17.357481,19.906847,17.222841,14.067124,15.1074705,10.528456,10.723238,10.52263,10.424565
17,23.517326,20.447643,18.34799,15.889016,11.648584,10.498224,6.4489083,6.6162386,5.651027,7.0196533,10.878579,12.178915,13.810121,13.697085,10.217752,6.413282,5.0824676,0.0,5.3801665,7.496941,10.29197,12.4572115,14.040503,17.082277,13.1323395,19.827637,16.0411,16.271729,11.953388,15.024013,10.015022,15.519459,15.833112,19.59342,19.984379,22.29828,25.46782,25.625456,22.668173,20.249195,15.294518,16.355019,11.849738,13.389236,11.225051,12.125889,13.888891,14.794393,18.279346,18.057505,16.564468,18.304474,15.877673,19.396158,20.045218,23.000212,25.176544,25.534203,22.797205,24.511461,24.708946,20.418716,19.369268,14.190904,17.039076,13.141971,17.777664,14.626135,18.460318,17.394476,13.489167,12.828125,8.504602,8.432615,6.353802,5.16865,7.8263154,9.158848,13.258976,16.195091,20.137348,21.546503,21.21443,24.498337,22.48311,19.064737,17.272732,12.232491,14.764282,8.9408655,12.425492,11.375114,14.862522,17.641497,20.860256,22.675861,21.643475,22.717394,20.735249,19.091932,15.963338,12.368742,14.681159,9.690431,14.708019,11.580376,16.529766,19.415928,17.556913,14.112105,16.116951,10.194737,11.928044,10.4041195,11.809414
18,21.460993,19.219181,16.173515,15.145512,11.01795,8.578799,7.3650446,4.3392096,6.9915714,6.8688207,12.393785,12.47489,15.235336,16.119726,12.178734,9.710699,4.7647147,5.3801665,0.0,5.8356295,5.9634905,10.251145,11.649815,15.777037,13.365955,20.010117,17.522423,18.81441,14.968013,18.96665,14.645524,20.352114,21.18616,24.801048,25.336662,27.460737,30.731041,30.752472,27.683922,25.312511,20.423464,20.787107,16.598839,16.907852,14.167175,13.7473135,14.537465,13.792867,18.075201,19.015701,18.116238,20.76765,19.292637,23.08503,24.70454,27.28419,29.934698,30.364376,27.679327,29.570045,30.027168,25.71454,24.364483,19.15237,21.185095,16.951553,20.732035,16.768251,19.703604,18.05486,14.554066,12.09168,9.404817,6.9012938,6.728683,9.172699,11.125499,13.776116,17.309303,20.67105,24.475252,26.159758,25.35471,28.820032,27.345608,24.070457,22.245642,17.354761,19.818245,14.099407,17.054832,14.996424,18.34119,19.581024,23.846188,24.701563,23.96062,25.426674,23.092066,22.309984,18.458986,15.699844,18.486605,13.856722,18.6647,15.85082,20.457489,23.316479,21.200737,17.904833,19.606264,14.435784,15.022049,13.794457,13.559518
19,17.132498,14.630844,11.507385,10.851819,6.22393,6.0439644,4.6933265,7.0902486,9.967481,11.95091,17.150276,18.003147,20.394003,20.825325,17.050241,13.721521,10.012242,7.496941,5.8356295,0.0,5.8958254,5.1401324,6.8008094,10.13177,7.7414684,14.285734,12.165154,14.137573,10.9113865,15.561899,12.719154,18.3409,20.957197,24.701124,25.883944,28.567236,31.737566,32.193905,29.08077,25.936535,21.211025,21.498266,16.713697,17.554691,13.513722,13.799122,13.129227,12.909523,15.77248,17.736763,16.221327,19.719278,17.782696,21.345493,23.72923,25.163868,28.860023,28.488571,25.694914,27.701899,29.318527,24.828941,22.486116,17.804352,18.30577,14.264444,16.942717,13.021667,14.98966,13.906665,11.064418,8.666153,6.717137,6.7279024,8.344005,9.916253,13.482713,15.817991,19.85571,23.175436,27.001455,28.548752,28.624762,31.895622,29.545141,25.954018,23.88271,18.957006,20.16771,13.9459,15.505213,12.156961,14.710702,14.705743,19.255379,19.596985,19.578316,21.611572,19.61385,19.713886,16.1059,14.288602,17.973488,14.6987505,19.852121,18.302767,23.318153,26.387066,24.888962,21.447989,23.546745,17.575752,18.731575,16.325602,16.614222
20,16.332087,14.8223,11.430579,11.500739,8.475632,5.083505,7.945916,5.479963,9.940834,11.014667,16.569408,17.08369,19.982817,21.487658,17.632883,15.087585,10.478306,10.29197,5.9634905,5.8958254,0.0,6.912115,9.372583,13.191459,12.783912,18.620594,17.315697,19.69651,16.44815,20.822422,17.824003,23.064764,25.36651,28.262728,29.834875,31.674313,35.33016,35.774303,32.952095,30.370066,25.456,26.058563,21.47114,22.104406,18.59402,18.2303,17.79262,16.412825,20.123526,22.393797,21.383121,24.8648,23.302866,26.98359,29.06842,30.886055,34.240265,33.96988,31.069578,32.722687,34.030457,29.373318,27.502426,22.954594,24.00029,20.018135,22.824507,18.85492,20.4616,19.173073,16.57674,13.285151,12.160215,10.147497,11.717349,14.211148,16.866034,19.31997,23.113714,26.321434,30.21058,31.714392,30.865509,34.114384,32.43706,28.85393,26.531483,21.904413,23.263391,17.662622,19.429333,16.259966,19.23361,18.637812,24.134684,23.635185,22.905678,24.672201,22.030552,22.382591,18.022228,16.6294,20.018785,16.668623,21.259844,19.896065,24.424814,27.467718,25.936842,22.689016,25.167284,20.018078,20.955208,19.618044,19.304295
21,12.352474,10.383632,6.5449553,7.7926354,4.475111,5.789485,7.651295,10.376811,13.824556,16.208055,21.499575,22.527317,25.037514,25.765799,21.983839,18.637495,14.827992,12.4572115,10.251145,5.1401324,6.912115,0.0,4.3681703,6.4197364,6.9668465,11.899252,11.458149,14.593626,12.532903,17.249367,15.989194,20.897285,24.725039,27.980495,29.869032,32.468006,35.787918,36.555233,33.584724,30.212969,25.615894,25.950195,21.044455,22.00466,17.52386,17.803959,16.097918,15.448573,17.37725,20.47822,18.908833,23.010456,21.123611,24.405497,27.268358,27.85664,32.206795,31.218168,28.352999,30.215694,32.6437,28.020197,25.15274,21.214294,20.598671,17.049269,18.412127,14.766362,15.04158,14.482252,12.967805,10.173864,10.25065,10.652203,13.121416,14.775127,18.516226,20.753582,24.867151,28.102259,31.933008,33.37565,33.557274,36.68841,34.110897,30.342764,27.991272,23.299109,23.661045,17.70369,18.148977,13.964346,15.697133,13.563724,19.029152,17.989267,18.419132,20.911257,18.914064,20.225195,16.54165,16.11335,20.201168,18.121435,23.008408,22.477354,27.42889,30.600393,29.487066,26.067957,28.566648,22.5771,23.870657,21.350487,21.5204
22,14.711328,13.390169,8.973621,11.685485,8.410599,9.898242,10.671186,13.1984625,16.657705,18.330334,23.749144,24.081188,26.758976,27.121538,23.262112,20.23229,16.008257,14.040503,11.649815,6.8008094,9.372583,4.3681703,0.0,5.188489,6.566871,10.656248,11.456073,14.575067,13.323054,18.339443,17.109762,22.48063,25.966183,30.132631,31.245634,34.480587,37.307297,37.7462,34.32333,30.6563,26.307117,25.704323,21.218685,21.200676,16.439354,16.107704,13.547936,12.378551,13.83703,17.620674,16.409273,20.953354,19.881035,23.184402,26.980526,27.212574,31.910118,31.298813,28.771313,31.21914,33.64282,29.383678,26.228935,21.869627,20.627377,16.8431,17.41183,13.26446,12.936905,11.624035,10.738479,7.156901,9.210191,9.389355,12.636579,15.107893,18.547438,21.424791,25.171732,28.82432,32.431084,34.207924,34.76095,38.143196,35.585316,32.07742,30.143229,25.18864,26.05881,19.765404,20.49628,16.46287,17.721022,15.631436,20.074678,19.432707,20.923105,23.727753,22.198841,23.48871,20.22082,19.501823,23.551878,21.077036,26.193804,24.984148,30.046608,33.116352,31.577217,28.128132,29.78548,23.74124,24.331875,21.303047,20.885368
23,12.392663,10.836529,7.5162697,10.360168,8.576944,11.808208,12.447294,16.516787,19.486273,22.016869,27.143574,28.122519,30.489727,30.682907,26.990686,23.4907,20.036146,17.082277,15.777037,10.13177,13.191459,6.4197364,5.188489,0.0,5.450982,6.310559,8.618634,12.403197,12.49262,17.024025,17.500507,21.854877,26.530735,30.27126,32.014942,35.33306,38.129272,38.97975,35.78973,31.817856,27.744404,27.47257,22.790987,23.512857,18.549887,19.028429,16.141254,15.939288,15.808341,19.715448,17.950592,22.491188,20.826258,23.54031,27.365839,26.66845,31.908464,30.485758,27.909443,30.138912,33.434624,29.161,25.470892,22.120474,19.769133,16.864017,16.191929,13.087142,11.226058,11.382223,11.799908,9.915144,11.845997,13.67715,16.531069,17.821255,21.761484,23.982174,27.946552,31.251474,34.838917,36.34211,37.342888,40.44112,37.328922,33.637215,31.501404,26.850607,26.730158,20.796812,20.36339,15.922104,16.088737,12.536225,16.911148,15.412224,17.67538,20.852613,19.815662,21.881907,19.231464,19.463322,23.669468,22.39102,27.268099,27.005974,32.084488,35.222626,34.21629,30.765184,32.891308,26.580538,27.748688,24.439093,24.64622
24,16.029669,13.212298,10.863598,10.853601,7.438249,10.996524,9.234427,14.396959,16.379208,19.09985,23.732601,24.963816,26.921879,26.629723,23.173386,19.443766,16.874514,13.1323395,13.365955,7.7414684,12.783912,6.9668465,6.566871,5.450982,0.0,6.7649894,5.0722303,8.0677805,7.2844477,12.12378,12.144774,16.802631,21.158962,25.272682,26.662037,30.212683,32.804207,33.597816,30.387056,26.3834,22.357979,22.232172,17.460981,18.632738,13.773321,14.976562,12.763525,13.819537,13.803893,16.507425,14.224768,18.255892,15.923394,18.684578,22.072935,21.747759,26.707212,25.435715,22.809486,25.139942,28.131088,23.918217,20.332079,16.691772,14.670944,11.530718,11.707798,8.516923,8.384422,8.779551,7.877593,7.5690002,7.6307774,10.945381,12.940352,13.106736,17.260056,19.038204,23.033909,26.1573,29.69347,31.112154,32.379745,35.406506,32.121647,28.501574,26.550068,21.879911,21.890408,15.862364,15.627678,11.54,11.858051,10.178743,13.663324,13.836521,15.723852,18.588898,17.736528,18.785963,16.512117,15.837001,19.844715,18.24274,23.225086,22.619345,27.735899,30.7833,29.768538,26.338705,28.314339,21.88659,23.303959,19.818872,20.621943
25,16.176865,14.031087,12.599299,13.820207,12.426541,16.511082,15.583835,20.876163,22.924355,25.833017,30.414194,31.724771,33.636036,33.19642,29.829777,26.059282,23.61257,19.827637,20.010117,14.285734,18.620594,11.899252,10.656248,6.310559,6.7649894,0.0,5.566654,8.832671,11.191171,14.603279,16.843597,20.066278,25.36197,29.28692,30.922464,34.78181,37.015564,38.042908,34.884808,30.49678,27.097113,26.679026,22.292032,23.384794,18.502897,19.7763,16.70291,17.850506,15.902608,19.286598,16.981936,21.124523,19.062502,20.87391,24.924646,23.056078,28.844446,26.839928,24.539236,26.91219,30.943901,27.12266,22.83968,20.463322,16.65336,14.940435,12.438437,10.961044,7.4161677,9.507142,11.363362,11.909053,13.560647,16.940794,19.214073,19.26992,23.319593,24.914577,28.709461,31.683905,34.97168,36.30352,38.13396,40.98645,37.27173,33.696983,31.791039,27.456997,26.724342,21.262274,19.958582,15.8614235,14.514584,10.822432,12.838915,11.816653,15.706027,19.134615,19.238611,21.348711,20.034554,20.47498,24.434551,23.947107,28.579224,28.638134,33.66779,36.68715,35.966244,32.588818,34.544624,28.074781,29.494385,25.67352,26.465195
26,17.77945,14.492202,13.727785,12.620038,10.437447,14.588316,12.151002,18.115364,19.222525,22.459572,26.44591,28.212902,29.688448,29.006516,25.933165,21.928104,20.464333,16.0411,17.522423,12.165154,17.315697,11.458149,11.456073,8.618634,5.0722303,5.566654,0.0,3.9516811,5.791373,9.138845,11.510985,14.53075,19.931667,23.723497,25.476126,29.239384,31.542147,32.70025,29.76186,25.490376,22.021969,22.247261,17.585407,19.611212,15.062411,17.202242,15.171456,17.29203,16.043224,18.086527,15.264557,18.65328,15.529948,17.360453,20.420439,19.11637,24.469816,22.349012,19.728073,21.876877,25.706987,21.686646,17.543062,15.2216835,11.875463,10.247004,8.979071,8.042259,7.01702,9.504819,9.605277,11.385267,10.928763,15.170833,16.492575,15.282137,19.51287,20.37093,24.306421,26.881037,30.212152,31.293936,33.171562,35.823494,31.950739,28.316648,26.376009,22.213757,21.25683,15.995142,14.506587,10.669346,9.24643,7.26036,8.943305,9.662805,12.551077,15.58194,15.679169,16.87288,15.86943,15.72804,19.461617,19.041672,23.543568,23.677515,28.615599,31.570705,31.061184,27.760153,29.947018,23.489096,25.421516,21.741837,23.267378
27,21.460806,17.91819,17.450539,15.604027,13.168626,17.01362,13.530568,19.573975,19.865906,23.052958,26.410719,28.307768,29.371738,28.212612,25.509987,21.510286,20.958305,16.271729,18.81441,14.137573,19.69651,14.593626,14.575067,12.403197,8.0677805,8.832671,3.9516811,0.0,4.5443697,6.1790266,9.44034,11.697854,17.001066,21.136835,22.490433,26.6287,28.499683,29.659468,26.738146,22.316048,19.284855,19.551746,15.169666,17.64107,13.604359,16.407305,14.9651,17.96655,16.37741,17.31021,14.183271,16.694094,12.961362,14.224535,16.884554,15.326432,20.688154,18.4142,15.857292,18.20656,22.11415,18.39171,14.03925,12.085597,8.074668,7.3741484,5.8023505,6.72881,7.0807514,9.944701,9.688857,12.829864,11.495052,16.234821,16.802694,14.573968,18.562742,18.794725,22.469471,24.696066,27.779802,28.722712,31.073187,33.551,29.400288,25.944773,24.298105,20.395504,19.324148,14.535462,12.861259,10.046633,7.9525337,8.400069,7.165117,10.135342,12.872196,15.423077,16.07239,16.397703,16.264227,15.567812,18.756554,18.430399,22.656303,22.637594,27.39346,30.157701,29.731716,26.5737,28.495485,22.154366,24.2333,20.424238,22.451698
28,20.902308,17.118368,16.42535,13.759811,10.594603,13.790377,9.566677,15.515023,15.424285,18.6633,21.89256,23.940945,24.95498,23.9584,21.22774,17.124405,16.81525,11.953388,14.968013,10.9113865,16.44815,12.532903,13.323054,12.49262,7.2844477,11.191171,5.791373,4.5443697,0.0,5.0672226,5.7307186,9.603442,14.374036,18.454317,19.922318,23.656925,26.029945,27.118773,24.258957,20.206545,16.467678,17.336933,12.360055,15.335853,11.45605,14.374035,13.831928,16.659946,16.468576,16.979332,13.985476,16.297289,12.280802,14.389148,16.140776,16.141258,20.562376,18.852959,15.930851,17.969913,20.962835,16.694658,13.077364,9.947016,8.318161,6.022135,8.066282,7.249202,9.7355385,11.254634,9.269285,11.735942,8.902149,13.444704,13.461188,10.777125,14.984821,15.058454,19.08885,21.330305,24.731388,25.659103,27.476048,30.04971,26.181013,22.538258,20.677114,16.477777,15.790823,10.397714,9.427402,6.451952,6.147517,8.492572,9.457572,12.172419,13.09929,15.128835,14.891342,14.4287195,13.49929,11.920655,15.181198,14.123597,18.635714,18.314032,23.191536,26.045927,25.524096,22.293198,24.50058,18.107439,20.455862,17.01575,19.262432
29,24.253794,20.176712,20.469376,16.937008,14.60691,17.689592,13.263128,19.050095,17.947826,21.415579,23.596733,26.19664,26.547138,25.165953,23.088003,18.968529,20.034054,15.024013,18.96665,15.561899,20.822422,17.249367,18.339443,17.024025,12.12378,14.603279,9.138845,6.1790266,5.0672226,0.0,5.8011503,5.565163,11.65351,15.023224,16.979551,20.739302,22.842754,24.402384,22.092693,18.05057,15.047848,16.861212,12.335142,16.513472,13.7986965,17.372822,17.477318,20.886503,20.273987,19.897663,16.721275,17.823658,13.042447,13.941508,14.033764,13.687242,17.679956,15.010953,11.792877,13.22503,16.87414,12.640583,8.597457,7.706114,5.802449,6.6482673,8.5507345,10.295394,12.72867,14.929587,13.3038645,16.490128,13.403796,17.939318,17.282568,13.483402,17.163406,15.912301,19.600872,20.861725,23.941605,24.312183,26.648354,28.64798,24.20688,20.610413,18.800337,15.554535,13.65088,10.051472,7.5268292,6.6415367,4.4191003,9.250365,7.218298,11.61135,11.960431,13.17951,13.833231,12.496084,13.269971,11.79528,14.009315,14.264182,17.739117,18.195429,22.52124,25.118975,25.236593,22.339043,24.799726,18.823751,21.790445,18.617357,21.654142
30,25.246552,21.318653,20.666607,17.239655,13.79,15.651254,10.4581585,15.185041,13.560378,16.412895,18.38225,20.669514,21.005457,19.499245,17.378397,13.371843,14.821835,10.015022,14.645524,12.719154,17.824003,15.989194,17.109762,17.500507,12.144774,16.843597,11.510985,9.44034,5.7307186,5.8011503,0.0,6.3811,9.03941,13.767022,14.521305,18.32011,20.66072,21.588526,18.792126,15.068271,10.998434,12.850781,7.6740813,12.043815,9.8022,13.308458,14.534357,17.779942,18.466024,17.423943,14.617777,15.378334,10.814792,12.904249,12.658684,14.457454,17.318907,16.330303,13.304117,15.126157,16.717297,12.337724,9.894503,5.4295154,7.59619,5.4047174,10.3802805,10.0178175,14.112043,14.876829,11.84096,14.456021,10.209323,14.073181,12.539428,8.093755,11.575526,10.254267,14.223939,15.896118,19.32493,20.046337,21.871367,24.34535,20.459803,16.867174,15.250878,11.006075,10.965488,5.630382,6.25605,6.4428782,7.7519045,12.755111,12.834377,16.493324,16.106464,17.048233,16.608664,14.470032,13.8531685,10.687295,12.68783,10.639473,14.837727,13.661249,18.319931,20.952442,20.364025,17.289772,19.356005,13.181436,16.058613,13.067329,16.253666
31,28.07764,23.833042,24.421335,20.084442,17.82433,19.993935,15.197049,20.028645,17.692703,21.008537,21.82902,24.912338,24.503838,22.839193,21.549746,17.648483,20.269728,15.519459,20.352114,18.3409,23.064764,20.897285,22.48063,21.854877,16.802631,20.066278,14.53075,11.697854,9.603442,5.565163,6.3811,0.0,7.1400642,9.487035,11.95897,15.303972,17.59047,19.51511,17.903767,14.497381,11.755654,15.180538,11.172369,16.47038,15.318358,19.109976,20.3874,23.936205,23.997015,22.658655,19.667088,19.604692,14.565912,15.082925,12.6566305,13.843401,15.836325,13.258096,9.729786,9.857839,12.471768,7.6325927,4.948052,5.862465,7.8689885,9.36364,12.792466,14.559111,17.847223,19.594938,17.303886,20.38509,16.451818,20.430925,18.82608,14.10874,16.928751,14.265094,17.55286,17.66249,20.566303,20.312962,22.631306,24.094435,19.401108,15.763331,13.924757,11.68424,8.923978,7.7374287,5.001219,7.8401685,7.2188663,13.324876,11.374671,15.749211,14.5083685,14.373238,14.844845,11.790786,13.3189745,10.897331,11.376555,11.972781,14.216814,14.904612,18.496368,20.772614,21.400536,18.916954,21.70014,16.47516,20.121574,17.7853,21.560543
32,33.58934,29.471676,29.345243,25.245401,22.222473,23.393822,18.214466,21.470234,18.294909,20.346882,19.739374,22.360914,21.198832,18.669127,18.404867,15.471635,19.493416,15.833112,21.18616,20.957197,25.36651,24.725039,25.966183,26.530735,21.158962,25.36197,19.931667,17.001066,14.374036,11.65351,9.03941,7.1400642,0.0,7.306706,5.5712514,10.352981,11.729094,12.851348,10.836452,7.8881745,5.371953,10.181326,7.9813113,13.385102,14.53271,18.092985,20.724415,24.390583,25.093882,22.397923,19.945189,18.3663,13.847718,14.197018,9.58334,13.424092,12.69427,12.37464,9.817489,10.357626,8.933708,5.192636,6.81871,5.456631,10.904232,11.600581,16.145632,17.33676,21.696234,22.485064,19.509165,22.570164,18.1581,21.27008,18.622854,13.494008,14.428475,10.516115,12.374549,11.316302,13.742248,13.260339,16.07744,17.516205,12.761781,9.68578,9.308227,7.6231527,7.5012226,8.262953,9.213366,13.0928545,13.886852,19.984793,18.190369,22.768461,21.52202,21.15118,21.217592,17.50688,18.444519,14.833253,14.064163,12.635238,14.046595,12.518818,15.157868,16.690914,16.726274,14.783475,16.28037,12.245917,15.718296,14.158244,18.42155
33,34.983402,30.715057,31.63317,26.573477,24.607496,25.487093,20.923397,23.838543,20.082344,22.701725,21.063961,24.745234,23.00477,21.152601,21.483091,18.586924,23.192171,19.59342,24.801048,24.701124,28.262728,27.980495,30.132631,30.27126,25.272682,29.28692,23.723497,21.136835,18.454317,15.023224,13.767022,9.487035,7.306706,0.0,6.7771163,6.556794,10.11173,13.11994,13.882209,13.123576,11.662208,17.109045,14.94522,20.398594,21.273582,24.755762,27.258871,30.625061,31.608332,29.380484,26.815384,25.604738,20.948704,21.165546,16.206312,19.258028,17.946033,16.308765,13.613111,11.359553,10.027362,6.251202,9.726982,11.835504,16.245667,17.548283,21.702736,23.174038,27.026638,28.306211,25.43229,28.091389,23.544344,26.480026,23.928827,18.914476,20.095018,15.897923,17.818914,15.608183,17.759594,16.043186,17.67049,17.623087,12.791782,9.327941,7.378674,9.354672,5.3607187,10.88109,10.088104,14.741252,15.507781,21.479605,20.114128,23.98721,21.265436,19.715256,19.697876,15.210252,17.10791,14.155522,11.515761,12.544784,11.176229,12.432061,13.308756,14.473429,16.490232,15.365879,18.756254,16.058094,20.366432,19.987253,24.287016
34,38.61546,34.463512,34.50313,30.138624,27.268627,28.022762,22.98132,25.44236,21.739632,23.271755,21.340605,23.990452,22.034563,19.189217,20.065075,18.020973,22.906984,19.984379,25.336662,25.883944,29.834875,29.869032,31.245634,32.014942,26.662037,30.922464,25.476126,22.490433,19.922318,16.979551,14.521305,11.95897,5.5712514,6.7771163,0.0,6.0475082,6.183218,7.5797324,7.195335,6.821177,7.065688,12.180511,12.064055,16.697569,19.018738,22.25849,25.37577,28.974075,29.898302,26.681229,24.521729,22.201096,18.18343,18.022146,12.192294,16.533575,13.58759,13.991457,12.357373,11.699494,7.404591,6.3140755,10.491979,10.810286,15.954684,16.990976,21.34534,22.69523,27.119116,27.804588,24.76658,27.7493,23.255623,25.909575,22.902378,17.89476,17.794077,13.361134,13.691825,10.771451,11.94157,10.208266,13.313761,13.60307,8.36729,6.3615594,7.6212683,9.021457,9.155354,12.583013,13.67349,18.03105,18.91411,25.085789,23.078932,27.676563,25.980532,25.06531,25.156767,20.968502,22.267538,18.647272,16.758038,15.611051,15.321764,13.72509,14.44828,14.90182,15.424394,14.618821,15.640993,13.816625,17.160892,16.804096,21.109259
