,0,1,2,3,4,5,6,7,8,9,10,11,12,13,14,15,16,17,18,19,20,21,22,23,24,25,26,27,28,29,30,31,32,33,34,35,36,37,38,39,40,41,42,43,44,45,46,47,48,49,50,51,52,53,54,55,56,57,58,59,60,61,62,63,64,65,66,67,68,69,70,71,72,73,74,75,76,77,78,79,80,81,82,83,84,85,86,87,88,89,90,91,92,93,94,95,96,97,98,99,100,101,102,103,104,105,106,107,108,109,110,111,112,113,114
0,0.0,4.396683,6.02338,8.585444,12.023495,13.52961,17.323177,20.119528,23.262115,26.626488,31.398659,33.40099,35.619766,36.634933,33.14307,29.34493,26.301165,23.420408,21.555254,16.867355,16.35524,11.916863,14.444549,11.234099,14.504478,15.84968,17.509935,21.228798,20.647476,24.034534,24.801132,27.564682,33.04827,34.51872,37.68923,39.190285,43.465637,44.92854,43.71815,40.370075,35.69858,36.55315,31.522406,32.677666,28.243786,28.338667,26.207268,24.905516,26.45332,30.320232,28.791359,33.120808,30.936916,33.55932,36.656155,35.635715,40.07112,37.627403,35.301605,36.21569,40.306732,35.51751,32.318195,31.754488,28.677494,26.235752,26.69606,25.016632,22.43931,22.837173,22.813204,20.188274,21.150879,21.683565,24.192694,25.459887,29.297125,30.516367,34.726524,36.761353,40.595562,41.344135,38.172993,41.066433,40.15913,35.67493,33.0174,30.353346,28.504684,23.118284,22.66258,18.887394,21.041084,17.321358,20.678488,26.249464,22.685863,21.844948,18.88572,17.372187,22.211468,22.365255,26.30189,26.488274,30.205957,31.359753,35.53463,38.294167,34.916214,32.00099,28.266537,24.942783,21.69528,18.498987,15.489486
1,4.396683,0.0,5.1084695,4.782173,8.750547,11.2437315,14.240908,17.952345,20.505964,24.275425,28.735174,31.074747,32.98383,33.743324,30.436396,26.420435,24.018978,20.561804,19.584618,14.6245575,15.165586,10.222178,13.270189,9.977397,11.682137,13.832576,14.317856,17.771173,17.03204,20.032438,21.072098,23.35877,29.128073,30.324074,33.69375,35.15983,39.4064,41.027115,39.97156,36.680553,32.070034,33.304737,28.13224,29.833836,25.487314,26.086132,24.274853,23.658186,25.087986,28.478802,26.60901,30.633911,27.953955,30.421465,33.08272,32.085533,36.300865,33.705006,31.2463,31.981201,36.139774,31.35111,28.166796,27.920235,24.948149,22.802048,23.473772,22.194494,20.024635,20.854744,20.534363,18.582071,18.752602,19.976048,22.073072,22.565502,26.59385,27.353436,31.663668,33.42505,37.25298,37.822304,34.842163,37.656017,36.428314,31.979069,29.129322,26.63456,24.407696,19.222786,18.443693,14.68519,16.99319,13.593239,16.57225,22.057661,18.472431,17.53368,14.646952,13.118636,17.995811,18.405148,22.39954,22.848948,26.53791,27.921072,32.113968,34.945633,31.651579,28.614792,25.415565,21.563055,18.706757,15.567324,12.353406
2,6.02338,5.1084695,0.0,5.9934783,7.1349373,8.821634,12.163035,15.314007,18.58587,21.739668,26.741926,28.403748,30.708874,31.454834,27.864155,24.112375,20.891768,17.967558,16.139519,11.072804,11.531275,6.018342,8.610316,6.1979017,9.112734,11.959958,12.948163,16.689594,15.581681,19.579367,19.622557,23.321486,28.238209,30.51994,32.961975,34.97491,38.97293,40.137585,38.544834,35.0361,30.367739,30.834606,25.926651,26.770086,22.30612,22.316975,20.23874,19.080126,20.803913,24.432863,22.92306,27.207495,25.16803,27.977266,31.237625,30.498566,34.924637,32.941456,30.859343,32.11233,35.796944,31.05506,27.897543,26.643154,23.748526,20.844225,21.688248,19.578964,17.5575,17.538044,17.055489,14.327872,15.154789,15.760773,18.310581,19.709873,23.542646,25.02924,29.160362,31.491512,35.292393,36.291603,33.347107,36.561356,35.66794,31.04776,28.702248,25.59322,24.447641,18.506824,18.601988,14.975719,17.30472,14.645857,18.621204,23.804596,21.163054,20.186176,17.68793,14.947257,19.538412,19.115183,23.371555,22.535776,26.84993,27.11399,31.800396,34.76986,31.881632,28.849512,25.794882,21.881216,19.336246,15.418093,13.453901
3,8.585444,4.782173,5.9934783,0.0,4.7001367,7.3909774,9.851181,13.836356,15.943689,19.92538,24.151379,26.70017,28.425354,29.152824,25.961496,21.88024,19.8951,16.23526,15.802462,11.1798315,12.140088,7.992014,11.874856,10.072675,9.700249,13.962253,12.672096,15.655643,13.875238,16.809092,17.121384,19.47465,24.691538,25.998566,29.291012,30.611145,34.949505,36.485924,35.533062,32.434566,27.739948,29.241005,24.066978,26.0189,22.009373,22.841234,21.672964,21.471207,23.384203,26.065145,24.09793,27.700584,24.739012,27.356802,29.442741,29.03404,32.74759,30.483646,27.974024,28.512064,32.231487,27.29951,24.501904,24.017311,21.81418,19.52458,21.134695,19.849667,18.765223,19.47581,18.301884,16.64101,15.7142105,17.00448,18.53316,18.509594,22.48717,22.930744,27.265764,28.831295,32.66431,33.154545,30.094366,32.87503,31.70399,27.262169,24.473223,21.977158,19.939783,14.729397,14.472497,11.315871,14.487411,12.638186,15.021803,19.979233,16.586815,14.969426,12.269516,9.285821,13.980644,13.886326,17.987934,18.09647,21.91906,23.14052,27.397825,30.279964,27.125042,24.040615,21.155684,16.99892,14.472569,11.10597,8.268808
4,12.023495,8.750547,7.1349373,4.7001367,0.0,4.483033,5.5633507,10.321527,12.469082,16.224636,20.698494,22.876373,24.706366,25.181139,21.861383,17.806768,15.6521435,11.8526325,11.646552,6.7122087,9.150344,5.0066695,8.760733,8.720341,6.686399,12.621203,10.354466,13.0520315,10.39782,14.047976,13.269824,16.831814,21.26582,23.53791,25.993658,27.853437,31.916212,33.11104,31.74697,28.483019,23.737825,24.834839,19.759708,21.393291,17.396917,18.177214,17.236439,17.27828,19.427925,21.69163,19.764908,23.228575,20.398369,23.256721,25.465435,25.437069,29.098837,27.37264,25.136831,26.03195,29.256453,24.358587,21.661987,20.331875,18.463186,15.602892,17.82171,16.08596,15.842661,16.08676,14.264359,12.689331,11.167886,12.576372,13.924857,13.903081,17.913195,18.629333,22.921556,24.821148,28.646946,29.418802,26.544594,29.680922,28.582565,23.97688,21.568016,18.523365,17.402174,11.445924,12.0948515,9.39365,12.794729,12.446743,15.253613,19.521109,17.272476,15.615839,13.661678,9.489162,13.383135,12.44342,16.80008,15.579771,20.08679,20.225657,25.0416,28.123009,25.511246,22.359962,20.20667,15.572802,13.970594,9.911949,8.928132
5,13.52961,11.2437315,8.821634,7.3909774,4.483033,0.0,5.0286674,6.7304764,9.884489,13.1552515,18.002676,19.942976,22.114857,23.171114,19.666098,15.975081,13.042941,10.394193,8.704044,5.5759354,5.1995645,5.2356243,9.364153,11.211303,10.000617,16.205702,14.162409,16.631268,13.299902,17.066374,14.857484,18.981167,21.806904,24.510317,26.561779,28.04301,32.30339,33.1101,31.752829,28.822449,23.911236,24.780693,20.100918,21.046507,17.596514,17.696302,17.317549,16.66257,19.949436,21.908794,20.493074,23.77467,21.456434,24.753656,26.726307,27.53847,30.706028,29.688208,27.601053,28.381128,30.824745,25.83499,23.826488,21.756617,20.959637,17.581491,20.61783,18.32461,18.764055,18.209702,15.753127,13.311912,11.577913,11.234244,12.370203,13.25932,16.610788,17.720545,21.79484,23.82156,27.636747,28.558977,25.1021,28.237722,27.914568,23.377558,21.490456,18.297733,18.258034,12.469161,14.525881,12.932082,16.639006,16.880037,19.402994,23.311588,20.98548,18.828445,16.82445,11.961418,15.123345,13.088005,17.042252,14.901297,19.395317,18.907642,23.605967,26.54545,23.93172,21.024084,18.180378,14.418208,12.430217,8.0052395,8.471742
6,17.323177,14.240908,12.163035,9.851181,5.5633507,5.0286674,0.0,6.20059,7.4027834,11.08162,15.4211855,17.535416,19.25724,19.624165,16.316223,12.244451,10.4745245,6.387319,7.373436,4.543303,7.9127436,7.5734096,10.262681,12.476576,9.017202,15.691242,12.152196,13.576085,9.504314,12.928773,9.970019,14.434126,16.939232,20.06724,21.719252,23.64472,27.627829,28.42513,26.932926,23.885128,19.000908,20.096512,15.246142,16.798754,13.5354185,14.421054,14.709671,15.289975,18.176521,19.176092,17.379217,20.035336,17.169386,20.35136,21.832958,22.90277,25.76267,24.912294,22.895403,23.722824,25.913837,20.984718,19.074493,16.762987,16.452652,13.128618,16.871124,14.912685,16.469263,16.160086,13.114052,12.02833,8.719809,9.72098,9.737614,8.976018,12.72991,13.276014,17.535341,19.453001,23.283983,24.181469,21.2117,24.5412,23.731855,19.075628,17.188713,13.727511,13.954343,7.817267,10.47169,9.8552475,13.53964,15.356655,17.36964,20.339077,18.96527,16.867844,15.689946,10.587432,12.621971,10.339888,14.355434,11.481445,16.469627,15.414725,20.603132,23.784763,21.74642,18.662212,17.3552,12.580132,12.24995,8.196246,9.732617
7,20.119528,17.952345,15.314007,13.836356,10.321527,6.7304764,6.20059,0.0,4.5189304,6.5296288,11.715994,13.284337,15.660467,17.083927,13.494983,10.360878,7.065277,6.3416257,4.082903,6.876238,5.6022425,10.395689,12.9179325,16.487202,14.287336,20.86859,17.956532,19.385536,15.167131,18.470642,14.305341,18.935505,19.001524,22.587175,23.531263,24.807022,28.938787,29.098635,27.64148,25.218922,20.313951,20.95991,17.094524,17.3799,15.309907,15.021359,16.197968,15.741803,20.02363,20.529057,19.586971,21.827427,19.91217,23.519835,24.632479,26.7946,28.895432,29.034956,27.290749,27.945396,29.0115,24.171062,23.281591,20.130587,21.186903,17.482437,21.809267,19.274445,21.325863,20.130035,16.643438,14.537771,11.528813,9.721345,9.042708,9.972835,11.909726,13.1343565,16.684406,18.753687,22.424,23.56803,19.70326,22.978926,23.499653,19.148153,18.273714,14.832103,16.77016,11.82663,15.635251,15.891647,19.629055,21.50979,23.404383,26.15406,24.57386,22.034729,20.69744,15.283908,16.588926,13.286126,16.251493,12.191306,16.707872,14.503283,19.2916,22.152689,20.267841,17.722885,15.540601,12.549133,11.93185,8.251101,11.534218
8,23.262115,20.505964,18.58587,15.943689,12.469082,9.884489,7.4027834,4.5189304,0.0,4.610727,8.262641,10.999679,12.507669,13.722493,10.634669,7.0894084,6.5816135,5.270818,6.798503,9.793918,10.081291,13.836778,16.280066,19.49921,16.247541,22.897093,19.04428,19.643156,15.12087,17.333126,12.723502,16.431913,15.321758,18.692316,19.653334,20.481112,24.748798,24.9526,23.889994,21.914698,17.045742,18.545292,14.817853,16.018932,14.906241,15.4331665,17.51194,18.05282,21.965424,21.536983,20.321762,21.654156,19.158228,22.486332,22.412617,25.165558,26.383162,26.731064,24.90717,25.093725,25.6047,20.776707,20.616055,17.606289,19.836235,16.668003,21.61636,19.710556,22.536015,21.741322,17.987392,16.978912,13.0171995,12.204284,10.285608,9.07622,10.488725,10.254942,13.809243,15.076875,18.769836,19.547478,15.535255,18.652142,19.070147,14.790237,13.994247,10.818175,13.201452,9.507908,13.874164,15.427652,19.184784,22.066677,22.997604,24.86687,23.585184,20.80639,20.001411,14.619521,14.552612,10.821787,12.994966,8.179361,12.628353,9.987206,14.908063,17.878922,16.29947,13.717312,12.723161,9.414822,10.350437,7.894526,11.914331
9,26.626488,24.275425,21.739668,19.92538,16.224636,13.1552515,11.08162,6.5296288,4.610727,0.0,5.650071,6.8251653,9.181251,10.963316,7.514096,5.6719537,4.135349,6.783251,6.9287086,12.026579,11.537352,16.49658,18.197313,22.217861,19.28814,25.78956,22.209938,22.675673,18.176249,20.553524,15.293786,19.553576,16.73373,20.924273,20.613554,21.579247,25.364054,24.840614,23.390646,21.71129,17.129915,17.730272,15.149616,15.002273,14.952256,14.665532,17.40558,17.60593,22.033337,20.969528,20.377083,21.195015,19.576557,23.084215,22.969067,26.404852,27.192764,28.430014,27.056677,27.473763,27.097183,22.680214,23.032354,19.17461,22.060024,18.592617,23.714077,21.39342,24.668938,23.26977,19.282026,18.048141,14.316042,12.313904,9.769104,9.605822,9.062786,9.689547,12.077266,13.827561,17.156792,18.44793,14.25627,17.622646,19.032995,15.16189,15.603952,12.333925,16.22455,13.145558,17.725548,19.44276,22.892551,25.968182,27.186607,28.804296,27.945536,25.25371,24.57392,19.210415,18.927025,15.13069,16.710312,11.351589,15.126214,10.952638,15.489192,18.150518,17.43477,15.489293,14.869418,12.900964,14.070215,12.041414,16.196405
10,31.398659,28.735174,26.741926,24.151379,20.698494,18.002676,15.4211855,11.715994,8.262641,5.650071,0.0,4.7305717,4.6686964,7.188943,5.6671085,5.9024425,8.647135,10.744884,12.466239,17.191753,17.022755,21.714943,23.52558,27.297127,23.831327,30.30174,26.139101,25.964964,21.42977,22.698458,17.386255,20.232527,15.431258,19.069979,18.353449,18.254156,21.992548,21.163584,20.404272,19.868902,15.853303,17.34312,15.795224,16.309067,17.714575,18.011919,21.440262,22.280289,26.376417,24.465033,23.806452,23.56902,21.688993,24.725266,23.11558,27.359818,26.808664,28.55553,27.241777,27.030615,25.567099,21.542744,23.111357,19.517225,23.778145,21.043045,26.502851,24.790983,28.626041,27.519787,23.439522,22.944977,18.801914,17.406635,14.36122,12.805327,11.148002,9.907521,10.892738,10.955337,13.732941,14.4782915,9.59608,12.434739,14.733961,11.74308,13.188703,11.101533,15.686271,14.915708,19.464045,22.228577,25.554966,29.330908,29.640858,30.360273,29.732927,26.836172,26.620525,21.562763,20.005981,16.157763,16.248117,10.867337,12.979602,7.814098,11.158461,13.44161,13.754796,12.556407,13.585977,12.786304,15.23085,14.775508,19.09156
11,33.40099,31.074747,28.403748,26.70017,22.876373,19.942976,17.535416,13.284337,10.999679,6.8251653,4.7305717,0.0,3.705811,6.3644075,4.320298,7.166672,8.1951275,12.051515,12.728497,18.179533,17.839201,22.932484,24.009548,28.373808,25.242718,31.480606,27.718042,27.581942,23.173698,24.934559,19.267212,23.082256,17.835499,22.422613,20.514894,21.239058,24.162798,22.650747,21.065514,20.375092,16.753595,16.772068,16.271431,15.180369,17.213593,16.671515,20.355433,20.851492,25.165041,22.846212,22.79451,22.266863,21.391634,24.582672,23.491737,27.982944,27.510567,29.93673,29.106394,29.43694,27.583889,23.984425,25.433046,21.039358,25.213749,22.068998,27.39207,25.200865,29.21391,27.549374,23.425322,22.711657,19.003527,16.835955,13.670891,13.233549,10.323623,10.518921,10.207294,11.474322,13.644818,15.315043,11.230776,14.458559,17.211391,14.548315,16.684,14.104145,19.325693,17.910288,22.526457,24.97064,28.011906,31.73976,32.65601,33.45394,33.23697,30.57602,30.341146,25.167797,24.01502,20.216415,20.72525,15.144088,17.595345,12.081589,15.27681,17.249676,18.149048,17.205667,18.05804,17.309362,19.38373,18.294155,22.592018
12,35.619766,32.98383,30.708874,28.425354,24.706366,22.114857,19.25724,15.660467,12.507669,9.181251,4.6686964,3.705811,0.0,3.9459205,4.60365,7.80674,10.88654,13.751374,15.5166645,20.547432,20.669888,25.36646,26.615631,30.695072,27.116127,33.345757,29.15187,28.608606,24.211061,25.25086,19.706963,22.570126,16.37955,20.516037,18.39261,18.522732,21.31989,19.678238,18.585186,18.632065,15.439586,16.25224,16.207285,15.935313,18.564293,18.6567,22.57318,23.6193,27.557522,24.86681,24.562597,23.484499,22.184841,24.986004,22.91013,27.75828,26.479025,29.074516,28.238764,28.1601,25.731112,22.414597,24.53709,20.47214,25.360067,22.763987,28.22716,26.526772,30.813917,29.477436,25.341799,25.177479,21.113161,19.601866,16.23633,14.731168,11.793929,10.614885,9.610594,9.417033,11.123353,12.321939,7.9590755,10.8745,14.035348,12.041347,14.730726,12.948868,18.301273,18.16582,22.635874,25.651842,28.58414,32.7311,33.059685,33.28818,33.253056,30.533731,30.615353,25.694502,23.842632,20.145498,19.920977,14.550919,16.108253,10.373778,12.723052,14.4417925,16.092087,15.52453,17.526592,17.028023,19.795898,19.402037,23.693745
13,36.634933,33.743324,31.454834,29.152824,25.181139,23.171114,19.624165,17.083927,13.722493,10.963316,7.188943,6.3644075,3.9459205,0.0,3.995215,7.397334,11.55659,13.6840315,16.41861,20.917213,22.083267,25.962307,26.800697,30.761175,26.759356,32.652718,28.226961,27.19742,23.016537,23.61212,18.091387,20.777464,13.85306,18.56237,15.429268,16.370356,18.455065,16.536757,14.904377,14.862138,12.03396,12.731736,13.410947,13.313634,16.634432,17.191029,21.343267,23.054958,26.39944,23.175968,22.732483,21.017204,19.622688,22.069067,19.509169,24.619461,22.928606,25.890581,25.340734,25.420944,22.574606,19.681591,21.996101,17.701855,22.982742,20.727755,26.127123,24.735378,29.37273,28.175486,24.094578,24.629824,20.404686,19.579103,15.990723,13.684776,10.394534,8.527696,6.3570447,5.808823,7.3515086,9.064906,5.918757,9.733696,11.999417,10.018119,13.213008,11.342196,17.102093,17.401407,21.617798,24.886232,27.343187,31.898367,32.118084,31.825531,32.44853,30.02315,30.488287,25.837421,23.71452,20.32009,20.126518,14.748456,16.482147,10.475865,13.280598,15.246828,17.42435,16.61049,19.62405,18.190077,21.446915,20.871628,24.968834
14,33.14307,30.436396,27.864155,25.961496,21.861383,19.666098,16.316223,13.494983,10.634669,7.514096,5.6671085,4.320298,4.60365,3.995215,0.0,4.3598228,7.587623,10.227214,12.503764,17.200546,18.265358,22.257751,23.01676,27.149412,23.425545,29.41103,25.283718,24.647913,20.367708,21.685286,15.964529,19.691803,14.030184,19.191284,16.69838,18.227228,20.781189,19.313221,17.304415,16.196127,12.487198,12.571922,12.141224,11.49163,13.975742,14.130759,18.102566,19.466738,23.136086,20.367725,19.973227,18.969725,17.696373,20.65582,19.210474,23.817677,23.191486,25.712877,25.017496,25.493292,23.54322,20.098001,21.54679,16.956089,21.428373,18.556602,23.936687,22.086119,26.463453,25.049318,20.920227,21.019674,16.925358,15.7295065,12.194484,10.464726,7.2220597,6.5363107,5.9648976,7.616238,10.268336,12.209556,8.94894,12.969962,14.6492195,11.553074,13.798083,10.847396,16.476774,15.327236,19.777588,22.514406,25.14641,29.319103,30.07658,30.401207,30.77769,28.386988,28.537695,23.617771,22.168772,18.645214,19.257223,13.549301,16.388935,10.518542,14.560092,16.985428,18.200472,16.836071,18.787933,16.836077,19.537502,18.27109,22.35898
15,29.34493,26.420435,24.112375,21.88024,17.806768,15.975081,12.244451,10.360878,7.0894084,5.6719537,5.9024425,7.166672,7.80674,7.397334,4.3598228,0.0,5.684258,6.351902,9.81102,13.693213,15.389378,18.686077,19.77829,23.513302,19.549799,25.67674,21.363768,20.834745,16.423662,17.80889,12.170601,16.042046,11.725727,16.743345,15.364496,17.097858,20.299324,19.635483,17.851774,16.040375,11.505246,12.462644,10.185236,10.859983,11.9396715,12.745903,16.242737,17.823479,21.310421,19.19182,18.229706,17.953508,15.81268,18.902452,17.82173,21.781424,21.87545,23.532763,22.41199,22.859827,21.870789,17.793613,18.6035,14.368366,18.283686,15.346269,20.802494,19.09433,23.209946,22.154903,18.061308,18.24983,13.822586,13.330632,9.956354,7.251235,5.76609,4.3352785,6.851842,8.489475,12.076993,13.477492,10.1924305,14.186596,14.70904,10.613065,11.581962,7.913963,13.008457,11.074381,15.603562,18.22909,21.037222,25.109968,25.830431,26.41282,26.565556,24.180065,24.255959,19.32664,18.083942,14.620183,15.770994,10.036703,13.802837,8.563872,13.74993,16.711458,17.031513,14.97113,16.60832,13.58552,16.212511,14.602555,18.479095
16,26.301165,24.018978,20.891768,19.8951,15.6521435,13.042941,10.4745245,7.065277,6.5816135,4.135349,8.647135,8.1951275,10.88654,11.55659,7.587623,5.684258,0.0,5.0842147,4.9919596,10.199449,10.947844,15.135383,15.868344,20.286821,17.333654,23.485865,20.148106,20.538443,16.24582,19.11021,13.657835,19.002487,16.515036,21.597528,20.536743,22.627863,25.823843,25.132526,22.901201,20.515648,15.969036,15.474341,12.9259815,11.793497,11.385342,10.636722,13.42546,13.722078,18.097961,16.880932,16.455826,17.399446,16.25893,19.958078,20.681198,23.881886,25.233465,26.645054,25.607004,26.65769,26.443447,22.242882,22.049831,17.581617,19.922352,16.037231,20.945387,18.235262,21.659723,19.90421,15.857979,14.710814,11.096424,8.878726,5.91048,6.651019,5.909559,8.229835,10.69686,13.64225,16.975578,18.841747,15.574686,19.493626,20.378881,16.256458,16.774994,12.822015,16.954912,12.984858,17.384031,18.681845,21.643618,24.72725,26.567495,28.212786,27.955679,25.701366,25.153328,19.903522,20.041348,16.587778,18.791985,13.370732,17.764294,13.33685,18.430286,21.286339,20.898516,18.740564,18.570452,15.730836,16.898195,14.11483,17.815844
17,23.420408,20.561804,17.967558,16.23526,11.8526325,10.394193,6.387319,6.3416257,5.270818,6.783251,10.744884,12.051515,13.751374,13.6840315,10.227214,6.351902,5.0842147,0.0,5.3713346,7.460978,10.3651705,12.464989,13.5941105,17.168337,13.366621,19.665733,15.729663,15.956971,11.500048,14.23894,9.058621,14.433124,13.685121,18.351189,18.234129,20.606802,24.057123,24.089422,22.093937,19.217724,14.333602,14.824419,10.76003,11.516809,9.707597,10.446554,12.521299,13.747358,17.167421,16.465164,15.0975065,16.487947,14.068164,17.55754,18.320097,20.775928,22.652378,23.152067,21.717888,22.713423,23.415789,18.853159,17.984709,14.142284,15.786194,12.090439,17.041136,14.827028,18.097555,17.078918,13.138723,12.763169,8.358245,8.3945,6.020259,3.9359696,6.5878997,7.425462,11.419091,13.831253,17.575289,18.946053,16.123816,19.946396,19.619465,15.016261,14.384779,10.231717,13.115144,8.192262,12.404888,13.623452,16.628742,19.874996,21.504883,23.170507,22.942661,20.835304,20.422773,15.352365,15.613651,12.551905,15.385242,10.508949,15.542108,12.227376,17.832708,21.040413,20.161705,17.432459,17.558142,13.324539,14.632786,11.536295,14.653784
18,21.555254,19.584618,16.139519,15.802462,11.646552,8.704044,7.373436,4.082903,6.798503,6.9287086,12.466239,12.728497,15.5166645,16.41861,12.503764,9.81102,4.9919596,5.3713346,0.0,5.887604,6.14759,10.403504,11.455599,15.890096,13.708275,19.939754,17.304302,18.577126,14.521834,18.28738,13.691605,19.378315,19.02005,23.56968,23.497532,25.638304,29.178614,28.969437,26.831207,24.006668,19.252327,18.856543,15.364974,14.561569,12.353075,11.388269,12.581704,11.949432,16.48808,16.783249,16.178143,18.478104,17.239883,21.047018,22.831423,25.004307,27.40437,27.977873,26.659178,27.886911,28.740023,24.211111,23.109655,19.199764,20.04581,15.886631,20.092838,17.046232,19.399025,17.628862,13.956974,11.709181,8.861209,6.0852833,5.2502766,7.768853,9.380524,11.845131,15.074836,17.993114,21.530296,23.206293,19.906305,23.659954,24.137455,19.720465,19.334394,15.35424,18.09367,12.788749,16.61323,16.711483,19.867779,21.932106,24.432005,27.00718,26.182793,24.054417,22.984509,17.731642,19.059565,15.946291,19.037794,14.455462,19.265684,16.109175,21.295406,24.251366,22.999397,20.500532,19.108263,15.870273,15.815223,12.091376,15.077223
19,16.867355,14.6245575,11.072804,11.1798315,6.7122087,5.5759354,4.543303,6.876238,9.793918,12.026579,17.191753,18.179533,20.547432,20.917213,17.200546,13.693213,10.199449,7.460978,5.887604,0.0,5.8491006,5.1853423,6.509629,10.222892,7.964628,14.276675,11.999026,14.010323,10.526378,15.002575,11.943756,17.589378,19.765404,23.725573,24.506605,27.06189,30.62188,31.025827,28.90632,25.494432,20.73402,20.622555,16.17922,16.31436,12.492385,12.303639,11.746748,11.383445,14.651763,16.33843,15.008205,18.379004,16.516918,20.017933,22.684542,23.519552,27.007637,26.507265,24.929253,26.413504,28.521965,23.87904,21.657398,18.60285,17.623056,13.602983,16.72385,13.786774,14.91592,13.689627,10.711796,8.311246,6.168825,5.9988666,7.4751873,9.040478,12.541775,14.513748,18.393663,21.175812,24.88077,26.316374,23.54298,27.241213,26.746576,22.06429,20.711487,16.809319,17.866892,11.54542,13.997827,12.623846,15.53292,16.648476,19.839722,23.135805,22.173222,20.542229,19.255419,14.510436,17.006683,14.877705,18.855928,15.539343,20.621422,18.761286,24.13168,27.293606,25.531746,22.595655,21.055828,16.764772,16.130905,11.816682,13.187331
20,16.35524,15.165586,11.531275,12.140088,9.150344,5.1995645,7.9127436,5.6022425,10.081291,11.537352,17.022755,17.839201,20.669888,22.083267,18.265358,15.389378,10.947844,10.3651705,6.14759,5.8491006,0.0,6.8885264,9.350664,13.051242,12.721633,18.638075,17.218449,19.621475,16.166779,20.38307,17.113108,22.255209,23.61232,27.250471,28.288517,29.997025,34.00259,34.217583,32.42251,29.54119,24.679333,24.629484,20.647785,20.247332,17.192976,16.18484,15.966891,14.264188,18.551647,20.406641,19.743093,23.020937,21.719177,25.403646,27.752842,29.101898,32.165386,31.948519,30.277866,31.393541,33.132027,28.322985,26.657375,23.589016,23.28634,19.289616,22.568937,19.510952,20.3342,18.78586,16.016552,12.60592,11.470989,8.950594,10.353314,13.051851,15.423311,17.587292,21.099998,23.727385,27.369192,28.769075,25.135063,28.532347,28.960552,24.507994,23.43833,19.841871,21.21368,15.4656725,18.37477,17.205145,20.623386,21.136398,24.11049,27.785902,25.928612,23.804968,21.955982,16.945974,19.584993,16.96176,20.51761,17.223751,21.786877,20.043926,24.805815,27.627563,25.45974,22.882772,19.921667,17.060345,15.321768,11.11288,12.791621
21,11.916863,10.222178,6.018342,7.992014,5.0066695,5.2356243,7.5734096,10.395689,13.836778,16.49658,21.714943,22.932484,25.36646,25.962307,22.257751,18.686077,15.135383,12.464989,10.403504,5.1853423,6.8885264,0.0,4.503583,6.348145,6.7130923,12.048495,11.450562,14.619925,12.319169,16.901293,15.432613,20.311205,23.92848,27.165028,28.702898,31.070503,34.83044,35.566063,33.626427,30.108635,25.391884,25.429747,20.778189,21.112213,16.84531,16.598223,14.96639,13.895025,16.422407,19.395014,18.04263,22.08392,20.281796,23.483566,26.666319,26.651178,30.744984,29.537867,27.750015,29.227076,32.13448,27.43064,24.661104,22.409048,20.300383,16.700808,18.557024,15.816519,15.182595,14.355294,12.708648,9.6560335,9.718425,9.856971,12.30221,14.061777,17.698784,19.56289,23.533157,26.181747,29.927755,31.209097,28.345701,31.851198,31.205608,26.520576,24.697517,21.117748,21.110426,14.767113,16.031195,13.305811,16.001,15.278869,19.149035,23.461554,21.755548,20.427824,18.527376,14.488146,18.19435,16.831522,21.098995,18.925861,23.734137,22.864363,27.95745,31.045902,28.721094,25.716206,23.318327,19.181772,17.484661,13.089098,12.860868
22,14.444549,13.270189,8.610316,11.874856,8.760733,9.364153,10.262681,12.9179325,16.280066,18.197313,23.52558,24.009548,26.615631,26.800697,23.01676,19.77829,15.868344,13.5941105,11.455599,6.509629,9.350664,4.503583,0.0,5.270701,6.4725575,10.30619,10.79803,13.905488,12.333281,17.313839,15.853498,21.478882,24.912462,28.851568,29.570965,32.688274,35.905266,36.38201,33.870472,29.963448,25.520166,24.668297,20.380802,19.900154,15.276323,14.545069,11.963909,10.524457,12.419125,16.05357,14.950689,19.454271,18.396503,21.558159,25.67794,25.28685,29.906626,28.938747,27.598877,29.696005,32.544895,28.212055,25.129835,22.36734,19.652199,15.77476,16.858696,13.522011,12.478673,10.871739,9.731063,5.961095,8.027083,8.321528,11.5338745,14.019147,17.447262,19.976473,23.6036,26.789816,30.360128,32.01652,29.680174,33.510513,32.760986,28.046959,26.553316,22.628521,23.152319,16.673742,17.822517,14.981148,16.719084,16.020557,20.622126,24.6686,23.8713,23.072037,21.54973,17.84749,21.313206,20.042868,24.322718,21.66082,26.715588,25.150831,30.557377,33.74541,31.870008,28.863012,27.023857,22.685171,21.499964,17.083185,17.183226
23,11.234099,9.977397,6.1979017,10.072675,8.720341,11.211303,12.476576,16.487202,19.49921,22.217861,27.297127,28.373808,30.695072,30.761175,27.149412,23.513302,20.286821,17.168337,15.890096,10.222892,13.051242,6.348145,5.270701,0.0,5.459672,6.7192955,8.913441,12.757378,12.565792,17.046585,17.339891,21.841562,26.84415,29.923971,31.451641,34.467354,37.77164,38.737385,36.511204,32.498127,28.16064,27.861336,23.173328,23.579935,18.693684,18.706245,15.838875,15.068139,15.565034,19.575954,17.976084,22.54811,20.88526,23.45681,27.609262,26.28278,31.335155,29.447842,27.826067,29.819717,33.558937,29.251556,25.603405,23.923012,20.156784,17.125813,16.98993,14.5676985,11.883197,11.677484,11.991286,9.688065,11.672796,13.297532,16.198067,17.657614,21.560183,23.454718,27.357733,30.160463,33.799076,35.138844,32.96185,36.582333,35.305943,30.592422,28.498072,24.963348,24.270084,18.006102,17.84673,13.986958,15.114442,12.734637,17.80789,22.507507,21.351034,21.105663,19.38599,16.825417,20.944296,20.617504,25.043951,23.518444,28.316988,27.742971,32.97517,36.177807,33.92618,30.762545,28.807034,24.166204,22.641647,18.463505,17.307116
24,14.504478,11.682137,9.112734,9.700249,6.686399,10.000617,9.017202,14.287336,16.247541,19.28814,23.831327,25.242718,27.116127,26.759356,23.425545,19.549799,17.333654,13.366621,13.708275,7.964628,12.721633,6.7130923,6.4725575,5.459672,0.0,6.6849356,4.761212,8.141491,7.141596,11.71685,11.981454,16.451515,21.557816,24.640066,26.105923,29.260416,32.428455,33.495266,31.362747,27.368273,23.071272,23.210148,18.2764,19.473375,14.676082,15.611226,13.474302,14.144517,14.580376,17.396376,15.172198,19.14725,16.597143,19.069784,22.612461,21.48141,26.225971,24.307783,22.572102,24.469007,28.112785,23.794664,20.177742,18.570936,14.992541,12.055724,12.616528,10.620985,9.303663,9.817155,9.030803,8.486862,8.326027,11.507291,13.462992,13.51882,17.736816,18.994629,23.015196,25.514267,29.13234,30.299124,28.44975,32.030453,30.36793,25.687096,23.4932,20.019264,19.1866,13.011784,12.703715,9.133961,10.380689,9.734172,14.260511,18.257658,17.732903,17.361612,16.247513,13.348825,16.780487,16.47099,20.837357,19.191484,24.039219,23.38988,28.711298,31.998346,30.052786,26.811487,25.78017,20.588737,19.94169,15.97134,15.336743
25,15.84968,13.832576,11.959958,13.962253,12.621203,16.205702,15.691242,20.86859,22.897093,25.78956,30.30174,31.480606,33.345757,32.652718,29.41103,25.67674,23.485865,19.665733,19.939754,14.276675,18.638075,12.048495,10.30619,6.7192955,6.6849356,0.0,5.612028,8.822962,11.049302,14.510565,16.59372,20.226862,26.281918,29.101757,30.46705,34.13107,36.77469,38.006145,35.61759,31.254519,27.509607,27.215979,22.592419,23.611713,18.599453,19.514326,16.354513,17.0473,15.47389,19.164541,16.935146,21.19365,19.107378,20.680462,25.179203,22.58944,28.254562,25.66325,24.238924,26.668581,31.06124,27.359049,23.010183,22.086746,16.937134,15.023481,12.88251,11.638908,7.3599296,9.073861,11.070004,11.387098,13.142062,16.521204,18.87345,19.0903,23.13421,24.514563,28.258564,30.879143,34.2905,35.524258,34.276157,37.89882,35.79268,31.215282,28.902449,25.597765,24.278086,18.641186,17.160757,13.028795,12.108428,9.283518,14.874582,18.986805,19.193537,20.065445,19.184347,17.955738,21.55211,22.099398,26.377216,25.312607,29.978895,29.56906,34.86654,38.175987,36.27833,32.98558,32.1243,26.795923,26.083765,22.280909,20.97247
26,17.509935,14.317856,12.948163,12.672096,10.354466,14.162409,12.152196,17.956532,19.04428,22.209938,26.139101,27.718042,29.15187,28.226961,25.283718,21.363768,20.148106,15.729663,17.304302,11.999026,17.218449,11.450562,10.79803,8.913441,4.761212,5.612028,0.0,3.9484024,5.649661,8.991472,11.279291,14.626153,20.82174,23.493608,24.988276,28.5628,31.249561,32.607666,30.466244,26.259617,22.447895,22.811306,17.886791,19.831,15.101925,16.898521,14.763455,16.532804,15.595089,17.933432,15.182717,18.681505,15.53772,17.121561,20.65938,18.528429,23.67231,21.04914,19.321125,21.469702,25.74127,21.851107,17.617792,16.86366,12.060966,10.321615,9.300579,8.7572775,6.8240333,9.15325,9.37791,10.982458,10.532495,14.783098,16.18747,15.090127,19.310005,19.952084,23.819746,26.012922,29.429918,30.414963,29.29767,32.778675,30.417664,25.90707,23.466408,20.330936,18.78856,13.4165535,11.71151,7.9111576,7.0645924,6.6296196,11.35913,14.806924,15.420718,15.935275,15.578592,13.932713,16.800356,17.335058,21.448668,20.375383,24.943708,24.591389,29.822603,33.142742,31.444983,28.140425,27.97064,22.346762,22.323238,18.84156,17.98103
27,21.228798,17.771173,16.689594,15.655643,13.0520315,16.631268,13.576085,19.385536,19.643156,22.675673,25.964964,27.581942,28.608606,27.19742,24.647913,20.834745,20.538443,15.956971,18.577126,14.010323,19.621475,14.619925,13.905488,12.757378,8.141491,8.822962,3.9484024,0.0,4.570755,6.1022186,9.42758,12.070409,18.43286,21.078936,22.234394,26.199324,28.416615,29.853586,27.657825,23.360233,19.952175,20.503458,15.718122,18.281996,13.95809,16.491589,14.901035,17.613956,16.201082,17.51215,14.42771,17.073095,13.322553,14.249667,17.394407,14.87731,20.037203,17.16892,15.508494,17.899855,22.269457,18.729477,14.236829,13.81278,8.415551,7.7089434,6.096055,7.1609845,6.792626,9.730027,9.68301,12.710922,11.368987,16.120056,16.79271,14.671078,18.66064,18.73971,22.349043,24.261314,27.450699,28.321661,27.82071,31.233772,28.426075,24.11344,21.701626,18.783669,17.135221,12.6138315,10.404574,7.6707296,5.311078,7.500151,10.792667,12.740376,14.717525,15.527554,16.004486,14.703635,16.51383,17.246393,20.946043,19.86913,24.21574,23.727703,28.880444,32.19946,30.915516,27.6493,28.377918,22.538843,23.277477,20.197376,19.730572
28,20.647476,17.03204,15.581681,13.875238,10.39782,13.299902,9.504314,15.167131,15.12087,18.176249,21.42977,23.173698,24.211061,23.016537,20.367708,16.423662,16.24582,11.500048,14.521834,10.526378,16.166779,12.319169,12.333281,12.565792,7.141596,11.049302,5.649661,4.570755,0.0,5.026264,5.6320314,9.871426,15.241407,18.397968,19.514582,23.15181,25.842829,27.07194,24.994814,20.947433,16.943846,17.792217,12.636563,15.359064,11.210791,13.8061905,13.09415,15.74338,15.6817465,16.424559,13.494444,15.918048,11.930756,13.818196,16.17037,15.20966,19.4468,17.427238,15.583182,17.478624,20.999119,16.828764,13.097776,11.668692,8.21625,5.908734,7.914727,7.5955215,9.281413,10.76033,8.881463,11.281226,8.451776,13.000489,13.132441,10.574098,14.741857,14.688898,18.585632,20.485437,23.898111,24.7849,23.778492,27.252562,24.829454,20.329685,18.048988,14.805494,13.74589,8.460448,7.5165715,5.7795134,6.185836,9.659505,12.098732,14.004878,15.121819,14.805335,15.058066,12.34438,13.8007,13.681462,17.461222,15.6877575,20.311874,19.452818,24.753279,28.101294,26.830435,23.587961,24.267233,18.506926,19.444815,16.313894,16.535957
29,24.034534,20.032438,19.579367,16.809092,14.047976,17.066374,12.928773,18.470642,17.333126,20.553524,22.698458,24.934559,25.25086,23.61212,21.685286,17.80889,19.11021,14.23894,18.28738,15.002575,20.38307,16.901293,17.313839,17.046585,11.71685,14.510565,8.991472,6.1022186,5.026264,0.0,5.7969065,5.981934,13.024262,15.018975,16.690657,20.314674,22.700686,24.458855,22.860659,19.015644,15.589762,17.565504,12.586853,16.719563,13.613866,16.961636,16.930935,20.153141,19.696505,19.623552,16.496586,17.747185,12.991403,13.704169,14.413815,13.073517,16.644537,13.715553,11.313751,12.785187,16.993536,13.000326,8.75847,9.287158,5.7446213,6.6228023,8.269896,10.202483,12.272597,14.528965,13.017737,16.100609,12.982104,17.472218,16.922207,13.197617,16.858183,15.536478,19.122187,20.074408,23.1887,23.525442,23.189398,26.212873,22.983767,18.893167,16.16988,13.868561,11.504068,8.512508,5.6251874,5.8620663,4.5327325,10.072447,10.203376,10.144111,12.531554,12.602199,13.951005,12.439227,12.458151,13.245201,16.216738,15.426287,19.229767,19.070452,23.843752,27.08232,26.054186,22.867405,24.587868,18.66098,20.365324,18.15828,18.246023
30,24.801132,21.072098,19.622557,17.121384,13.269824,14.857484,9.970019,14.305341,12.723502,15.293786,17.386255,19.267212,19.706963,18.091387,15.964529,12.170601,13.657835,9.058621,13.691605,11.943756,17.113108,15.432613,15.853498,17.339891,11.981454,16.59372,11.279291,9.42758,5.6320314,5.7969065,0.0,6.794939,9.780786,13.848613,14.19319,17.970028,20.59249,21.596798,19.576757,15.782813,11.516135,13.151717,7.819736,11.777992,9.159881,12.482341,13.586759,16.803211,17.517437,16.597317,13.856353,14.669739,10.121691,12.1225605,12.472596,13.34289,15.969761,14.982089,13.191104,14.606204,16.794167,12.37019,9.80663,7.086802,7.146241,4.989687,9.951354,9.941383,13.636066,14.402541,11.415869,13.974503,9.710988,13.496414,12.069892,7.6910105,11.151659,9.848056,13.638403,15.043166,18.414469,19.172482,18.393616,21.86515,19.347963,14.887276,12.957178,9.535592,9.596963,5.423774,6.4929423,8.384965,9.559972,14.421371,15.181029,15.4645815,16.970678,15.932561,16.757587,13.417425,12.972567,11.967665,14.838647,12.069496,16.530504,14.8399725,20.149782,23.491343,22.871454,19.805674,21.637913,16.011831,18.154678,15.728732,17.15841
31,27.564682,23.35877,23.321486,19.47465,16.831814,18.981167,14.434126,18.935505,16.431913,19.553576,20.232527,23.082256,22.570126,20.777464,19.691803,16.042046,19.002487,14.433124,19.378315,17.589378,22.255209,20.311205,21.478882,21.841562,16.451515,20.226862,14.626153,12.070409,9.871426,5.981934,6.794939,0.0,8.384694,9.063782,11.704085,14.582657,17.332539,19.4901,18.792625,15.81544,12.535409,16.222416,11.679508,16.935732,15.426558,19.010384,20.234285,23.56774,23.900917,22.862638,19.955688,20.06508,15.08232,15.627141,13.692181,14.097833,15.252455,12.830603,9.899621,9.505563,12.811266,8.078476,5.4024453,7.3976107,8.3589,9.882726,13.1302595,14.992591,17.979092,19.79244,17.538853,20.352499,16.337,20.1033,18.578026,13.879802,16.665976,13.879354,17.100176,16.744055,19.640726,19.254965,19.051008,21.474152,17.78973,14.102986,10.973252,9.8801565,6.4154305,7.187344,5.0373244,8.910521,9.294675,14.807701,12.979285,11.19297,13.254407,12.311251,14.317744,12.648536,10.335225,10.896428,12.402604,11.997984,14.748143,15.023831,19.096838,22.165442,21.498148,18.511518,21.445055,15.770541,18.57392,17.544943,18.29398
32,33.04827,29.128073,28.238209,24.691538,21.26582,21.806904,16.939232,19.001524,15.321758,16.73373,15.431258,17.835499,16.37955,13.85306,14.030184,11.725727,16.515036,13.685121,19.02005,19.765404,23.61232,23.92848,24.912462,26.84415,21.557816,26.281918,20.82174,18.43286,15.241407,13.024262,9.780786,8.384694,0.0,6.557753,4.787613,8.568887,11.003087,12.075111,11.206274,9.150066,5.652389,10.8660145,8.259545,13.444127,14.583556,17.851997,20.704014,24.106434,25.314577,22.751852,20.541504,19.061338,14.832972,15.654884,11.419667,15.064982,13.36383,14.058254,12.497031,11.802498,10.445395,6.170944,8.56891,6.630521,12.497199,12.832104,17.568077,18.43465,22.824457,23.484951,20.267494,22.812885,18.172146,20.6467,17.863241,12.774373,13.278226,9.147627,10.75767,9.002862,11.472596,10.878482,11.3782835,13.923824,10.245467,6.6842694,5.568178,4.8250146,6.783656,9.969197,11.671735,15.928783,17.095158,22.57621,21.277739,19.367445,21.223114,19.595419,21.279842,18.371428,15.212224,13.796371,13.668788,10.840863,12.733444,10.383722,14.122516,17.022602,17.987112,15.714553,20.205463,15.751283,19.73099,19.291613,21.686491
33,34.51872,30.324074,30.51994,25.998566,23.53791,24.510317,20.06724,22.587175,18.692316,20.924273,19.069979,22.422613,20.516037,18.56237,19.191284,16.743345,21.597528,18.351189,23.56968,23.725573,27.250471,27.165028,28.851568,29.923971,24.640066,29.101757,23.493608,21.078936,18.397968,15.018975,13.848613,9.063782,6.557753,0.0,6.589154,6.0934577,9.771542,12.6979475,14.195722,13.682284,11.744636,17.183004,14.635377,19.965843,20.624245,23.991344,26.465918,29.75626,30.859676,28.776922,26.312304,25.149899,20.577122,20.889826,16.289673,18.83463,16.616985,15.839389,13.448514,10.659671,9.991117,6.038248,9.40132,11.290731,15.843086,17.3327,21.286676,22.938765,26.631435,27.985441,25.156126,27.661316,23.099771,25.819782,23.339941,18.314198,19.35744,15.173047,16.874596,14.199193,16.03472,14.162785,14.469426,15.255415,10.70372,8.946302,5.9565983,8.8551855,6.288418,12.403333,12.5105715,17.063828,18.155182,23.411774,20.568697,17.744781,19.15999,17.386364,19.589678,17.923185,13.620354,13.35255,11.651873,11.685844,11.248998,11.969552,13.626759,15.964258,16.496021,14.441238,19.602541,15.5053005,19.656477,20.420767,22.089073
34,37.68923,33.69375,32.961975,29.291012,25.993658,26.561779,21.719252,23.531263,19.653334,20.613554,18.353449,20.514894,18.39261,15.429268,16.69838,15.364496,20.536743,18.234129,23.497532,24.506605,28.288517,28.702898,29.570965,31.451641,26.105923,30.46705,24.988276,22.234394,19.514582,16.690657,14.19319,11.704085,4.787613,6.589154,0.0,6.047983,6.461132,7.8136897,7.8016014,7.2810984,6.691541,12.05498,11.367377,16.141615,18.173853,21.433071,24.48801,28.1034,29.01908,25.947092,23.847952,21.577766,17.618658,17.615541,11.970366,16.001307,12.367193,13.776601,12.742807,11.301467,7.56318,5.4818854,9.947375,9.213163,15.307028,16.50267,20.693024,22.031668,26.55452,27.334095,24.284834,27.145823,22.594084,25.04434,22.107655,17.100111,16.90478,12.720219,12.881721,9.988517,10.878992,9.383622,11.762852,13.261023,8.6412525,7.4145656,7.5438604,8.876817,10.29573,14.625081,15.766059,20.101965,20.77066,26.384474,24.552399,21.725248,24.109076,22.700846,24.775335,22.43269,18.781553,17.724974,16.726152,14.593303,15.110265,13.025765,15.211893,17.479897,19.353642,17.69873,23.07034,19.253153,23.527252,23.605356,25.99273
