,0,1,2,3,4,5,6,7,8,9,10,11,12,13,14,15,16,17,18,19,20,21,22,23,24,25,26,27,28,29,30,31,32,33,34,35,36,37,38,39,40,41,42,43,44,45,46,47,48,49,50,51,52,53,54,55,56,57,58,59,60,61,62,63,64,65,66,67,68,69,70,71,72,73,74,75,76,77,78,79,80,81,82,83,84,85,86,87,88,89,90,91,92,93,94,95,96,97,98,99,100,101,102,103,104,105,106,107,108,109,110,111,112,113,114
0,0.0,4.233147,6.1853395,8.177302,11.790575,12.959184,16.951601,19.395773,22.504108,25.861685,30.504019,32.53127,34.829727,35.994293,32.47886,28.802496,25.721596,23.018633,20.998875,16.635324,15.741734,11.757814,14.440516,12.02251,15.115321,16.930403,18.409687,22.13225,21.273233,24.80741,25.169765,28.22291,33.648735,34.978165,38.03075,39.478336,43.743526,45.1207,43.90305,40.52144,35.77408,36.434902,31.559631,32.093735,28.203632,28.012468,26.235466,24.660183,26.838596,30.563643,29.27312,33.60114,31.713236,34.65222,37.6762,36.980896,41.740818,39.761723,36.85962,38.2293,41.370975,36.462646,33.62594,32.714664,29.732735,27.111814,27.71323,26.556654,23.271786,22.899181,22.651583,19.71276,20.87969,21.096567,23.646954,25.112417,28.792465,30.121552,34.248627,36.319695,40.14052,41.036304,37.773533,40.767887,40.202984,35.73271,33.24166,30.820147,29.161407,23.88027,23.496872,19.370514,20.690508,15.646434,22.320671,26.34355,26.026121,21.908045,25.9235,19.446804,22.696398,21.158035,24.891153,23.98175,28.195976,28.557411,32.943794,35.864834,32.816174,30.019747,26.23714,23.14608,19.846163,16.51525,13.847538
1,4.233147,0.0,5.073768,4.7977853,8.738362,11.080906,14.182188,17.731548,20.31822,24.04403,28.440304,30.750847,32.77714,33.601467,30.230377,26.306604,23.806875,20.474333,19.337364,14.489093,14.884964,9.986387,13.012575,10.126551,11.984077,14.173047,14.852678,18.40686,17.592546,20.813875,21.561636,24.230162,30.024643,31.170418,34.385307,35.895363,40.0841,41.622704,40.473595,37.056835,32.400223,33.33186,28.29203,29.35746,25.38805,25.683863,24.044582,23.129524,24.991903,28.418653,26.774254,30.920568,28.587366,31.34757,34.109562,33.280975,38.01541,35.80916,32.855396,34.12231,37.43541,32.542862,29.60374,28.998432,25.911446,23.58134,24.155092,23.389784,20.249498,20.343355,19.98938,17.712105,18.314297,19.345915,21.6164,22.369581,26.310892,27.259981,31.505064,33.391327,37.211178,37.98443,34.998585,37.984272,37.029396,32.54481,29.87905,27.54734,25.498983,20.338522,19.55012,15.352395,16.562382,11.554985,18.236147,22.23703,21.912182,17.719393,21.717857,15.338827,18.747198,17.41414,21.322819,20.708042,25.002008,25.61749,30.102482,33.148285,30.2801,27.325287,24.186003,20.42023,17.579048,14.229388,11.269122
2,6.1853395,5.073768,0.0,6.028324,7.1714597,8.734983,12.154824,15.116712,18.414165,21.5103,26.452242,28.062805,30.470089,31.269503,27.632864,24.002024,20.685606,17.884842,15.904762,10.983602,11.29377,5.8746586,8.3558035,6.4562435,9.491433,12.3649025,13.482002,17.24092,16.065598,20.20374,20.016253,23.934196,29.008999,31.18148,33.465046,35.57066,39.442043,40.54234,38.87618,35.262417,30.562181,30.748808,26.019444,26.156292,22.20303,21.909582,20.050255,18.591845,20.802294,24.393732,23.126505,27.466127,25.78191,28.838324,32.15718,31.611084,36.391014,34.8496,32.134666,33.978214,36.792297,32.05436,29.147924,27.575695,24.625776,21.586882,22.400534,20.82234,17.903913,17.132042,16.59217,13.548699,14.811757,15.170986,17.871653,19.525663,23.230677,24.892036,28.920866,31.352669,35.111843,36.2921,33.37863,36.733364,36.099567,31.493025,29.338774,26.421848,25.38194,19.50296,19.529192,15.343005,16.71953,12.456906,19.370914,22.616331,23.551313,19.620062,23.236866,17.584215,20.547976,18.52464,22.53834,20.668356,25.500637,24.932863,29.840673,32.950665,30.528477,27.651768,24.796812,20.985186,18.592737,14.539963,12.888265
3,8.177302,4.7977853,6.028324,0.0,4.694981,7.233054,9.78587,13.65373,15.77461,19.729235,23.872387,26.422522,28.251978,29.033257,25.783714,21.773691,19.719542,16.162241,15.60345,11.070643,11.902795,7.785441,11.761081,10.197605,9.973928,14.216316,13.147965,16.252985,14.45724,17.568302,17.633488,20.343912,25.61533,26.811697,29.954391,31.322094,35.596146,37.066708,36.047173,32.830116,28.091887,29.333336,24.272926,25.691187,21.986282,22.534237,21.563524,21.114729,23.40848,26.106636,24.326206,28.044708,25.407465,28.29614,30.48439,30.202517,34.47958,32.484333,29.405653,30.543203,33.438923,28.451513,25.889734,25.113098,22.753756,20.315762,21.790277,21.11074,18.929413,19.000196,17.766855,15.831859,15.279144,16.42347,18.122967,18.33289,22.244942,22.857414,27.143349,28.814766,32.648407,33.322647,30.257683,33.195396,32.27655,27.808918,25.177505,22.866785,20.986296,15.823845,15.479336,11.639478,13.738269,10.129732,16.790905,20.133524,20.369547,15.767959,18.77769,12.552503,15.152593,13.1871195,17.059181,15.985447,20.400085,20.821608,25.35436,28.431515,25.707438,22.728418,19.939953,15.872641,13.405448,9.807739,7.2901225
4,11.790575,8.738362,7.1714597,4.694981,0.0,4.4195056,5.532311,10.220805,12.3707695,16.085932,20.46433,22.654417,24.570587,25.076355,21.712774,17.729845,15.526648,11.797279,11.501168,6.618449,8.99086,4.842766,8.768806,8.749959,6.874646,12.756915,10.698075,13.498313,10.882192,14.616181,13.68958,17.426655,22.064379,24.143757,26.490671,28.413593,32.37335,33.534992,32.134552,28.769075,23.99029,24.866835,19.91723,21.034575,17.377827,17.889593,17.174698,17.000208,19.511017,21.765268,20.006409,23.562414,21.043413,24.134167,26.420837,26.505106,30.647903,29.161547,26.221508,27.770014,30.18803,25.317924,22.848701,21.303318,19.289915,16.339739,18.428368,17.353205,15.963355,15.639618,13.732164,11.931741,10.735032,12.027812,13.537955,13.725262,17.671782,18.532291,22.7669,24.746443,28.553677,29.484953,26.637291,29.899984,29.024906,24.42875,22.17683,19.349485,18.264307,12.408328,12.84712,9.208109,11.752451,9.805759,16.139053,18.448767,19.968777,15.656546,17.870806,12.849477,14.685659,12.037617,15.969415,13.628914,18.643597,17.96703,22.984072,26.194605,24.085846,21.11628,19.224138,14.69752,13.324873,9.228464,8.595719
5,12.959184,11.080906,8.734983,7.233054,4.4195056,0.0,5.0244527,6.664159,9.768062,13.046215,17.79922,19.734339,21.974646,23.056787,19.522865,15.91635,12.959688,10.376874,8.640756,5.629034,5.138531,5.231173,9.413854,11.259929,10.169266,16.341969,14.443478,16.990454,13.712499,17.537321,15.254815,19.527302,22.680157,25.125011,27.000404,28.646505,32.741615,33.518353,32.14212,29.110704,24.168583,24.873226,20.33679,20.812786,17.735193,17.585615,17.492798,16.69726,20.273344,22.137205,20.867819,24.168646,22.151,25.614983,27.665565,28.55706,32.164997,31.304794,28.401894,29.944937,31.588108,26.724216,24.908226,22.694199,21.720572,18.301023,21.226458,19.642782,18.949032,17.905064,15.363043,12.790421,11.333937,10.840949,12.104951,13.176287,16.430883,17.666174,21.662554,23.74177,27.53588,28.585716,25.169672,28.41486,28.293705,23.79335,21.995544,19.04623,19.03859,13.273474,15.041389,12.345609,15.447249,14.195692,20.326176,22.222706,24.009342,19.60024,21.097584,16.22136,17.132729,13.787812,17.045864,13.646671,18.476604,16.937521,21.808538,24.816307,22.644379,19.966087,17.438847,13.862637,12.224955,7.8613434,8.85716
6,16.951601,14.182188,12.154824,9.78587,5.532311,5.0244527,0.0,6.1931453,7.357006,10.998529,15.208943,17.376265,19.158577,19.546858,16.212843,12.197708,10.427022,6.3852754,7.3418875,4.56199,7.8352437,7.5529013,10.46377,12.462359,9.077253,15.758908,12.349792,13.895406,9.903436,13.339523,10.384847,14.860773,17.74925,20.545124,22.114887,24.13064,27.985973,28.783216,27.310812,24.187983,19.26983,20.241459,15.514974,16.703732,13.726322,14.367978,14.928644,15.365282,18.500174,19.4582,17.775124,20.493546,17.904413,21.256973,22.813602,23.935242,27.266758,26.48245,23.582941,25.175287,26.61577,21.814175,20.094112,17.715153,17.207224,13.8669815,17.466455,16.225193,16.589104,15.91605,12.766258,11.597759,8.459689,9.375405,9.496294,8.891205,12.581463,13.225084,17.432905,19.381021,23.19468,24.205904,21.262674,24.677008,24.062708,19.448872,17.663351,14.46918,14.5964985,8.502582,10.765928,8.889716,12.280228,13.001002,17.954437,18.871756,21.365244,17.299335,17.822014,14.317232,14.448661,10.937785,14.080909,10.074866,15.312437,13.30405,18.59322,21.812683,20.31539,17.514528,16.608198,12.067733,12.113952,8.372656,10.094507
7,19.395773,17.731548,15.116712,13.65373,10.220805,6.664159,6.1931453,0.0,4.4734416,6.4930296,11.608463,13.140544,15.578912,17.024157,13.413329,10.383549,7.043304,6.3953676,4.1029534,6.9064226,5.477387,10.346648,12.966772,16.394863,14.306464,20.896973,18.103811,19.62528,15.466625,18.816734,14.670327,19.378881,19.970863,23.194794,23.927834,25.476469,29.379396,29.52813,28.092093,25.580315,20.638302,21.21352,17.492338,17.469515,15.678187,15.171349,16.627413,16.115337,20.5226,20.914333,20.059914,22.291595,20.647137,24.353983,25.584766,27.759562,30.274218,30.402786,27.675995,29.234818,29.560995,24.977222,24.213682,21.031145,21.860945,18.140865,22.385427,20.52833,21.476927,19.972006,16.41267,14.301429,11.474185,9.542792,8.952762,10.04791,11.860374,13.1961775,16.647566,18.73283,22.37926,23.60184,19.78286,23.128399,23.82522,19.548126,18.676363,15.471639,17.368776,12.244229,15.771005,14.84784,18.371428,19.05453,24.136509,24.822378,27.43901,23.292435,23.298203,19.8068,19.19696,15.260289,17.29899,12.299608,16.639309,13.236723,17.954124,20.701603,19.261189,17.105793,15.402215,12.78734,12.625093,9.353014,12.614886
8,22.504108,20.31822,18.414165,15.77461,12.3707695,9.768062,7.357006,4.4734416,0.0,4.598883,8.145871,10.926334,12.503811,13.762714,10.646597,7.168802,6.6008596,5.3816047,6.8099203,9.780399,9.909761,13.748751,16.37767,19.39879,16.237562,22.912142,19.179144,19.919006,15.461413,17.735432,13.196268,17.00522,16.495195,19.410217,20.201748,21.273281,25.346529,25.555586,24.552036,22.495848,17.589815,19.061172,15.427035,16.51759,15.420939,15.731638,18.010164,18.475397,22.474234,22.009575,20.841341,22.234074,19.974892,23.417356,23.51657,26.210754,27.98067,28.124636,25.295008,26.407337,26.27085,21.69496,21.608885,18.657518,20.564262,17.366117,22.200638,20.943348,22.648958,21.635632,17.81554,16.790163,12.972255,12.083583,10.27921,9.248336,10.600717,10.483208,13.969522,15.233904,18.926468,19.76011,15.753318,18.913036,19.507217,15.302232,14.434316,11.50899,13.775741,9.738348,13.845489,14.238673,17.980507,19.870356,23.979328,24.086134,26.702877,22.674438,21.60252,19.019434,17.364666,13.355465,14.462296,8.992802,12.803946,8.84688,13.549507,16.344948,15.237936,13.139287,12.623884,9.930464,11.2072735,9.20764,13.027253
9,25.861685,24.04403,21.5103,19.729235,16.085932,13.046215,10.998529,6.4930296,4.598883,0.0,5.6105995,6.72699,9.125472,10.909544,7.4435096,5.689081,4.08127,6.7545013,6.91015,11.9647455,11.388532,16.39849,18.23223,22.03632,19.180214,25.713606,22.214766,22.767149,18.304409,20.709574,15.498403,19.79429,17.641085,21.39467,20.869802,22.20014,25.723156,25.219172,23.84456,22.08812,17.449186,18.115702,15.61856,15.470414,15.429206,14.999318,17.932,18.142721,22.561155,21.410288,20.823229,21.640097,20.213411,23.779224,23.823736,27.20726,28.405968,29.43488,26.9664,28.371403,27.349096,23.280703,23.687983,19.895115,22.538153,19.050673,24.153307,22.417727,24.715738,23.176765,19.132296,17.97184,14.321058,12.287064,9.810118,9.730368,9.12483,9.80984,12.11131,13.815751,17.131897,18.43015,14.2717495,17.658468,19.202658,15.421719,15.751598,12.629861,16.453972,12.994414,17.444223,18.130299,21.633383,23.769394,27.741825,27.38405,30.527458,26.778347,25.488008,23.424417,21.638237,17.692623,18.43097,12.788923,15.851339,10.755672,14.699425,16.97168,16.725403,15.350378,15.29329,13.773822,15.238405,13.502237,17.421255
10,30.504019,28.440304,26.452242,23.872387,20.46433,17.79922,15.208943,11.608463,8.145871,5.6105995,0.0,4.847028,4.767072,7.193401,5.643456,5.7421527,8.55509,10.59175,12.38873,17.029654,16.81983,21.522053,23.504692,27.026356,23.593111,30.09611,25.990585,25.910696,21.407228,22.685516,17.433727,20.345982,16.249567,19.412893,18.517609,18.838741,22.352386,21.58997,20.955584,20.313635,16.20048,17.873178,16.25132,17.092957,18.14203,18.358875,21.903202,22.78465,26.81669,24.868273,24.146624,23.954231,22.170273,25.266901,23.853655,27.973066,27.955833,29.242838,26.828154,27.604588,25.636335,21.954872,23.507536,20.06544,24.04601,21.287327,26.741308,25.57819,28.49701,27.347809,23.218204,22.80957,18.697622,17.342554,14.370604,12.827455,11.243133,10.012852,11.058889,11.037147,13.876605,14.54258,9.655336,12.471618,14.806872,11.844959,12.98919,10.930445,15.52705,14.3278885,18.828793,20.713186,24.21857,27.215874,30.296097,29.404884,32.425617,28.87694,26.519411,25.40234,22.634647,18.940218,18.388977,13.102351,14.311802,8.763881,10.923436,12.506241,13.270735,12.777241,14.291049,13.914671,16.478518,16.174488,20.254164
11,32.53127,30.750847,28.062805,26.422522,22.654417,19.734339,17.376265,13.140544,10.926334,6.72699,4.847028,0.0,3.702551,6.364171,4.2987843,7.158123,8.064516,11.941603,12.601775,18.015541,17.577347,22.737719,23.954554,28.072031,25.020687,31.301603,27.605795,27.548906,23.15591,24.93247,19.313822,23.119822,18.564386,22.735332,20.615028,21.793957,24.44273,22.984735,21.534948,20.7784,17.04487,17.292143,16.757107,15.962118,17.72375,17.11439,20.901348,21.443981,25.679207,23.300444,23.187971,22.665525,21.895622,25.114988,24.213076,28.625021,28.480944,30.571222,28.581902,29.93604,27.5249,24.358547,25.810728,21.520338,25.512108,22.330936,27.722713,25.980112,29.191402,27.51005,23.34632,22.729488,19.036547,16.85803,13.746382,13.350357,10.471154,10.677399,10.359263,11.50678,13.678845,15.242811,11.137162,14.312987,17.173904,14.603914,16.557375,13.976228,19.214006,17.395798,21.988241,23.556208,26.809683,29.723335,32.95518,31.819342,35.397358,32.078968,30.001535,29.003729,26.607838,22.879993,22.761774,17.264256,18.957628,13.193817,15.395374,16.667938,17.914766,17.60209,18.881468,18.462358,20.6757,19.738047,23.783895
12,34.829727,32.77714,30.470089,28.251978,24.570587,21.974646,19.158577,15.578912,12.503811,9.125472,4.767072,3.702551,0.0,3.951002,4.587275,7.7780824,10.783002,13.684424,15.432036,20.431376,20.457623,25.2279,26.636814,30.463722,26.949245,33.22001,29.09106,28.63794,24.254133,25.308546,19.809647,22.69093,17.153168,20.874292,18.54887,19.13751,21.686209,20.108803,19.18067,19.156126,15.840376,16.908548,16.762638,16.922432,19.087326,19.103117,23.099403,24.177961,28.037626,25.308899,24.93411,23.886864,22.670673,25.515928,23.652527,28.393787,27.529894,29.650827,27.684286,28.611969,25.697807,22.807066,24.90564,20.97794,25.670303,23.027105,28.555222,27.275082,30.790617,29.467556,25.289068,25.204031,21.148361,19.626848,16.316612,14.86413,11.975182,10.828152,9.879098,9.573838,11.310839,12.349981,7.909362,10.721966,13.994873,12.081454,14.537943,12.691945,18.122175,17.585382,22.069786,24.29826,27.511213,30.954826,33.583733,32.129856,35.596672,32.445026,29.749762,29.376068,26.46248,22.963285,22.190035,17.053448,17.787859,12.114619,13.224169,14.041756,16.043467,16.169699,18.488237,18.357101,21.173033,20.902397,24.948383
13,35.994293,33.601467,31.269503,29.033257,25.076355,23.056787,19.546858,17.024157,13.762714,10.909544,7.193401,6.364171,3.951002,0.0,3.9884088,7.3608685,11.457349,13.615009,16.332264,20.798162,21.879133,25.838459,26.867828,30.531218,26.57534,32.516403,28.136786,27.18844,23.003788,23.587975,18.114485,20.725533,14.411729,18.709587,15.438439,16.769056,18.641088,16.813622,15.416397,15.351189,12.377809,13.426606,13.940671,14.424433,17.130518,17.621386,21.82032,23.54861,26.814798,23.584002,23.050194,21.393854,20.036022,22.534525,20.191837,25.185205,23.888956,26.318626,24.602842,25.668447,22.377073,19.9173,22.204985,18.06802,23.205463,20.895452,26.402702,25.34847,29.321825,28.205431,24.084902,24.697626,20.449757,19.612215,16.06423,13.801821,10.573922,8.713363,6.6620483,5.910279,7.459188,8.941272,5.6143208,9.3564825,11.76885,9.872677,12.924025,10.905907,16.729307,16.659748,20.941858,23.561323,26.398138,30.421703,32.344498,30.349237,34.152294,31.46733,28.464472,28.952372,25.971466,22.774288,21.988321,17.037287,17.820799,12.118255,13.467913,14.504995,17.18948,17.08955,20.396938,19.388653,22.667265,22.281492,26.096529
14,32.47886,30.230377,27.632864,25.783714,21.712774,19.522865,16.212843,13.413329,10.646597,7.4435096,5.643456,4.2987843,4.587275,3.9884088,0.0,4.363643,7.489898,10.145183,12.410972,17.069717,18.048147,22.116892,23.063915,26.896772,23.226427,29.264608,25.184793,24.62609,20.343082,21.652245,15.984176,19.616158,14.643711,19.354202,16.725784,18.619915,20.937843,19.54347,17.718105,16.59178,12.770512,13.1511545,12.6647835,12.446015,14.513094,14.588879,18.631111,20.003275,23.611158,20.825132,20.359333,19.404179,18.206985,21.210653,19.959738,24.469648,24.189682,26.322435,24.427452,25.907328,23.42997,20.401468,21.854542,17.398407,21.707493,18.791794,24.265097,22.810587,26.44536,25.070503,20.901672,21.088825,16.98645,15.773315,12.283959,10.602834,7.4192963,6.7201123,6.1549735,7.587349,10.22125,12.052479,8.731141,12.709072,14.521948,11.51934,13.643157,10.637974,16.231606,14.67354,19.158989,21.142633,24.08539,27.630955,30.160976,28.544794,32.40655,29.487314,27.113104,26.917992,24.43768,20.973843,20.879778,15.470293,17.360992,11.434361,14.218484,15.92653,17.68835,17.003778,19.372372,17.857584,20.65908,19.633736,23.428482
15,28.802496,26.306604,24.002024,21.773691,17.729845,15.91635,12.197708,10.383549,7.168802,5.689081,5.7421527,7.158123,7.7780824,7.3608685,4.363643,0.0,5.733963,6.3502226,9.847161,13.660763,15.288168,18.639154,19.959764,23.373999,19.432976,25.611961,21.33547,20.890621,16.484951,17.840555,12.27837,16.026865,12.432031,16.8992,15.450933,17.43003,20.44544,19.85423,18.242146,16.42112,11.822732,12.993955,10.749343,11.720915,12.518627,13.204058,16.81147,18.372637,21.837729,19.710182,18.701567,18.492067,16.459455,19.61271,18.693274,22.549643,23.09045,24.374493,22.071741,23.481445,21.936268,18.195263,19.044645,14.986189,18.668715,15.715305,21.196482,19.99301,23.237682,22.182096,18.039295,18.308287,13.894952,13.406354,10.094746,7.4423923,6.002095,4.5393806,6.9740243,8.42196,12.006305,13.357758,10.039442,14.013422,14.663751,10.647916,11.505906,7.9060082,12.8293295,10.459875,15.010318,16.85206,19.931826,23.403887,26.0411,24.71724,28.344831,25.242449,23.07189,22.587734,20.262297,16.746899,17.011795,11.48238,14.169357,8.443516,12.587404,15.060339,16.058043,14.651073,16.81669,14.329166,17.121359,15.8628435,19.457264
16,25.721596,23.806875,20.685606,19.719542,15.526648,12.959688,10.427022,7.043304,6.6008596,4.08127,8.55509,8.064516,10.783002,11.457349,7.489898,5.733963,0.0,5.066237,4.9874444,10.154461,10.8158,15.072602,15.9641285,20.100624,17.217602,23.421284,20.137907,20.585377,16.300325,19.159607,13.753382,18.992325,17.16835,21.831884,20.611101,23.010298,25.946653,25.286612,23.1444,20.72182,16.111553,15.707025,13.301198,12.081684,11.902516,11.031722,14.035155,14.336493,18.698803,17.382734,16.964437,17.876106,16.917057,20.647902,21.473185,24.667936,26.269354,27.591934,25.399374,27.415434,26.520397,22.683647,22.582014,18.16097,20.355135,16.465586,21.417849,19.249352,21.774849,19.92502,15.82929,14.796343,11.2359705,8.977722,6.056616,6.832919,5.9362693,8.255443,10.584195,13.466521,16.74963,18.630516,15.408024,19.337658,20.376596,16.366232,16.873098,13.0715,17.058952,12.763403,17.062464,17.4058,20.4614,22.694748,26.537664,25.88559,29.602268,26.236616,25.281776,23.588263,22.298977,18.526928,19.872904,14.225342,18.002905,12.8372555,17.360373,19.85667,20.009684,18.390085,18.767927,16.32041,17.784443,15.345997,18.811247
17,23.018633,20.474333,17.884842,16.162241,11.797279,10.376874,6.3852754,6.3953676,5.3816047,6.7545013,10.59175,11.941603,13.684424,13.615009,10.145183,6.3502226,5.066237,0.0,5.3686166,7.4211173,10.270728,12.425801,13.770813,17.030407,13.265425,19.61344,15.741138,16.058336,11.62155,14.361272,9.250461,14.5034895,14.384235,18.619781,18.425737,20.977787,24.241158,24.305328,22.379488,19.456898,14.526475,15.011096,11.097377,11.661913,10.078533,10.591216,12.915842,14.055703,17.577505,16.82823,15.509873,16.94337,14.757359,18.340487,19.210022,21.653687,23.919765,24.334478,21.80622,23.703148,23.729904,19.428654,18.675808,14.889721,16.318224,12.621514,17.518803,15.916294,18.146318,16.978159,12.9589205,12.635579,8.302677,8.261862,5.9081264,3.9616518,6.471641,7.376388,11.294302,13.692019,17.40401,18.84176,16.06171,19.925577,19.762417,15.240324,14.660419,10.737979,13.359735,8.108268,12.154459,12.35723,15.446443,17.955402,21.55318,21.014,24.560703,21.179861,20.326574,18.69644,17.598618,13.987855,15.837214,10.5,15.082445,10.859983,16.177752,19.207417,18.968143,16.704487,17.370087,13.549815,15.178082,12.509254,15.436325
18,20.998875,19.337364,15.904762,15.60345,11.501168,8.640756,7.3418875,4.1029534,6.8099203,6.91015,12.38873,12.601775,15.432036,16.332264,12.410972,9.847161,4.9874444,5.3686166,0.0,5.85058,6.0395145,10.337779,11.489245,15.695983,13.61197,19.87756,17.32271,18.647907,14.618602,18.404182,13.836117,19.470308,19.71174,23.906519,23.661573,26.082699,29.367561,29.168257,27.061626,24.165956,19.368402,18.926853,15.610165,14.422887,12.666576,11.508133,13.028034,12.375783,17.004896,17.147667,16.622532,18.868773,17.882471,21.751379,23.617104,25.83054,28.484634,29.129412,26.749203,28.887484,28.996504,24.769573,23.795887,19.85242,20.550428,16.39109,20.591501,18.169563,19.524765,17.511047,13.771459,11.600123,8.888292,5.973732,5.155234,7.81276,9.248848,11.804093,14.906877,17.827284,21.308378,23.05227,19.830414,23.633814,24.272938,19.952341,19.608871,15.839102,18.453297,12.952565,16.560476,15.590865,18.613821,19.614458,24.419607,24.608482,27.955389,24.290173,24.393982,21.58489,21.224037,17.467087,19.725676,14.512269,19.090364,14.99153,19.964403,22.740442,22.00017,19.922342,19.058828,16.119808,16.450277,13.062961,15.945958
19,16.635324,14.489093,10.983602,11.070643,6.618449,5.629034,4.56199,6.9064226,9.780399,11.9647455,17.029654,18.015541,20.431376,20.798162,17.069717,13.660763,10.154461,7.4211173,5.85058,0.0,5.8543487,5.195852,6.6632075,10.0966,7.9153233,14.258368,12.066349,14.121801,10.656554,15.149909,12.078781,17.6663,20.324835,24.000801,24.67917,27.396086,30.76168,31.17157,29.053337,25.561266,20.769485,20.518114,16.240488,15.835074,12.52863,12.097407,11.881709,11.384272,14.959125,16.519495,15.331783,18.690348,17.109903,20.740538,23.440334,24.374992,28.137655,27.855755,25.339205,27.595732,28.927097,24.46586,22.426538,19.261778,18.175873,14.152842,17.233803,14.989017,15.041983,13.412088,10.320311,7.859086,5.9197755,5.5513663,7.1500454,8.893937,12.285153,14.359832,18.143175,20.959227,24.608007,26.155834,23.464647,27.241135,26.922285,22.30729,21.081017,17.413034,18.338411,12.002501,14.182966,11.778288,14.304516,14.27263,19.611168,20.479666,23.532267,19.891584,21.093985,17.71108,18.508135,15.265086,18.562395,14.420255,19.649324,16.935177,22.302237,25.439196,24.237514,21.614159,20.536337,16.434637,16.165285,12.101376,13.535776
20,15.741734,14.884964,11.29377,11.902795,8.99086,5.138531,7.8352437,5.477387,9.909761,11.388532,16.81983,17.577347,20.457623,21.879133,18.048147,15.288168,10.8158,10.270728,6.0395145,5.8543487,0.0,6.8842487,9.298875,12.983187,12.75564,18.684383,17.34908,19.780092,16.352427,20.60801,17.295412,22.503521,24.319447,27.675175,28.491108,30.469072,34.229946,34.422764,32.617374,29.642014,24.749454,24.577288,20.774883,19.868973,17.316084,16.092793,16.225006,14.480676,18.992699,20.644032,20.111698,23.318472,22.302738,26.089659,28.498758,29.936838,33.283703,33.255123,30.652287,32.611828,33.53593,28.961977,27.468046,24.278923,23.8452,19.832113,23.084845,20.702002,20.516209,18.54764,15.693921,12.272984,11.346458,8.64811,10.108037,12.949186,15.174707,17.446674,20.841415,23.498825,27.093071,28.59125,25.034866,28.518934,29.126015,24.747005,23.741133,20.374056,21.746332,15.933754,18.598463,16.36956,19.34175,18.473179,24.474642,25.861486,28.33094,24.202782,25.446407,21.116732,21.702953,18.10737,20.957943,16.63188,21.317616,18.49167,23.297995,26.079275,24.345116,22.07041,19.563435,16.894318,15.591487,11.551441,13.483603
21,11.757814,9.986387,5.8746586,7.785441,4.842766,5.231173,7.5529013,10.346648,13.748751,16.39849,21.522053,22.737719,25.2279,25.838459,22.116892,18.639154,15.072602,12.425801,10.337779,5.195852,6.8842487,0.0,4.526101,6.3304315,6.834778,12.14549,11.654444,14.846435,12.550791,17.173323,15.635529,20.533653,24.525663,27.531574,28.968164,31.458946,35.053402,35.779522,33.817326,30.20799,25.466307,25.316385,20.826313,20.54884,16.81492,16.328354,14.978773,13.715124,16.653637,19.519997,18.346828,22.392178,20.87975,24.252176,27.455105,27.576874,31.95954,31.080202,28.485535,30.632399,32.729362,28.127062,25.568829,23.135214,20.941034,17.307066,19.12166,17.044165,15.403121,14.002158,12.28032,9.03406,9.457374,9.429711,11.999854,13.919223,17.454042,19.424004,23.301548,25.997046,29.691412,31.103897,28.311125,31.914633,31.463152,26.825455,25.144112,21.79927,21.73516,15.4605665,16.499216,12.925438,14.902502,12.681758,19.087122,21.131266,23.316631,19.48992,21.97658,17.391064,19.344057,16.60212,20.418045,17.323462,22.493795,20.811867,26.020756,29.170652,27.348846,24.569883,22.525877,18.495274,17.081692,12.732978,12.710677
22,14.440516,13.012575,8.3558035,11.761081,8.768806,9.413854,10.46377,12.966772,16.37767,18.23223,23.504692,23.954554,26.636814,26.867828,23.063915,19.959764,15.9641285,13.770813,11.489245,6.6632075,9.298875,4.526101,0.0,5.0663733,6.735497,10.4981985,11.168354,14.290011,12.703649,17.721338,16.216436,21.738626,25.601349,29.326122,29.987408,33.20738,36.2479,36.72128,34.188713,30.213102,25.744923,24.678331,20.600372,19.344942,15.41493,14.389326,12.068287,10.256851,12.746572,16.289112,15.446238,19.935867,19.20464,22.531027,26.646832,26.443184,31.182919,30.672493,28.485191,31.21574,33.262524,29.052147,26.182901,23.21777,20.501806,16.587662,17.714655,14.928082,13.0387,10.818751,9.6616,5.5865197,8.163059,8.087967,11.418479,14.127114,17.391558,20.04329,23.539717,26.775446,30.260708,32.05061,29.782326,33.6881,33.160522,28.517157,27.208609,23.500113,23.907661,17.479626,18.46251,14.932469,16.082586,14.102668,19.904615,21.460402,24.367416,21.260262,23.93006,20.180607,22.328426,19.811728,23.680471,20.36068,25.672537,23.439056,28.841131,32.026627,30.683287,27.95028,26.453665,22.265102,21.303951,16.988613,17.10839
23,12.02251,10.126551,6.4562435,10.197605,8.749959,11.259929,12.462359,16.394863,19.39879,22.03632,27.026356,28.072031,30.463722,30.531218,26.896772,23.373999,20.100624,17.030407,15.695983,10.0966,12.983187,6.3304315,5.0663733,0.0,5.5360427,6.8400965,9.083804,12.884361,12.621907,17.200842,17.358004,21.875237,27.162304,30.134567,31.59184,34.678726,37.828857,38.771458,36.47575,32.363697,28.019304,27.433918,22.930899,22.57973,18.272087,18.032743,15.308154,14.241968,15.228094,19.250051,17.879496,22.52467,21.17121,23.97537,28.147808,27.028988,32.292606,30.948444,28.662249,31.177671,34.100132,29.815695,26.39513,24.413063,20.640835,17.499449,17.38466,15.402058,11.991213,10.990856,11.306177,8.711192,11.195611,12.681874,15.69326,17.33065,21.121845,23.14948,26.938902,29.825966,33.38477,34.896824,32.817535,36.55599,35.487953,30.809427,28.947546,25.59243,24.851313,18.676115,18.42618,14.187299,14.466179,10.905321,16.933659,19.385653,21.492723,18.573053,22.25609,18.124483,21.21749,19.473293,23.685919,21.49273,26.70759,25.516056,30.846176,34.1376,32.476364,29.516783,27.92019,23.333836,22.0468,17.898678,16.820217
24,15.115321,11.984077,9.491433,9.973928,6.874646,10.169266,9.077253,14.306464,16.237562,19.180214,23.593111,25.020687,26.949245,26.57534,23.226427,19.432976,17.217602,13.265425,13.61197,7.9153233,12.75564,6.834778,6.735497,5.5360427,0.0,6.6960573,4.847413,8.214099,7.142375,11.782038,11.947775,16.364641,21.789839,24.732168,26.200567,29.371595,32.422237,33.492813,31.31689,27.229692,22.920778,22.813543,18.010313,18.599323,14.243243,14.980423,12.995242,13.474076,14.299402,17.144747,15.08104,19.173008,16.883417,19.60693,23.154594,22.202774,27.240906,25.754568,23.313612,25.729755,28.600632,24.285,20.893793,19.038193,15.435765,12.4071865,12.946783,11.519662,9.22377,9.093773,8.22619,7.559862,7.7324805,10.96055,13.005177,13.172259,17.332464,18.687489,22.629072,25.196024,28.746666,30.07437,28.321154,32.007957,30.527376,25.873648,23.910875,20.620361,19.658863,13.593296,13.1489935,9.140276,9.514828,7.860568,13.222119,14.871653,17.648449,14.705012,17.546646,14.361838,16.88017,15.135986,19.257353,17.048737,22.266455,21.105827,26.470476,29.833454,28.53892,25.524858,24.903582,19.783825,19.410933,15.586191,14.966645
25,16.930403,14.173047,12.3649025,14.216316,12.756915,16.341969,15.758908,20.896973,22.912142,25.713606,30.09611,31.301603,33.22001,32.516403,29.264608,25.611961,23.421284,19.61344,19.87756,14.258368,18.684383,12.14549,10.4981985,6.8400965,6.6960573,0.0,5.5896864,8.762892,10.928171,14.450281,16.487452,19.97339,26.323204,29.060541,30.516863,34.119728,36.675705,37.926193,35.481766,31.033121,27.298183,26.724953,22.238565,22.595957,18.078154,18.838337,15.704081,16.176117,14.926583,18.771156,16.71207,21.139498,19.259886,21.109074,25.58698,23.213152,29.079613,27.097273,25.133162,27.850037,31.542942,27.74281,23.598734,22.384623,17.250818,15.215115,13.084762,12.071634,7.263456,8.292293,10.460429,10.685049,12.750597,16.104822,18.502098,18.804935,22.77882,24.233288,27.88981,30.572826,33.89586,35.29727,34.1545,37.87727,35.94956,31.392223,29.344398,26.193924,24.699358,19.185555,17.648447,13.587263,11.951664,8.911742,12.592181,14.682856,17.103168,15.6334715,19.721573,17.23301,20.743286,20.072409,24.266653,22.96488,27.961882,27.267088,32.5515,35.943504,34.71655,31.627258,31.133656,25.848392,25.3342,21.665144,20.252531
26,18.409687,14.852678,13.482002,13.147965,10.698075,14.443478,12.349792,18.103811,19.179144,22.214766,25.990585,27.605795,29.09106,28.136786,25.184793,21.33547,20.137907,15.741138,17.32271,12.066349,17.34908,11.654444,11.168354,9.083804,4.847413,5.5896864,0.0,3.939452,5.5734262,8.961687,11.209567,14.398571,20.886627,23.471952,25.0778,28.569664,31.189764,32.57211,30.381525,26.083878,22.280779,22.378353,17.549795,18.977058,14.5827465,16.255316,14.168484,15.800839,15.106418,17.573505,14.933296,18.63525,15.685872,17.570948,21.112602,19.162115,24.646498,22.505848,20.200048,22.691328,26.264458,22.273203,18.253862,17.227947,12.410719,10.534138,9.440892,9.296982,6.4291873,8.350551,8.637024,10.286603,10.065525,14.388722,15.842841,14.809075,18.985905,19.696419,23.494846,25.754086,29.094416,30.249575,29.238497,32.821594,30.625225,26.124784,23.955912,20.964275,19.225904,13.976558,12.206286,8.491971,6.7935987,6.289752,9.332237,10.533677,13.766229,11.898588,14.951471,13.292692,16.084736,15.364116,19.36042,18.081623,22.941944,22.342257,27.527552,30.922462,29.946749,26.866142,27.108444,21.55502,21.770838,18.49595,17.542686
27,22.13225,18.40686,17.24092,16.252985,13.498313,16.990454,13.895406,19.62528,19.919006,22.767149,25.910696,27.548906,28.63794,27.18844,24.62609,20.890621,20.585377,16.058336,18.647907,14.121801,19.780092,14.846435,14.290011,12.884361,8.214099,8.762892,3.939452,0.0,4.526118,6.084678,9.389677,11.792548,18.430374,21.056822,22.369349,26.208475,28.374292,29.83838,27.578875,23.189293,19.804224,20.056091,15.353295,17.47895,13.371914,15.820076,14.21851,16.843454,15.551337,17.024927,14.001082,16.914356,13.32486,14.601361,17.802479,15.463594,21.01731,18.6498,16.445454,19.119268,22.836908,19.164253,14.87516,14.138721,8.745424,7.8005238,6.0293508,7.30904,6.1349297,8.9869175,9.013921,12.143961,10.965896,15.778669,16.49277,14.44402,18.38543,18.542215,22.07603,24.070827,27.170723,28.226414,27.840633,31.354013,28.708588,24.399649,22.305553,19.473732,17.596178,13.14316,10.93632,8.478665,5.854109,8.396541,8.420628,7.6871367,12.190045,11.33656,13.30354,13.585594,15.675334,15.361096,18.888386,17.825964,22.320131,21.722212,26.713303,30.064205,29.572952,26.56803,27.722172,22.005392,22.967411,20.144745,19.540644
28,21.273233,17.592546,16.065598,14.45724,10.882192,13.712499,9.903436,15.466625,15.461413,18.304409,21.407228,23.15591,24.254133,23.003788,20.343082,16.484951,16.300325,11.62155,14.618602,10.656554,16.352427,12.550791,12.703649,12.621907,7.142375,10.928171,5.5734262,4.526118,0.0,5.0626016,5.6364646,9.703635,15.41515,18.490515,19.673569,23.276308,25.867228,27.11304,24.977491,20.823938,16.830748,17.397627,12.318975,14.644113,10.657001,13.154309,12.520337,15.111647,15.190891,16.014572,13.136898,15.782595,12.006596,14.202206,16.658072,15.806639,20.512156,18.806866,16.233799,18.687668,21.508804,17.335688,13.808864,12.1346,8.591246,6.112025,7.9318886,8.099789,8.756271,10.035723,8.070713,10.651843,7.9228,12.61993,12.800428,10.303801,14.438718,14.481056,18.302551,20.293177,23.625498,24.693682,23.81589,27.394213,25.128092,20.647617,18.665592,15.545315,14.269745,9.049357,7.979586,5.884417,5.658552,9.18548,10.923493,10.218759,14.421925,12.285484,13.086828,12.734687,13.835036,12.503988,15.92601,13.905805,18.678514,17.513067,22.683249,26.051207,25.577633,22.62942,23.790419,18.195395,19.41197,16.573261,16.70053
29,24.80741,20.813875,20.20374,17.568302,14.616181,17.537321,13.339523,18.816734,17.735432,20.709574,22.685516,24.93247,25.308546,23.587975,21.652245,17.840555,19.159607,14.361272,18.404182,15.149909,20.60801,17.173323,17.721338,17.200842,11.782038,14.450281,8.961687,6.084678,5.0626016,0.0,5.749475,5.7226205,12.972517,15.004792,16.823147,20.307426,22.664345,24.440647,22.764517,18.801167,15.4096575,17.105516,12.135695,16.14897,13.007044,16.323639,16.337616,19.54416,19.11647,19.123465,15.990396,17.460117,12.782976,13.823941,14.691183,13.394441,17.720427,15.011478,12.076455,14.015882,17.5665,13.439089,9.416441,9.59318,5.805813,6.4259276,7.8486576,10.200052,11.626402,13.876227,12.349546,15.565802,12.525411,17.135347,16.618073,12.915247,16.554506,15.296478,18.82684,19.876373,22.916687,23.45303,23.250364,26.39075,23.301685,19.190922,16.81949,14.537502,11.975309,8.94303,6.0947804,6.420391,4.9238696,10.749789,9.360998,6.910687,11.438505,10.243746,9.384843,11.637774,11.900549,11.728115,14.347075,13.648344,17.430164,17.21806,21.743757,24.998896,24.857224,21.966171,24.16999,18.439167,20.394192,18.499262,18.491606
30,25.169765,21.561636,20.016253,17.633488,13.68958,15.254815,10.384847,14.670327,13.196268,15.498403,17.433727,19.313822,19.809647,18.114485,15.984176,12.27837,13.753382,9.250461,13.836117,12.078781,17.295412,15.635529,16.216436,17.358004,11.947775,16.487452,11.209567,9.389677,5.6364646,5.749475,0.0,6.523162,9.983154,13.911491,14.319297,18.093641,20.59936,21.632511,19.580624,15.686172,11.415931,12.832589,7.5158625,11.399347,8.734565,12.001337,13.241946,16.44443,17.207773,16.308765,13.562922,14.55163,10.156381,12.443522,12.988009,13.857559,17.104675,16.118647,13.364536,15.589188,17.154358,12.8409395,10.417363,7.6291847,7.390929,5.0382447,9.912719,10.330211,13.220615,13.954398,10.890495,13.598736,9.356704,13.240076,11.83125,7.4576173,10.892324,9.653569,13.380351,14.868172,18.161648,19.089056,18.451427,22.007166,19.626644,15.201123,13.574924,10.268159,9.973624,5.577871,6.401173,7.7777815,8.996337,13.906672,14.649973,12.64597,17.001362,14.953076,13.47003,14.544646,13.692139,11.841887,13.987867,11.090435,15.306978,13.29872,18.264692,21.523579,21.786596,19.120031,21.48538,16.174366,18.565958,16.503742,17.764553
31,28.22291,24.230162,23.934196,20.343912,17.426655,19.527302,14.860773,19.378881,17.00522,19.79429,20.345982,23.119822,22.69093,20.725533,19.616158,16.026865,18.992325,14.5034895,19.470308,17.6663,22.503521,20.533653,21.738626,21.875237,16.364641,19.97339,14.398571,11.792548,9.703635,5.7226205,6.523162,0.0,8.244753,9.284659,11.81783,14.717937,17.365229,19.481894,18.594154,15.386634,12.166192,15.551068,10.954473,16.403997,14.613292,18.20295,19.473452,22.868416,23.097313,22.065401,19.106464,19.350965,14.37387,15.14079,13.449169,13.719056,16.035995,13.387935,9.896116,10.468255,13.242257,8.461476,5.705828,7.2687044,7.710972,9.195874,12.284367,14.594382,17.055777,18.905792,16.639235,19.646847,15.696045,19.634726,18.144728,13.433575,16.21214,13.509587,16.677776,16.495886,19.329012,19.208162,19.223373,21.836731,18.266504,14.509991,11.857713,10.526369,7.136747,7.3465233,5.0918136,8.883008,9.185596,15.112211,13.390678,10.581382,13.937926,12.622687,8.956594,12.749517,10.748019,10.593137,11.46215,11.132346,13.551542,13.718063,17.407822,20.450657,20.824837,18.20219,21.643236,16.277649,19.278997,18.484568,19.172129
32,33.648735,30.024643,29.008999,25.61533,22.064379,22.680157,17.74925,19.970863,16.495195,17.641085,16.249567,18.564386,17.153168,14.411729,14.643711,12.432031,17.16835,14.384235,19.71174,20.324835,24.319447,24.525663,25.601349,27.162304,21.789839,26.323204,20.886627,18.430374,15.41515,12.972517,9.983154,8.244753,0.0,6.4321413,4.4691095,8.6046915,10.692091,11.879977,10.974481,8.749717,5.538631,10.749167,8.225371,13.97721,14.5942745,17.883574,20.750656,24.257763,25.237623,22.633528,20.31845,18.847126,14.567752,15.3891945,11.215103,14.680764,13.874641,13.766525,11.186799,11.484466,9.824406,5.811946,8.124664,6.447541,12.14166,12.614709,17.231182,18.505898,22.428598,23.271982,20.097736,22.864925,18.27282,20.912367,18.18182,13.099499,13.589442,9.535413,10.976965,9.280014,11.516381,11.057364,11.996491,14.526463,10.791902,7.4498434,6.7009654,5.688848,6.899858,9.839521,11.326858,15.464273,16.845102,22.491646,21.578007,18.460773,22.068254,20.708942,16.516787,19.853157,16.683575,15.376235,14.525855,12.3521185,13.124774,11.040568,13.491085,15.922306,18.00652,16.348656,21.277073,17.290865,21.293491,21.117363,23.223808
33,34.978165,31.170418,31.18148,26.811697,24.143757,25.125011,20.545124,23.194794,19.410217,21.39467,19.412893,22.735332,20.874292,18.709587,19.354202,16.8992,21.831884,18.619781,23.906519,24.000801,27.675175,27.531574,29.326122,30.134567,24.732168,29.060541,23.471952,21.056822,18.490515,15.004792,13.911491,9.284659,6.4321413,0.0,6.6212726,6.020848,9.757882,12.716223,14.149147,13.493191,11.68872,17.064148,14.454736,20.30898,20.415947,23.779764,26.28884,29.651953,30.594666,28.509758,25.958334,24.871658,20.26006,20.659481,16.153477,18.496216,17.438902,15.708421,12.734414,10.597021,10.010993,5.8894963,9.08172,11.244605,15.503667,17.057894,20.842913,22.928568,26.08694,27.554878,24.729116,27.382706,22.86342,25.738821,23.303974,18.248358,19.311321,15.138703,16.827116,14.233339,16.037811,14.34884,14.872445,15.810705,11.267126,9.351163,6.6723223,9.004032,6.156003,12.116126,12.074055,16.667131,17.936523,23.473,21.716902,18.967813,21.05865,19.780128,14.531112,18.64945,14.622281,14.454733,12.19544,12.544558,11.142957,12.030685,12.646997,14.648363,16.335453,14.798374,20.296402,16.634537,20.804344,21.746342,23.308842
34,38.03075,34.385307,33.465046,29.954391,26.490671,27.000404,22.114887,23.927834,20.201748,20.869802,18.517609,20.615028,18.54887,15.438439,16.725784,15.450933,20.611101,18.425737,23.661573,24.67917,28.491108,28.968164,29.987408,31.59184,26.200567,30.516863,25.0778,22.369349,19.673569,16.823147,14.319297,11.81783,4.4691095,6.6212726,0.0,5.9852223,6.340096,7.6807923,7.66964,7.154751,6.6622653,12.007672,11.321316,16.654364,18.07409,21.281815,24.373884,28.016731,28.813177,25.724995,23.557425,21.34216,17.361053,17.476025,11.9801035,15.930344,13.289443,13.713218,11.813583,11.217137,7.393155,5.5388536,9.835293,9.185728,15.222866,16.3438,20.56118,22.066288,26.253706,27.179361,24.104475,27.045305,22.494202,24.97109,22.047092,17.083466,16.832664,12.686188,12.766142,9.927614,10.703949,9.364755,11.896325,13.433113,8.894937,7.595836,8.022023,8.788169,10.065005,14.175159,15.393407,19.698921,20.841143,26.631695,25.09628,21.601076,25.013254,24.139183,19.435045,23.484911,19.979753,19.065685,17.51663,15.941898,15.480297,13.743733,14.628982,16.27801,19.19488,18.156702,23.770443,20.436844,24.686922,24.984373,27.17468
