,0,1,2,3,4,5,6,7,8,9,10,11,12,13,14,15,16,17,18,19,20,21,22,23,24,25,26,27,28,29,30,31,32,33,34,35,36,37,38,39,40,41,42,43,44,45,46,47,48,49,50,51,52,53,54,55,56,57,58,59,60,61,62,63,64,65,66,67,68,69,70,71,72,73,74,75,76,77,78,79,80,81,82,83,84,85,86,87,88,89,90,91,92,93,94,95,96,97,98,99,100,101,102,103,104,105,106,107,108,109,110
0,0.0,4.2748046,5.6371565,8.403598,11.810044,13.095862,17.108433,19.72046,22.80022,26.088535,30.95756,32.772552,35.148373,36.27924,32.68406,29.022692,25.945995,23.156292,21.314547,16.774597,16.308208,11.915984,14.657755,11.513595,14.938359,16.877884,18.153713,21.695883,20.903032,24.160482,24.56725,27.487995,32.602753,34.082966,37.79177,38.179714,42.699932,44.465176,43.00443,40.41727,35.580853,36.7748,31.708542,32.611702,28.611628,28.603094,26.542658,25.186666,27.143736,30.78104,29.336746,33.470146,31.33775,34.130848,37.174892,36.170105,41.06024,38.863476,35.7248,36.71331,40.451412,35.58029,32.67958,29.94615,29.178013,26.653997,27.453733,26.421026,23.364985,23.970676,23.44529,20.454386,21.028202,21.278982,23.775375,25.094202,28.859959,30.019753,34.246323,36.1698,39.95389,40.604202,37.88906,40.733948,39.317245,34.62372,32.70335,28.835001,28.593119,23.864113,23.538315,19.30064,20.159632,16.274323,24.112843,19.27616,15.851757,18.955841,13.756169,18.262014,14.53507,18.954918,21.632677,24.60278,25.942163,23.318497,28.687202,24.778059,27.6709,28.811977,28.908257
1,4.2748046,0.0,5.073074,4.515329,8.73306,10.805556,14.13854,17.467215,19.961834,23.683722,28.243334,30.445692,32.52109,33.445255,30.020857,26.121807,23.689554,20.368244,19.371038,14.708867,15.07912,10.551052,13.824612,10.812874,12.75768,15.507348,15.581926,18.771591,17.705502,20.525757,21.078485,23.512955,28.81017,29.974281,33.909325,34.22429,38.725857,40.645798,39.367798,36.862675,32.078316,33.66634,28.475447,29.974922,26.04021,26.505291,24.824814,24.10097,26.030342,29.179146,27.42689,31.233265,28.619196,31.294254,33.85986,32.93513,37.623894,35.248096,32.00896,32.754192,36.510014,31.599499,28.78657,26.35729,25.798992,23.553793,24.635395,24.017054,21.351627,22.37654,21.569035,19.188232,18.907621,19.785263,21.835566,22.38173,26.311724,26.98829,31.31689,32.951595,36.722363,37.19047,34.67933,37.408134,35.6819,31.071062,28.921215,25.213518,24.575373,20.09219,19.510326,15.403393,16.411335,13.249238,20.958916,16.593065,12.713901,15.412968,10.026277,14.065798,10.475141,14.883338,17.3689,20.327991,21.74383,19.224693,24.838308,21.115595,24.249872,25.64699,26.111156
2,5.6371565,5.073074,0.0,5.9099216,7.329371,9.200954,12.547387,15.813536,18.999226,22.086155,27.164507,28.644241,31.0777,31.866753,28.188072,24.558784,21.327421,18.398779,16.689863,11.619504,12.347101,6.672426,9.201733,6.365508,9.522121,12.42082,13.263902,16.899878,15.898337,19.707588,19.750242,23.444897,28.19424,30.577366,33.618656,34.590034,38.851494,40.39738,38.519,35.6588,30.849833,31.621603,26.6437,27.22288,23.134085,23.084652,20.931246,19.756594,21.637712,25.169128,23.701231,27.855108,25.85788,28.72607,32.04942,31.117601,36.063957,34.215424,31.208902,32.669483,36.185978,31.44852,28.426306,25.171747,24.314173,21.451677,22.372225,21.015238,18.242521,18.59191,17.8459,14.880445,15.445997,15.931353,18.52392,19.923695,23.76084,25.18556,29.355387,31.602848,35.35456,36.2731,33.843178,37.01434,35.54398,30.767963,29.188328,24.908674,25.176558,19.790537,19.72582,15.281719,16.209602,12.578976,20.271576,16.015055,13.380846,17.089695,11.520278,16.09022,11.2159395,15.792784,19.236738,22.292402,23.534359,20.734137,26.204033,21.609701,25.015377,25.537928,26.192015
3,8.403598,4.515329,5.9099216,0.0,4.7159333,7.5468616,9.941044,13.91633,15.96225,19.889917,24.27931,26.618017,28.510963,29.229979,25.897572,21.879423,19.867353,16.191017,15.877661,11.265983,12.532822,8.283962,11.927824,9.982894,10.02182,14.239929,12.815466,15.593531,13.832976,16.604122,16.719353,19.284628,24.345634,25.696133,29.444916,29.86648,34.322693,36.177807,34.853043,32.3734,27.582197,29.30356,24.091888,25.875414,22.07528,22.823711,21.581743,21.354946,23.44816,26.016108,24.11285,27.56496,24.697832,27.41322,29.633259,29.029652,33.456917,31.245253,27.959183,28.747509,32.226406,27.28149,24.629753,22.010042,21.881813,19.575457,21.250528,20.721867,18.792795,19.870619,18.527357,16.638975,15.443469,16.69584,18.269821,18.243443,22.224997,22.629967,26.991308,28.524506,32.284016,32.732853,30.366997,33.147335,31.300516,26.68008,24.578016,20.770449,20.25029,15.587769,15.20534,11.183712,12.77909,10.994942,18.277431,14.912923,11.212352,13.672029,8.005364,10.99179,6.3384886,10.591626,13.662177,16.775576,17.922062,15.230717,20.923252,16.90652,20.37722,21.622065,22.5185
4,11.810044,8.73306,7.329371,4.7159333,0.0,4.490977,5.606677,10.251738,12.461136,16.063774,20.714075,22.650478,24.669338,25.189657,21.723019,17.793253,15.502805,11.789049,11.545084,6.687771,9.208402,5.174877,8.722873,8.709519,7.089131,12.946588,10.553061,13.114915,10.490872,14.066026,13.059266,16.885498,21.124783,23.529236,26.41611,27.321646,31.598671,33.0894,31.317408,28.66143,23.799196,25.058937,19.968485,21.315128,17.548088,18.152851,17.106356,17.015596,19.406534,21.599812,19.787897,23.122278,20.4714,23.449354,25.856407,25.654871,29.967184,28.33806,25.175766,26.502407,29.464668,24.610537,22.05117,18.539783,18.759565,15.832298,18.14055,17.098566,15.969276,16.53548,14.552418,12.735324,10.954617,12.185246,13.584573,13.655947,17.634119,18.367304,22.674301,24.566408,28.328136,29.080091,26.79836,29.926596,28.256193,23.501808,21.923141,17.597708,18.041359,12.512105,12.996705,9.002931,11.245092,10.672765,17.133034,14.854557,12.344224,15.053823,9.729414,11.820316,5.823341,9.141733,13.4424925,16.59095,17.19432,14.19156,19.483406,14.583324,18.387007,18.778364,20.086761
5,13.095862,10.805556,9.200954,7.5468616,4.490977,0.0,5.174185,6.757461,9.953054,13.07058,18.049696,19.770233,22.10204,23.224283,19.612997,16.061764,13.047654,10.500109,8.778872,5.7698665,5.3190536,5.3204217,9.4557905,11.259777,10.311424,16.528183,14.301071,16.663048,13.368644,17.078123,14.630629,19.035013,22.030613,24.455858,26.936834,27.367855,31.891102,32.95776,31.18581,28.933773,23.945007,25.042446,20.334852,21.09608,17.874233,17.813913,17.313538,16.503986,20.02561,21.866564,20.578888,23.65915,21.552063,24.938103,27.11483,27.755112,31.531927,30.54449,27.420313,28.80663,30.968184,26.074156,24.182045,20.01472,21.253199,17.833134,20.974428,19.377586,18.975344,18.772377,16.13342,13.682293,11.68914,11.15505,12.263862,13.184119,16.453194,17.51376,21.594446,23.517548,27.29442,28.11035,25.136747,28.258242,27.35554,22.52046,21.425858,17.064629,18.607937,13.225709,15.076861,12.007856,14.975799,15.101263,21.188694,19.270506,16.81402,19.30383,14.00322,15.266612,9.443102,10.84644,15.625591,18.854105,18.415756,15.0060425,19.023958,13.803963,16.749704,16.656982,17.222544
6,17.108433,14.13854,12.547387,9.941044,5.606677,5.174185,0.0,6.1054482,7.456832,10.902624,15.418989,17.292454,19.192297,19.58954,16.137363,12.1926155,10.254503,6.2530646,7.1695323,4.4699984,7.8050585,7.6741633,10.200348,12.511281,9.233755,15.812192,12.0774145,13.387943,9.34956,12.776565,9.56551,14.40024,16.99688,20.071014,22.085148,23.06852,27.291792,28.352571,26.37068,23.900684,18.936804,20.142916,15.271851,16.603308,13.434461,14.121537,14.277161,14.715666,17.822678,18.738127,17.064144,19.557653,16.928268,20.21991,22.00491,22.859146,26.40759,25.54642,22.462831,24.014841,25.951708,21.15719,19.306612,14.879524,16.520233,13.117064,16.924011,15.613051,16.276451,16.311848,13.199097,12.123292,8.567762,9.443314,9.411224,8.677042,12.385612,12.935049,17.208506,19.111755,22.885086,23.753366,21.38038,24.702463,23.302095,18.471498,17.469229,12.784728,14.530328,8.582143,10.833609,8.405904,11.743139,13.670641,18.164799,17.653463,15.971844,17.978048,13.602007,13.603565,8.190954,8.096393,13.135849,16.052654,15.502851,12.280539,16.331457,10.7160225,14.558927,14.032059,15.842617
7,19.72046,17.467215,15.813536,13.91633,10.251738,6.757461,6.1054482,0.0,4.4826655,6.3812914,11.602505,13.063082,15.514135,16.9923,13.360942,10.329832,7.127756,6.4043584,4.3108807,7.052514,5.555081,10.443698,13.06261,16.598423,14.422893,21.01797,17.820738,19.125134,14.928895,18.180056,13.779075,18.684582,19.38805,22.259779,23.579653,23.780096,28.236881,28.611746,26.690308,24.953588,20.023268,20.935844,17.006529,17.333261,15.354403,14.958983,16.020348,15.444607,19.901829,20.228483,19.401972,21.3462,19.661415,23.316809,24.662476,26.643791,29.31548,29.348888,26.42712,27.96439,28.746983,24.091465,23.257082,18.299515,21.127148,17.409973,21.856123,19.967386,21.267437,20.461344,16.861135,15.078281,11.82967,10.074958,9.223951,9.924469,11.735435,12.755506,16.320496,18.162199,21.833252,22.779219,19.28671,22.549896,22.470411,17.683718,17.588112,13.205093,16.579716,11.719568,15.347837,14.073938,17.684446,19.68642,24.150984,23.705065,21.867844,23.785028,19.200216,18.824228,13.650534,12.375251,17.281109,20.12385,18.347511,14.894161,16.69047,11.093227,13.078263,11.482823,11.996314
8,22.80022,19.961834,18.999226,15.96225,12.461136,9.953054,7.456832,4.4826655,0.0,4.6668906,8.327091,11.050854,12.618297,13.876578,10.744251,7.214002,6.8428035,5.520051,7.0266943,10.017311,10.013828,13.969703,16.457281,19.656357,16.53381,23.097464,19.010582,19.476175,14.976377,17.10667,12.232793,16.230143,16.033579,18.368406,19.666752,19.446234,24.010912,24.405613,22.835476,21.538076,16.674307,18.432566,14.630491,16.086412,14.857958,15.289978,17.29073,17.719389,21.794216,21.197798,20.094479,21.11549,18.845184,22.226097,22.408262,24.963118,26.867987,26.951725,23.987488,25.117811,25.348738,20.706821,20.579681,15.934291,19.770622,16.6036,21.633953,20.354223,22.404184,22.01402,18.256973,17.537588,13.412204,12.689402,10.706624,9.302773,10.5898695,10.070564,13.627903,14.614909,18.297235,18.844698,15.337315,18.406097,18.094812,13.317841,13.184819,9.03051,12.824388,8.991912,13.239499,13.386782,17.265654,20.637281,23.994915,24.483147,22.681467,23.81024,19.979221,18.214693,14.076288,11.082996,15.453371,17.876204,15.399893,12.182531,12.824763,7.2995567,9.138609,7.234434,8.763517
9,26.088535,23.683722,22.086155,19.889917,16.063774,13.07058,10.902624,6.3812914,4.6668906,0.0,5.6296463,6.7813573,9.158939,10.978964,7.521446,5.720013,4.2347813,6.7908196,6.8542147,11.961831,11.177917,16.351604,18.108982,22.162556,19.230124,25.69037,21.861889,22.22917,17.775808,20.165478,14.7156,19.286032,17.581242,20.717499,20.642458,20.648415,24.770998,24.379423,22.345348,21.275383,16.721333,17.486776,14.820839,14.8766,14.660243,14.236686,16.869812,16.923307,21.491518,20.245878,19.795311,20.285326,18.981424,22.529823,22.761051,26.000723,27.376001,28.383074,25.795378,27.361122,26.72786,22.582344,22.879475,17.649681,21.78654,18.279634,23.486225,21.65085,24.277868,23.216246,19.201626,18.387056,14.5344715,12.654837,10.025718,9.643081,8.975988,9.354812,11.734856,13.204258,16.583145,17.63372,13.679653,17.101343,17.933437,13.492823,14.724933,10.9125595,15.876214,12.470712,16.971636,17.316843,20.9784,24.245033,27.231236,27.984314,26.639568,28.039236,24.174435,22.685587,18.36281,15.591716,19.89633,22.12487,19.431707,16.448183,15.931151,10.989659,11.588884,8.058637,8.947746
10,30.95756,28.243334,27.164507,24.27931,20.714075,18.049696,15.418989,11.602505,8.327091,5.6296463,0.0,4.746507,4.71253,7.2180276,5.6668024,5.8402963,8.594289,10.7660265,12.3559675,17.190125,16.707031,21.686373,23.47543,27.339018,23.94223,30.305973,25.947054,25.661112,21.170204,22.468113,16.919683,20.143944,16.793999,19.01605,18.252058,17.382866,21.335836,20.449585,18.95885,19.026993,15.1425085,16.663673,15.158108,16.03031,17.150011,17.297955,20.718723,21.424805,25.640099,23.481678,23.007145,22.354673,20.86095,23.931839,22.673273,26.790718,26.862795,28.283514,25.886349,26.954777,25.170982,21.48068,22.97134,18.369473,23.481888,20.69335,26.219072,24.9036,28.17344,27.359905,23.313938,23.231955,19.015406,17.708307,14.587526,12.919304,11.091166,9.656742,10.482999,10.19467,13.004584,13.470381,8.747057,11.760054,13.483866,9.771387,11.987579,9.872463,15.1932535,14.005622,18.564976,20.211191,23.881725,28.104313,30.110752,31.647419,30.319159,31.032717,27.823067,25.25076,21.927528,18.053635,21.435843,23.04324,19.59842,17.262474,14.5712595,11.313557,10.197137,5.74545,6.9805174
11,32.772552,30.445692,28.644241,26.618017,22.650478,19.770233,17.292454,13.063082,11.050854,6.7813573,4.746507,0.0,3.6753478,6.387523,4.3626003,7.1919427,8.007724,11.948606,12.40663,17.921164,17.256659,22.601875,23.68044,28.147963,24.985903,31.144934,27.187084,26.991686,22.668257,24.530926,18.757471,22.907736,19.095959,22.526648,20.668167,20.687664,23.938454,22.43824,20.124878,19.878105,16.360645,16.299461,15.777281,14.865283,16.59205,15.835799,19.439444,19.744757,24.149292,21.621439,21.781885,20.886414,20.478603,23.691849,23.069618,27.384861,27.424458,29.597446,27.580029,29.300995,27.228573,23.998064,25.265484,20.043974,24.802443,21.575806,26.941328,25.022923,28.546535,27.115955,23.013924,22.776838,19.054516,16.967049,13.731792,13.214046,10.177725,10.289309,9.862066,10.8911295,13.145407,14.58449,10.366649,13.819841,16.239208,13.040073,15.925484,13.452672,19.067385,17.067005,21.630873,22.838346,26.2701,30.058489,31.985596,33.520744,32.660835,33.868103,30.440533,28.527206,24.654703,21.41161,25.197697,26.917414,23.791004,21.363384,19.202072,15.519076,14.898679,10.457667,11.166091
12,35.148373,32.52109,31.0777,28.510963,24.669338,22.10204,19.192297,15.514135,12.618297,9.158939,4.71253,3.6753478,0.0,3.9691732,4.6024823,7.805662,10.714861,13.727452,15.2688465,20.42325,20.20788,25.215647,26.416508,30.6329,27.077934,33.18682,28.82684,28.210938,23.887861,25.031363,19.343294,22.582664,17.958889,20.800291,18.535187,18.131872,21.139616,19.37451,17.422626,17.901781,14.903207,15.504712,15.578322,15.564717,17.848005,17.729803,21.638586,22.516607,26.532293,23.590004,23.516987,22.010738,21.208164,24.026016,22.397522,27.126776,26.38744,28.677511,26.766638,28.126652,25.43284,22.522644,24.457396,19.775143,25.021072,22.338736,27.831978,26.370644,30.202715,29.082548,25.015806,25.299448,21.23851,19.784437,16.35345,14.819938,11.716534,10.498733,9.261347,8.814043,10.532362,11.52024,6.999688,10.254853,13.117161,10.6292515,14.017016,12.610509,18.094732,17.307278,21.75973,23.689415,27.087374,31.47614,32.76548,34.795837,33.94377,34.695305,31.730509,29.158792,25.927044,22.090176,25.306194,26.631592,23.209587,21.218925,18.127993,15.405613,14.257351,9.865929,11.055341
13,36.27924,33.445255,31.866753,29.229979,25.189657,23.224283,19.58954,16.9923,13.876578,10.978964,7.2180276,6.387523,3.9691732,0.0,3.990947,7.407696,11.394247,13.672001,16.20107,20.832941,21.691149,25.89749,26.662498,30.772005,26.753166,32.495575,27.903433,26.801395,22.708344,23.398708,17.823994,20.79575,15.384527,18.973913,15.701894,16.23517,18.54812,16.567036,13.969897,14.192614,11.576812,11.872497,12.743743,12.917608,15.836061,16.202532,20.392265,21.977526,25.350235,21.875313,21.64609,19.4859,18.582943,21.02913,18.930355,23.931845,22.749846,25.387451,23.76359,25.329641,22.261095,19.81638,21.89055,17.303844,22.60652,20.277805,25.683569,24.458117,28.715384,27.716738,23.76594,24.74882,20.552628,19.796461,16.150772,13.831257,10.402188,8.544431,6.062103,5.3134246,6.807968,8.456061,5.4301047,9.500852,11.419534,9.273536,13.083478,11.759202,17.139378,16.565916,20.71724,23.01205,26.048912,30.776016,31.148727,33.76761,33.38659,34.000664,31.533686,28.81038,25.94896,22.077528,24.996973,26.004768,22.855745,21.232523,18.471956,15.846726,15.528045,11.347141,13.705749
14,32.68406,30.020857,28.188072,25.897572,21.723019,19.612997,16.137363,13.360942,10.744251,7.521446,5.6668024,4.3626003,4.6024823,3.990947,0.0,4.3694725,7.4149513,10.139917,12.254237,17.033249,17.82672,22.088026,22.81422,27.056276,23.264233,29.13404,24.795765,24.082039,19.888876,21.276266,15.512133,19.486925,15.161295,19.334091,16.911306,17.783892,20.676214,19.292679,16.504368,15.741983,12.117847,12.017379,11.572083,11.14254,13.251752,13.222664,17.191202,18.433594,22.155218,19.169062,18.953197,17.560423,16.718,19.70375,18.733622,23.163996,23.063503,25.300657,23.397251,25.280832,23.13896,20.083696,21.326902,16.08603,20.972971,18.034336,23.450336,21.841202,25.774817,24.600313,20.557272,21.129387,17.028873,15.941775,12.345753,10.51875,7.159538,6.3434815,5.5650835,7.045367,9.776192,11.584996,8.472532,12.644885,13.886296,10.483758,13.524773,10.76747,16.424747,14.470523,18.830126,20.440687,23.57445,27.813911,28.853342,30.978878,30.533747,31.546766,28.648205,26.489311,23.037075,19.653818,23.158619,24.589834,21.739346,19.632298,17.91591,14.163757,14.545966,10.228028,12.536353
15,29.022692,26.121807,24.558784,21.879423,17.793253,16.061764,12.1926155,10.329832,7.214002,5.720013,5.8402963,7.1919427,7.805662,7.407696,4.3694725,0.0,5.7262864,6.3978915,9.78411,13.7469635,15.182165,18.755182,19.837675,23.63718,19.641771,25.65094,21.091887,20.445318,16.088623,17.447454,11.701857,15.767986,12.578037,16.627289,15.430854,16.321892,19.86055,19.357937,16.895332,15.566326,11.048337,12.054724,9.683077,10.723439,11.456814,12.162868,15.659055,17.16,20.728731,18.419743,17.576113,16.938978,15.084355,18.214104,17.498848,21.268154,21.973904,23.311033,20.954588,22.643888,21.425337,17.665163,18.373383,13.121218,17.940928,14.983446,20.506742,19.19948,22.753206,22.023598,18.023241,18.62324,14.132091,13.772415,10.356602,7.4976563,5.9054604,4.049782,6.521625,7.8867793,11.51579,12.756208,9.950928,13.931058,13.813048,9.39952,11.251687,7.34898,12.887298,10.210187,14.655172,16.153784,19.423235,23.751171,25.06498,27.005451,26.33073,27.251854,24.360907,22.127787,18.732023,15.301434,18.905647,20.48549,17.855892,15.574039,14.793278,10.354356,11.791284,8.031826,11.138209
16,25.945995,23.689554,21.327421,19.867353,15.502805,13.047654,10.254503,7.127756,6.8428035,4.2347813,8.594289,8.007724,10.714861,11.394247,7.4149513,5.7262864,0.0,5.053903,4.89395,10.099502,10.662404,15.006416,15.765262,20.239561,17.119766,23.247343,19.618841,19.920488,15.704602,18.610416,13.0950165,18.659342,16.994537,21.482803,20.716076,21.883139,25.472721,24.994936,22.20047,20.324068,15.770357,15.377925,12.725135,11.568931,11.068319,10.13276,12.78081,12.937212,17.43021,16.046669,15.758776,16.4148,15.6128645,19.34546,20.470846,23.443691,25.279917,26.566833,24.222935,26.453245,26.039812,22.145735,21.854685,16.054659,19.562496,15.627117,20.616573,18.316193,21.166405,19.711802,15.634285,14.989266,11.280571,9.225545,6.133965,6.55254,5.6111035,7.7903137,10.261648,13.051684,16.421469,18.143808,15.113283,19.076614,19.483135,15.038995,16.474926,12.045275,16.995155,12.561197,16.77261,16.646933,19.847078,22.769182,25.380056,26.280384,25.608027,27.446363,23.647854,22.820341,18.172112,16.183756,20.718683,22.947285,20.890114,17.98651,18.517166,13.144698,14.883995,11.434316,13.067148
17,23.156292,20.368244,18.398779,16.191017,11.789049,10.500109,6.2530646,6.4043584,5.520051,6.7908196,10.7660265,11.948606,13.727452,13.672001,10.139917,6.3978915,5.053903,0.0,5.350988,7.494601,10.239197,12.53379,13.627006,17.243923,13.375778,19.591564,15.370293,15.482972,11.066002,13.804709,8.493996,14.127619,13.905323,18.255278,18.509817,19.942326,23.732113,24.041006,21.512203,19.153383,14.224312,14.826908,10.668918,11.389212,9.473381,10.061352,12.015113,13.150922,16.699036,15.885437,14.608845,15.774866,13.58902,17.147001,18.28236,20.474497,22.982183,23.325499,20.623823,22.638985,23.157597,18.826868,17.899376,12.38511,15.548269,11.806953,16.830132,15.152547,17.686281,17.03147,13.126662,13.079665,8.559453,8.670118,6.1999393,3.8682172,6.415234,7.083038,11.131322,13.450053,17.16473,18.456991,16.159678,19.94088,19.02181,14.260618,14.540658,9.56416,13.434613,8.042398,11.929685,11.609626,14.839005,18.132,20.638083,21.629541,20.875973,22.492802,18.976065,17.940742,13.532221,11.56058,16.086617,18.340942,16.821556,13.960339,15.901693,10.192076,13.414914,11.136411,13.702286
18,21.314547,19.371038,16.689863,15.877661,11.545084,8.778872,7.1695323,4.3108807,7.0266943,6.8542147,12.3559675,12.40663,15.2688465,16.20107,12.254237,9.78411,4.89395,5.350988,0.0,5.850368,5.9846544,10.321857,11.430082,15.902228,13.533023,19.820852,16.871653,18.0634,14.073631,17.874212,13.182071,19.093475,19.239574,23.419024,23.710861,24.843237,28.761236,28.79656,26.17062,23.931114,19.132814,18.914469,15.355979,14.375898,12.320627,11.186992,12.173834,11.369619,16.076715,16.235115,15.759334,17.819487,16.869226,20.710283,22.813532,24.774496,27.639336,28.201756,25.611294,27.827978,28.454613,24.17214,23.052816,17.45466,19.86524,15.663378,19.97072,17.449104,19.135487,17.690405,13.890527,12.077013,9.037094,6.3237743,5.1911106,7.5248027,9.000003,11.392631,14.627696,17.413248,20.95474,22.504663,19.496668,23.26857,23.2633,18.544275,19.092548,14.332789,18.262554,12.828467,16.413233,14.962389,18.07117,19.81276,23.70568,23.560055,22.572355,24.94514,20.514341,20.719128,15.338365,14.642103,19.61666,22.30551,20.876028,17.625648,19.581614,13.789094,16.163103,13.75009,14.838706
19,16.774597,14.708867,11.619504,11.265983,6.687771,5.7698665,4.4699984,7.052514,10.017311,11.961831,17.190125,17.921164,20.42325,20.832941,17.033249,13.7469635,10.099502,7.494601,5.850368,0.0,5.8828588,5.2234473,6.475826,10.253862,7.8479,14.251642,11.692903,13.669655,10.27731,14.79285,11.698038,17.510622,19.71999,23.775991,24.993916,26.54985,30.45101,31.158455,28.6082,25.769888,20.91052,20.95271,16.48638,16.24235,12.7198715,12.324758,11.545142,10.991451,14.450524,16.097668,14.889262,18.126524,16.503798,20.059965,23.000078,23.615631,27.600359,27.199059,24.438326,26.654736,28.559374,24.083376,21.897474,16.89309,17.739073,13.678245,16.864359,14.548299,14.848595,13.953753,10.831357,8.542321,6.140813,5.692401,7.1309004,8.790487,12.238769,14.233223,18.116005,20.864029,24.527018,25.921566,23.576721,27.263683,26.286133,21.461561,21.067938,16.151266,18.535463,12.340634,14.467158,11.514381,13.981023,14.446551,19.250319,18.238913,17.251558,20.152346,15.47357,16.896538,11.103004,12.333795,17.26857,20.152067,19.88669,16.729885,20.596537,14.836656,18.356174,17.118404,18.605032
20,16.308208,15.07912,12.347101,12.532822,9.208402,5.3190536,7.8050585,5.555081,10.013828,11.177917,16.707031,17.256659,20.20788,21.691149,17.82672,15.182165,10.662404,10.239197,5.9846544,5.8828588,0.0,6.895583,9.473197,13.221023,12.767077,18.856068,17.116112,19.407656,15.972494,20.178722,16.677557,22.088642,23.718092,27.01272,28.410526,29.038744,33.376976,33.806496,31.573614,29.381962,24.461369,24.639221,20.642282,20.001898,17.280033,16.115532,15.785248,13.931474,18.44815,20.096075,19.580606,22.583626,21.543076,25.285677,27.835676,29.062185,32.55696,32.446445,29.611479,31.5208,32.93889,28.314533,26.749222,21.715662,23.326147,19.27753,22.73237,20.279144,20.462627,19.220428,16.163572,13.020963,11.55324,8.817613,10.014164,12.707354,14.915473,17.03032,20.513678,22.997751,26.624355,27.887873,24.544348,27.95758,27.921398,23.112864,22.95241,18.396286,21.30444,15.808984,18.598112,16.005974,18.965464,19.128752,24.731571,23.13242,21.359207,24.175182,18.937607,20.287355,14.406747,15.175051,20.180193,23.290243,22.312841,18.818901,21.644503,16.08983,18.299898,16.999512,17.05788
21,11.915984,10.551052,6.672426,8.283962,5.174877,5.3204217,7.6741633,10.443698,13.969703,16.351604,21.686373,22.601875,25.215647,25.89749,22.088026,18.755182,15.006416,12.53379,10.321857,5.2234473,6.895583,0.0,4.47555,6.449079,6.9062786,12.405485,11.623473,14.751932,12.517107,17.086803,15.479638,20.536419,23.948025,27.374784,29.36,30.689331,34.774605,35.800415,33.473076,30.58267,25.729849,25.93846,21.287786,21.16269,17.308939,16.835604,15.065468,13.772083,16.56956,19.479853,18.284098,22.196123,20.625032,23.922188,27.291481,27.142721,31.687073,30.70311,27.851206,29.850058,32.49595,27.889462,25.247778,20.90692,20.817772,17.149197,19.14115,17.012875,15.638794,15.058165,13.120795,9.859131,9.696882,9.396389,11.927654,13.898479,17.44047,19.36997,23.325249,25.955132,29.65471,30.90665,28.442766,31.944464,30.861954,26.01308,25.141401,20.431482,21.950247,15.941571,17.087294,13.147155,14.944966,13.28558,19.713087,17.10996,15.541692,19.071135,13.72536,16.761974,10.808216,13.910717,18.464619,21.560637,21.960527,18.823326,23.488503,18.092218,21.53951,21.04211,21.986124
22,14.657755,13.824612,9.201733,11.927824,8.722873,9.4557905,10.200348,13.06261,16.457281,18.108982,23.47543,23.68044,26.416508,26.662498,22.81422,19.837675,15.765262,13.627006,11.430082,6.475826,9.473197,4.47555,0.0,5.331649,6.0396953,10.273076,10.503356,13.683801,12.250213,17.244453,15.868381,21.487284,24.610132,28.998268,30.231302,32.32625,35.94224,36.772728,33.923935,30.579178,25.9629,25.301508,20.98172,19.948349,15.851535,14.952396,12.232466,10.639837,12.697801,16.305866,15.308834,19.721836,18.81741,22.020262,26.285671,25.736687,30.65615,29.977308,27.48538,30.086296,32.76387,28.548922,25.543571,20.91653,20.015182,16.113058,17.31805,14.547538,12.869197,11.536499,10.051969,6.0988255,7.9211793,7.7991076,11.125075,13.789253,17.168604,19.760462,23.3849,26.565914,30.09286,31.740969,29.744642,33.55754,32.428455,27.658497,27.166576,22.242157,24.054125,17.75493,18.729824,14.769951,15.776973,13.558457,19.15194,16.751661,16.449736,20.429245,15.638302,19.152126,13.507285,16.749315,21.179333,24.036608,24.726126,21.794239,26.490541,20.908428,24.615118,23.585325,24.916063
23,11.513595,10.812874,6.365508,9.982894,8.709519,11.259777,12.511281,16.598423,19.656357,22.162556,27.339018,28.147963,30.6329,30.772005,27.056276,23.63718,20.239561,17.243923,15.902228,10.253862,13.221023,6.449079,5.331649,0.0,5.36503,7.047963,9.035705,12.906823,12.7926855,17.213879,17.53586,22.014332,26.471771,30.163351,32.23767,34.260372,37.915012,39.25487,36.727394,33.27523,28.726494,28.61362,23.893082,23.75081,19.35552,19.194483,16.254015,15.349702,16.095264,20.085115,18.582897,23.109085,21.544634,24.21495,28.444326,27.00162,32.39994,30.847065,28.238556,30.459711,34.0275,29.743952,26.232208,22.612656,20.77925,17.705257,17.729902,15.875125,12.624043,12.605316,12.536209,9.685202,11.537396,12.843544,15.8743925,17.519793,21.398422,23.365023,27.281109,30.11142,33.695103,35.057476,33.301044,36.898876,35.21872,30.490198,29.348698,24.679886,25.3445,19.36046,19.142159,14.572754,14.614236,10.464071,17.122736,13.320818,12.726886,17.129972,12.40915,17.231197,12.323757,16.902245,20.530972,23.294151,24.839046,22.23272,27.825863,22.74483,26.752377,26.52182,27.936207
24,14.938359,12.75768,9.522121,10.02182,7.089131,10.311424,9.233755,14.422893,16.53381,19.230124,23.94223,24.985903,27.077934,26.753166,23.264233,19.641771,17.119766,13.375778,13.533023,7.8479,12.767077,6.9062786,6.0396953,5.36503,0.0,6.6278405,4.7845287,8.214173,7.4432817,12.04434,12.286137,16.87822,21.229557,25.209333,27.044931,29.365301,32.793205,34.173527,31.618946,28.084911,23.615614,23.713665,18.842287,19.31077,14.8612795,15.476053,13.094328,13.551265,14.132345,17.10069,15.028839,19.08118,16.809414,19.412207,23.250675,21.942112,27.186804,25.62412,22.96044,25.243408,28.680367,24.454689,20.943346,17.26887,15.543089,12.469935,13.033305,11.506117,9.2528305,9.853678,8.952535,7.721664,7.6492324,10.636797,12.816049,13.208737,17.381004,18.860422,22.840982,25.506495,29.029594,30.326935,29.013044,32.613255,30.568123,25.962566,24.814194,20.162159,20.72734,14.698464,14.349898,10.002248,10.084,7.741148,13.2565,11.047311,10.995908,14.812466,10.69581,14.168047,9.3481,13.184449,16.83845,19.379333,20.85655,18.44708,24.003408,18.934376,23.330029,22.979387,25.066793
25,16.877884,15.507348,12.42082,14.239929,12.946588,16.528183,15.812192,21.01797,23.097464,25.69037,30.305973,31.144934,33.18682,32.495575,29.13404,25.65094,23.247343,19.591564,19.820852,14.251642,18.856068,12.405485,10.273076,7.047963,6.6278405,0.0,5.647358,8.869438,11.228566,14.667773,16.847212,20.413237,25.395834,29.48689,31.264786,34.17328,37.087563,38.689175,35.96765,31.99339,28.014526,27.69831,23.11319,23.366041,18.80129,19.497995,16.218647,16.832348,15.337375,19.156998,17.015818,21.389555,19.428102,21.12088,25.757448,23.055077,29.037062,26.961731,24.750542,27.23293,31.486277,27.811464,23.583723,20.894194,17.372185,15.348261,13.27972,12.307544,7.5775414,9.161004,11.016653,10.627775,12.536025,15.766994,18.260368,18.707958,22.717516,24.282295,27.986736,30.79004,34.091915,35.495968,34.781906,38.41418,35.97102,31.585005,30.301025,25.852167,25.759378,20.155392,18.729113,14.445132,12.645108,7.7083535,12.037386,8.497825,10.5182705,14.883499,12.303022,17.058483,13.910005,18.404709,20.97358,23.02486,25.440424,23.58606,29.609327,24.941063,29.529518,29.344471,31.613905
26,18.153713,15.581926,13.263902,12.815466,10.553061,14.301071,12.0774145,17.820738,19.010582,21.861889,25.947054,27.187084,28.82684,27.903433,24.795765,21.091887,19.618841,15.370293,16.871653,11.692903,17.116112,11.623473,10.503356,9.035705,4.7845287,5.647358,0.0,3.9234197,5.709846,9.136699,11.375257,14.805559,19.824219,23.861532,25.678192,28.557339,31.465378,33.14708,30.600285,26.755068,22.72412,22.962172,18.100353,19.29242,14.830463,16.373768,14.082819,15.781763,14.937549,17.411158,14.748568,18.390217,15.439845,17.20967,21.017365,18.759687,24.404463,22.239517,19.721006,22.046558,26.11308,22.25728,18.165646,15.451381,12.371601,10.398022,9.425116,9.174614,6.3082957,8.747519,8.976027,10.004534,9.542439,13.786654,15.309909,14.439246,18.646837,19.512226,23.343302,25.773102,29.070414,30.264624,29.752613,33.251553,30.547886,26.271002,24.877222,20.570162,20.284754,14.832903,13.255728,9.2762165,7.5410633,5.248706,8.671823,7.3831024,9.027852,12.451296,10.136526,13.180822,10.189937,13.746661,16.278269,18.183838,20.38762,18.678736,24.548815,20.041752,24.79595,24.659666,27.347755
27,21.695883,18.771591,16.899878,15.593531,13.114915,16.663048,13.387943,19.125134,19.476175,22.22917,25.661112,26.991686,28.210938,26.801395,24.082039,20.445318,19.920488,15.482972,18.0634,13.669655,19.407656,14.751932,13.683801,12.906823,8.214173,8.869438,3.9234197,0.0,4.545592,6.2155294,9.546753,12.171769,17.133657,21.42927,22.904408,26.24968,28.692554,30.464462,27.882217,23.872402,20.213943,20.575104,15.8429575,17.683598,13.508613,15.838332,14.152866,16.845066,15.511882,16.954788,13.920667,16.74977,13.141847,14.296373,17.728851,15.096652,20.793625,18.391415,15.956288,18.439787,22.634747,19.098585,14.756739,12.556407,8.706095,7.675923,6.0820074,7.3013716,6.021482,9.185616,9.291369,11.8764715,10.447402,15.229368,15.952237,13.984772,17.976788,18.26457,21.846596,24.030212,27.08834,28.2109,28.331205,31.741388,28.633812,24.684933,23.293259,19.300032,18.675653,13.809535,11.723212,8.857273,6.3821154,7.0069437,6.232636,7.930477,10.412553,12.617916,11.802665,13.279326,11.533914,13.858539,15.715843,17.032927,19.330173,18.13466,23.737993,19.638542,24.507261,24.31274,27.489819
28,20.903032,17.705502,15.898337,13.832976,10.490872,13.368644,9.34956,14.928895,14.976377,17.775808,21.170204,22.668257,23.887861,22.708344,19.888876,16.088623,15.704602,11.066002,14.073631,10.27731,15.972494,12.517107,12.250213,12.7926855,7.4432817,11.228566,5.709846,4.545592,0.0,5.069972,5.6661873,9.941138,14.257044,18.663176,20.130682,23.030664,25.956858,27.51361,25.008875,21.335968,17.141655,17.869007,12.755242,14.893029,10.820373,13.217198,12.4268265,15.036314,15.126849,15.917088,13.057449,15.539272,11.724063,13.814214,16.489323,15.348133,20.225914,18.447573,15.627198,17.933725,21.25547,17.157125,13.553382,10.062211,8.481432,5.942386,7.9956536,8.127472,8.844251,10.572754,8.774954,10.846948,7.7501826,12.335337,12.455338,9.965937,14.157027,14.252207,18.142942,20.245434,23.537607,24.605463,24.241745,27.687168,24.883497,20.679924,19.423903,15.131146,15.15839,9.673386,8.639206,5.9100685,5.7702737,8.6880455,9.735587,11.200718,11.967328,13.848394,11.869735,12.189052,9.313897,10.493352,13.314861,15.046285,16.433132,14.750933,19.935354,15.426671,20.233395,19.837004,22.9879
29,24.160482,20.525757,19.707588,16.604122,14.066026,17.078123,12.776565,18.180056,17.10667,20.165478,22.468113,24.530926,25.031363,23.398708,21.276266,17.447454,18.610416,13.804709,17.874212,14.79285,20.178722,17.086803,17.244453,17.213879,12.04434,14.667773,9.136699,6.2155294,5.069972,0.0,5.7958903,5.971964,11.64837,15.269885,17.242573,20.327332,22.8321,24.923153,22.893248,19.302784,15.670829,17.451962,12.469376,16.266111,13.045194,16.305,16.278322,19.4925,19.154833,19.1194,16.029398,17.331808,12.6392,13.562586,14.610502,13.0376625,17.52938,14.727263,11.587875,13.25458,17.290167,13.274192,9.187408,7.8275876,5.820155,6.442767,8.04862,10.370706,11.673087,14.22206,12.934837,15.7280035,12.446809,16.969099,16.414713,12.725001,16.399832,15.184497,18.76999,19.965504,22.929588,23.504553,23.933043,26.915342,23.302517,19.672134,17.866236,14.526309,13.018658,9.3659935,6.457715,6.11842,4.6806664,10.168948,7.9314003,11.571288,12.482457,12.657632,12.701252,11.074728,10.825293,10.633608,11.545981,12.212753,14.141858,13.547597,18.655739,15.384852,20.212833,20.375864,23.998745
30,24.56725,21.078485,19.750242,16.719353,13.059266,14.630629,9.56551,13.779075,12.232793,14.7156,16.919683,18.757471,19.343294,17.823994,15.512133,11.701857,13.0950165,8.493996,13.182071,11.698038,16.677557,15.479638,15.868381,17.53586,12.286137,16.847212,11.375257,9.546753,5.6661873,5.7958903,0.0,6.6678653,8.960626,13.919651,14.787711,17.66313,20.630018,21.989513,19.56646,16.216621,11.762922,13.368935,8.013626,11.731343,8.936395,12.097517,13.239383,16.333902,17.298851,16.40798,13.759427,14.546284,10.167029,12.385003,13.063245,13.714541,17.101627,15.988559,12.96777,15.029438,17.055752,12.693712,10.245374,5.511313,7.60552,5.3468194,10.281053,10.676568,13.490659,14.563684,11.755301,14.097103,9.639766,13.31125,11.803612,7.3825474,10.852747,9.519629,13.385832,14.883391,18.158028,19.017818,18.851997,22.2012,19.269566,15.180265,14.169528,9.969748,10.631569,5.608112,6.19132,6.916525,8.622831,13.681692,13.42811,16.152916,16.382765,17.101791,15.550323,13.669545,11.505085,9.716791,12.381105,13.65701,13.731242,12.237074,15.991922,11.728157,16.330004,15.554331,19.258821
31,27.487995,23.512955,23.444897,19.284628,16.885498,19.035013,14.40024,18.684582,16.230143,19.286032,20.143944,22.907736,22.582664,20.79575,19.486925,15.767986,18.659342,14.127619,19.093475,17.510622,22.088642,20.536419,21.487284,22.014332,16.87822,20.413237,14.805559,12.171769,9.941138,5.971964,6.6678653,0.0,7.181749,9.315532,12.101837,14.632657,17.300821,19.757837,18.522898,15.722343,12.313023,15.820974,11.217986,16.597748,14.761307,18.32398,19.600046,22.924416,23.364584,22.29761,19.43303,19.47064,14.528622,15.217565,13.606422,13.71627,16.122908,13.353321,9.775142,9.873265,13.012725,8.256155,5.607346,6.085534,8.147431,9.62182,12.8039665,15.084678,17.394297,19.531086,17.545969,20.219309,16.082403,19.89259,18.363094,13.679253,16.452566,13.714869,16.923433,16.796255,19.507635,19.3573,20.100264,22.462317,18.314999,15.211979,12.898899,10.7914095,8.004039,7.2975016,4.4345627,8.213391,8.793679,15.15964,12.878557,16.756119,16.68723,15.550225,16.017504,12.078554,13.052438,10.2028055,9.806167,9.417622,10.190418,10.545017,14.2922945,12.417414,16.766647,17.315336,21.28557
32,32.602753,28.81017,28.19424,24.345634,21.124783,22.030613,16.99688,19.38805,16.033579,17.581242,16.793999,19.095959,17.958889,15.384527,15.161295,12.578037,16.994537,13.905323,19.239574,19.71999,23.718092,23.948025,24.610132,26.471771,21.229557,25.395834,19.824219,17.133657,14.257044,11.64837,8.960626,7.181749,0.0,7.340724,5.8884373,9.922088,11.836653,13.365221,11.465464,8.810003,5.4690557,10.132197,7.1142173,13.12553,13.395124,16.897213,19.591524,23.158909,24.057928,21.491192,19.173368,17.53377,13.150593,13.741578,9.840632,12.856841,12.645475,12.192106,9.511915,10.236143,9.371011,5.176573,6.6604586,5.0447154,10.54972,11.325885,15.750611,17.176744,21.046906,22.186726,19.467758,22.370316,17.795115,20.689638,18.062061,12.942923,13.753028,9.955049,11.648713,10.595785,12.707503,12.546076,14.312771,16.71275,12.528352,10.155274,9.4089155,8.257853,8.167457,9.236838,9.937046,13.880925,15.30795,21.419716,18.983774,23.189524,23.443598,22.682365,22.574306,18.709038,18.609499,14.796833,15.301212,14.886957,13.627054,13.832844,14.355004,12.859259,15.967344,15.17062,19.539263
33,34.082966,29.974281,30.577366,25.696133,23.529236,24.455858,20.071014,22.259779,18.368406,20.717499,19.01605,22.526648,20.800291,18.973913,19.334091,16.627289,21.482803,18.255278,23.419024,23.775991,27.01272,27.374784,28.998268,30.163351,25.209333,29.48689,23.861532,21.42927,18.663176,15.269885,13.919651,9.315532,7.340724,0.0,6.6700644,6.1478696,9.378906,12.579034,13.565728,13.274846,11.3803625,16.830482,14.243695,20.162392,20.271946,23.606968,26.16358,29.365358,30.64257,28.522593,26.128675,24.832842,20.344591,20.786684,16.426659,18.770342,17.880455,16.15803,13.362912,11.1739645,10.452364,6.3891454,9.616928,11.520833,15.985292,17.433851,21.34207,23.33751,26.389175,28.077656,25.51171,27.947136,23.288887,26.03719,23.577522,18.588173,19.646715,15.467537,17.201149,14.679687,16.33632,14.619586,15.926889,16.604643,11.603476,10.562853,7.604766,9.805901,6.09543,11.509511,11.234209,15.960363,17.578102,23.949741,21.859451,25.722315,24.946064,22.97033,23.557068,18.265848,19.86723,15.150057,13.639195,12.089912,9.999738,11.812237,10.77126,12.488276,14.467118,15.486762,19.43691
34,37.79177,33.909325,33.618656,29.444916,26.41611,26.936834,22.085148,23.579653,19.666752,20.642458,18.252058,20.668167,18.535187,15.701894,16.911306,15.430854,20.716076,18.509817,23.710861,24.993916,28.410526,29.36,30.231302,32.23767,27.044931,31.264786,25.678192,22.904408,20.130682,17.242573,14.787711,12.101837,5.8884373,6.6700644,0.0,5.850052,6.034117,7.722918,7.159287,6.8429804,6.636796,11.896965,11.341754,16.766811,18.227468,21.45821,24.652718,28.178709,29.236578,26.103529,24.081453,21.622375,17.773426,17.81,12.313588,16.20315,13.582557,13.870745,12.138897,11.473874,7.5289674,5.7563815,10.192901,10.69838,15.766154,17.000887,21.148369,22.694622,26.774324,27.848251,25.088737,27.98915,23.360243,25.816359,22.842413,17.849085,17.61365,13.39203,13.495364,10.645449,11.1906,9.776043,12.967649,14.051646,9.144163,9.297418,9.112578,10.845617,10.533306,14.014908,14.872076,19.247252,20.740698,27.011374,24.186459,28.648249,28.74662,27.454996,27.738216,23.220423,23.732513,19.326643,19.073637,18.026295,16.02522,16.968054,15.315339,15.708721,17.358313,16.646984,20.839476
35,38.179714,34.22429,34.590034,29.86648,27.321646,27.367855,23.06852,23.780096,19.446234,20.648415,17.382866,20.687664,18.131872,16.23517,17.783892,16.321892,21.883139,19.942326,24.843237,26.54985,29.038744,30.689331,32.32625,34.260372,29.365301,34.17328,28.557339,26.24968,23.030664,20.327332,17.66313,14.632657,9.922088,6.1478696,5.850052,0.0,5.3724113,7.627263,9.949785,11.803158,11.039474,16.461954,15.522372,20.782742,22.109413,25.005259,28.295073,31.319689,33.12174,30.296667,28.3813,26.32992,22.542103,23.126686,18.027136,21.776058,19.40593,19.25256,17.176796,15.491425,12.188198,9.952723,14.316572,14.930061,20.244822,21.087545,25.574501,26.994617,30.664276,31.77554,28.763708,31.039276,26.213976,28.15963,25.159214,20.378483,20.140028,15.69572,16.05082,12.309916,12.912491,10.282477,11.982256,11.517977,6.2873282,7.686314,6.466785,10.655164,9.705727,14.971205,16.213217,20.782875,22.91395,29.220572,27.430334,31.27684,30.490496,28.820219,28.848507,23.698685,24.505255,19.416393,18.70273,17.549969,14.4705105,15.694898,12.003401,14.313399,14.507571,14.664352,18.324757
