,0,1,2,3,4,5,6,7,8,9,10,11,12,13,14,15,16,17,18,19,20,21,22,23,24,25,26,27,28,29,30,31,32,33,34,35,36,37,38,39,40,41,42,43,44,45,46,47,48,49,50,51,52,53,54,55,56,57,58,59,60,61,62,63,64,65,66,67,68,69,70,71,72,73,74,75,76,77,78,79,80,81,82,83,84,85,86,87,88,89,90,91,92,93,94,95,96,97,98,99,100,101,102,103,104,105,106,107,108,109,110,111,112,113,114,115,116,117,118,119
0,0.0,3.9263697,7.1962843,9.510163,13.1653385,14.805431,18.733368,21.286438,24.337374,27.612074,32.086174,34.25767,36.34475,37.963436,34.46862,30.852745,28.004055,25.58336,22.762547,21.087614,17.923504,17.336866,16.355019,18.603016,18.43305,22.99034,22.384329,25.565342,24.668571,27.60367,28.062584,30.76958,35.86955,37.181515,40.731483,42.12986,46.287277,48.18912,44.79611,42.724564,37.759598,38.775517,33.835186,35.102005,31.256285,31.297945,30.05242,28.472637,31.793592,34.740906,33.69334,37.649773,36.033783,39.870403,41.39635,44.179577,47.138184,45.573166,42.109116,42.916058,43.1239,38.285797,36.05614,34.772705,32.57666,29.867125,31.091698,30.228613,26.611004,26.567778,26.275358,23.84964,24.501358,25.542522,27.569334,28.235565,32.00909,33.11593,37.167316,39.67481,43.26609,44.66462,43.704838,46.832367,43.40386,40.227448,38.306206,34.39048,34.124996,29.202837,28.827791,24.188368,23.630219,18.38724,21.30872,19.307396,21.097944,23.02972,24.183043,27.033619,25.874712,27.737036,26.561764,23.719902,23.690584,28.334202,25.215157,30.259935,27.217026,33.89149,30.42447,34.794853,37.205395,34.350624,31.876204,29.427097,25.79085,23.051561,19.64781,16.459877
1,3.9263697,0.0,3.7757385,6.2807007,9.5428705,10.88455,14.974072,17.362299,20.450994,23.694801,28.216913,30.349375,32.447468,34.06274,30.55168,26.971851,24.094814,21.753048,18.922441,17.425488,14.241227,14.253302,13.554646,16.584846,16.04026,21.31061,19.984097,23.054153,21.675884,24.85835,24.775328,27.902847,32.604107,34.21303,37.433346,38.93731,43.062595,44.815098,41.288155,39.23936,34.255333,35.175434,30.327808,31.466846,27.78876,27.777552,26.8088,25.309292,28.918226,31.527973,30.515802,34.289104,32.738747,36.59505,38.11456,41.08478,43.87626,42.583786,39.17002,40.195442,40.151814,35.41754,33.320965,31.629782,29.831142,26.846788,28.536503,27.512768,24.30955,24.00232,23.26971,20.720795,21.054316,21.925714,23.816563,24.521729,28.205687,29.363163,33.372395,35.916946,39.51592,40.943226,39.889503,43.08402,39.774952,36.61469,34.802628,30.795685,30.889484,25.748272,25.731392,21.093117,20.860723,16.164593,19.159592,17.88448,19.8184,22.374199,24.065096,26.434092,24.726868,26.744164,24.83921,22.362078,21.825495,25.88186,22.647783,27.584518,24.204035,30.766375,27.055525,31.376335,33.681076,30.822588,28.461992,26.011257,22.449999,19.875591,16.421717,13.546961
2,7.1962843,3.7757385,0.0,5.957813,7.1262813,8.422112,12.566005,14.7815075,18.23867,21.181877,26.068787,27.794245,30.102573,31.625467,27.953423,24.513182,21.176414,19.027288,15.7164545,14.225886,10.752418,10.639873,10.503104,13.672524,13.49294,19.181524,17.759632,20.988333,19.464018,23.194721,22.718477,26.574888,30.85954,33.203407,35.824184,37.78109,41.6759,43.134594,39.347702,37.041805,32.09428,32.529354,27.837692,28.510551,24.754879,24.45667,23.38738,21.67042,25.430683,28.058352,27.225586,31.043983,29.833117,33.735065,35.680485,38.532288,41.47396,40.48419,37.172997,38.60248,38.608395,34.021008,31.778149,29.563053,27.766682,24.41542,26.176004,24.72028,21.709806,20.975729,20.184067,17.284758,17.902693,18.465324,20.591284,21.76073,25.348124,26.91386,30.769413,33.605656,37.105183,38.75178,37.69922,41.13031,38.003635,35.070946,33.38887,29.097782,29.800526,24.217459,24.60011,20.052523,19.879631,16.071335,18.366068,18.134096,19.357803,22.613209,24.51295,26.601702,24.60265,27.063763,24.776064,22.969704,22.187828,25.657475,22.675085,27.302526,23.816282,30.167065,26.110237,30.381414,32.480515,29.698383,27.588675,25.16156,21.81986,19.634794,16.197027,14.00947
3,9.510163,6.2807007,5.957813,0.0,4.8471355,7.3768573,9.801853,13.734291,15.932225,19.837835,23.99666,26.55568,28.242462,29.37525,26.027306,22.086382,20.05285,16.843866,15.433564,13.198934,12.083315,12.042409,10.454065,14.75086,12.437556,18.052135,15.390182,17.86271,16.041374,18.889465,18.751286,21.651308,26.414152,27.993357,31.258835,32.85296,36.89518,38.70456,35.291893,33.272903,28.300158,29.603056,24.601404,26.335081,22.80524,23.397343,22.86748,22.27517,25.665304,27.647402,26.212643,29.663061,27.543144,31.298994,32.291813,35.47201,38.003986,36.596066,33.153393,34.06957,33.895725,29.160261,27.194572,25.597324,24.136003,21.31916,23.493279,22.933764,20.293633,20.331415,18.951513,17.215034,16.492922,18.224394,19.549099,19.307728,23.237194,23.900654,28.073578,30.402561,33.984234,35.324326,34.661255,37.746544,34.10989,31.197508,29.109943,25.052464,24.877266,19.757618,19.500792,14.863132,14.618952,10.341666,13.493627,12.9105,15.342147,18.359573,20.795359,22.348146,19.966099,21.97025,19.283203,17.286526,16.29322,19.884007,16.926699,21.657017,18.625546,25.241045,21.599096,26.192007,28.633413,26.284798,23.760368,22.366503,17.877338,16.36798,12.27397,10.700707
4,13.1653385,9.5428705,7.1262813,4.8471355,0.0,4.3415213,5.8239946,10.132546,12.644225,16.238552,20.84377,22.900179,24.806795,25.747107,22.186897,18.367994,15.822452,12.647113,10.928208,8.390644,7.9296284,7.970006,6.998292,11.998174,9.622501,15.919117,12.678436,15.184992,12.8506775,16.597898,15.62621,19.757069,23.761642,26.457788,28.782068,31.023735,34.728485,36.10788,32.318066,29.957012,25.009111,25.660912,20.841888,21.982687,18.380705,18.684044,18.214302,17.583796,21.217556,22.984692,21.71181,25.12873,23.382505,27.222486,28.730394,31.847475,34.508846,33.570072,30.274511,31.7894,31.596676,27.110205,25.005112,22.542067,21.264164,17.830639,20.361713,19.217684,17.116308,16.541187,14.743061,12.673662,11.86956,13.383031,14.851156,15.079169,18.957012,20.151192,24.15474,26.885275,30.348549,31.986506,31.335732,34.744324,31.35502,28.779737,26.88566,22.409784,23.193071,17.397198,17.852339,13.468722,13.457384,11.2018,12.992648,14.272753,15.581042,19.52307,22.22639,23.256567,20.438728,22.984715,19.682556,18.815369,17.404787,19.792332,17.300867,21.358988,18.185867,24.302307,20.1709,24.63235,26.749392,24.569012,22.442104,21.195124,17.086777,16.314083,12.479607,12.175139
5,14.805431,10.88455,8.422112,7.3768573,4.3415213,0.0,5.3228264,6.6190853,9.8172,12.977776,17.719397,19.685593,21.783743,23.268322,19.685081,16.212917,13.283568,11.211894,8.6289425,8.190932,5.998372,9.373889,10.099928,15.019728,13.18835,19.624565,16.046846,18.166449,15.072566,18.862528,16.595932,21.206635,24.133846,26.859264,28.729366,30.6563,34.528976,35.714703,31.751795,29.771742,24.814102,25.338419,20.951221,21.578184,18.701054,18.536936,18.812332,17.877754,22.278809,23.41333,22.527086,25.435814,24.12711,27.931469,29.370287,32.92502,35.084023,34.745434,31.601452,33.351585,32.480835,28.280123,26.724388,23.618074,23.38949,19.591942,22.898895,21.415548,20.073494,18.90242,16.49989,13.856877,12.541849,12.635864,13.687132,14.454768,17.697659,19.046942,22.85236,25.541586,29.128231,30.675913,29.357273,32.8038,29.916885,26.940342,25.53803,21.204218,22.749773,16.907892,18.387577,14.268405,15.383722,13.925643,16.30241,17.708035,19.580511,23.459188,26.321468,27.143723,24.095821,26.352325,22.491299,21.557734,19.557217,21.040075,17.896015,21.824398,17.57511,23.213312,18.716265,22.696688,24.523006,21.83697,20.028147,17.910902,14.800577,13.545646,10.452645,10.285761
6,18.733368,14.974072,12.566005,9.801853,5.8239946,5.3228264,0.0,6.3295307,7.4571776,11.326363,15.581417,17.785463,19.399223,20.051569,16.586525,12.620437,10.773145,7.04648,7.288547,5.2357664,7.8364387,9.711964,9.560619,14.620712,11.517154,17.465162,12.832035,14.061298,10.362726,14.044045,11.299846,16.266174,18.972797,22.218458,23.765163,26.16442,29.745018,30.853283,26.877748,24.66813,19.70373,20.381847,15.773035,16.944553,14.102583,14.671984,15.4126425,15.657098,19.50341,19.952639,18.599651,21.173931,19.297277,23.017979,24.122211,27.773432,29.83613,29.434225,26.302305,28.138493,27.287762,23.169638,21.602045,18.303873,18.410288,14.630515,18.476828,17.348688,16.841352,15.94688,12.850657,11.400344,8.623327,10.036641,10.263592,9.71264,13.45767,14.420879,18.439062,21.107708,24.611479,26.232704,25.524633,28.989136,25.722849,23.287579,21.552658,16.91223,18.500494,12.349409,13.827091,10.102109,11.249481,11.786123,13.087458,15.7732,17.254604,21.412165,24.62511,24.681175,21.215477,23.552927,19.16666,19.22274,16.955015,17.407982,15.150169,18.253872,14.760898,20.030706,15.581246,19.802273,21.660742,19.816765,18.00177,17.456863,13.516058,14.053074,10.846148,12.451642
7,21.286438,17.362299,14.7815075,13.734291,10.132546,6.6190853,6.3295307,0.0,4.480328,6.4066253,11.519755,13.079718,15.346928,17.058605,13.412533,10.495341,7.192538,6.9466457,4.679425,7.5516915,7.005043,12.192639,13.917169,18.549377,16.66872,22.760117,18.44683,19.631699,15.68012,19.367435,15.305058,20.710024,21.611948,25.042429,25.591639,27.626312,31.248646,31.884892,27.596478,25.893332,21.163315,21.202328,17.707312,17.488697,15.919029,15.333044,16.970448,16.39637,21.244358,20.964073,20.457031,22.291082,21.514273,25.062119,26.410006,30.415428,31.868547,32.48542,29.714142,31.99737,30.343712,26.831835,25.935062,21.755833,23.047064,18.882944,23.215958,21.400192,21.59621,19.806068,16.445015,13.948045,11.443527,9.91616,9.57551,10.772241,12.748762,14.392452,17.662548,20.418234,23.960194,25.551569,23.650606,27.299973,25.114477,22.170359,21.458166,17.143944,20.244534,14.370992,17.395401,14.477366,16.690348,17.527912,19.327541,21.819242,23.57611,27.69271,30.891853,30.98578,27.471777,29.619312,24.940048,24.821201,22.150862,21.729055,18.796259,21.543106,16.744017,20.815258,15.909819,18.958143,20.084167,17.383997,16.429203,14.247009,12.726689,12.577079,11.179616,12.817359
8,24.337374,20.450994,18.23867,15.932225,12.644225,9.8172,7.4571776,4.480328,0.0,4.6989565,8.220979,10.952075,12.3215,13.656449,10.416114,6.9274526,6.3203053,5.413136,7.3404336,9.428047,11.129056,15.44188,16.467436,21.212746,18.505873,24.13334,19.156366,19.427698,15.069141,17.847576,13.084479,18.02526,18.063742,21.219799,21.58447,23.340715,27.029034,27.706673,23.540052,22.276081,17.583105,18.30056,14.988747,15.491566,14.901379,15.072511,17.584768,18.062614,22.40762,21.224236,20.368649,21.39394,20.037458,23.259745,23.673746,28.166452,28.921513,29.636831,26.949778,29.06246,26.837086,23.579927,23.306114,19.100014,21.48189,17.697382,22.657251,21.420021,22.382511,20.97351,17.134441,15.735052,12.09307,11.358406,9.578563,8.9009,10.428847,10.9312315,14.3575,16.561197,20.262175,21.558058,19.7023,23.152077,20.761835,17.736027,16.987686,12.775823,16.12904,10.559084,14.194815,12.143394,15.054984,17.132519,18.89406,21.667234,23.825994,27.720747,31.180374,30.699242,26.911633,28.658306,23.499132,23.739225,20.668846,19.08336,16.369125,18.320103,13.507716,16.748827,11.81916,14.684398,15.785865,13.490485,12.57596,11.615172,9.806105,11.193386,10.380064,13.322239
9,27.612074,23.694801,21.181877,19.837835,16.238552,12.977776,11.326363,6.4066253,4.6989565,0.0,5.657427,6.729927,9.005912,11.060423,7.566671,6.063504,4.083363,7.2030177,7.790457,11.534091,12.464894,17.37295,19.233915,23.514278,21.494453,27.003126,22.287508,22.564903,18.27478,21.288807,16.064774,21.409164,20.147799,23.91354,23.083544,25.010077,28.272661,28.334309,23.87574,22.713923,18.524857,18.223177,16.11302,15.162429,15.538748,14.811953,17.82474,17.921967,22.558605,20.771854,20.565413,20.965624,20.611288,23.578207,24.474512,28.907907,29.391079,30.953342,28.659018,31.280985,28.785225,26.14592,26.069838,21.200817,24.041245,20.008247,25.004904,23.210695,24.714039,22.713837,18.833525,17.026958,13.789987,11.470872,9.313638,10.141059,9.774039,11.213436,13.403312,15.877937,19.270159,20.751953,18.112162,21.874205,20.581017,17.735117,17.933002,14.080707,18.686632,13.640677,17.837137,16.460009,19.350578,21.757732,23.163101,26.212473,27.980656,32.06731,35.484806,34.970894,31.168953,33.06637,27.867712,28.351501,25.257418,23.24015,20.711512,22.1326,17.304611,19.26201,14.47752,16.022339,16.179407,13.750303,14.005127,12.317493,12.820208,13.989195,14.250262,16.928268
10,32.086174,28.216913,26.068787,23.99666,20.84377,17.719397,15.581417,11.519755,8.220979,5.657427,0.0,4.7854676,4.5525656,7.1711764,5.5615325,5.880426,8.39466,10.844571,13.270307,16.443224,18.027939,22.728668,24.19541,28.58146,26.064102,31.231226,26.117168,25.669735,21.240307,23.196413,17.62201,21.88503,19.16806,22.165916,20.755522,21.847282,25.082401,24.990208,20.823046,20.758915,17.179253,17.620382,16.556536,16.146774,18.011524,17.884289,21.56778,22.396265,26.530624,23.879574,23.514738,22.839836,22.14649,24.446138,24.13973,29.08303,28.387917,30.35779,28.38429,30.760136,27.340982,25.384783,26.303207,21.577457,25.705885,22.280666,27.668587,26.42757,28.565157,26.879719,22.767797,21.744604,17.96294,16.212082,13.313864,12.633714,11.004908,10.689319,11.894901,12.959291,16.301428,17.081703,13.643582,16.978312,16.272743,13.02644,14.087071,11.432768,16.5807,13.21471,17.834414,17.70428,21.126741,24.294296,25.863632,28.86797,31.134163,34.87462,38.47372,37.482273,33.507645,34.871853,29.324331,29.972794,26.5428,23.348026,20.992373,21.348856,16.608227,16.517015,12.375341,12.200675,11.488087,9.388771,10.763942,10.208314,12.184452,14.434867,15.896221,19.22297
11,34.25767,30.349375,27.794245,26.55568,22.900179,19.685593,17.785463,13.079718,10.952075,6.729927,4.7854676,0.0,3.6775103,6.664905,4.740706,7.627304,8.08723,12.23898,13.503144,17.292887,18.519413,23.219809,25.29137,29.15936,27.30143,32.306255,27.570251,27.307863,23.071886,25.56409,19.89406,24.865305,21.676102,25.64426,23.267946,25.050478,27.619776,26.879868,22.385008,21.870214,18.795092,17.798576,17.666891,15.70472,17.959272,16.94552,20.710289,21.131207,25.329279,22.356289,22.626198,21.609213,22.007515,24.147032,24.773712,29.289167,28.792671,31.440044,29.79609,32.763535,29.59873,28.026766,28.642057,23.349085,27.27228,23.518097,28.663435,26.804754,29.243704,27.02723,23.055048,21.67188,18.463781,15.668357,12.889571,13.644847,10.95537,12.078626,12.0224,13.852902,16.502901,17.82771,14.106131,17.920818,18.292635,15.961032,17.484615,14.786647,20.47807,16.851675,21.486288,21.34444,24.420095,27.69236,28.734703,32.117424,33.73872,37.80611,41.306362,40.400063,36.470894,38.22747,32.8005,33.731422,30.45481,27.389807,25.318909,25.635668,21.170643,21.025507,16.97844,16.603014,15.41204,13.682436,15.451239,14.352513,16.787815,18.551197,19.847826,22.804174
12,36.34475,32.447468,30.102573,28.242462,24.806795,21.783743,19.399223,15.346928,12.3215,9.005912,4.5525656,3.6775103,0.0,4.069418,4.583458,7.8382125,10.521504,13.689057,16.16187,19.434996,21.30353,25.776085,27.44639,31.469099,29.149757,33.92883,28.900932,28.172379,23.878788,25.680094,19.936594,24.158136,20.236395,23.696123,21.023464,22.33961,24.830173,24.03696,19.782497,19.955227,17.279978,16.940588,17.288511,16.011906,18.941162,18.549593,22.590649,23.60146,27.397501,24.042301,24.005516,22.468245,22.364754,24.102407,23.821213,28.644766,27.426676,30.169464,28.686214,31.411661,27.745678,26.565252,27.750473,22.68573,27.300665,24.001593,29.346169,27.956823,30.701788,28.812115,24.697119,23.900198,20.246584,18.123638,14.971244,14.567091,11.621432,11.447389,10.890985,11.603557,14.196409,15.002707,10.869305,14.421865,15.056178,12.68265,14.658573,12.761797,18.540386,15.960733,20.632875,21.200745,24.479692,28.211466,29.280197,32.64833,34.537743,38.36739,41.972202,40.747555,36.72923,38.15716,32.56851,33.64345,30.22179,26.511503,24.683725,24.344477,20.192692,18.933674,15.45098,14.206953,12.536566,11.51018,13.742364,13.789585,16.350077,18.80068,20.418592,23.769936
13,37.963436,34.06274,31.625467,29.37525,25.747107,23.268322,20.051569,17.058605,13.656449,11.060423,7.1711764,6.664905,4.069418,0.0,4.0141053,7.470494,11.380005,13.676747,17.23057,19.751911,22.695816,26.395042,27.72347,31.508244,28.930695,33.11588,28.024446,26.802149,22.690825,24.018463,18.299412,22.217705,17.464828,21.442913,17.90993,19.811602,21.708496,20.560972,16.124382,16.16128,13.962913,13.422862,14.570584,13.369972,17.045694,17.108385,21.378157,23.07798,26.200686,22.353462,22.101528,19.957613,19.632963,20.920721,20.259562,25.093214,23.54836,26.531715,25.29491,28.166967,24.462128,23.743011,25.069954,19.914995,24.939487,22.005426,27.313507,26.182182,29.438467,27.747581,23.608404,23.533104,19.659561,18.12458,14.648755,13.451417,9.928416,9.092401,7.4300075,7.7990136,10.15794,11.208428,7.5786285,11.69929,12.122497,10.955127,12.774826,10.884224,16.956207,14.845247,19.349398,20.650345,23.67212,28.132566,28.555832,32.306732,33.81443,37.60505,41.21666,39.647842,35.602623,37.038147,31.463655,33.082947,29.743046,25.54961,24.503262,23.458014,20.244104,18.440554,15.409622,14.189459,12.483193,12.874258,14.876716,16.382193,17.815853,20.969643,22.091139,25.734924
14,34.46862,30.55168,27.953423,26.027306,22.186897,19.685081,16.586525,13.412533,10.416114,7.566671,5.5615325,4.740706,4.583458,4.0141053,0.0,4.4089875,7.37768,10.100771,13.253774,15.945878,18.751583,22.479395,23.987068,27.750536,25.394354,29.830532,24.878464,24.061193,19.899113,21.910278,16.163073,20.964512,17.260921,21.77432,18.945463,21.356773,23.603682,22.794872,18.11682,17.229687,14.121337,13.140381,13.172855,11.551283,14.370738,14.0654955,18.17473,19.529518,23.050001,19.652235,19.467022,18.055105,17.890518,19.839865,20.077776,24.712793,24.131723,26.703178,25.094137,28.124516,25.033298,23.615892,24.254524,18.871782,23.145123,19.68697,24.939161,23.443594,26.351145,24.457697,20.339512,19.849926,16.122572,14.273912,10.88919,10.337284,7.065468,7.582873,7.331487,9.496996,12.354126,14.000106,11.236902,15.43448,14.949532,13.41634,14.390233,11.186291,17.145012,13.581268,18.13755,18.65312,21.511791,25.595587,25.992311,29.781706,31.07769,35.094166,38.63339,37.362812,33.379,35.131794,29.68447,31.157467,27.946918,24.426033,23.12333,22.815989,19.242628,18.846558,15.01064,15.020329,14.064535,13.56068,14.918875,15.597548,16.449419,19.184818,19.803583,23.213165
15,30.852745,26.971851,24.513182,22.086382,18.367994,16.212917,12.620437,10.495341,6.9274526,6.063504,5.880426,7.627304,7.8382125,7.470494,4.4089875,0.0,5.75462,6.377025,10.757125,12.658024,16.069239,19.465977,20.48897,24.563486,21.761396,26.337374,21.164364,20.370478,16.046795,18.051506,12.3439665,17.279951,14.680305,19.044897,17.332378,19.81514,22.616241,22.480604,17.915173,16.66141,12.573029,12.599036,10.88879,10.662397,12.28973,12.69597,16.471853,18.043371,21.592512,18.837421,18.07329,17.511309,16.388216,18.876326,18.895462,23.65897,23.60393,25.288157,23.174541,25.858894,23.090569,20.913307,21.236622,16.149183,20.032799,16.53252,21.92015,20.749868,23.226528,21.697468,17.498882,17.207592,13.047763,12.161043,8.801483,7.003587,5.4826427,5.3421016,7.699023,10.059566,13.582168,15.149524,13.389317,17.280619,15.353506,13.40644,13.241286,8.998599,14.331123,9.752154,14.2384405,14.337859,17.191051,21.188063,21.686924,25.385798,26.84515,30.795189,34.356373,33.147163,29.164206,30.895807,25.466808,26.821346,23.651365,20.44768,19.080925,19.160759,15.591388,16.315489,12.0440855,13.395566,13.428034,12.758998,13.080679,14.143921,13.4092245,16.337774,16.255745,19.764336
16,28.004055,24.094814,21.176414,20.05285,15.822452,13.283568,10.773145,7.192538,6.3203053,4.083363,8.39466,8.08723,10.521504,11.380005,7.37768,5.75462,0.0,5.1226835,5.9169555,9.27822,11.447947,15.364568,17.320553,21.101034,19.291708,24.365208,19.850075,20.092728,16.029774,19.457228,14.285065,20.313648,19.027882,23.838665,22.47344,25.334227,28.077267,27.858856,23.132915,21.167763,17.033077,15.775374,13.690499,11.901597,11.934653,10.812807,13.874018,14.124401,18.610048,16.697132,16.600424,17.119867,17.145594,20.234514,21.917643,25.927036,26.970234,28.623127,26.406609,29.45204,27.505808,24.933054,24.332483,19.080025,21.46634,17.171837,21.947636,19.777693,21.590889,19.331429,15.448935,13.754757,10.620842,7.9168286,5.4206815,7.3528576,6.8645926,9.683331,11.740086,15.100878,18.192759,20.241133,18.325443,22.465883,20.999485,19.03866,18.931711,14.5324335,19.316048,13.781623,17.724104,16.47112,18.756817,21.633926,22.084684,25.71875,26.622183,30.991238,34.31049,33.7235,29.971867,32.28275,27.274479,28.29914,25.472006,23.542362,21.733252,22.930693,18.921515,21.066027,16.363024,18.298723,18.49067,16.822962,16.973806,16.134888,15.699522,17.200237,16.637465,19.243221
17,25.58336,21.753048,19.027288,16.843866,12.647113,11.211894,7.04648,6.9466457,5.413136,7.2030177,10.844571,12.23898,13.689057,13.676747,10.100771,6.377025,5.1226835,0.0,6.0025606,6.3771462,10.765652,13.278507,14.115737,18.246084,15.492632,20.42135,15.447415,15.424705,11.170264,14.499665,9.562099,15.674181,15.620926,20.32296,19.890108,22.963507,25.900114,26.219189,21.73678,19.415373,14.726118,14.43934,10.817396,10.837537,9.541698,9.881128,12.426674,13.583372,17.412535,16.048464,14.996629,16.201023,14.862806,18.279943,19.484581,23.513803,24.96156,25.690136,23.056608,25.710028,24.206738,21.031466,20.04522,15.26419,17.135674,12.963395,17.872576,16.322802,17.846603,16.274761,12.2228775,11.456604,7.306982,7.254544,4.9780183,3.84755,6.541825,8.228751,11.771756,14.92286,18.254574,20.20479,19.369953,23.233217,20.561708,18.764244,17.62828,12.718753,16.346804,10.183031,13.414583,11.825796,13.751131,16.913145,17.035679,20.844746,21.705267,26.006533,29.38319,28.657736,24.872671,27.18352,22.22511,23.42025,20.732086,19.057846,17.661768,18.992739,15.691053,18.785728,14.197513,17.299953,18.290958,17.131475,16.35425,16.64091,14.164738,16.157335,14.493806,17.297813
18,22.762547,18.922441,15.7164545,15.433564,10.928208,8.6289425,7.288547,4.679425,7.3404336,7.790457,13.270307,13.503144,16.16187,17.23057,13.253774,10.757125,5.9169555,6.0025606,0.0,4.841149,5.6141825,9.745398,12.125826,15.995845,14.745171,20.4242,16.521729,17.86586,14.27047,18.633425,14.66218,20.880415,21.544773,26.127092,25.887909,28.845758,31.869709,32.090343,27.501232,25.062864,20.53914,19.454945,16.2038,14.917634,12.798832,11.47296,12.737627,11.803026,16.811378,16.665579,16.481804,18.626547,18.538229,22.191677,24.55967,27.997776,30.056112,30.911133,28.305449,31.133614,30.03823,26.72261,25.27443,20.607464,21.313519,16.761538,20.698864,18.200783,18.658424,16.29381,13.018415,10.069037,8.169671,5.437543,6.000113,9.0218725,10.921865,13.795263,16.644302,20.141315,23.296978,25.41714,23.951569,27.99468,25.948835,23.798319,23.07768,18.364101,21.962137,15.753148,18.67307,16.075357,17.580502,19.013113,19.545696,22.784159,23.344246,27.868425,30.908768,30.96594,27.538038,30.231611,25.803057,26.348763,24.000597,23.564955,21.467102,23.79334,19.811539,23.626286,18.780691,21.79049,22.664682,20.546778,19.89743,18.333471,16.784246,17.157726,15.4557495,17.021456
19,21.087614,17.425488,14.225886,13.198934,8.390644,8.190932,5.2357664,7.5516915,9.428047,11.534091,16.443224,17.292887,19.434996,19.751911,15.945878,12.658024,9.27822,6.3771462,4.841149,0.0,6.2457795,6.9244084,8.083944,12.142853,10.137322,15.731749,11.692611,13.25809,10.008963,14.749855,11.836116,17.958548,19.862999,24.514824,24.85174,28.197556,31.10123,31.609854,27.219637,24.292955,19.631826,18.852396,14.737015,14.396223,10.919173,10.511522,10.693909,10.453145,14.610419,15.281812,14.3633175,17.353205,16.450775,20.327997,22.752747,25.782116,28.47571,28.573387,25.715408,28.329523,27.97007,24.254261,22.162636,18.03641,17.593542,13.1273985,16.553053,14.293886,14.175587,12.263735,9.100148,6.6748114,4.559727,5.164129,6.6672583,8.205136,11.639223,14.056316,17.431032,20.910013,23.991571,26.179396,25.63211,29.557264,26.739912,25.001131,23.572218,18.608854,21.22499,14.851338,16.695618,13.7715645,14.301259,15.65744,15.352156,18.893951,18.7948,23.447649,26.402634,26.456533,23.138058,26.118015,22.055416,22.881432,20.957369,21.122185,19.67332,22.10499,19.1271,23.633162,19.098196,22.85527,24.209476,22.635218,21.42342,20.81855,17.794962,18.527716,15.800736,17.282782
20,17.923504,14.241227,10.752418,12.083315,7.9296284,5.998372,7.8364387,7.005043,11.129056,12.464894,18.027939,18.519413,21.30353,22.695816,18.751583,16.069239,11.447947,10.765652,5.6141825,6.2457795,0.0,6.238212,9.242007,13.025642,12.786697,18.965742,16.103977,18.554317,15.744329,20.428665,17.741465,23.511389,25.55918,29.622307,30.280487,33.0512,36.34756,36.91043,32.48578,29.9357,25.249584,24.4194,20.650873,19.769365,16.698778,15.391463,15.203009,13.201335,18.137056,19.529284,19.356134,22.47483,22.33115,26.182804,28.837156,31.873463,34.50366,34.790253,31.942875,34.46701,33.90525,30.103893,28.170889,24.193716,23.68483,19.284775,22.2488,19.686705,18.660336,16.426598,14.25532,10.404205,10.448158,8.740392,10.898151,13.671856,16.286772,18.944695,22.085161,25.510193,28.733984,30.799671,29.405281,33.336945,31.038963,28.607964,27.6157,22.932425,25.655296,19.390093,21.470572,17.933372,18.779009,18.405293,19.34283,21.720364,22.156927,26.58309,29.238304,30.055225,27.078255,29.95802,26.224606,26.07044,24.23359,25.222462,22.740282,26.019226,22.011879,26.90379,22.129816,25.643557,26.911436,24.37027,23.252483,20.96334,18.96409,18.141527,15.761102,15.945898
21,17.336866,14.253302,10.639873,12.042409,7.970006,9.373889,9.711964,12.192639,15.44188,17.37295,22.728668,23.219809,25.776085,26.395042,22.479395,19.465977,15.364568,13.278507,9.745398,6.9244084,6.238212,0.0,4.0763626,6.802076,7.527515,13.266469,11.640982,14.886142,13.453848,18.409012,17.295277,22.785738,25.868626,30.290335,31.155571,34.571358,37.471703,38.105762,33.79724,30.558897,26.00819,24.935135,20.792316,20.176483,15.920113,14.9592,13.13524,11.135926,14.849733,17.653362,17.13094,21.23953,20.888138,24.794601,28.034513,30.18696,33.744957,33.39922,30.472612,32.964203,33.45784,29.45386,26.656786,23.251024,21.123262,17.007723,18.535353,15.836483,13.657216,11.595888,10.755865,6.9730434,9.148639,9.489111,12.559081,14.871747,18.190067,20.878164,24.096415,27.72463,30.660154,32.97521,32.48964,36.464836,33.63335,31.846613,30.310997,25.37449,27.423412,21.132038,22.15791,18.575172,18.097397,17.43168,16.92655,19.545572,18.438519,23.052574,25.275572,26.339935,23.802746,27.267653,24.395765,24.67172,23.614954,25.392092,23.855497,27.065165,24.306843,29.618427,25.17829,29.216246,30.759329,28.828516,27.395021,26.04285,22.942753,22.597496,19.384539,19.447048
22,16.355019,13.554646,10.503104,10.454065,6.998292,10.099928,9.560619,13.917169,16.467436,19.233915,24.19541,25.29137,27.44639,27.72347,23.987068,20.48897,17.320553,14.115737,12.125826,8.083944,9.242007,4.0763626,0.0,5.203525,3.8470933,10.103225,8.383499,11.955456,11.1837225,15.780458,15.811277,20.528078,24.553926,28.548409,30.040936,33.411457,36.32876,37.28331,33.27595,29.987423,25.401367,24.921154,20.303425,20.661392,16.076523,16.042124,14.051474,13.125995,15.7483635,18.683054,17.484703,21.747755,20.525904,24.38525,27.146742,29.170588,32.878735,31.87616,28.755058,30.8132,31.693562,27.410376,24.346272,21.713015,18.895782,15.322432,16.324648,14.386813,11.420049,10.494416,10.060683,7.893179,9.438631,11.635581,14.204941,15.241303,19.13233,21.17035,24.718294,28.06407,31.019058,33.1932,33.207623,36.967,33.60329,31.944515,29.96233,25.084414,26.277985,20.245028,20.41752,16.70722,15.502412,14.39742,13.399011,15.906899,14.422021,19.021814,21.207405,22.303741,19.886528,23.43556,20.944002,21.255106,20.589243,22.915562,21.800543,25.06953,23.055109,28.71461,24.640917,29.060158,30.933872,29.332008,27.520073,26.8317,22.842632,22.782,19.062206,19.154886
23,18.603016,16.584846,13.672524,14.75086,11.998174,15.019728,14.620712,18.549377,21.212746,23.514278,28.58146,29.15936,31.469099,31.508244,27.750536,24.563486,21.101034,18.246084,15.995845,12.142853,13.025642,6.802076,5.203525,0.0,5.0520105,7.908898,9.301937,13.20664,13.95422,18.366074,19.216127,23.759262,27.831656,32.269234,33.434013,37.28901,39.776,40.52796,36.496746,32.74518,28.507008,27.383987,23.099588,22.929783,18.002733,17.627918,14.489965,13.081453,14.386736,18.511038,17.57261,22.345459,21.673422,25.334047,28.910627,30.010937,34.430252,33.31417,30.379469,32.64088,34.279785,30.171206,26.5725,24.144102,20.279188,17.059076,16.463913,14.062527,10.116386,9.066363,10.723766,8.858556,12.201947,14.187735,17.225069,18.751375,22.35374,24.777079,27.94085,31.532566,34.140865,36.570114,36.908527,40.80096,37.50284,36.275745,34.27374,29.320744,30.57753,24.634775,24.56295,21.17907,19.430555,18.373981,16.34065,18.808672,15.801186,20.23294,21.692451,23.111427,21.35871,25.348806,23.762245,24.431812,24.351202,26.939913,26.378752,29.414417,27.933058,33.47123,29.496462,33.878162,35.65876,34.233227,32.530487,31.89989,28.003761,27.96746,24.246105,24.159588
24,18.43305,16.04026,13.49294,12.437556,9.622501,13.18835,11.517154,16.66872,18.505873,21.494453,26.064102,27.30143,29.149757,28.930695,25.394354,21.761396,19.291708,15.492632,14.745171,10.137322,12.786697,7.527515,3.8470933,5.0520105,0.0,6.4698873,5.0033956,8.931184,9.44602,13.607862,14.859342,18.921516,23.465233,27.48657,29.097822,32.74783,35.36015,36.390224,32.602665,29.05493,24.681993,24.326412,19.59103,20.461521,15.603516,16.22038,13.854612,13.837818,15.15773,18.244732,16.553267,20.95232,19.207336,22.892183,25.555662,27.126644,31.171091,29.68,26.526009,28.408035,29.87706,25.559004,22.07425,20.034473,16.312908,13.32695,13.350254,11.943823,8.277117,8.470217,8.824853,8.470443,9.89523,13.291677,15.542469,15.762664,19.817995,21.505669,25.022572,28.235512,30.974335,33.160763,33.774452,37.414135,33.710316,32.48916,30.18874,25.354242,26.035093,20.337389,19.805563,16.47023,14.456487,13.7611475,11.394033,14.345261,11.643581,16.372173,18.442514,19.309048,17.031345,20.890297,18.8615,19.743734,19.522928,21.95456,21.674103,24.541676,23.503752,29.057426,25.36864,29.927366,31.915663,30.80919,28.87324,28.932959,24.425434,24.895987,20.98424,21.390808
25,22.99034,21.31061,19.181524,18.052135,15.919117,19.624565,17.465162,22.760117,24.13334,27.003126,31.231226,32.306255,33.92883,33.11588,29.830532,26.337374,24.365208,20.42135,20.4242,15.731749,18.965742,13.266469,10.103225,7.908898,6.4698873,0.0,5.6852293,8.559765,11.717899,14.469641,17.442,20.326138,25.184505,29.348068,30.820633,34.97509,36.914143,37.880146,34.415985,30.394613,26.640259,26.04778,21.639439,22.689934,17.703753,18.747429,15.6214695,16.32121,15.370993,18.989475,16.978691,21.512768,19.568407,22.684015,25.617691,25.943731,30.75601,28.605871,25.641687,27.365261,30.037477,25.960514,21.76389,20.72767,15.406485,13.832645,11.189474,10.538907,5.487679,7.870691,10.468413,12.047264,13.955095,17.78617,19.88242,19.671345,23.484455,24.980732,28.110703,31.226812,33.461185,35.757263,37.178295,40.705746,36.75089,36.258686,33.67853,28.982788,29.174702,24.09988,22.78693,20.242876,17.349085,17.1726,13.118447,16.101816,11.179685,15.332953,16.529926,17.204065,15.802044,20.135149,19.469543,21.215042,21.860943,24.39442,25.305132,27.494858,27.757364,32.96303,29.794842,34.350006,36.355446,35.835873,33.87969,34.638874,29.803404,30.727667,26.724834,27.284857
26,22.384329,19.984097,17.759632,15.390182,12.678436,16.046846,12.832035,18.44683,19.156366,22.287508,26.117168,27.570251,28.900932,28.024446,24.878464,21.164364,19.850075,15.447415,16.521729,11.692611,16.103977,11.640982,8.383499,9.301937,5.0033956,5.6852293,0.0,4.027243,6.1206923,9.437653,11.885922,15.176432,19.934408,24.08492,25.60387,29.575985,31.77294,32.831676,29.315779,25.57862,21.507305,21.445236,16.655315,18.343363,13.574883,15.244817,13.196145,14.726176,14.8396015,17.128632,14.714352,18.722055,16.051104,19.440447,21.600246,22.94055,27.061914,25.115967,21.923695,23.659283,25.55157,21.304317,17.499704,15.973514,11.570765,9.316433,8.771602,8.58818,5.4978023,7.4911733,7.4908433,9.747688,9.781374,14.317981,15.703222,14.620087,18.671965,19.714998,23.117054,26.017656,28.475046,30.596352,31.915298,35.33502,31.282791,30.64147,28.032701,23.3512,23.561682,18.414688,17.23797,14.774237,12.127637,13.082202,9.041913,13.193684,9.679014,14.469615,16.848337,16.683636,14.045316,18.025316,15.869106,17.858238,17.717766,19.436655,20.266247,22.24623,22.34715,27.356733,24.174826,28.695253,30.70876,30.31604,28.360262,29.472765,24.549469,25.906076,22.049627,23.205763
27,25.565342,23.054153,20.988333,17.86271,15.184992,18.166449,14.061298,19.631699,19.427698,22.564903,25.669735,27.307863,28.172379,26.802149,24.061193,20.370478,20.092728,15.424705,17.86586,13.25809,18.554317,14.886142,11.955456,13.20664,8.931184,8.559765,4.027243,0.0,4.4792233,6.0877767,9.514583,11.965505,16.696253,20.943102,22.311043,26.497202,28.363874,29.439606,26.160389,22.364468,18.56331,18.882368,14.124649,16.625742,12.321178,14.871244,13.514224,16.117018,15.6611805,16.901443,14.0060625,17.283785,13.739641,16.776957,18.2112,19.583551,23.54461,21.274572,18.018753,19.638971,21.703735,17.540415,13.566887,12.417777,7.649622,6.2920413,5.876353,7.43725,6.5197487,9.052443,8.20944,11.764624,10.540952,15.429369,15.973933,13.792961,17.631124,18.000412,21.245092,23.77265,25.998442,28.001308,29.846207,33.031914,28.739552,28.553608,25.744915,21.285368,21.144722,16.605074,14.993029,13.5094795,10.6526985,13.2775,8.493991,13.375868,10.091879,14.443127,17.125402,15.951137,12.890828,16.61134,14.030195,16.95691,16.652971,17.39263,19.09713,20.190496,21.153492,25.5181,22.794628,27.153986,29.135162,29.324207,27.41163,29.340816,24.24977,26.296633,22.643549,24.396988
28,24.668571,21.675884,19.464018,16.041374,12.8506775,15.072566,10.362726,15.68012,15.069141,18.27478,21.240307,23.071886,23.878788,22.690825,19.899113,16.046795,16.029774,11.170264,14.27047,10.008963,15.744329,13.453848,11.1837225,13.95422,9.44602,11.717899,6.1206923,4.4792233,0.0,5.1246176,5.769039,10.040931,14.079047,18.543495,19.740482,23.68277,25.9931,27.034998,23.446806,20.001942,15.659007,16.254377,11.11653,13.806349,9.855081,12.51135,12.278371,14.892411,15.745117,16.105846,13.393567,16.154583,12.619909,16.023453,17.046167,19.576912,22.717442,21.154245,17.855082,19.71545,20.57093,16.356176,13.244917,10.773877,8.438143,5.3494306,8.52728,9.035361,9.406041,10.380016,7.680508,10.489401,7.6711874,12.504935,12.455342,9.739175,13.826423,14.04812,17.643105,20.190567,22.789175,24.714087,26.080753,29.348103,25.187408,24.604742,21.964203,17.30965,17.709028,12.570756,11.735541,10.049134,8.190726,11.805108,8.4456,13.5016775,12.137595,16.542025,19.70752,18.550287,14.966004,18.065063,14.201601,16.70039,15.431344,15.299244,16.304295,17.470917,17.553652,21.837284,18.729473,23.034636,24.944588,24.958946,23.139748,24.985552,20.109804,22.323994,18.938908,21.093061
29,27.60367,24.85835,23.194721,18.889465,16.597898,18.862528,14.044045,19.367435,17.847576,21.288807,23.196413,25.56409,25.680094,24.018463,21.910278,18.051506,19.457228,14.499665,18.633425,14.749855,20.428665,18.409012,15.780458,18.366074,13.607862,14.469641,9.437653,6.0877767,5.1246176,0.0,5.761187,5.886532,11.407173,14.90382,16.907755,20.677391,22.78593,24.280937,21.411303,18.246794,14.33381,16.283669,11.300658,15.544388,12.701474,16.09621,16.358496,19.541872,19.700937,19.467506,16.414202,18.25508,13.695994,16.22583,15.474922,18.109205,20.711084,18.170055,14.621075,15.50924,16.62329,12.05599,8.75739,8.317677,6.075435,6.253781,8.893131,11.492565,12.379917,14.349043,12.125086,15.50276,12.484822,17.163061,16.44965,12.61333,16.179995,15.046617,18.47856,20.072989,22.418335,23.885302,26.007515,28.67957,23.934286,23.7838,20.631926,16.646961,15.550251,11.998485,9.539133,9.374998,6.732321,11.708424,7.732576,12.673548,11.710385,15.080741,18.413208,16.255697,12.415862,14.848887,10.706966,14.2559185,13.122759,12.1447735,14.643089,14.688921,16.552038,20.219982,18.17938,22.406977,24.525436,25.29909,23.268719,26.217377,20.837173,23.683939,20.417168,22.917877
30,28.062584,24.775328,22.718477,18.751286,15.62621,16.595932,11.299846,15.305058,13.084479,16.064774,17.62201,19.89406,19.936594,18.299412,16.163073,12.3439665,14.285065,9.562099,14.66218,11.836116,17.741465,17.295277,15.811277,19.216127,14.859342,17.442,11.885922,9.514583,5.769039,5.761187,0.0,6.654401,8.743868,13.640045,14.290083,18.179613,20.600542,21.62307,17.99132,15.034123,10.370805,12.160497,6.8546624,11.105624,9.224459,12.526957,14.149722,17.3231,18.575916,17.265663,14.622538,15.667038,11.56532,14.430125,13.73838,17.621202,19.341173,18.294708,15.074572,16.933216,16.3628,12.422529,10.701056,7.083986,8.737506,6.3794622,11.5646,12.49528,14.52413,15.027812,11.482679,14.034503,9.816858,13.611653,11.966195,7.40797,10.744136,9.399713,13.12434,14.975433,17.718931,19.317558,20.815523,23.822098,19.47778,19.04169,16.325392,11.776995,12.42443,7.592916,7.4598103,7.7610493,7.7454095,13.378833,11.355402,16.051588,16.250391,19.967476,23.4619,21.638231,17.677235,19.751005,14.791647,17.524876,15.292159,12.8557005,14.098824,13.930254,14.1103945,17.072588,14.24149,18.096931,19.83511,20.48629,18.895815,21.733332,17.115814,20.325047,17.737911,20.835127
31,30.76958,27.902847,26.574888,21.651308,19.757069,21.206635,16.266174,20.710024,18.02526,21.409164,21.88503,24.865305,24.158136,22.217705,20.964512,17.279951,20.313648,15.674181,20.880415,17.958548,23.511389,22.785738,20.528078,23.759262,18.921516,20.326138,15.176432,11.965505,10.040931,5.886532,6.654401,0.0,7.1481194,9.0433035,12.001828,15.069347,17.491915,19.510714,17.257874,15.137969,11.454576,15.2746315,10.911253,16.266861,15.172637,18.795914,20.21618,23.631126,24.177824,22.906124,19.952229,20.52827,15.653693,17.396202,14.46698,18.2312,19.08788,16.5285,13.045227,12.935458,12.390286,7.522222,6.4667683,7.183538,9.133977,10.205902,13.756959,16.45688,18.119999,19.771767,16.97273,20.055016,16.203184,20.231447,18.565004,13.795446,16.492208,13.830015,17.05376,17.375566,19.708128,20.444605,22.841991,24.809805,19.630804,19.582783,16.07562,13.012509,10.514666,9.107132,5.617257,8.234229,7.254045,13.285719,11.13144,14.943657,15.825162,18.135674,21.655993,18.922483,14.963388,15.83217,10.714123,14.280992,12.258062,8.565328,12.029384,10.207225,13.339198,15.59467,14.65375,18.41222,20.59074,22.127188,20.087887,24.16575,18.811888,22.459835,19.894852,23.0501
32,35.86955,32.604107,30.85954,26.414152,23.761642,24.133846,18.972797,21.611948,18.063742,20.147799,19.16806,21.676102,20.236395,17.464828,17.260921,14.680305,19.027882,15.620926,21.544773,19.862999,25.55918,25.868626,24.553926,27.831656,23.465233,25.184505,19.934408,16.696253,14.079047,11.407173,8.743868,7.1481194,0.0,7.2190495,5.6724105,10.421093,11.959281,13.090461,10.2011175,8.286501,4.9526505,10.051737,7.7338667,13.041408,14.301376,17.783659,20.43625,24.208616,24.818836,22.05896,19.492937,18.341038,13.843341,14.564713,10.13444,15.1881895,14.181324,13.295403,10.678568,11.783285,8.775752,6.3648252,8.208651,5.787768,11.788942,12.251846,16.701471,18.604115,21.765087,22.523972,19.108292,22.05984,17.745096,20.645666,17.993332,13.041127,13.771796,10.100648,11.928301,11.1789465,12.971742,13.507027,16.53921,18.319216,13.26036,14.441919,11.322317,8.885053,8.3605795,8.670038,8.319848,12.33634,13.211877,19.420992,17.794113,21.80466,22.631771,25.233152,28.717434,25.901052,22.010084,22.794712,17.699074,21.025358,18.512247,13.409962,16.057014,12.893479,15.031872,14.377854,13.757548,15.829074,17.038729,19.585546,18.542011,23.285555,19.368113,23.713348,22.290604,26.077784
