,0,1,2,3,4,5,6,7,8,9,10,11,12,13,14,15,16,17,18,19,20,21,22,23,24,25,26,27,28,29,30,31,32,33,34,35,36,37,38,39,40,41,42,43,44,45,46,47,48,49,50,51,52,53,54,55,56,57,58,59,60,61,62,63,64,65,66,67,68,69,70,71,72,73,74,75,76,77,78,79,80,81,82,83,84,85,86,87,88,89,90,91,92,93,94,95,96,97,98,99,100,101,102,103,104,105,106,107,108,109,110,111,112
0,0.0,4.3891997,5.8444443,8.883733,12.346106,13.749366,17.709394,20.028997,23.410694,26.24044,31.194092,32.821743,35.312263,36.607113,32.98726,29.546633,26.008533,23.738724,21.327618,16.994366,16.186335,12.050366,13.78521,11.340361,15.794449,15.397276,17.677402,21.569035,21.937956,25.532034,26.743677,29.946291,35.80126,37.30085,40.566578,42.33112,45.87471,47.357018,43.887238,41.417805,36.580982,37.359104,32.18939,33.54678,28.878359,29.222153,26.959318,26.18172,27.518414,31.495169,30.15466,34.756153,33.135937,36.54584,38.75907,40.351505,43.930748,42.073727,39.032932,39.9581,41.849834,37.192474,34.126633,32.85774,29.763008,27.183517,27.090048,25.627253,21.840723,21.92368,22.20772,20.076874,21.443829,21.798067,24.30354,25.965693,29.41928,30.929771,34.967125,37.00268,40.88954,41.67655,39.84676,42.393227,39.57437,36.342068,33.608692,29.531776,28.051022,23.440681,22.264572,17.961422,18.128723,13.442685,16.86275,20.246109,22.226603,23.738173,25.450594,25.67885,29.247875,29.124243,32.66726,34.06418,38.348923,41.66214,41.667038,38.219135,41.28121,35.21125,35.83365,32.543213,32.500484
1,4.3891997,0.0,5.0286455,4.9236765,9.011533,11.178751,14.489325,17.632488,20.470047,23.806171,28.469898,30.544868,32.736153,33.82749,30.37164,26.644583,23.732885,20.867771,19.280102,14.667775,14.762064,10.198091,12.936393,10.087959,13.308887,13.470075,14.617244,18.320372,18.463045,21.7243,23.083378,25.87558,31.872118,33.083992,36.60192,38.208775,41.86341,43.50158,40.23949,37.850494,33.050484,34.253582,28.964802,30.888924,26.350739,27.18798,25.29328,25.142548,26.454748,29.90647,28.203535,32.555367,30.406984,33.724247,35.39212,37.18522,40.451733,38.4804,35.341064,36.031593,37.804348,33.11051,30.190983,29.14351,26.281702,23.912352,24.121508,23.154213,19.638212,20.08169,19.86345,18.413874,19.006144,20.073881,22.186558,23.10201,26.809933,27.843971,32.043423,33.80189,37.68639,38.299725,36.730515,39.10993,35.998474,32.836494,29.906729,26.094587,24.234632,19.757166,18.153345,13.857141,13.893987,9.073789,12.797864,16.316391,18.077068,19.631666,21.11257,21.395376,24.947859,25.101309,28.546331,30.25079,34.517666,37.819984,38.06258,34.67217,38.069862,31.958828,33.033215,29.841003,30.265606
2,5.8444443,5.0286455,0.0,5.9693227,7.3838606,8.752142,12.453143,14.919507,18.464556,21.09135,26.244469,27.63083,30.16689,31.235884,27.544464,24.137402,20.448421,18.17645,15.723356,11.200489,10.93568,6.2152386,8.455511,7.1047645,10.887726,12.549014,13.783597,17.688745,17.32252,21.48588,21.861479,25.832798,31.032978,33.17601,35.816265,37.89216,41.155754,42.375793,38.66065,36.21381,31.326899,31.8867,26.817543,27.955109,23.374544,23.624441,21.657024,20.931879,22.776115,26.403154,25.06834,29.544529,28.022062,31.602804,33.904167,35.824745,39.239662,37.863674,34.939648,36.208664,37.72443,33.06396,30.133575,28.147444,25.515266,22.424988,23.005516,21.13508,17.94546,17.444399,17.093739,14.710064,15.785399,15.995063,18.460537,20.266516,23.6543,25.372337,29.343287,31.604856,35.46084,36.452248,34.727097,37.545906,34.744873,31.808739,29.11846,24.757093,23.883062,18.67111,18.228144,13.894806,14.697708,11.676768,15.217295,18.792725,20.630049,21.032703,22.589252,22.010702,25.559223,24.568468,28.405521,29.120266,33.490223,36.797688,36.458344,32.955116,35.70211,29.672127,30.078003,26.79149,26.661743
3,8.883733,4.9236765,5.9693227,0.0,4.7955203,7.2102237,9.921317,13.471707,15.839614,19.484417,23.909578,26.26485,28.236258,29.221567,25.89436,22.03098,19.609138,16.426815,15.487516,11.095002,11.768817,7.8548217,11.768916,9.91893,11.096034,13.299988,12.519938,15.8777275,15.033246,18.30171,19.009968,21.891285,27.397038,28.672415,32.092228,33.549717,37.243427,38.909126,35.688057,33.552006,28.709288,30.266983,24.964233,27.272596,23.036705,24.169556,22.937946,23.193111,24.97246,27.720602,25.807169,29.783138,27.291721,30.658627,31.809725,34.120056,36.879894,35.184193,32.018543,32.644394,33.90882,29.124372,26.596813,25.216461,23.139933,20.591581,21.729282,20.943186,18.221506,18.503864,17.301342,16.235006,15.698489,17.05652,18.577393,18.88278,22.603394,23.264387,27.50405,29.047173,32.932472,33.44646,31.934916,34.258335,31.07996,27.95913,24.9966,21.210167,19.359716,14.858481,13.390537,9.24808,10.039749,6.301547,10.870385,14.573428,15.748892,16.750618,17.525625,17.186678,20.535011,20.437153,23.80744,25.47525,29.659569,32.96414,33.255554,29.896162,33.511593,27.460089,28.779924,25.852951,26.523912
4,12.346106,9.011533,7.3838606,4.7955203,0.0,4.4754705,5.5823216,10.044027,12.443724,15.869023,20.518965,22.55902,24.572693,25.223022,21.797869,17.916595,15.384753,11.973087,11.315639,6.5204325,8.766579,4.7690115,8.974161,8.573876,7.804035,12.229399,10.205132,13.312092,11.537129,15.511175,15.180322,19.079565,23.853516,25.961031,28.601307,30.525301,33.849873,35.186947,31.648684,29.449501,24.536793,25.785522,20.569359,22.627802,18.47843,19.562809,18.68124,19.10059,21.252436,23.55857,21.65999,25.461565,23.094912,26.619858,27.945288,30.525059,33.19684,32.006012,29.004019,30.069273,31.008102,26.260912,23.812037,21.597265,19.974375,16.848152,18.705147,17.488888,15.545331,15.235266,13.294573,12.217508,11.060383,12.530158,13.869396,14.172198,17.938766,18.847223,23.070013,24.938717,28.801485,29.594868,28.269224,30.950262,27.745613,25.042692,22.100336,17.954699,16.915903,11.447536,11.049604,6.8713355,8.629676,8.260173,11.729725,15.172294,16.232618,15.770261,16.489862,15.145153,18.49023,17.216476,21.056217,21.814644,26.183178,29.492989,29.344921,25.887602,29.093794,23.018866,24.098345,21.1024,21.737326
5,13.749366,11.178751,8.752142,7.2102237,4.4754705,0.0,5.2844863,6.46576,9.751695,12.656392,17.569954,19.375412,21.664253,22.887762,19.348549,15.894858,12.762789,10.540324,8.608172,5.983626,5.1922727,5.7754073,10.033851,11.545171,11.096629,16.248478,14.257736,17.112963,14.588995,18.646593,17.116886,21.402798,24.90348,27.244873,29.484928,31.04562,34.393726,35.632484,31.95096,30.278439,25.293451,26.546038,21.637014,23.325233,19.613409,20.178461,19.86619,19.650942,22.815516,24.924664,23.367748,26.94256,24.954153,28.662167,29.909218,32.993713,35.231873,34.58844,31.69242,32.79838,33.08244,28.3222,26.446274,23.587769,22.953224,19.433826,22.059584,20.441828,19.05898,18.054615,15.608523,13.696233,12.09169,11.997065,12.855738,13.759879,16.702396,17.819483,21.692389,23.518467,27.415352,28.206448,26.150436,28.884735,26.358484,23.274323,20.866129,16.27206,16.004837,10.999858,11.994945,9.192419,12.008457,11.641275,15.745149,19.175556,19.798042,19.39466,19.281212,17.287926,19.901987,18.107813,21.485655,21.880053,25.827408,29.109867,28.772705,25.349922,28.506443,22.766153,23.409895,20.948355,20.96368
6,17.709394,14.489325,12.453143,9.921317,5.5823216,5.2844863,0.0,6.258735,7.5314474,11.015654,15.394021,17.523842,19.300451,19.716063,16.38385,12.380625,10.497505,6.5675464,7.43519,4.6901574,7.975121,7.7180476,11.137305,12.517246,9.569509,15.572113,11.973548,13.826355,10.408637,14.257349,12.000473,16.557055,19.697557,22.397755,24.315697,26.211367,29.351917,30.51132,26.826193,25.045122,20.067225,21.571194,16.57494,18.84073,15.435929,16.690498,17.04881,17.842154,20.738338,21.891136,19.955282,22.996662,20.486214,24.066416,24.835403,28.180626,30.096628,29.60592,26.767168,27.953037,28.002344,23.299877,21.58392,18.42121,18.372776,14.836426,18.213938,16.998352,16.61198,15.755867,12.469151,11.857744,8.70199,10.08218,9.980176,9.28354,12.840453,13.3882475,17.59261,19.377443,23.250154,24.08957,22.774687,25.608847,22.479027,20.023178,17.22488,12.793583,12.683401,6.654081,8.259134,6.168917,9.356352,11.776644,14.550705,17.40398,17.703825,16.18529,15.843586,13.148183,15.708077,13.173719,16.976622,16.933945,21.171913,24.465109,24.065645,20.593761,23.819458,17.89205,19.039038,16.537447,17.32851
7,20.028997,17.632488,14.919507,13.471707,10.044027,6.46576,6.258735,0.0,4.5280833,6.2208304,11.396841,12.9140625,15.295568,16.763987,13.197206,10.239214,7.012193,6.4687624,4.4610224,7.1864543,5.684225,10.560464,13.607236,16.565748,14.689803,20.92447,17.935438,19.854097,16.210897,19.994402,16.668093,21.389956,22.66045,25.626816,26.830856,28.181446,31.220324,32.15394,28.294418,27.333204,22.459238,23.764982,19.538837,20.94672,18.336199,18.628502,19.648016,19.408688,23.525946,24.519123,23.193054,25.901691,24.141962,27.857395,28.657333,32.503265,33.891884,34.152344,31.538157,32.79631,32.049206,27.492422,26.508852,22.663803,23.688013,19.841284,23.723768,21.947971,21.931833,20.309824,16.882338,15.086236,12.119419,10.892222,9.980675,10.606001,12.130238,13.1588125,16.432505,18.177952,22.00024,22.88742,20.30471,23.286438,21.430618,18.445822,16.742065,11.666021,13.211956,8.928442,12.248926,11.733498,15.252248,16.722557,20.326797,23.32451,23.348866,22.143032,21.090233,17.979528,19.47935,16.44894,19.275469,18.567005,21.91165,25.035843,24.257725,20.950949,23.862022,18.746374,18.97825,17.474628,17.08691
8,23.410694,20.470047,18.464556,15.839614,12.443724,9.751695,7.5314474,4.5280833,0.0,4.678187,8.125243,11.002388,12.4638605,13.701072,10.6846075,7.2212415,6.9336185,5.6591997,7.254713,10.129934,10.176066,14.063228,17.201761,19.659739,16.808186,23.054317,19.15957,20.3006,16.196415,19.042078,15.20843,19.174984,19.445724,22.092966,23.320997,24.150084,27.35033,28.482992,24.944366,24.512136,19.80037,21.944693,17.94668,20.191462,18.385386,19.31021,21.087574,21.589392,25.484818,25.630722,24.012383,26.010944,23.68072,27.099012,26.896854,31.201239,31.806345,32.20152,29.603374,30.510695,29.155323,24.686676,24.4161,20.618284,22.728695,19.290747,23.792038,22.684414,23.319126,22.048088,18.174578,17.413054,13.500206,13.238348,11.233087,9.846061,10.995863,10.48283,13.753472,14.629304,18.478735,18.956802,16.482729,19.169987,17.058472,13.98459,12.224119,7.1638813,9.116309,6.1085076,10.199552,11.501881,15.104429,17.596973,20.735315,23.28226,22.705265,21.294619,19.381702,15.828957,16.437778,13.288687,15.406005,14.823095,17.75243,20.845932,20.402542,17.247593,20.88106,16.0514,17.084478,16.348488,16.716194
9,26.24044,23.806171,21.09135,19.484417,15.869023,12.656392,11.015654,6.2208304,4.678187,0.0,5.6527977,6.7820606,9.103067,10.875613,7.454975,5.7632704,4.293212,6.86181,6.9571843,11.995257,11.067683,16.31384,18.672226,22.07174,19.376646,25.933748,22.320486,23.42077,19.227802,22.358492,17.832317,22.385855,21.321749,24.709011,24.784885,25.80774,28.412622,29.013779,25.129278,25.05035,20.58558,22.007109,18.83571,20.00037,18.839851,18.990189,21.238699,21.176777,25.711851,25.5515,24.432056,26.086687,24.5143,27.986683,28.163984,32.63392,33.06809,34.173355,31.902834,33.205776,31.463524,27.302418,27.26228,22.766047,25.321388,21.537245,26.248665,24.569649,25.639526,23.752888,19.814556,18.48736,14.804288,13.185375,10.656431,10.368534,9.597424,9.9914255,11.986132,13.353048,16.925205,17.862537,14.6706915,17.925257,16.95265,14.325663,13.697073,8.724357,12.441949,10.179957,14.647927,15.851213,19.392126,21.93543,25.058044,27.627419,27.188036,25.428896,23.668316,19.889763,20.223156,16.33267,18.217428,16.338423,18.66652,21.43682,20.195686,17.21298,19.78855,15.790375,15.6434355,15.590766,14.946371
10,31.194092,28.469898,26.244469,23.909578,20.518965,17.569954,15.394021,11.396841,8.125243,5.6527977,0.0,4.8511105,4.7380934,7.1855073,5.7251434,5.9407535,8.749825,10.781597,12.46302,17.185995,16.613703,21.608366,24.11355,27.233929,24.06448,30.547264,26.383783,26.888885,22.479053,24.64575,19.804634,23.284557,20.535194,23.432108,23.125664,23.191835,25.746275,26.430346,23.072037,24.080643,20.23372,22.436453,20.102589,21.787046,21.752708,22.284529,25.20109,25.600197,29.982307,29.034637,27.808762,28.619347,26.729168,29.761673,28.854052,33.799137,33.174435,34.6476,32.547054,33.449306,30.820698,27.031126,27.995218,23.61576,27.381495,24.11602,29.262426,28.144163,29.752947,28.111704,23.939182,23.295015,19.161947,18.096907,15.030398,13.409478,11.671058,10.228361,10.76771,10.337663,13.427601,13.681815,9.671938,12.529098,12.438431,9.745624,10.456228,6.9235854,11.552284,12.148972,16.455841,19.012896,22.439379,25.447653,28.290752,30.461151,29.46147,27.673042,25.08266,21.093737,20.227505,16.497824,16.888487,14.902734,15.729198,18.034399,17.040812,14.72441,17.807062,15.221224,15.653172,17.058168,16.94056
11,32.821743,30.544868,27.63083,26.26485,22.55902,19.375412,17.523842,12.9140625,11.002388,6.7820606,4.8511105,0.0,3.6316822,6.3956475,4.4142723,7.354724,8.237128,12.12209,12.576544,18.091564,17.124617,22.653376,24.416145,28.237486,25.274225,31.938969,28.165474,28.77864,24.428022,27.11827,21.924814,26.236025,23.052155,26.808897,25.497152,26.239964,28.056025,28.07964,24.231056,25.143606,21.501703,22.5845,20.92566,21.33208,21.640884,21.361433,24.448187,24.274628,29.076698,28.006083,27.304989,27.953085,26.931341,30.05186,29.893143,34.72701,34.31718,36.34637,34.544792,35.98818,33.3882,29.832151,30.57574,25.601387,29.23999,25.574766,30.659601,28.90479,30.740582,28.548903,24.488146,23.301077,19.62043,17.540085,14.4300995,14.051147,11.076965,11.134163,10.390033,11.212681,13.705523,14.869371,10.749143,14.370301,15.26223,13.662576,14.738811,11.2427225,16.114906,15.565683,20.174818,22.091068,25.513641,28.533516,31.377314,33.684452,33.027435,30.881477,28.796581,24.71859,24.211252,19.857956,20.779123,17.721357,18.56604,20.563444,18.575594,16.366894,17.743658,15.851999,14.758442,16.449293,15.194766
12,35.312263,32.736153,30.16689,28.236258,24.572693,21.664253,19.300451,15.295568,12.4638605,9.103067,4.7380934,3.6316822,0.0,4.0161157,4.6423755,7.899489,10.838385,13.785681,15.334745,20.48041,20.03027,25.175976,27.138506,30.647081,27.281925,33.879246,29.700747,29.919445,25.46656,27.533495,22.25698,25.85825,21.787815,25.210976,23.680902,23.896538,25.633022,25.720243,22.260572,23.804253,20.58771,22.247042,21.017435,21.94649,22.835083,22.988771,26.389551,26.689903,31.214386,29.679585,28.784708,28.946024,27.563396,30.365372,29.454737,34.52973,33.473267,35.641636,33.93369,35.103714,32.022953,28.724485,30.036015,25.232542,29.528522,26.250298,31.549303,30.23732,32.371567,30.435987,26.22938,25.597952,21.560722,20.104023,16.748035,15.3662815,12.34674,11.140059,9.678312,9.104082,11.1321,11.815499,7.2694006,10.786521,12.186805,11.005031,12.771509,10.44863,15.409934,16.1112,20.537783,23.141571,26.44879,29.840408,32.413864,34.43879,33.465355,31.25578,28.745975,24.594296,23.464865,19.253168,19.384281,16.283472,16.233551,17.881878,16.058702,14.331864,16.084076,15.072673,14.624399,17.063232,16.481586
13,36.607113,33.82749,31.235884,29.221567,25.223022,22.887762,19.716063,16.763987,13.701072,10.875613,7.1855073,6.3956475,4.0161157,0.0,3.9693828,7.3655367,11.41909,13.64308,16.160553,20.844667,21.461786,25.833706,27.47978,30.838161,26.927778,33.43117,28.988873,28.713354,24.270706,25.95562,20.445475,23.941084,19.019793,22.95174,20.57887,21.293161,22.461395,22.184593,18.5243,20.150883,17.276007,18.821806,18.223616,19.118084,20.694683,21.073889,24.836182,25.620213,29.783712,27.647114,26.692635,26.28648,24.853178,27.363127,26.196608,31.340584,29.987532,32.479614,31.015034,32.358334,29.086458,26.121311,27.610529,22.602428,27.31699,24.245857,29.64537,28.50544,31.141077,29.268494,25.009163,24.935797,20.731739,19.788757,16.182585,14.109685,10.726038,8.940419,6.335955,5.559,7.3613725,8.715815,5.5117216,9.897296,10.462291,10.866708,12.277513,10.574067,15.619739,16.074646,20.44732,23.202177,26.218004,30.306782,32.27211,33.977394,33.005333,30.280624,27.908863,23.644014,22.401136,17.726137,17.93155,13.867796,13.67556,15.108629,12.625879,10.9667635,12.101461,11.714579,11.30045,14.355061,14.268477
14,32.98726,30.37164,27.544464,25.89436,21.797869,19.348549,16.38385,13.197206,10.6846075,7.454975,5.7251434,4.4142723,4.6423755,3.9693828,0.0,4.4236026,7.471989,10.206613,12.252777,17.117281,17.624277,22.08733,23.643942,27.171146,23.502943,30.102964,25.93944,26.031229,21.624575,23.9406,18.488115,22.769562,19.061106,23.289104,21.466068,22.746782,24.249943,24.097075,20.031372,20.757551,17.149054,18.263426,16.82262,17.449865,18.228012,18.361326,21.819998,22.31442,26.691566,25.059387,24.144958,24.365166,23.081654,26.011436,25.596066,30.502623,29.937666,32.09571,30.418432,31.992805,29.334944,25.947512,26.75513,21.60102,25.580643,22.085236,27.332104,25.82156,28.134338,26.09113,21.887661,21.404783,17.350637,16.053759,12.53051,11.051593,7.727864,7.074451,6.01551,7.368627,10.263535,11.8925705,9.065944,13.261959,12.942463,12.376273,12.829434,9.544799,14.637018,13.716171,18.351576,20.490923,23.630068,27.460928,29.640259,31.611368,30.936802,28.272453,26.30902,22.089329,21.536484,16.68224,17.852491,13.9967785,15.134575,17.194843,14.831307,12.3616,13.591334,11.448738,10.594053,12.551276,11.9992285
15,29.546633,26.644583,24.137402,22.03098,17.916595,15.894858,12.380625,10.239214,7.2212415,5.7632704,5.9407535,7.354724,7.899489,7.3655367,4.4236026,0.0,5.743592,6.374149,9.752448,13.748418,15.053376,18.71822,20.65414,23.671408,19.788483,26.293293,21.920462,22.02648,17.578709,19.875668,14.634269,18.938011,16.36609,20.376545,19.501524,20.944462,23.05433,23.393492,19.391874,19.46088,15.209457,16.931498,14.323583,15.948344,15.881493,16.666222,19.75044,20.679333,24.68133,23.405823,22.036718,22.752172,20.794865,23.880758,23.36193,28.15759,27.977356,29.491722,27.477259,28.87794,26.663567,22.858358,23.302242,18.43237,22.024158,18.569271,23.786108,22.572298,24.606207,22.917143,18.64578,18.521042,14.126842,13.708615,10.296687,7.7674985,6.121901,4.58313,6.638093,8.0147295,11.783765,12.994435,11.062992,14.750328,12.85759,11.663805,10.7578335,6.508503,11.168688,9.35956,14.007997,16.121613,19.223404,23.193998,25.24629,27.195026,26.527683,23.9295,22.020315,17.84406,17.63249,12.829902,14.615079,11.371512,13.678337,16.365906,14.694747,11.592791,14.153941,10.19865,10.663026,11.344115,11.78265
16,26.008533,23.732885,20.448421,19.609138,15.384753,12.762789,10.497505,7.012193,6.9336185,4.293212,8.749825,8.237128,10.838385,11.41909,7.471989,5.743592,0.0,5.0783257,4.832594,10.111941,10.407793,14.927475,16.384653,20.191572,17.19548,23.879066,20.436832,21.422897,17.326536,20.906296,16.126068,21.566452,20.575626,24.840342,24.217928,26.216564,28.267044,28.41435,24.042507,23.341267,18.811447,19.26573,16.20101,16.491049,15.206741,14.927137,17.246393,17.09659,21.73726,21.458889,20.549744,22.24578,21.16244,24.76788,25.703384,29.918715,30.827976,32.161655,30.087595,31.93784,30.52205,26.497562,25.989943,21.01803,23.192112,19.055227,23.654291,21.479488,22.8536,20.573238,16.654482,15.170627,11.640248,9.533157,6.668928,7.3963237,6.285335,8.435937,10.563872,13.2725525,16.775967,18.426842,16.071972,19.901073,18.533913,16.85952,15.869671,10.924725,14.693314,10.913278,15.438378,15.913977,19.158337,22.210005,24.811419,27.307217,27.270876,24.895,23.853823,20.033144,20.919207,16.334253,19.106733,16.272049,19.223362,21.990473,20.083519,16.861755,18.354662,13.98041,12.982843,12.242548,11.097515
17,23.738724,20.867771,18.17645,16.426815,11.973087,10.540324,6.5675464,6.4687624,5.6591997,6.86181,10.781597,12.12209,13.785681,13.64308,10.206613,6.374149,5.0783257,0.0,5.337742,7.527115,10.193069,12.540673,14.52208,17.304087,13.526263,20.095625,16.054396,16.789175,12.555893,15.969962,11.478668,16.848976,17.105362,21.063597,21.269947,23.471354,25.905457,26.463846,22.317644,21.041393,16.162243,17.304441,13.18869,14.81909,12.786299,13.678002,15.624531,16.500177,20.229427,20.030697,18.429073,20.395401,18.3333,21.905527,22.46787,26.5406,27.679913,28.351242,25.986357,27.61981,26.641142,22.3468,21.484539,16.940933,18.718157,14.775109,19.391327,17.80418,19.051447,17.394844,13.2887,12.836291,8.515196,8.670841,6.1907096,4.3423777,6.5563297,7.372752,11.245425,13.538242,17.342648,18.648653,17.321537,20.751328,18.065195,16.404064,14.272427,9.461142,11.892383,6.692071,10.913792,11.272502,14.332378,18.02359,20.120358,22.416924,22.350445,19.825891,18.911528,15.166862,16.509396,12.0861435,15.571122,13.437022,17.290524,20.385756,19.096556,15.598471,18.068949,12.55578,13.042399,11.314187,11.813657
18,21.327618,19.280102,15.723356,15.487516,11.315639,8.608172,7.43519,4.4610224,7.254713,6.9571843,12.46302,12.576544,15.334745,16.160553,12.252777,9.752448,4.832594,5.337742,0.0,5.8459315,5.84435,10.260334,11.889337,15.762444,13.5186405,20.084309,17.309107,19.056774,15.441098,19.722095,15.896968,21.575535,22.395735,26.328379,26.559668,28.748323,31.142315,31.542168,27.209667,25.861626,21.04321,21.33989,17.448055,17.790298,15.154668,14.804025,15.907782,15.348194,19.831364,20.69579,19.714378,22.420345,21.334822,25.184305,26.765858,30.431894,32.168644,32.857693,30.529165,32.390244,31.763996,27.439453,26.165613,21.6765,22.530537,18.245647,22.107407,19.65567,20.09206,17.83524,14.363175,12.103249,9.354989,6.9420958,5.9473433,8.235823,9.365853,11.801813,14.792993,17.529682,21.189705,22.70999,20.530825,24.113111,22.291506,20.147675,18.537806,13.391459,15.82467,10.759032,14.463043,13.5367565,16.68444,18.879364,21.807293,24.659876,25.062624,23.080654,22.678743,19.379564,21.154194,17.210709,20.636538,18.715982,22.332088,25.352385,23.829315,20.414053,22.202244,17.090586,16.390398,14.453579,13.413847
19,16.994366,14.667775,11.200489,11.095002,6.5204325,5.983626,4.6901574,7.1864543,10.129934,11.995257,17.185995,18.091564,20.48041,20.844667,17.117281,13.748418,10.111941,7.527115,5.8459315,0.0,5.8546724,5.161973,7.2331934,10.17482,7.8744855,14.317197,11.880691,14.2422285,11.368799,16.155855,13.770022,19.355957,22.25192,25.792751,26.865246,29.448257,32.04859,32.708637,28.541904,26.37817,21.436224,21.729143,17.023304,17.87575,13.975451,14.244185,13.972468,13.9270525,17.247044,19.034245,17.600628,21.166162,19.636513,23.493359,25.481348,28.427662,31.001034,30.846357,28.272785,30.109236,30.459646,25.966116,23.792124,20.079586,19.357159,15.228364,18.0871,15.719587,15.156268,13.365291,10.43922,8.279811,6.3673835,6.250858,7.5601945,9.263738,12.4625635,14.5177145,18.32199,21.006638,24.753407,26.149551,24.754345,28.102203,25.359764,23.266138,20.807795,16.03359,16.899397,10.745029,12.772628,10.080338,12.515417,14.392739,16.925789,19.883492,20.834288,18.956459,19.534758,16.981924,19.814665,16.645561,20.821182,19.761095,24.114677,27.314375,26.221212,22.661621,24.776653,18.919996,18.944895,15.899596,15.760641
20,16.186335,14.762064,10.93568,11.768817,8.766579,5.1922727,7.975121,5.684225,10.176066,11.067683,16.613703,17.124617,20.03027,21.461786,17.624277,15.053376,10.407793,10.193069,5.84435,5.8546724,0.0,6.948608,9.388992,12.990034,12.825049,18.522614,17.013805,19.78983,17.037054,21.613731,19.10045,24.345566,26.677626,29.909739,31.104109,33.025997,35.879623,36.617687,32.481037,30.909159,25.974524,26.392082,22.03478,22.536757,19.07597,18.655972,18.50911,17.327694,21.409412,23.557924,22.618713,26.146347,25.08274,28.99534,30.921343,34.105274,36.40956,36.455402,33.863747,35.497734,35.48769,30.912525,29.139887,25.402508,25.119345,21.024448,23.908108,21.407133,20.497765,18.523205,16.013166,12.950368,11.836185,9.63611,10.657653,13.253464,15.128307,17.329432,20.555834,23.004353,26.75444,28.004269,25.526644,28.748549,26.938906,24.114944,22.31786,17.25076,18.448526,13.402077,15.783824,13.543679,16.454678,16.670362,20.447472,23.798897,24.5777,23.580318,23.598166,21.092262,23.441391,20.59969,24.052322,23.259796,27.020191,30.17673,29.121553,25.688992,27.908798,22.563643,22.12175,19.804298,18.76722
21,12.050366,10.198091,6.2152386,7.8548217,4.7690115,5.7754073,7.7180476,10.560464,14.063228,16.31384,21.608366,22.653376,25.175976,25.833706,22.08733,18.71822,14.927475,12.540673,10.260334,5.161973,6.948608,0.0,4.5039554,6.189248,6.927919,11.723533,11.1240635,14.562593,13.089845,17.858921,17.00749,21.95302,26.17389,29.141523,30.92053,33.416157,36.268303,37.14118,33.13779,30.699625,25.792658,26.041965,21.14204,21.98284,17.558908,17.727348,16.276733,15.77815,18.288288,21.247723,19.893507,24.104578,22.688118,26.446033,28.82151,31.134624,34.305813,33.53872,30.80941,32.492935,33.539734,28.966284,26.252394,23.362274,21.41359,17.705715,19.237553,16.897417,14.825338,13.513376,12.072884,9.452208,9.814883,9.921796,12.28764,14.2487955,17.587822,19.59702,23.475386,26.055172,29.837881,31.105808,29.620718,32.777653,29.961123,27.52216,24.898335,20.280888,20.277693,14.357912,15.040544,11.103838,12.689423,12.477523,15.396287,18.732021,20.262857,19.264381,20.56687,18.980125,22.361097,20.203608,24.379202,24.125269,28.583778,31.843718,31.052778,27.498943,29.79076,23.818483,23.949814,20.636948,20.452997
22,13.78521,12.936393,8.455511,11.768916,8.974161,10.033851,11.137305,13.607236,17.201761,18.672226,24.11355,24.416145,27.138506,27.47978,23.643942,20.65414,16.384653,14.52208,11.889337,7.2331934,9.388992,4.5039554,0.0,5.208263,6.8286104,10.900722,11.58239,14.92282,14.086817,19.145288,18.277967,23.771229,27.808596,31.410372,32.50365,35.637936,37.990147,38.45342,34.14601,31.311153,26.57918,25.879133,21.351082,21.140535,16.48977,15.948011,13.660778,12.500432,14.758122,18.408642,17.52551,22.099237,21.53075,25.308765,28.665304,30.475716,34.22039,33.68038,31.23646,33.467995,34.817944,30.50844,27.422203,24.219688,21.70519,17.786663,18.65216,15.448198,13.266285,11.159595,10.672097,6.9650073,9.448202,8.918467,12.226615,15.178168,18.229437,20.983318,24.543463,27.686148,31.281912,32.952587,31.716822,35.2211,32.467087,30.494656,27.955526,23.255552,23.796228,17.574219,18.576077,14.656125,15.755408,16.016909,18.035324,21.062563,23.014349,21.438751,23.42139,21.83585,25.382013,22.69785,27.214773,26.21267,30.814514,33.976788,32.696476,29.12314,30.54457,24.700262,24.160812,20.446672,19.802837
23,11.340361,10.087959,7.1047645,9.91893,8.573876,11.545171,12.517246,16.565748,19.659739,22.07174,27.233929,28.237486,30.647081,30.838161,27.171146,23.671408,20.191572,17.304087,15.762444,10.17482,12.990034,6.189248,5.208263,0.0,5.5631585,6.526888,8.737004,12.601005,13.131702,17.61087,18.345842,22.834452,28.247555,31.119442,33.03186,36.086155,38.696133,39.497723,35.568295,32.437695,27.802334,27.549574,22.665888,23.27975,18.381897,18.68729,15.978104,15.806574,16.47882,20.300594,18.89958,23.598421,22.337566,25.768347,28.84622,30.108034,34.177155,32.82129,30.165867,32.053127,34.09227,29.769985,26.224989,24.097593,20.537361,17.417873,17.102394,14.742287,11.245291,10.652978,11.287563,9.3695755,11.758426,13.069462,16.062025,17.840624,21.576254,23.646233,27.600838,30.37749,34.025368,35.42051,34.58217,37.77596,34.472527,32.43644,29.456427,25.20554,24.727161,18.664026,18.337355,13.775204,13.718474,13.104562,14.372786,17.282503,19.694635,18.622473,21.315798,20.66398,24.661503,22.974031,27.516258,27.383686,32.171448,35.376984,34.601868,31.063103,33.01549,26.9064,27.125626,23.215746,23.37177
24,15.794449,13.308887,10.887726,11.096034,7.804035,11.096629,9.569509,14.689803,16.808186,19.376646,24.06448,25.274225,27.281925,26.927778,23.502943,19.788483,17.19548,13.526263,13.5186405,7.8744855,12.825049,6.927919,6.8286104,5.5631585,0.0,6.6857653,4.9049726,8.136747,7.780209,12.60308,12.870556,17.712067,22.831861,26.012669,27.5889,30.893919,33.29319,34.014572,30.108398,26.907028,22.306643,22.217602,17.220587,18.326193,13.5112505,14.582211,12.546589,13.668282,14.34045,16.960987,14.976288,19.263868,17.34177,20.796427,23.451712,25.067753,28.819485,27.648588,25.004105,27.00759,28.775183,24.495983,21.060427,18.582693,15.38322,11.990231,12.510388,10.358262,8.045361,7.494834,6.567831,6.411963,7.2624307,10.317632,12.6082945,13.286217,17.379684,19.049713,23.097443,25.790144,29.327314,30.729843,30.434835,33.628666,29.985672,28.443758,25.309723,21.345545,21.011845,14.769937,14.638313,10.570372,10.539924,12.50166,12.870315,15.314652,17.298994,15.031187,17.549688,16.327951,20.255474,18.041664,22.80264,22.290108,27.17779,30.313501,29.489073,25.989191,27.930264,21.772678,22.367912,18.411026,19.241922
25,15.397276,13.470075,12.549014,13.299988,12.229399,16.248478,15.572113,20.92447,23.054317,25.933748,30.547264,31.938969,33.879246,33.43117,30.102964,26.293293,23.879066,20.095625,20.084309,14.317197,18.522614,11.723533,10.900722,6.526888,6.6857653,0.0,5.588631,8.661242,11.341964,14.583903,17.06745,20.429203,26.89614,29.375904,31.532,34.961,37.346153,38.212112,34.655888,30.995314,26.810213,26.60435,21.782124,22.94142,18.106453,19.31137,16.334417,17.575106,16.313797,19.654537,17.683828,22.137266,20.243917,23.017357,25.97265,26.334166,30.876078,28.773302,26.14042,27.977135,30.888552,26.926584,22.756138,21.734425,16.845482,14.900428,12.796554,11.548555,7.009663,8.709232,10.688814,11.347161,13.479871,16.525938,19.090818,19.630356,23.7934,25.264448,29.332722,31.903328,35.33742,36.640915,36.705788,39.71757,35.728554,34.242275,30.842758,27.303642,26.219622,20.383915,19.059818,14.653581,13.036322,13.468533,12.1774645,13.933561,16.871223,15.259986,19.130226,19.342442,23.658081,22.571163,27.222055,27.377659,32.324356,35.3791,34.860603,31.483292,33.437653,27.322586,28.175913,24.015816,25.104866
26,17.677402,14.617244,13.783597,12.519938,10.205132,14.257736,11.973548,17.935438,19.15957,22.320486,26.383783,28.165474,29.700747,28.988873,25.93944,21.920462,20.436832,16.054396,17.309107,11.880691,17.013805,11.1240635,11.58239,8.737004,4.9049726,5.588631,0.0,3.9980772,5.890704,9.2920475,11.637507,14.992178,21.397608,23.85343,26.069094,29.38249,31.856775,32.854965,29.438305,25.967981,21.69149,22.142027,17.047785,19.162224,14.633606,16.698135,14.817255,16.988098,16.420216,18.412521,15.8569,19.680819,16.80736,19.652576,21.627108,22.75979,26.608261,24.634636,21.79364,23.444248,25.85331,21.684671,17.79804,16.562223,12.321819,10.204995,9.5073185,9.168513,6.428139,8.297051,8.044572,10.231892,10.302479,14.422531,16.081936,15.389151,19.783829,20.583961,24.774637,26.995405,30.390104,31.512142,31.861578,34.70343,30.483644,29.201487,25.690664,22.489708,21.297865,15.6157675,14.202988,10.315086,8.654834,11.412463,9.790348,11.382452,13.61618,10.965458,14.388551,14.059417,18.309568,17.037687,21.716305,21.912138,26.84736,29.883753,29.542942,26.222595,28.566921,22.412693,23.85268,19.936903,21.680984
27,21.569035,18.320372,17.688745,15.8777275,13.312092,17.112963,13.826355,19.854097,20.3006,23.42077,26.888885,28.77864,29.919445,28.713354,26.031229,22.02648,21.422897,16.789175,19.056774,14.2422285,19.78983,14.562593,14.92282,12.601005,8.136747,8.661242,3.9980772,0.0,4.483352,6.1535244,9.483296,12.11686,18.731518,21.19976,23.213036,26.860699,29.031158,29.971544,26.768335,23.04615,19.130035,19.70006,14.79686,17.443384,13.420557,16.187773,14.799598,17.84238,16.701866,17.653702,14.71107,17.819252,14.256681,16.628689,18.120832,19.07148,22.887405,20.690557,17.850185,19.60377,22.246132,18.314837,14.146949,13.305068,8.465345,7.2100353,6.045871,7.3597455,6.2861185,8.877286,8.282626,11.937215,11.234714,15.942206,16.985058,15.343034,19.66655,19.956617,23.995583,26.014622,29.136885,30.217247,31.220715,33.944668,29.38878,28.667877,25.04391,22.430714,21.19356,15.953374,14.403455,11.54268,9.5123205,13.695313,10.97592,11.391557,13.219542,9.327719,13.023544,12.702979,16.791857,15.483194,20.144993,20.169432,25.076496,27.920382,27.639275,24.50744,26.737715,20.782906,22.654257,18.819172,21.225445
28,21.937956,18.463045,17.32252,15.033246,11.537129,14.588995,10.408637,16.210897,16.196415,19.227802,22.479053,24.428022,25.46656,24.270706,21.624575,17.578709,17.326536,12.555893,15.441098,11.368799,17.037054,13.089845,14.086817,13.131702,7.780209,11.341964,5.890704,4.483352,0.0,5.1681314,5.7505007,10.066793,15.621886,18.629223,20.326548,23.802927,26.112658,27.039694,23.595882,20.292023,15.90906,16.918526,11.64319,14.7749405,10.989833,13.96337,13.62696,16.629406,16.771027,17.084663,14.160339,16.892168,13.134478,16.021027,16.930702,19.11593,22.052383,20.638912,17.77334,19.499487,21.020163,16.719206,13.383334,11.125575,8.483129,5.6176667,8.061672,8.48912,9.025035,9.961742,7.2878222,10.726205,8.318157,13.139557,13.456818,11.152849,15.53392,15.577954,19.721264,21.670506,24.909914,25.978067,26.786638,29.572496,25.15035,24.387291,20.866777,18.07422,17.245993,11.820431,11.034333,8.88689,8.115614,13.395636,11.987119,12.998899,13.956325,9.956333,12.019031,10.280563,14.039514,11.731394,16.609554,16.211649,21.174904,24.139885,23.734676,20.47348,22.948275,16.836866,18.830135,15.251382,17.760233
29,25.532034,21.7243,21.48588,18.30171,15.511175,18.646593,14.257349,19.994402,19.042078,22.358492,24.64575,27.11827,27.533495,25.95562,23.9406,19.875668,20.906296,15.969962,19.722095,16.155855,21.613731,17.858921,19.145288,17.61087,12.60308,14.583903,9.2920475,6.1535244,5.1681314,0.0,5.729983,5.97657,13.178523,15.087825,17.559023,20.92203,23.286234,24.593006,21.927155,18.562572,14.851818,16.891016,12.063648,16.424826,13.772429,17.366732,17.492893,21.025837,20.53055,20.04288,16.85353,18.529102,13.835313,15.627765,14.810193,16.855694,19.196882,16.926685,13.718887,14.756302,16.672846,12.412275,8.719408,8.429049,5.5927215,6.0243654,7.895093,10.779102,11.8834715,13.82569,11.726362,15.695769,13.142621,17.967648,17.736273,14.397377,18.441385,17.369467,21.285694,22.4432,25.313795,25.951187,27.546919,29.790089,24.826567,24.524841,20.76189,19.195871,17.552992,13.595248,11.702494,10.959515,9.186622,14.966042,12.181733,11.738228,11.966136,6.999688,9.050534,8.053739,11.546436,10.510363,14.7955475,15.267721,19.939726,22.625076,22.883825,20.048965,23.02382,17.376131,20.38449,17.360598,20.684525
30,26.743677,23.083378,21.861479,19.009968,15.180322,17.116886,12.000473,16.668093,15.20843,17.832317,19.804634,21.924814,22.25698,20.445475,18.488115,14.634269,16.126068,11.478668,15.896968,13.770022,19.10045,17.00749,18.277967,18.345842,12.870556,17.06745,11.637507,9.483296,5.7505007,5.729983,0.0,6.635896,10.020017,13.861416,14.744848,18.430775,20.504406,21.363077,17.940338,14.928723,10.436828,12.546903,7.320305,12.052226,10.073887,13.681512,15.051209,18.460644,19.162064,17.893959,14.945372,16.072882,11.621016,14.108987,13.272294,16.78951,18.287718,17.648228,14.914958,16.564991,16.767326,12.445569,10.327953,6.4944897,7.6657543,5.2802253,10.309426,11.360562,13.740793,14.117798,10.598949,14.065281,10.239636,14.578054,13.401959,9.299436,12.980718,11.73463,15.576591,16.98257,19.919353,20.857832,22.34516,24.969967,20.288368,20.287195,16.841694,14.873585,14.548187,10.309346,10.459711,10.886191,11.03462,17.084225,15.904414,16.377432,16.24418,11.826862,12.016566,8.887248,11.169065,7.3553324,12.208851,10.84783,15.785948,18.608688,18.166698,15.042871,17.769817,11.858729,14.793773,12.030559,15.490641
31,29.946291,25.87558,25.832798,21.891285,19.079565,21.402798,16.557055,21.389956,19.174984,22.385855,23.284557,26.236025,25.85825,23.941084,22.769562,18.938011,21.566452,16.848976,21.575535,19.355957,24.345566,21.95302,23.771229,22.834452,17.712067,20.429203,14.992178,12.11686,10.066793,5.97657,6.635896,0.0,8.270879,9.121283,12.317029,15.133736,17.799862,19.60656,17.711304,15.098084,11.942143,15.716922,11.712338,17.197952,16.122906,19.94189,21.216717,24.86523,24.922081,23.454536,20.321363,20.772715,15.68997,16.787186,13.580193,16.794195,17.08798,15.104573,11.843119,11.716087,12.022341,7.2616343,5.634274,6.170295,8.111289,9.490171,12.684964,15.679276,17.62947,19.155968,16.391483,20.186583,16.662045,21.073244,19.83206,15.377684,18.628967,16.191282,19.617697,19.673916,22.110607,22.178686,24.418276,26.034407,20.724062,20.979258,17.233513,17.097418,15.175237,13.298496,11.527652,13.14258,12.1584425,18.138052,15.815739,14.96117,13.807846,9.425153,8.449934,6.4454384,7.646071,7.0742583,10.115729,11.212827,15.252838,17.645315,18.626446,16.306522,20.12002,15.253904,19.33056,17.48822,21.387444
32,35.80126,31.872118,31.032978,27.397038,23.853516,24.90348,19.697557,22.66045,19.445724,21.321749,20.535194,23.052155,21.787815,19.019793,19.061106,16.36609,20.575626,17.105362,22.395735,22.25192,26.677626,26.17389,27.808596,28.247555,22.831861,26.89614,21.397608,18.731518,15.621886,13.178523,10.020017,8.270879,0.0,6.3729796,4.812615,8.889811,10.500514,11.829131,9.699124,8.365407,6.0607634,11.528559,9.870625,15.238176,16.529795,19.98942,22.75919,26.304161,27.197857,24.3895,21.722324,20.58991,16.043673,16.669052,11.921259,16.857704,14.656532,15.162784,13.175756,13.510435,10.351065,7.1550646,9.67555,6.869988,13.098125,13.418521,17.954964,19.918543,23.130043,23.559715,20.044846,23.388908,19.15103,22.525717,20.106518,15.087218,16.428465,12.90414,14.732512,13.81964,15.236725,15.187703,18.6033,20.050768,14.790863,16.762081,13.901799,15.050017,14.940685,14.815432,15.274047,18.281485,18.687544,24.699133,23.405539,23.0015,21.600296,17.585167,15.585311,12.381472,10.841272,7.5936723,8.281115,5.803076,8.540278,10.271711,10.813365,9.1839,12.9714155,9.855882,14.632745,14.654101,18.816593
33,37.30085,33.083992,33.17601,28.672415,25.961031,27.244873,22.397755,25.626816,22.092966,24.709011,23.432108,26.808897,25.210976,22.95174,23.289104,20.376545,24.840342,21.063597,26.328379,25.792751,29.909739,29.141523,31.410372,31.119442,26.012669,29.375904,23.85343,21.19976,18.629223,15.087825,13.861416,9.121283,6.3729796,0.0,6.861977,6.6303678,10.351162,13.453037,13.704905,13.49739,12.369899,17.7929,15.896797,21.451246,22.19242,25.800644,28.166222,31.709793,32.413124,30.040657,27.167355,26.373497,21.506119,21.817026,16.450977,20.588638,17.885262,16.988894,14.669938,12.855019,9.344202,6.3660817,10.384958,11.142679,16.084026,17.503202,21.232603,24.044552,26.543257,27.66716,24.420797,27.848368,23.653301,27.285337,25.059673,19.991802,21.723288,17.847744,19.85875,17.981638,19.256655,18.149033,21.37427,21.609953,16.135904,17.546946,14.51286,17.077747,15.225472,16.898409,15.896491,19.48385,19.390455,24.88602,23.284351,22.285791,20.113209,17.049765,13.924994,11.829593,8.804672,9.310049,7.2925816,9.348827,10.246253,11.392551,14.103539,13.401139,18.249529,15.761519,20.657497,20.790272,24.841146
34,40.566578,36.60192,35.816265,32.092228,28.601307,29.484928,24.315697,26.830856,23.320997,24.784885,23.125664,25.497152,23.680902,20.57887,21.466068,19.501524,24.217928,21.269947,26.559668,26.865246,31.104109,30.92053,32.50365,33.03186,27.5889,31.532,26.069094,23.213036,20.326548,17.559023,14.744848,12.317029,4.812615,6.861977,0.0,5.9620256,5.8498693,7.3667555,6.9706006,7.3309717,8.044775,13.1843815,13.335851,18.04581,20.250343,23.534964,26.59587,30.190073,30.987734,27.663235,25.164803,23.256123,18.984722,18.813751,13.072903,17.8985,14.036478,15.252991,14.084938,13.892586,9.150352,8.223697,12.197641,10.517417,16.767515,17.641308,21.84013,23.976265,27.461021,27.899893,24.478699,27.863188,23.658888,26.802332,24.16387,19.20579,19.804514,16.069977,16.773108,15.065533,15.294284,14.797853,19.157503,19.923468,14.891398,17.927963,15.783451,18.035892,18.133001,19.077868,19.60099,22.918407,23.287767,29.226894,27.796595,27.102669,25.469948,21.602945,19.356516,16.526379,14.236015,11.904069,10.917675,8.605631,8.5744295,8.632597,9.641989,9.700147,12.828526,12.051621,16.635832,17.60077,21.688019
35,42.33112,38.208775,37.89216,33.549717,30.525301,31.04562,26.211367,28.181446,24.150084,25.80774,23.191835,26.239964,23.896538,21.293161,22.746782,20.944462,26.216564,23.471354,28.748323,29.448257,33.025997,33.416157,35.637936,36.086155,30.893919,34.961,29.38249,26.860699,23.802927,20.92203,18.430775,15.133736,8.889811,6.6303678,5.9620256,0.0,5.2145305,8.956832,10.741799,12.900551,13.278611,18.661661,18.347383,23.215355,25.113365,28.316683,31.400375,34.73653,35.97203,32.97932,30.449938,28.890621,24.575434,24.662533,18.936224,23.577482,19.500868,20.141253,18.747902,17.309504,12.277753,11.406016,15.970578,15.387546,21.32025,22.194035,26.457376,28.743963,31.7538,32.331814,28.73714,31.816526,27.335775,30.256853,27.446587,22.391033,22.84535,18.560778,19.129112,16.194643,16.20888,14.453744,18.479845,17.908314,12.945913,15.81202,14.107667,17.852758,17.230772,20.116163,20.294857,24.374844,24.957472,30.389872,29.383461,28.681883,26.458511,23.50426,20.167135,17.57964,14.059519,13.339379,10.039594,10.104806,7.694243,6.7871213,10.34312,11.351855,15.925155,15.744382,20.42347,21.931242,25.720173
