,0,1,2,3,4,5,6,7,8,9,10,11,12,13,14,15,16,17,18,19,20,21,22,23,24,25,26,27,28,29,30,31,32,33,34,35,36,37,38,39,40,41,42,43,44,45,46,47,48,49,50,51,52,53,54,55,56,57,58,59,60,61,62,63,64,65,66,67,68,69,70,71,72,73,74,75,76,77,78,79,80,81,82,83,84,85,86,87,88,89,90,91,92,93,94,95,96,97,98,99,100,101,102,103,104,105,106,107,108,109,110,111,112,113,114
0,0.0,4.391951,6.010457,8.609915,12.07003,13.637779,17.347845,20.253908,23.264166,26.749182,31.392452,33.49231,35.716434,36.739384,33.216812,29.48898,26.469666,23.567072,21.7985,17.064077,16.790075,12.0660095,14.6917715,11.256122,14.37025,16.130438,17.643856,21.338223,20.849041,24.178076,25.060747,27.577961,33.28152,34.72497,38.067833,39.45436,43.726,45.11221,43.928608,40.753727,35.88678,36.655052,31.710629,32.253937,28.24994,28.189133,26.080624,24.498741,26.77922,30.304855,29.049702,33.16942,31.185389,34.165913,37.052338,36.524193,40.624207,38.489597,35.965954,36.896297,40.697357,35.859352,32.689075,32.01534,28.888443,26.537271,26.83435,25.31025,22.749237,23.00648,22.92283,19.974356,21.040789,21.423344,23.959957,25.182356,28.991722,30.234901,34.436993,36.45533,40.27216,41.066513,37.461483,40.27145,39.867558,35.39532,32.765785,30.17587,28.607468,23.19693,22.530672,18.756384,20.28481,15.864065,19.365973,23.65461,23.747246,22.558552,26.861368,23.027622,20.126709,21.015644,24.805414,23.114138,27.786963,27.872442,32.343815,35.745293,32.66943,29.484089,26.877676,22.962603,20.499456,16.849276,14.4581175
1,4.391951,0.0,5.109491,4.6963716,8.693721,11.1790285,14.114874,17.853916,20.2958,24.155457,28.47857,30.925938,32.85955,33.650253,30.300068,26.35107,23.955318,20.524265,19.60318,14.679594,15.382402,10.349507,13.238834,10.172416,11.635748,14.353378,14.635051,18.018404,17.296684,20.235315,21.31809,23.365143,29.288715,30.462091,34.007587,35.31815,39.59507,41.129322,40.109497,37.0146,32.18455,33.341766,28.245815,29.38421,25.414925,25.850922,24.082787,23.167818,25.381844,28.423285,26.85199,30.658484,28.186054,31.045631,33.477955,33.01042,36.86266,34.606583,31.959068,32.693695,36.519955,31.659746,28.535515,28.145327,25.176594,23.094023,23.663643,22.500536,20.35821,21.057625,20.695295,18.346184,18.587477,19.60193,21.71441,22.175764,26.163103,26.947588,31.25649,32.997402,36.818924,37.44058,33.987434,36.72712,36.023357,31.581253,28.77428,26.368082,24.433428,19.236092,18.306046,14.601657,16.37099,12.017749,15.047353,19.468866,19.829758,18.439642,22.703156,18.83703,15.771908,16.68852,20.556908,19.113876,23.794056,24.161247,28.652382,32.127113,29.234684,26.106804,23.675896,19.313251,17.277153,13.600988,11.17396
2,6.010457,5.109491,0.0,5.9744687,7.1783466,8.732522,12.143426,15.250999,18.474081,21.699745,26.604364,28.350714,30.680733,31.48022,27.851467,24.208885,20.939795,18.07038,16.223566,11.204726,11.680665,6.117362,8.835567,6.478522,9.243264,12.581488,13.336527,17.034048,15.9273,19.884306,19.958544,23.44935,28.504274,30.773746,33.39395,35.28392,39.276745,40.35857,38.79779,35.469826,30.599812,30.978495,26.182854,26.358007,22.383045,22.193941,20.177471,18.684584,21.224846,24.468777,23.279705,27.32112,25.52562,28.688402,31.721956,31.507828,35.573837,33.91871,31.62728,32.91886,36.301376,31.527103,28.439861,27.039639,24.168737,21.310799,22.069393,20.043064,18.135874,17.964424,17.344341,14.238378,15.11472,15.444984,18.011337,19.421944,23.192404,24.718277,28.833088,31.14669,34.937523,35.986244,32.555798,35.700607,35.33348,30.726368,28.435167,25.38385,24.50893,18.55902,18.520733,14.891306,16.650213,13.726806,16.796885,20.653107,21.30326,20.826075,25.272928,21.850727,18.182024,18.381037,22.237198,19.570667,24.753733,23.85992,28.636488,32.04783,29.380314,26.054476,24.383783,19.976046,18.433683,14.172064,13.187825
3,8.609915,4.6963716,5.9744687,0.0,4.6819134,7.417575,9.779746,13.795413,15.804203,19.858923,23.95862,26.603834,28.367765,29.117628,25.871645,21.85013,19.853949,16.230947,15.844859,11.264451,12.40173,8.192029,11.633799,10.297276,9.807577,14.462735,13.054818,15.932984,14.209889,17.057028,17.445984,19.532969,24.920012,26.219612,29.647915,30.85173,35.190308,36.629814,35.69302,32.774895,27.892467,29.291412,24.211485,25.647638,21.94396,22.630026,21.477243,21.006117,23.627207,25.93214,24.296907,27.64305,24.939547,27.904564,29.79114,29.866879,33.233143,31.30083,28.62472,29.214054,32.61275,27.645208,24.880634,24.263119,22.028797,19.807192,21.287071,20.06795,18.987268,19.6595,18.521433,16.478785,15.622508,16.695189,18.241064,18.181597,22.11498,22.588465,26.91906,28.469076,32.28873,32.83171,29.319319,32.031292,31.370506,26.93745,24.187355,21.771551,20.046026,14.824365,14.402118,11.219579,13.881119,10.812626,12.26187,16.793386,18.025984,16.525614,20.588648,16.61925,12.851605,12.844547,16.617697,14.57533,19.443623,19.495375,24.055069,27.540482,24.777569,21.614248,19.56324,14.908141,13.376055,9.4168825,7.8375626
4,12.07003,8.693721,7.1783466,4.6819134,0.0,4.470601,5.491823,10.242258,12.350197,16.148218,20.520082,22.79066,24.661175,25.163189,21.788948,17.81427,15.604899,11.864367,11.651645,6.791457,9.3132,5.2686806,8.371748,9.011805,7.0095983,13.141689,10.766658,13.342388,10.741945,14.28114,13.590536,16.878592,21.478367,23.738152,26.347212,28.115593,32.15106,33.26336,31.914082,28.815979,23.895359,24.892181,19.927462,21.023142,17.361298,17.993244,17.076653,16.863203,19.690847,21.554495,19.976076,23.153255,20.605299,23.768154,25.781084,26.209843,29.533495,28.114285,25.697163,26.681688,29.622639,24.72743,22.064438,20.609959,18.716087,15.919319,18.014288,16.29756,16.094742,16.355116,14.571624,12.641001,11.143873,12.298232,13.641024,13.579741,17.541012,18.281134,22.569923,24.448668,28.26713,29.090527,25.752003,28.842577,28.22698,23.62701,21.262318,18.282627,17.40552,11.458479,11.948943,9.146466,12.086506,11.129478,11.870827,15.589779,17.379948,16.754507,20.774979,17.478922,13.177417,12.307833,15.9511385,12.71941,18.114847,16.962706,21.85576,25.325834,23.038105,19.759138,18.828003,13.784031,13.486793,9.181313,9.708775
5,13.637779,11.1790285,8.732522,7.417575,4.470601,0.0,5.0507493,6.7143245,9.836447,13.14802,17.925419,19.898249,22.115368,23.197197,19.639505,16.063606,13.050671,10.476762,8.761388,5.6498275,5.3734736,5.2354155,9.077257,11.349425,10.296774,16.60727,14.470109,16.853058,13.588552,17.287653,15.193132,19.066284,22.06465,24.80813,26.901686,28.387472,32.543484,33.22649,31.845003,29.05101,24.045607,24.754242,20.262749,20.630796,17.543201,17.496313,17.129004,16.258644,20.130112,21.586323,20.574709,23.48528,21.54898,25.070412,26.880337,28.126413,30.963322,30.27028,28.029377,28.975004,31.139505,26.212486,24.208994,22.026192,21.180563,17.84821,20.76148,18.416996,18.974346,18.471498,16.021471,13.339771,11.629388,10.997095,12.12032,12.99286,16.247158,17.409504,21.437044,23.456636,27.223806,28.185717,24.322699,27.379072,27.563541,23.059074,21.218866,18.030174,18.361443,12.538709,14.452452,12.670755,15.949627,15.5544405,15.595026,19.215097,21.429735,20.656128,24.35254,20.811754,16.383995,14.502286,17.436525,13.07715,18.246765,16.062141,20.795513,24.034414,21.48907,18.081455,17.285105,13.148969,12.510467,8.182985,10.002938
6,17.347845,14.114874,12.143426,9.779746,5.491823,5.0507493,0.0,6.176658,7.4014587,11.077818,15.333816,17.532837,19.29991,19.68112,16.315767,12.327816,10.465941,6.4531937,7.38963,4.5965457,8.001538,7.7092214,9.732188,12.6792555,9.396772,16.058767,12.443621,13.76251,9.760362,13.0624275,10.288311,14.423155,17.149403,20.25971,22.034424,23.940231,27.83862,28.557018,27.061811,24.146355,19.149654,20.129883,15.424537,16.527428,13.517582,14.311559,14.597849,15.022182,18.39003,18.941782,17.5164,19.812294,17.284029,20.661818,21.983269,23.423042,25.981674,25.394379,23.204088,24.201077,26.170755,21.30826,19.381395,17.001692,16.61169,13.353082,16.965649,14.93515,16.558792,16.413298,13.493619,12.181139,8.890092,9.650836,9.620053,8.760175,12.444424,12.988128,17.237635,19.11956,22.931475,23.864664,20.463737,23.753944,23.38133,18.737732,16.877052,13.453515,13.885043,7.748373,10.252957,9.417129,12.829226,14.213987,13.078481,15.798093,18.518608,18.212147,21.567041,18.75096,14.239923,11.932056,14.6301775,9.95245,15.37075,12.737468,17.749748,21.080477,19.281578,16.003843,16.388058,11.452824,12.63402,8.927968,11.558154
7,20.253908,17.853916,15.250999,13.795413,10.242258,6.7143245,6.176658,0.0,4.4792686,6.531566,11.665264,13.2397175,15.643636,17.070536,13.440806,10.43097,7.0573835,6.3662143,4.131187,6.863008,5.5966024,10.358769,12.630888,16.61757,14.61724,21.174553,18.149654,19.473625,15.287344,18.508335,14.479026,18.84618,19.095871,22.733883,23.641485,25.02975,28.976204,29.000307,27.494337,25.166931,20.269817,20.74486,17.128658,16.982449,15.210799,14.879651,16.071878,15.581506,20.163319,20.05428,19.53502,21.272404,19.80018,23.48642,24.44101,26.97351,28.750418,29.192139,27.314995,28.211458,29.044022,24.340002,23.422638,20.216627,21.222374,17.556082,21.814135,19.146639,21.400904,20.395071,16.945824,14.808977,11.754519,9.796227,9.016003,9.803652,11.571427,12.792361,16.257092,18.285948,21.871763,23.015741,18.81867,21.989843,22.975555,18.684027,17.83717,14.339543,16.672028,11.6916685,15.416591,15.439047,18.907051,20.281464,18.868517,21.574545,24.547485,24.009449,27.008205,23.895826,19.424084,16.31863,17.98546,12.37884,16.804771,12.664539,17.027271,19.804848,17.74024,14.424807,15.281652,12.245803,13.010837,10.07803,13.746526
8,23.264166,20.2958,18.474081,15.804203,12.350197,9.836447,7.4014587,4.4792686,0.0,4.6488776,8.216133,11.030643,12.5921545,13.837699,10.69621,7.217748,6.621978,5.361778,6.8425274,9.820393,10.050542,13.857896,15.898379,19.678793,16.650162,23.259302,19.34183,19.847237,15.366378,17.46771,13.067872,16.421135,15.559784,18.910547,19.85653,20.77416,24.877117,24.955494,23.86923,22.002455,17.170944,18.53599,15.034115,16.046038,15.004128,15.546814,17.580708,18.096119,22.225996,21.259207,20.444202,21.288534,19.211624,22.57763,22.344296,25.408941,26.311823,26.919846,24.966091,25.388847,25.699755,21.00633,20.788002,17.795708,19.944712,16.828333,21.712833,19.657911,22.616013,22.08432,18.474337,17.378317,13.426393,12.488339,10.569774,9.251857,10.500155,10.198522,13.656817,14.819198,18.416803,19.153433,14.789398,17.761477,18.641457,14.437973,13.618987,10.431577,13.166866,9.477009,13.751894,15.036854,18.682684,20.796053,18.137558,20.39025,23.830044,23.064886,25.398344,22.52916,18.272528,14.554306,15.299463,9.476938,13.185641,8.391155,12.671306,15.447539,13.734993,10.532764,12.438366,9.563636,11.690263,10.00868,14.14597
9,26.749182,24.155457,21.699745,19.858923,16.148218,13.14802,11.077818,6.531566,4.6488776,0.0,5.626266,6.7847223,9.149318,10.921956,7.4424295,5.710491,4.100872,6.7552395,6.9233837,12.014564,11.459825,16.496729,17.915237,22.387484,19.668167,26.084467,22.393566,22.742785,18.243816,20.515408,15.379978,19.377117,16.69756,20.940765,20.517685,21.686865,25.22655,24.556648,23.041702,21.42342,16.957699,17.406984,15.123213,14.842692,14.91587,14.715838,17.43852,17.744976,22.197834,20.501848,20.307884,20.53206,19.373781,22.812586,22.523954,26.269358,26.729221,28.247833,26.771269,27.476496,26.904558,22.682749,22.993395,19.1393,22.000654,18.563568,23.680548,21.173294,24.685862,23.57608,19.670475,18.50703,14.701844,12.690255,10.106583,9.731447,8.982126,9.470488,11.689916,13.317448,16.514368,17.747715,13.296069,16.527458,18.354925,14.584996,15.052508,11.689452,15.966952,12.917129,17.479433,18.965588,22.289328,24.88544,22.393145,24.165823,27.620388,27.259195,29.49337,26.938978,22.72889,18.983997,19.391825,13.62858,16.53413,10.895968,14.107293,16.076427,15.022423,12.326558,15.21592,13.591353,15.701194,14.339171,18.516764
10,31.392452,28.47857,26.604364,23.95862,20.520082,17.925419,15.333816,11.665264,8.216133,5.626266,0.0,4.835886,4.792016,7.226122,5.659677,5.749366,8.586664,10.6238985,12.420109,17.126637,16.92423,21.676577,23.13214,27.417233,24.1479,30.530594,26.273502,25.977877,21.442907,22.575893,17.416368,19.954206,15.309152,18.958607,18.078577,18.228626,21.717579,20.738705,19.926908,19.44624,15.629372,17.0418,15.740696,16.494864,17.711647,18.177229,21.528889,22.505621,26.53482,24.064114,23.750187,22.939402,21.461828,24.34947,22.54296,27.023935,26.136635,28.124054,26.73315,26.803427,25.175846,21.35618,22.863781,19.352905,23.591291,20.90465,26.383957,24.487236,28.51717,27.764732,23.830873,23.390547,19.177969,17.810154,14.77936,13.06018,11.358606,9.946204,10.782721,10.597012,13.18008,13.75239,8.696459,11.272572,13.960965,11.128049,12.544501,10.425637,15.334083,14.644979,19.178404,21.700682,25.025986,28.07756,24.589563,25.885748,29.6717,29.036804,30.452267,28.179243,24.413992,20.27892,19.493671,14.319315,15.333557,9.456356,10.708737,11.687824,11.613447,9.952388,14.267904,14.0874815,16.968264,17.00352,21.236649
11,33.49231,30.925938,28.350714,26.603834,22.79066,19.898249,17.532837,13.2397175,11.030643,6.7847223,4.835886,0.0,3.6370041,6.342951,4.343311,7.2230873,8.176351,12.031731,12.676264,18.14963,17.667028,22.909472,23.7571,28.544949,25.643532,31.766289,27.896706,27.65711,23.219294,24.882727,19.30614,22.906504,17.727821,22.36936,20.270086,21.28065,23.902641,22.22671,20.556814,19.891497,16.526072,16.419626,16.257399,15.330517,17.292791,16.92149,20.545378,21.228973,25.358564,22.442759,22.744114,21.589464,21.17701,24.149807,22.881218,27.615805,26.814344,29.507137,28.613333,29.263819,27.253733,23.907827,25.3189,20.976011,25.155481,22.021482,27.39267,24.970825,29.241522,27.914642,23.867155,23.28626,19.465822,17.341633,14.168639,13.567572,10.59167,10.584833,10.03666,11.060002,12.981974,14.514502,10.365887,13.364688,16.45444,13.989555,16.1636,13.5142145,18.9989,17.670704,22.306318,24.517908,27.523897,30.856064,27.92036,28.945204,32.569244,32.47174,34.159885,32.13001,28.203691,24.27243,23.87132,18.527182,20.018625,14.04203,15.337735,15.912111,16.245682,14.743815,18.875872,18.549719,21.154657,20.60904,24.85856
12,35.716434,32.85955,30.680733,28.367765,24.661175,22.115368,19.29991,15.643636,12.5921545,9.149318,4.792016,3.6370041,0.0,3.980008,4.6185474,7.8061523,10.820891,13.73689,15.455504,20.538708,20.532415,25.39291,26.302053,30.90427,27.557926,33.668907,29.397467,28.753227,24.3288,25.275951,19.82584,22.487253,16.36145,20.551088,18.18026,18.637018,21.11252,19.283094,18.08858,18.161318,15.281523,15.971033,16.244469,16.29968,18.66726,18.924128,22.758379,23.963543,27.72376,24.490421,24.526367,22.855848,22.002733,24.565275,22.31977,27.370228,25.764488,28.619902,27.751526,27.99942,25.421665,22.372309,24.440668,20.44188,25.326303,22.733513,28.249884,26.303783,30.812828,29.824642,25.814125,25.734358,21.58901,20.086725,16.733927,15.147386,12.178077,10.879384,9.677632,9.213958,10.591763,11.598498,7.2875495,9.883643,13.3708515,11.639423,14.356902,12.536047,18.088383,18.04217,22.540716,25.307981,28.277626,31.884928,28.38032,29.079443,32.86027,32.631523,33.828964,32.045776,28.418217,24.362116,23.367409,18.499348,19.049551,13.277929,13.516149,13.475909,14.628002,13.813439,18.52566,18.628916,21.697298,21.761934,25.992016
13,36.739384,33.650253,31.48022,29.117628,25.163189,23.197197,19.68112,17.070536,13.837699,10.921956,7.226122,6.342951,3.980008,0.0,3.986949,7.363478,11.45782,13.651604,16.33255,20.908688,21.955439,26.03634,26.439365,30.999666,27.207731,32.95962,28.453995,27.31997,23.09204,23.587826,18.134699,20.65096,13.724231,18.48366,15.129849,16.419292,18.18377,16.120543,14.369157,14.31304,11.809206,12.436235,13.408926,13.832316,16.744768,17.494146,21.551016,23.427479,26.547834,22.856142,22.700119,20.426641,19.419327,21.578499,18.838852,24.110214,22.113008,25.305489,24.725872,25.143568,22.188509,19.576658,21.83677,17.614681,22.907358,20.64724,26.124464,24.477823,29.32292,28.496555,24.569666,25.192448,20.879583,20.074884,16.501146,14.1438055,10.870504,8.875889,6.553167,5.5750995,6.736115,8.279924,5.2210217,8.911183,11.297003,9.567468,12.837549,10.959835,16.753372,17.221632,21.49238,24.548145,27.094791,31.295418,27.691544,27.70384,31.435589,31.633856,32.633156,31.460403,28.018703,24.187075,23.17532,18.6888,19.249084,13.645184,14.0184555,14.079762,16.071903,15.394711,20.376698,19.676085,23.274878,23.147663,27.271997
14,33.216812,30.300068,27.851467,25.871645,21.788948,19.639505,16.315767,13.440806,10.69621,7.4424295,5.659677,4.343311,4.6185474,3.986949,0.0,4.36697,7.488899,10.16565,12.402775,17.158243,18.104126,22.283371,22.665508,27.34327,23.825327,29.675426,25.443,24.699295,20.371264,21.581572,15.933929,19.465448,13.83623,19.046572,16.425516,18.237562,20.516098,18.9391,16.847866,15.7298355,12.22591,12.232971,12.1,11.787801,14.056978,14.410285,18.298061,19.832893,23.309769,20.023748,19.93846,18.344902,17.474035,20.20092,18.575102,23.394543,22.472372,25.221327,24.447128,25.249609,23.186468,19.985926,21.38596,16.84836,21.327177,18.458534,23.904882,21.81556,26.423992,25.373142,21.370667,21.579142,17.383482,16.228601,12.706874,10.857846,7.6161737,6.6522646,5.796247,7.1025934,9.587413,11.434229,8.005796,11.988946,13.886279,10.925638,13.248348,10.230893,16.00976,15.015555,19.513996,22.053066,24.704655,28.636532,25.530706,25.92723,29.539873,29.815748,31.344572,29.869282,26.095432,22.362215,21.982357,16.940495,18.572277,12.637261,14.345731,15.26839,16.29614,14.79725,19.285414,17.940226,21.222397,20.482983,24.626144
15,29.48898,26.35107,24.208885,21.85013,17.81427,16.063606,12.327816,10.43097,7.217748,5.710491,5.749366,7.2230873,7.8061523,7.363478,4.36697,0.0,5.7573695,6.3972106,9.8906975,13.802919,15.42768,18.875608,19.505129,23.845655,20.05433,26.06417,21.631002,20.968477,16.525791,17.735067,12.226372,15.759965,11.501973,16.501148,15.107724,16.999971,20.003763,19.268072,17.476562,15.732847,11.294503,12.2660475,10.224742,11.185623,12.126383,13.1235,16.545763,18.24792,21.666939,19.04259,18.39076,17.551195,15.750524,18.687948,17.366953,21.573334,21.33854,23.201145,21.951258,22.664146,21.533642,17.648651,18.433496,14.276243,18.210579,15.334849,20.83258,18.949287,23.258415,22.582039,18.66605,18.909857,14.415995,13.950511,10.608788,7.7698846,6.210678,4.354919,6.6364617,7.9142685,11.443586,12.739477,9.101399,13.081747,13.864377,9.813752,10.835375,7.0918455,12.430013,10.73235,15.300431,17.77643,20.599794,24.364277,21.207645,21.83434,25.463255,25.581675,27.276407,25.643482,21.786667,18.118,18.04711,12.884385,15.215858,9.39964,12.371259,14.255189,14.676428,12.585952,16.623966,14.2956915,17.714447,16.700863,20.72313
16,26.469666,23.955318,20.939795,19.853949,15.604899,13.050671,10.465941,7.0573835,6.621978,4.100872,8.586664,8.176351,10.820891,11.45782,7.488899,5.7573695,0.0,5.03504,4.9702916,10.187666,10.856794,15.176277,15.636044,20.486868,17.712633,23.747604,20.249046,20.51287,16.17898,18.937557,13.54898,18.693367,16.292742,21.435106,20.340275,22.61848,25.582218,24.795652,22.510195,20.159874,15.673376,15.054555,12.788112,11.416226,11.31061,10.6887045,13.50289,13.972448,18.29436,16.424667,16.37054,16.694382,15.984821,19.60016,20.147606,23.656328,24.706488,26.37176,25.19986,26.542849,26.167828,22.16251,21.94669,17.462461,19.806944,15.942571,20.875265,17.975489,21.685322,20.237888,16.240593,15.26169,11.51373,9.384353,6.351455,6.6811385,5.6141925,7.7641897,10.097847,12.960255,16.219025,18.064991,14.514067,18.393679,19.604433,15.5429325,16.11887,12.058751,16.455492,12.551612,16.973787,18.103552,20.907923,23.969973,22.078035,23.361559,26.563787,26.905083,29.444748,27.366438,23.081778,19.793674,20.761448,15.118556,18.717178,13.19111,16.878622,18.999237,18.42808,15.732918,18.631266,16.0238,18.281836,16.153267,20.066969
17,23.567072,20.524265,18.07038,16.230947,11.864367,10.476762,6.4531937,6.3662143,5.361778,6.7552395,10.6238985,12.031731,13.73689,13.651604,10.16565,6.3972106,5.03504,0.0,5.3717413,7.527514,10.390999,12.638288,13.220676,17.451134,13.8217,20.008991,15.941803,16.036528,11.555871,14.157385,9.092953,14.191979,13.600649,18.270515,18.23923,20.691769,23.988548,23.960598,21.950924,19.157799,14.232325,14.644249,10.767783,11.278161,9.687473,10.483691,12.573448,13.832209,17.411255,16.175882,15.164529,16.04975,13.984075,17.498766,18.081697,20.842976,22.431044,23.153105,21.54889,22.790543,23.33509,18.91069,18.011208,14.150471,15.759167,12.108741,17.038609,14.6686945,18.130701,17.411419,13.62134,13.246378,8.814795,8.763909,6.310475,3.9262927,6.3232965,6.9847684,10.976173,13.296347,17.02129,18.39574,15.188828,19.006649,19.01274,14.422109,13.822527,9.614795,12.662972,7.7740536,12.024468,13.098805,15.974397,19.149971,17.09146,18.363441,21.566483,21.886663,24.51696,22.543043,18.271208,15.246363,16.651043,11.305679,15.661078,11.001089,15.571584,18.375635,17.656363,14.737046,17.111643,13.150516,15.740408,13.25934,16.835608
18,21.7985,19.60318,16.223566,15.844859,11.651645,8.761388,7.38963,4.131187,6.8425274,6.9233837,12.420109,12.676264,15.455504,16.33255,12.402775,9.8906975,4.9702916,5.3717413,0.0,5.866889,6.100177,10.426284,11.254437,16.059443,14.048679,20.195145,17.389414,18.544447,14.470555,18.171202,13.639451,19.155615,18.920162,23.544813,23.461103,25.744473,29.075033,28.759289,26.563824,23.799608,19.04548,18.479473,15.249095,13.904092,12.145963,11.143616,12.417427,11.843305,16.582226,16.201633,16.009598,17.768238,16.975529,20.822048,22.459211,24.98922,27.09072,27.94835,26.483864,27.97926,28.632742,24.266104,23.150928,19.165968,19.990904,15.848719,20.023031,16.81714,19.455854,17.894333,14.198228,12.079189,9.087737,6.2622747,5.1337485,7.445996,8.8365,11.321923,14.45983,17.35973,20.829424,22.525545,18.90846,22.619751,23.48797,19.117632,18.793947,14.728709,17.76413,12.4521475,16.247036,16.167728,19.025934,21.126158,20.213825,22.212631,25.006983,25.25877,28.415396,25.902554,21.42371,18.63583,20.490532,14.942024,19.497805,14.8624325,19.244143,21.866493,20.479548,17.335217,18.94056,15.65057,16.923925,13.8231325,17.256538
19,17.064077,14.679594,11.204726,11.264451,6.791457,5.6498275,4.5965457,6.863008,9.820393,12.014564,17.126637,18.14963,20.538708,20.908688,17.158243,13.802919,10.187666,7.527514,5.866889,0.0,5.863994,5.3011527,6.0950465,10.415773,8.315868,14.58265,12.135053,14.054274,10.567538,15.006108,12.019461,17.5009,19.829576,23.827398,24.71351,27.29911,30.734035,31.062979,28.921108,25.61032,20.73884,20.489357,16.2203,15.698481,12.341789,12.000972,11.490347,10.959933,14.773874,15.941548,14.99124,17.98672,16.48084,20.164808,22.682205,23.90596,27.105785,26.877026,25.1145,26.794474,28.693352,24.141493,21.926767,18.759235,17.739222,13.750336,16.770187,13.744419,15.062436,13.939995,10.931925,8.430079,6.175576,5.685362,7.0693655,8.61347,12.042567,14.064135,17.910168,20.689999,24.373219,25.862974,22.682587,26.370155,26.291252,21.621197,20.33483,16.41619,17.670532,11.330684,13.693191,12.163037,14.6558485,16.002222,16.263649,18.57819,20.769638,21.224802,24.96508,22.472006,18.025328,16.25564,19.149311,14.483372,19.836437,16.610828,21.545673,24.6801,23.040213,19.738846,20.351944,15.834445,16.622158,12.62605,14.92818
20,16.790075,15.382402,11.680665,12.40173,9.3132,5.3734736,8.001538,5.5966024,10.050542,11.459825,16.92423,17.667028,20.532415,21.955439,18.104126,15.42768,10.856794,10.390999,6.100177,5.863994,0.0,6.8491964,9.348627,13.213914,13.0564375,19.002407,17.43359,19.741116,16.304333,20.495287,17.263369,22.258942,23.702206,27.459766,28.435703,30.254665,34.06469,34.12151,32.25457,29.470814,24.58652,24.309717,20.612906,19.503534,16.96288,15.779144,15.626076,13.770865,18.555363,19.764534,19.556746,22.369263,21.54767,25.377415,27.584871,29.374866,32.105385,32.249508,30.449797,31.802803,33.25542,28.57829,26.929695,23.713575,23.404968,19.41414,22.622684,19.443804,20.541147,19.032661,16.141764,12.682635,11.473048,8.615071,9.91945,12.658865,14.837635,17.099802,20.494184,23.143286,26.69681,28.14448,24.175337,27.498213,28.427174,24.031715,23.054409,19.384983,21.196861,15.404463,18.247393,16.911598,19.883581,20.224857,20.415274,23.483215,25.774338,25.51732,29.175234,25.914682,21.42487,19.194147,21.698402,16.609344,21.49027,17.995459,22.476095,25.321875,23.00339,19.632318,19.626425,16.436754,16.046373,12.242269,14.7187805
21,12.0660095,10.349507,6.117362,8.192029,5.2686806,5.2354155,7.7092214,10.358769,13.857896,16.496729,21.676577,22.909472,25.39291,26.03634,22.283371,18.875608,15.176277,12.638288,10.426284,5.3011527,6.8491964,0.0,4.3550353,6.5522614,7.1033807,12.558762,11.834488,14.958772,12.680443,17.248241,15.805323,20.5376,24.260117,27.541906,29.192453,31.525888,35.20882,35.84589,33.892982,30.512665,25.642202,25.525507,21.047909,20.624954,16.877522,16.382574,14.7815275,13.347903,16.641924,19.187859,18.226124,21.980906,20.533537,24.015741,27.038975,27.491999,31.26794,30.38421,28.410542,30.024021,32.66092,27.997078,25.27588,22.858892,20.749426,17.168089,18.911983,16.143408,15.6559515,14.739846,12.975684,9.576196,9.694263,9.423744,11.919886,13.782847,17.316778,19.274939,23.196722,25.862772,29.586185,30.937952,27.617092,31.090483,30.948227,26.277391,24.540632,20.963335,21.233646,14.872122,16.038998,13.219169,15.367186,14.7484,16.548193,19.65862,21.099785,21.255495,25.481373,22.531797,18.287655,17.423613,20.922817,17.048376,22.494015,20.291475,25.225546,28.509697,26.317816,22.930063,22.409067,17.894148,17.454062,13.028673,13.930432
22,14.6917715,13.238834,8.835567,11.633799,8.371748,9.077257,9.732188,12.630888,15.898379,17.915237,23.13214,23.7571,26.302053,26.439365,22.665508,19.505129,15.636044,13.220676,11.254437,6.0950465,9.348627,4.3550353,0.0,5.3007827,5.9017134,10.209967,10.144675,13.215203,11.556368,16.570564,15.170185,20.68271,24.329065,28.252026,29.198908,32.2974,35.432816,35.90818,33.428936,29.62815,24.999332,24.135891,19.897032,18.787205,14.727113,13.93476,11.4735775,9.967405,12.571317,15.683924,14.749717,18.965357,17.994265,21.394938,25.275438,25.292479,29.618156,28.855272,27.2586,29.465384,32.146313,27.846586,24.787592,21.930424,19.19232,15.365722,16.39834,13.14473,12.387161,10.836643,9.348401,5.532673,7.26455,7.6604548,10.789467,13.0978365,16.573921,19.05062,22.701647,25.838207,29.422758,31.110216,28.370113,32.19636,31.782043,27.060675,25.599031,21.702875,22.266512,15.790487,16.775545,13.872463,15.035752,15.326632,17.705463,19.86133,20.94919,22.078386,26.396664,24.229136,20.13267,19.607254,23.167322,19.371986,24.891703,22.32556,27.339888,30.576632,28.896677,25.57953,25.711164,20.916578,21.129982,16.782001,17.842012
23,11.256122,10.172416,6.478522,10.297276,9.011805,11.349425,12.6792555,16.61757,19.678793,22.387484,27.417233,28.544949,30.90427,30.999666,27.34327,23.845655,20.486868,17.451134,16.059443,10.415773,13.213914,6.5522614,5.3007827,0.0,5.4588327,7.065487,9.094545,12.990039,12.830074,17.349094,17.664902,22.0887,27.227745,30.31486,32.075466,35.002003,38.285713,39.213207,36.99859,33.117645,28.540487,28.13783,23.528828,23.157337,18.805115,18.553478,15.685605,14.492897,15.793978,19.61228,18.2788,22.742464,21.28292,24.214655,28.214073,27.33991,32.123604,30.50278,28.65181,30.711376,34.232918,29.907387,26.310144,24.451712,20.665651,17.654968,17.368855,15.039578,12.407871,11.921719,12.090949,9.317269,11.519037,12.916209,15.895374,17.447117,21.30267,23.276728,27.165245,29.990168,33.647102,35.07916,32.414284,36.049763,35.223606,30.491264,28.481054,24.985321,24.401829,18.14062,17.841385,13.985387,14.429657,12.924402,16.82833,19.312899,19.500547,20.525213,25.157375,22.95508,19.359737,19.922136,23.928375,21.192272,26.66976,25.194649,30.2228,33.64813,31.714567,28.416727,27.795145,22.740076,22.394886,18.028141,17.832176
24,14.37025,11.635748,9.243264,9.807577,7.0095983,10.296774,9.396772,14.61724,16.650162,19.668167,24.1479,25.643532,27.557926,27.207731,23.825327,20.05433,17.712633,13.8217,14.048679,8.315868,13.0564375,7.1033807,5.9017134,5.4588327,0.0,6.676772,4.7523456,8.217611,7.418897,11.945917,12.391581,16.686739,22.037567,25.059378,26.82838,29.882114,33.036636,34.10902,32.00079,28.128988,23.592758,23.657248,18.759335,19.310026,14.90084,15.625876,13.41531,13.74332,14.811907,17.518616,15.5427885,19.435768,17.067259,19.863747,23.284292,22.496174,27.021997,25.289051,23.31771,25.28979,28.79388,24.474106,20.855293,19.144394,15.435385,12.598007,12.843469,10.971541,9.411827,9.87212,9.247169,8.241443,8.316936,11.375608,13.410175,13.505371,17.714294,19.018145,23.049625,25.553255,29.204563,30.459057,28.136208,31.752087,30.46643,25.758236,23.619202,20.233969,19.346727,13.228306,12.666709,8.994676,9.470531,9.661851,12.499247,14.427794,15.1490755,16.458841,20.882484,19.131977,15.387507,15.763519,19.649374,17.067343,22.491314,21.094202,26.11424,29.563635,28.071184,24.931335,24.866236,19.375643,19.985695,15.902068,16.27368
25,16.130438,14.353378,12.581488,14.462735,13.141689,16.60727,16.058767,21.174553,23.259302,26.084467,30.530594,31.766289,33.668907,32.95962,29.675426,26.06417,23.747604,20.008991,20.195145,14.58265,19.002407,12.558762,10.209967,7.065487,6.676772,0.0,5.595128,8.890107,11.207118,14.725174,16.821768,20.472013,26.63824,29.452322,31.126358,34.679516,37.328835,38.57866,36.202854,31.951609,27.903101,27.533615,22.902393,23.216333,18.645365,19.320236,16.116789,16.46692,15.4966545,19.264988,17.160913,21.497375,19.465614,21.454391,25.84486,23.638628,29.115845,26.725348,25.062208,27.51298,31.74992,28.003635,23.699064,22.56415,17.35572,15.459572,13.08244,12.034349,7.5448384,8.832217,10.936896,10.899452,12.919246,16.246681,18.648031,18.928833,22.945911,24.393213,28.133673,30.788733,34.249706,35.61345,33.88664,37.597233,35.85105,31.226809,29.023314,25.793604,24.400581,18.834846,17.208858,13.238424,11.582313,10.888835,15.632532,16.496557,15.562841,17.964975,22.495718,21.732689,18.968573,20.57188,24.596365,22.977177,28.180006,27.279608,32.22345,35.68469,34.386356,31.341503,31.170439,25.541603,26.037651,22.037241,21.662733
26,17.643856,14.635051,13.336527,13.054818,10.766658,14.470109,12.443621,18.149654,19.34183,22.393566,26.273502,27.896706,29.397467,28.453995,25.443,21.631002,20.249046,15.941803,17.389414,12.135053,17.43359,11.834488,10.144675,9.094545,4.7523456,5.595128,0.0,3.9958794,5.8077173,9.226244,11.497973,14.89163,21.17616,23.860363,25.647343,29.114656,31.808046,33.171352,31.025154,26.928745,22.811577,23.068169,18.125708,19.443491,14.98894,16.568735,14.33813,15.82452,15.413511,17.805084,15.222725,18.789951,15.763064,17.776329,21.257523,19.48508,24.451199,22.048035,20.11135,22.31809,26.4173,22.498587,18.301851,17.30125,12.400257,10.649023,9.301492,8.841846,6.4177384,8.678476,9.182039,10.409702,10.177116,14.403873,15.869847,14.845615,19.050823,19.780169,23.654196,25.898724,29.371408,30.501726,28.907944,32.49805,30.487753,25.922585,23.60438,20.548605,18.90884,13.607701,11.782279,8.144933,6.486854,8.060046,11.200586,11.628489,11.622769,14.074091,18.374641,17.783384,14.731141,15.932016,19.72187,18.166487,23.202257,22.360676,27.196056,30.62835,29.632965,26.754679,27.000362,21.210442,22.431805,18.789564,18.964314
27,21.338223,18.018404,17.034048,15.932984,13.342388,16.853058,13.76251,19.473625,19.847237,22.742785,25.977877,27.65711,28.753227,27.31997,24.699295,20.968477,20.51287,16.036528,18.544447,14.054274,19.741116,14.958772,13.215203,12.990039,8.217611,8.890107,3.9958794,0.0,4.554277,6.2210164,9.480899,12.246209,18.66386,21.299973,22.815868,26.635117,28.897099,30.371964,28.19044,24.009834,20.248577,20.737293,15.863558,17.944477,13.775691,16.149641,14.489993,16.995226,16.00756,17.426819,14.455195,17.226185,13.514955,14.91021,18.00385,15.828153,20.822237,18.143908,16.254099,18.66707,22.895031,19.30117,14.865842,14.168124,8.691842,7.914233,5.957584,7.108773,6.155546,9.25137,9.541701,12.27377,11.034851,15.786203,16.478344,14.397565,18.37725,18.512995,22.145477,24.09606,27.364315,28.387047,27.400766,30.950201,28.443132,24.063759,21.78149,18.972807,17.081326,12.67087,10.3821125,7.868237,5.0158334,9.235643,10.821978,9.532392,9.700111,13.031621,16.74129,17.156454,14.50618,15.668233,18.989553,17.882423,22.458065,21.7121,26.28313,29.590008,29.134874,26.529585,27.319588,21.481234,23.428165,20.25005,20.768867
28,20.849041,17.296684,15.9273,14.209889,10.741945,13.588552,9.760362,15.287344,15.366378,18.243816,21.442907,23.219294,24.3288,23.09204,20.371264,16.525791,16.17898,11.555871,14.470555,10.567538,16.304333,12.680443,11.556368,12.830074,7.418897,11.207118,5.8077173,4.554277,0.0,5.0873804,5.692995,9.992875,15.4374075,18.627825,19.995512,23.570597,26.223791,27.448782,25.345825,21.393557,17.12102,17.840036,12.668146,14.905964,10.863583,13.35299,12.572793,15.095586,15.418576,16.067295,13.325932,15.706584,11.865231,14.115382,16.454369,15.775205,19.863033,18.047304,16.01731,18.073437,21.436716,17.30429,13.579428,11.898336,8.262872,5.899062,7.607859,7.2057805,8.739615,10.384842,8.782252,10.930662,8.120525,12.672695,12.793953,10.224609,14.374021,14.381412,18.281511,20.226858,23.687674,24.720463,23.278162,26.87604,24.758434,20.212484,18.068233,14.914903,13.692793,8.523551,7.477855,5.8127794,5.6536226,10.284258,10.100619,9.767492,11.594603,13.722883,17.207668,16.763689,13.289666,13.179909,16.26689,14.13669,18.94019,17.5195,22.219412,25.518312,25.009409,22.323605,23.413757,17.698244,19.937841,16.819859,18.076706
29,24.178076,20.235315,19.884306,17.057028,14.28114,17.287653,13.0624275,18.508335,17.46771,20.515408,22.575893,24.882727,25.275951,23.587826,21.581572,17.735067,18.937557,14.157385,18.171202,15.006108,20.495287,17.248241,16.570564,17.349094,11.945917,14.725174,9.226244,6.2210164,5.0873804,0.0,5.7697062,6.0463777,13.13146,15.115672,17.13229,20.610235,23.042955,24.827646,23.22693,19.500515,15.735965,17.647745,12.5395775,16.498554,13.299436,16.613283,16.54055,19.651976,19.516699,19.408619,16.423635,17.673475,12.962878,14.056561,14.7753525,13.663927,17.125538,14.375898,11.805888,13.375073,17.419552,13.396993,9.1670685,9.37732,5.5381703,6.427635,7.889518,9.874529,11.709158,14.211974,13.050357,15.871592,12.782044,17.242289,16.676573,12.927188,16.561506,15.250664,18.862669,19.83354,23.021128,23.50972,22.732065,25.898241,22.927002,18.773762,16.188917,14.0472975,11.340865,8.543882,5.635408,6.0943093,4.838109,10.753576,8.648465,6.0743885,8.547315,10.962753,13.464984,14.201624,11.643269,11.935951,14.3172655,13.745093,17.498562,17.154047,21.249771,24.424517,24.431618,22.235685,23.522575,17.853014,20.709742,18.47205,19.538397
30,25.060747,21.31809,19.958544,17.445984,13.590536,15.193132,10.288311,14.479026,13.067872,15.379978,17.416368,19.30614,19.82584,18.134699,15.933929,12.226372,13.54898,9.092953,13.639451,12.019461,17.263369,15.805323,15.170185,17.664902,12.391581,16.821768,11.497973,9.480899,5.692995,5.7697062,0.0,6.8578973,9.911102,14.0323715,14.569447,18.361378,20.87361,21.869364,19.789507,16.051903,11.579081,13.05127,7.6853514,11.463287,8.723375,12.098128,13.172821,16.385893,17.274565,16.135086,13.594974,14.206941,9.801065,12.0126915,12.398851,13.421381,15.971358,15.138405,13.187192,14.917041,17.009872,12.725219,10.073049,7.112004,6.8895435,4.58824,9.576636,9.392194,13.158241,14.196416,11.519852,13.940282,9.683802,13.416251,11.939184,7.511786,10.869606,9.566612,13.331173,14.76422,18.166029,19.07073,17.929638,21.540817,19.25237,14.766906,12.997767,9.708574,9.454933,5.5188746,6.5348835,8.363553,9.415221,14.64051,12.183114,11.124339,14.163819,15.746032,18.027605,17.833305,14.42481,12.904863,14.655783,11.978754,15.974853,13.73305,18.015636,21.028505,21.249283,18.930319,21.12315,15.886954,19.20259,16.95584,19.205967
31,27.577961,23.365143,23.44935,19.532969,16.878592,19.066284,14.423155,18.84618,16.421135,19.377117,19.954206,22.906504,22.487253,20.65096,19.465448,15.759965,18.693367,14.191979,19.155615,17.5009,22.258942,20.5376,20.68271,22.0887,16.686739,20.472013,14.89163,12.246209,9.992875,6.0463777,6.8578973,0.0,8.489461,9.112881,12.12201,14.8106985,17.659084,19.822945,19.11865,16.267239,12.667132,16.305145,11.59857,16.99673,15.162741,18.771196,19.948467,23.197144,23.790922,22.641294,19.91657,19.936485,15.041041,15.852372,13.947856,14.468378,15.561541,13.263528,10.207786,10.013187,13.167832,8.405146,5.571478,7.3300166,8.084175,9.652393,12.884251,14.684315,17.52022,19.618723,17.715702,20.264597,16.271467,19.96244,18.430775,13.714892,16.461147,13.657783,16.915815,16.548096,19.51568,19.264774,18.641495,21.188549,17.736485,13.99002,10.979957,10.118345,6.121727,7.189179,5.13759,8.986356,9.71959,14.664236,10.177979,7.790947,11.498106,12.168045,12.838132,13.565451,11.439397,10.322048,10.865566,10.996465,13.166058,13.367378,16.580835,19.497618,20.074192,18.47801,20.339592,15.288461,19.016594,18.013485,19.609388
32,33.28152,29.288715,28.504274,24.920012,21.478367,22.06465,17.149403,19.095871,15.559784,16.69756,15.309152,17.727821,16.36145,13.724231,13.83623,11.501973,16.292742,13.600649,18.920162,19.829576,23.702206,24.260117,24.329065,27.227745,22.037567,26.63824,21.17616,18.66386,15.4374075,13.13146,9.911102,8.489461,0.0,6.644904,4.934089,8.873968,11.11856,12.174477,11.188507,9.121791,5.529294,10.711639,8.072457,13.79987,14.413311,17.792313,20.591501,24.03096,25.239025,22.431534,20.426043,18.648968,14.590215,15.336821,10.983054,14.671077,12.798525,13.603418,11.978942,11.657686,10.253379,6.2004633,8.383467,6.334608,12.259582,12.60601,17.403482,18.080887,22.508274,23.506632,20.610563,23.05351,18.415186,20.827917,18.032295,12.988715,13.363448,9.233024,10.717386,8.882234,11.311462,10.834489,11.159148,13.820669,10.178034,6.7019258,5.850156,5.4253592,6.5890017,10.110812,11.904049,16.00462,17.430508,22.496288,18.034851,16.278486,19.923925,20.498602,20.579601,20.990288,18.645662,15.972196,14.902294,13.193914,13.692986,11.430227,13.099071,14.936297,17.079948,16.258463,20.071999,16.67067,21.1692,20.913887,23.795116
33,34.72497,30.462091,30.773746,26.219612,23.738152,24.80813,20.25971,22.733883,18.910547,20.940765,18.958607,22.36936,20.551088,18.48366,19.046572,16.501148,21.435106,18.270515,23.544813,23.827398,27.459766,27.541906,28.252026,30.31486,25.059378,29.452322,23.860363,21.299973,18.627825,15.115672,14.0323715,9.112881,6.644904,0.0,6.6282187,6.2003503,9.863043,12.779138,14.19931,13.7354,11.72659,17.146152,14.51504,20.366798,20.473639,23.949846,26.348812,29.648367,30.821781,28.529375,26.257103,24.86428,20.41471,20.726954,16.047586,18.549652,16.177685,15.4076805,12.986646,10.340096,9.611244,5.589715,8.866156,10.944139,15.477626,17.08757,21.033216,22.608139,26.23018,27.932302,25.476295,27.83053,23.300278,25.982697,23.515331,18.490204,19.473612,15.29669,16.958466,14.264744,16.068838,14.311008,14.51076,15.383674,10.897765,9.209514,6.467374,9.457411,6.452073,12.681171,12.847717,17.2428,18.675043,22.954437,17.553532,15.753509,19.371822,18.852642,17.529871,18.231405,17.10114,14.726158,12.325434,13.203976,11.5253,12.289012,12.498501,14.110358,16.286648,16.281738,19.27888,16.397116,20.82537,21.622292,23.809393
34,38.067833,34.007587,33.39395,29.647915,26.347212,26.901686,22.034424,23.641485,19.85653,20.517685,18.078577,20.270086,18.18026,15.129849,16.425516,15.107724,20.340275,18.23923,23.461103,24.71351,28.435703,29.192453,29.198908,32.075466,26.82838,31.126358,25.647343,22.815868,19.995512,17.13229,14.569447,12.12201,4.934089,6.6282187,0.0,6.0331964,6.3596997,7.734164,7.719597,7.344719,6.801544,12.170773,11.479948,16.883497,18.312525,21.653568,24.677881,28.30744,29.220974,25.953087,24.046606,21.528969,17.736692,17.622036,11.87647,15.854113,11.985848,13.481419,12.470538,11.287046,7.445495,5.694927,10.051755,9.329923,15.479614,16.63079,20.935951,22.044022,26.577509,27.683613,24.932758,27.65739,23.08167,25.425884,22.461908,17.52833,17.196625,13.010052,13.047081,10.022264,10.816505,9.376239,11.648311,13.188361,8.48035,7.489012,7.881296,9.443451,10.258129,14.916801,16.248753,20.468555,21.557867,26.693531,21.975868,19.698683,23.149874,23.714972,22.950247,23.983112,22.30423,19.778393,17.995462,17.164066,16.335718,14.707488,14.812271,15.647911,18.759995,18.790968,22.916399,20.319496,24.917023,25.20988,28.045052
