,0,1,2,3,4,5,6,7,8,9,10,11,12,13,14,15,16,17,18,19,20,21,22,23,24,25,26,27,28,29,30,31,32,33,34,35,36,37,38,39,40,41,42,43,44,45,46,47,48,49,50,51,52,53,54,55,56,57,58,59,60,61,62,63,64,65,66,67,68,69,70,71,72,73,74,75,76,77,78,79,80,81,82,83,84,85,86,87,88,89,90,91,92,93,94,95,96,97,98,99,100,101,102,103,104,105,106,107,108,109,110,111,112
0,0.0,4.3663735,7.034023,9.575617,13.236668,16.032598,18.470821,22.966448,25.8039,28.960203,32.967506,35.65764,37.279736,38.419933,35.286427,30.937956,30.078657,25.839548,25.617691,21.699503,21.35246,16.797115,17.401031,15.49719,18.50271,15.779655,17.838533,21.181427,20.592297,23.128157,24.472055,25.97202,31.84661,33.190372,36.724052,38.05134,42.126568,44.4994,41.797276,39.498184,34.8991,36.47615,31.21454,33.144726,28.964533,30.039316,28.077257,27.60645,28.985104,32.28318,30.366259,34.162926,31.32727,34.16053,36.041977,35.70356,40.01348,37.315865,34.020973,34.280712,37.902473,32.969707,30.274918,28.356327,27.22613,25.532389,25.976728,25.82487,22.275011,23.275286,23.776634,22.137222,22.900724,24.83859,26.92926,26.536404,30.85248,31.35506,35.648876,37.54665,41.158554,41.824944,40.848537,43.394314,40.1808,36.04774,33.558895,30.127666,28.136686,24.155931,22.481415,18.467073,18.772396,14.070462,19.907946,23.445036,19.067766,20.131802,19.727703,21.359423,22.426285,20.811354,26.638134,25.100267,29.889275,33.265926,31.7226,28.399342,31.20851,24.796661,26.069801,23.458382,23.617985
1,4.3663735,0.0,4.5589867,5.2708774,9.348604,12.404216,14.4089575,19.258974,21.776537,25.188377,29.149443,31.686552,33.169144,34.218456,31.029383,26.67629,25.901012,21.549442,21.59865,17.50796,17.752327,13.056059,13.290854,12.093681,14.525065,12.885091,14.348928,17.619392,16.557293,19.37025,20.27828,22.214977,27.799982,29.517298,32.75112,34.206257,38.2689,40.489193,37.634678,35.30202,30.661613,32.1568,26.903337,28.824526,24.693928,25.847267,24.097357,23.841215,25.411327,28.382093,26.429276,30.067932,27.188747,30.114113,31.942982,31.874275,36.051094,33.62245,30.336838,30.818026,34.194496,29.22786,26.582634,24.256033,23.406048,21.45566,22.345434,22.115486,18.978262,19.865656,19.923658,18.381468,18.73773,20.816824,22.733961,22.182585,26.50931,27.009212,31.293873,33.250114,36.85172,37.593124,36.6584,39.32194,36.130318,31.954079,29.607979,25.976727,24.292786,19.98801,18.62864,14.67186,15.357371,11.20677,16.79954,20.86978,17.45729,18.355623,17.4851,19.563986,19.74541,18.352997,23.829618,22.066355,26.93799,30.196455,28.562622,25.215982,27.72861,21.165615,22.583143,19.663782,20.143923
2,7.034023,4.5589867,0.0,5.54403,6.9443808,10.15182,12.20024,16.535172,19.444225,22.37289,26.188301,29.022001,30.796383,32.129673,29.228735,24.90773,24.349653,20.223015,20.168266,16.905157,16.697119,13.513162,14.111388,14.542648,16.193188,16.253914,16.82536,19.662176,17.622576,20.180761,20.218525,21.904707,27.086973,28.047997,31.769344,32.44937,36.90429,39.139366,36.489494,34.708057,29.898344,31.82698,26.575483,28.75113,24.986555,26.125233,24.991358,24.602203,27.006855,29.475508,27.678455,30.942984,28.025738,31.126192,32.347115,33.021606,36.55163,34.42142,31.016546,31.222292,33.920303,28.786211,26.820385,24.332354,24.562107,22.41596,24.320707,24.107676,21.687132,22.27404,21.530596,19.665201,19.24822,20.710003,22.235851,21.514914,25.665983,25.851536,30.189646,31.820332,35.539265,36.0383,34.61861,37.03583,34.137688,29.85214,27.461977,24.174868,22.37262,18.76107,17.70015,14.407679,16.12039,12.194203,15.952457,21.302921,17.78857,17.246435,15.719566,16.972647,16.750633,14.668557,20.135775,18.193768,22.953913,26.274359,24.702965,21.390408,24.4464,18.067305,19.782255,17.541822,18.445135
3,9.575617,5.2708774,5.54403,0.0,4.944716,8.022105,9.440136,14.568796,16.722075,20.379337,24.353907,26.709745,28.107613,29.135904,25.964533,21.575262,21.22506,16.60817,17.393084,13.144524,14.6672535,10.277601,9.521845,10.257272,10.892882,11.653643,11.460458,14.209848,12.162207,15.095414,15.26735,17.580885,22.753325,24.745771,27.721664,29.21436,33.289684,35.372482,32.428635,30.169655,25.467897,27.07518,21.799559,23.979675,20.038,21.474834,20.289883,20.528278,22.436508,24.667143,22.619255,25.818314,22.72087,25.722792,27.178555,27.614264,31.406927,29.314222,26.008287,26.632305,29.560295,24.540255,22.128607,19.36278,19.18412,16.98526,18.786844,18.660376,16.466566,17.269001,16.442556,15.278686,14.568186,16.924961,18.317095,17.205349,21.543919,21.80503,26.1096,27.987917,31.589346,32.32623,31.457043,34.169704,30.958923,26.776373,24.53016,20.755507,19.336647,14.766885,13.793599,10.10687,11.611465,8.722063,13.070819,17.949816,15.952848,16.364525,14.86179,17.391968,16.37694,15.435655,20.247053,18.368155,23.274904,26.367634,24.785383,21.502682,23.799969,17.114473,18.990843,15.765326,17.03972
4,13.236668,9.348604,6.9443808,4.944716,0.0,4.332263,5.3210588,10.102515,12.611828,15.891984,19.816788,22.426992,24.134153,25.486134,22.649452,18.262396,18.48265,13.992326,15.159577,11.957349,13.639177,11.364886,10.682977,13.474345,12.784122,15.574688,14.235188,16.10505,12.861622,15.228076,14.083087,16.103674,20.540018,21.764235,25.164427,25.827713,30.3173,32.369858,29.630432,28.010893,23.142857,25.30592,20.094511,22.696728,19.353584,20.891298,20.646975,20.96428,23.726158,25.109667,23.228722,25.76341,22.587618,25.697798,26.290257,27.679647,30.576633,28.92506,25.54558,25.89267,27.892525,22.734385,21.221388,18.221453,19.531366,17.18334,20.286564,20.26662,19.174894,19.65668,17.828005,16.582663,14.660767,16.362522,16.983297,15.348264,19.405401,19.124477,23.477924,24.918892,28.639885,29.094297,27.76303,30.226524,27.276087,22.972942,20.684963,17.23739,15.764268,11.963781,11.582276,9.18219,12.151527,10.315861,11.583423,17.948347,16.463293,15.28658,12.881274,14.757176,12.569596,11.267741,15.574396,13.446091,18.338306,21.431967,19.982689,16.761396,19.578997,12.9663,15.572892,12.96433,15.205954
5,16.032598,12.404216,10.15182,8.022105,4.332263,0.0,5.0305524,7.187196,10.560676,13.292783,17.874624,20.473906,22.564013,24.258,21.813293,17.44318,19.022783,14.283011,16.824076,13.85158,16.73068,14.78484,13.181647,16.31736,14.3319,17.563692,14.924847,15.867071,12.4405,13.36305,12.486366,12.944513,17.658455,17.951954,21.96772,22.34117,26.8314,29.194818,26.909496,25.605768,20.894115,23.890219,18.712582,22.34814,19.47042,21.653738,22.036646,23.083563,25.604994,26.269083,24.136189,25.986914,22.243805,24.961596,24.519743,26.13512,28.420807,26.533955,23.040684,22.810205,24.570503,19.376211,18.340773,16.1921,18.127811,16.547739,20.0296,20.8174,20.359596,21.33065,19.26284,18.928556,16.187632,18.382998,18.229483,15.432222,19.26043,18.00728,22.29863,23.068464,26.711649,26.762714,25.775164,27.806238,24.44038,20.497957,17.673859,14.879132,12.297228,9.6430645,8.26586,6.691887,10.131083,9.12607,7.8112345,14.776954,13.840021,11.940269,9.199407,11.393548,8.811119,8.686637,12.75853,11.763886,16.714157,19.899742,19.284517,16.434948,19.965122,13.755536,17.257551,14.977475,18.013231
6,18.470821,14.4089575,12.20024,9.440136,5.3210588,5.0305524,0.0,6.126746,7.445787,11.212887,14.936971,17.293365,18.871418,20.221527,17.475382,13.083168,14.067399,9.496203,11.885344,9.507528,12.633236,12.028198,10.658314,15.07098,12.710899,17.485989,15.033313,15.866019,11.692445,13.740039,10.846978,13.455339,16.419914,17.961004,20.852802,21.334654,25.919455,27.661837,24.77155,23.43157,18.48007,20.78235,15.768797,18.586916,15.911703,17.632635,18.386417,19.172968,22.344921,22.657019,20.904577,22.630873,19.471317,22.603092,22.598206,24.857483,26.993473,26.03748,22.80596,23.371845,24.42659,19.367195,18.529001,14.809222,17.462633,14.83543,19.101267,19.060675,19.295427,19.445179,16.670738,15.862812,12.644955,14.065541,13.624728,11.171167,14.856655,14.11995,18.441906,19.714737,23.466902,23.909288,22.45248,25.013845,22.218311,17.784721,15.806805,12.102727,11.492471,7.5760946,8.889669,8.517393,12.333254,12.717989,11.388261,18.02144,18.333925,16.65569,13.766334,15.6593485,11.765962,11.207264,13.431614,10.980073,15.464443,18.079855,16.640078,13.679798,15.926088,9.563899,12.858174,10.2675085,13.65321
7,22.966448,19.258974,16.535172,14.568796,10.102515,7.187196,6.126746,0.0,4.607737,6.1190724,10.871965,13.555471,16.057926,18.211847,16.518711,12.591989,15.695451,11.857371,15.391732,14.368406,17.71764,18.03734,16.399782,20.89434,17.7835,22.720873,19.344242,19.221153,15.031054,15.160909,12.168214,12.333992,14.291206,13.597499,17.622992,16.69208,21.696764,23.758827,21.714172,21.46867,16.815992,20.490774,16.019136,20.04407,18.531254,20.750446,22.477697,23.805,26.966022,26.31627,24.526773,25.175285,21.632761,24.211447,22.519033,25.543919,26.301342,25.442808,22.214417,21.890104,21.809961,16.886229,17.522655,14.968575,18.992449,17.34353,22.11697,22.858149,23.859179,24.341331,21.298395,21.172916,17.29844,18.613808,17.16435,13.625234,16.214968,13.878335,17.75488,17.629871,21.261524,20.875742,19.34392,21.001772,18.01992,13.988007,11.224987,9.236886,7.004451,7.1559596,8.083539,10.18419,14.057524,15.18597,10.617726,17.446297,18.391348,15.321922,12.03926,13.076482,7.8996544,8.522819,8.426602,7.4071603,11.428173,14.027636,13.963209,11.846599,15.440535,10.695531,15.0441475,13.877033,17.928833
8,25.8039,21.776537,19.444225,16.722075,12.611828,10.560676,7.445787,4.607737,0.0,4.676877,8.235728,10.15674,12.025784,13.85672,11.955787,8.039743,11.78846,8.436763,12.700492,12.502644,16.464367,17.62872,15.838748,20.892378,17.214205,23.086908,19.576454,19.038952,14.605126,15.098945,10.6649475,12.334675,12.140471,12.999964,15.418524,14.867196,19.722118,21.11664,18.44451,18.155039,13.3838825,16.6048,12.538425,16.161272,15.3129425,17.369083,19.72468,21.230354,24.560207,23.224192,21.70736,21.80991,18.677107,21.323092,19.653278,23.313454,23.696295,23.721907,20.842234,21.228746,20.435398,15.871916,16.743748,13.034413,17.765476,15.627438,20.919945,21.252459,23.065104,23.082176,19.55809,19.590109,15.266099,16.142181,14.002462,10.226515,12.054437,9.516235,13.284335,13.375401,17.10235,17.060804,15.3507,17.61497,14.958458,10.4482975,8.705861,5.4169397,6.3456216,5.6860023,9.049901,11.865681,15.590225,17.792496,13.547279,19.573343,21.683151,19.227053,16.13878,17.529545,12.29594,12.977971,11.606365,9.856323,12.588491,14.142863,13.512703,11.75941,13.492751,9.567298,13.513011,12.20453,16.448366
9,28.960203,25.188377,22.37289,20.379337,15.891984,13.292783,11.212887,6.1190724,4.676877,0.0,5.201156,7.797771,10.847621,13.540682,12.990842,10.248084,14.691937,12.500906,16.328634,16.948809,20.313593,22.021425,20.442823,25.448978,21.826351,27.539103,23.86928,23.133785,18.829304,18.526226,14.51499,14.582535,13.539946,12.084953,15.348738,12.957423,18.239204,19.761845,18.009388,18.961184,14.791788,18.778053,15.547283,19.450977,19.338404,21.374947,24.073898,25.559546,29.011932,27.34061,25.931808,25.535234,22.427998,24.709972,22.066206,26.14919,25.528332,25.700016,22.938976,22.648233,20.888403,16.74346,18.750738,16.091475,21.263811,19.686241,24.989016,25.62705,27.582193,27.708883,24.16343,24.217806,19.871777,20.433699,18.077084,14.410402,15.349153,12.173126,15.010375,13.791592,17.180012,16.301256,14.088146,15.259439,12.933494,8.907446,6.7001557,6.613703,6.3792396,9.473905,11.797891,15.162622,18.785875,20.831293,15.414192,21.353903,23.37751,20.020672,16.836977,17.258358,11.748652,12.653261,9.121641,8.446379,9.674682,10.787797,11.429913,10.718193,13.469907,11.371688,15.546075,15.452954,19.751343
10,32.967506,29.149443,26.188301,24.353907,19.816788,17.874624,14.936971,10.871965,8.235728,5.201156,0.0,3.636499,6.9651494,9.9967375,10.575693,9.488366,13.698653,13.459894,16.46391,18.599438,21.278475,24.27874,23.147346,28.44259,24.919596,31.074673,27.665,26.9058,22.511833,22.626362,17.927402,18.853584,16.215704,15.267373,17.10878,14.072564,19.049406,19.628496,17.7819,19.504444,15.841402,19.082956,17.001768,19.81368,20.604301,21.989403,25.176517,26.32716,30.223368,28.053762,27.18018,26.304333,24.007017,26.312014,23.700634,28.397589,27.147125,28.280207,25.949305,26.061783,23.42071,19.970415,22.355045,19.115915,24.579851,22.60314,28.11019,28.244938,30.628498,30.227516,26.377281,26.10328,21.7644,21.316698,18.582762,15.681795,15.282707,12.422335,14.100103,12.563942,15.587568,14.697003,11.057396,12.166419,11.709972,7.696885,7.938605,8.546513,10.739287,13.350421,16.506182,19.866138,23.495798,25.693653,20.557451,26.331852,28.568403,25.179306,21.961617,22.046097,16.519121,16.824142,12.391082,10.930979,9.920873,9.156621,9.424584,9.983457,10.964336,11.623231,14.953568,15.910994,19.99425
11,35.65764,31.686552,29.022001,26.709745,22.426992,20.473906,17.293365,13.555471,10.15674,7.797771,3.636499,0.0,3.741702,6.995515,8.547587,8.851798,13.532506,14.032561,17.318254,19.663233,22.758904,25.831024,24.460821,29.808468,25.916283,32.34273,28.731739,27.603815,23.341175,23.286325,18.347113,19.458607,15.52024,15.211842,15.7077,12.799325,17.237663,17.165127,15.133158,17.231789,14.131482,17.05942,15.947862,18.446898,20.01589,21.34443,24.930168,26.358847,30.046373,27.295942,26.583586,25.08893,23.09045,25.093542,22.17444,27.226393,25.388403,27.136375,25.189482,25.57721,22.326876,19.503304,22.168121,18.838463,24.49185,22.624187,28.149681,28.25537,31.146185,30.637127,26.66712,26.746096,22.284994,21.789965,18.67762,15.732232,14.394885,11.316,11.907298,9.796937,12.421278,11.48324,7.4697037,8.84331,9.068233,5.3320565,7.4043417,8.451994,11.833786,14.4169,17.895857,21.54132,24.925037,27.70373,22.507753,27.666912,30.615633,27.563555,24.497017,24.926125,19.44638,20.150785,15.738491,14.534775,13.409459,12.156179,12.361615,13.186585,12.7904,14.094,16.86566,17.58297,21.510399
12,37.279736,33.169144,30.796383,28.107613,24.134153,22.564013,18.871418,16.057926,12.025784,10.847621,6.9651494,3.741702,0.0,3.2828362,5.754474,7.825279,12.05337,13.632794,16.653246,19.426065,22.56553,25.929155,24.577763,29.939665,25.964407,32.621964,29.139553,27.899721,23.75272,24.034626,18.75066,20.728535,16.01654,17.102346,16.164703,14.206579,17.882605,17.024239,14.274987,16.130846,13.397099,15.203686,14.99356,16.466412,18.673927,19.594429,23.450563,24.875862,28.513441,25.344734,24.964323,23.082561,21.716393,23.661263,21.091694,26.344751,24.396982,26.81839,25.235636,26.212765,22.817402,20.416094,22.840454,18.93523,24.469095,22.339174,27.804642,27.549517,30.802616,29.970724,25.897018,26.033253,21.652409,20.791449,17.44428,14.973996,12.661954,10.091126,9.549643,7.788659,10.076807,9.875641,5.2237744,8.135897,9.374502,6.0540204,9.508883,9.516541,14.077023,15.599251,19.563316,23.088732,26.309679,29.417013,24.699753,29.535494,32.881527,30.273134,27.272514,28.068079,22.58583,23.248297,19.225962,17.597698,16.645287,15.212349,14.695398,15.407596,13.441377,15.216888,17.187246,17.701513,21.28144
13,38.419933,34.218456,32.129673,29.135904,25.486134,24.258,20.221527,18.211847,13.85672,13.540682,9.9967375,6.995515,3.2828362,0.0,4.006082,7.7474623,11.073896,13.530035,16.20555,19.222048,22.365326,25.876118,24.552906,29.842302,25.856245,32.625793,29.311457,28.013716,24.027952,24.638983,19.171648,21.888529,16.78318,19.016941,17.058388,16.03552,19.065603,17.659178,14.288762,15.65536,13.264485,13.82812,14.408639,14.772355,17.497137,17.99077,22.015928,23.418318,26.957657,23.45623,23.390991,21.210999,20.478886,22.38101,20.292425,25.594105,23.699202,26.643314,25.369543,26.871475,23.522738,21.432306,23.522305,19.150677,24.42273,22.059536,27.375702,26.775976,30.292418,29.175262,25.065968,25.247213,21.024477,19.864975,16.393942,14.4668255,11.343675,9.541191,7.9069543,7.0208406,8.815724,9.597947,5.3035607,9.256751,10.875145,8.079519,11.861054,11.022123,16.176289,16.76319,21.013832,24.343744,27.390982,30.716309,26.48746,31.046213,34.65913,32.449974,29.517004,30.623337,25.169487,25.789896,22.149202,20.21205,19.507221,18.079266,17.053415,17.56412,14.563724,16.430935,17.70782,17.93988,21.123672
14,35.286427,31.029383,29.228735,25.964533,22.649452,21.813293,17.475382,16.518711,11.955787,12.990842,10.575693,8.547587,5.754474,4.006082,0.0,4.444773,7.4011703,9.833897,12.622761,15.417177,18.82761,22.11096,20.761019,26.003263,22.097641,28.88629,25.797945,24.685059,20.708073,21.870527,16.231201,19.886087,15.424083,18.793913,16.894398,16.963097,20.172783,19.151548,15.147129,15.250863,12.014148,11.916396,11.667491,11.50572,13.805783,14.163077,18.10196,19.479998,23.070269,19.793753,19.686813,17.930384,17.236582,19.569462,18.367027,23.344019,22.387878,25.067226,23.6095,25.50901,22.976866,20.387186,21.72038,16.657778,21.576815,18.764137,24.045431,23.142904,26.543678,25.285341,21.16289,21.250935,17.072441,15.90553,12.405645,10.6350765,7.451106,6.3864207,5.700492,6.992561,9.73309,11.303834,8.328626,12.583674,12.835276,9.119961,12.152013,9.592828,15.122826,14.259089,18.790237,21.686113,24.680813,27.95016,24.448647,29.06236,32.551174,30.76853,27.879278,29.3729,24.020681,24.50392,21.742496,19.368229,19.590328,18.806332,17.190226,16.91346,13.723368,14.290313,15.354186,14.822161,17.90473
15,30.937956,26.67629,24.90773,21.575262,18.262396,17.44318,13.083168,12.591989,8.039743,10.248084,9.488366,8.851798,7.825279,7.7474623,4.444773,0.0,5.815298,5.956784,9.915724,11.811871,15.789198,18.448008,16.909975,22.23554,18.330723,25.053328,21.930845,21.057142,16.858387,18.238398,12.577356,16.503859,13.318296,16.780394,15.961557,16.371513,20.181173,20.013847,16.088673,15.517907,11.21304,12.0037985,9.764341,10.784385,11.675165,12.627505,16.110048,17.57003,21.208515,18.656609,18.021414,17.129301,15.558817,18.323866,17.417898,21.912083,21.840319,23.621902,21.637974,23.364666,21.682636,18.273792,19.099525,13.8295355,18.656939,15.656708,21.095945,20.352968,23.302534,22.304262,18.228281,18.242098,13.836895,13.272654,9.966849,7.2371264,5.8167453,4.236511,6.8004236,8.491685,12.065697,13.308626,11.048,14.873137,13.737646,9.192267,10.752383,6.7828364,12.024453,10.192264,14.820098,17.449615,20.595854,23.621233,20.3906,25.33754,28.452337,26.764643,23.873947,25.551163,20.3265,20.761517,18.760822,16.268856,17.472944,17.513985,15.820382,14.777182,12.692383,11.268486,13.04893,11.74994,15.304373
16,30.078657,25.901012,24.349653,21.22506,18.48265,19.022783,14.067399,15.695451,11.78846,14.691937,13.698653,13.532506,12.05337,11.073896,7.4011703,5.815298,0.0,5.248893,5.4164047,9.184438,11.642596,15.547621,15.048088,20.209707,17.350422,23.921095,21.97621,21.868395,17.873743,20.649595,15.104803,20.363396,18.146711,22.244766,21.335205,22.173172,25.83476,25.437136,21.184881,20.010393,15.872737,14.956327,12.817459,11.248622,11.321764,10.484813,13.385104,13.531059,18.052856,16.123993,16.249727,16.33858,16.11636,19.502644,20.440792,24.311813,25.27826,27.177969,25.29024,27.583584,26.601877,23.095434,23.059608,17.122555,20.800364,16.877918,21.775858,19.885668,22.383253,20.520927,16.479961,15.260957,11.716214,9.252436,6.290581,7.121002,5.8079658,8.2316265,10.185203,13.253457,16.31946,18.1977,15.631207,19.709951,19.313074,14.870767,16.475677,12.2436,16.964262,13.600995,18.17552,19.665245,22.746452,25.13058,23.42983,28.636206,31.102388,29.786669,26.87699,28.578981,23.56468,23.151743,22.01209,18.530949,19.935259,20.008467,17.141603,15.619853,11.841374,10.438318,10.1239395,8.446211,10.852956
17,25.839548,21.549442,20.223015,16.60817,13.992326,14.283011,9.496203,11.857371,8.436763,12.500906,13.459894,14.032561,13.632794,13.530035,9.833897,5.956784,5.248893,0.0,5.6126766,5.875665,10.5559635,12.506311,11.087379,16.454168,13.061884,19.688105,17.273281,17.189571,12.970576,15.768149,10.41439,15.78872,14.949652,19.112267,19.011354,20.348658,24.214033,24.569876,20.503864,18.79606,14.061163,14.193834,10.368546,10.708759,9.201226,9.863216,12.13367,13.111409,16.988712,15.724889,14.842327,15.586774,13.913796,17.42902,18.229698,21.545065,23.172848,24.104694,21.758875,23.790197,23.628588,19.555933,18.99957,13.184002,16.64,12.783388,17.840607,16.499096,18.622328,17.409712,13.450842,12.769966,8.519046,8.123263,5.600969,3.516177,5.8554273,7.052609,10.817348,13.570446,17.09474,18.616179,16.947338,20.711987,18.971313,14.371818,14.690125,9.77293,13.4526,8.92848,13.290645,14.454366,17.531,19.914497,18.428497,23.598377,25.946947,24.919487,22.166264,24.280956,19.595417,19.513502,19.313637,16.243822,18.81299,19.788544,17.453846,15.305936,13.633711,9.632864,10.902294,7.754737,11.001112
18,25.617691,21.59865,20.168266,17.393084,15.159577,16.824076,11.885344,15.391732,12.700492,16.328634,16.46391,17.318254,16.653246,16.20555,12.622761,9.915724,5.4164047,5.6126766,0.0,5.42838,6.2367144,10.735345,11.249402,16.204,14.550096,20.536844,19.58015,20.398806,16.534302,20.242445,15.363198,20.978882,20.558361,24.513487,24.542248,25.559616,29.544365,29.669071,25.516058,23.904264,19.373486,18.678612,15.436081,14.072127,12.332661,11.215404,12.438449,11.415087,16.42897,16.16097,16.129879,17.782888,17.389517,21.182766,23.051908,26.044024,28.114122,29.217093,26.964426,29.187506,29.215002,25.1371,24.34115,18.433147,21.11029,16.814514,21.147581,18.853016,20.212814,18.161884,14.516663,12.014431,9.38936,6.1365857,5.370985,7.9547153,9.299794,11.955516,14.872759,17.984936,21.27753,23.027937,20.602676,24.4628,23.588938,18.88087,19.557682,14.962644,18.492466,14.034474,18.00295,18.305128,21.371542,22.781315,22.441507,28.014225,29.480024,28.424196,25.583643,27.308512,22.794128,21.728476,21.919165,17.964287,20.263245,21.075308,17.763594,15.388312,12.366403,8.851495,7.640699,4.1903667,5.8895507
19,21.699503,17.50796,16.905157,13.144524,11.957349,13.85158,9.507528,14.368406,12.502644,16.948809,18.599438,19.663233,19.426065,19.222048,15.417177,11.811871,9.184438,5.875665,5.42838,0.0,6.3049483,6.727765,5.9731817,11.183892,9.170121,15.207516,14.200189,15.299937,11.66641,15.921848,11.863177,17.783503,18.793179,23.208927,23.498755,25.38738,29.166618,29.784967,25.655354,23.284672,18.60872,18.14717,13.933763,13.411098,10.136718,9.992622,10.017098,9.846428,13.823927,14.443683,13.508458,16.062006,14.742971,18.588491,20.955809,23.015266,26.035398,26.30434,23.828463,26.0858,27.150476,22.826427,21.15887,15.45877,17.051975,12.715311,16.55232,14.39595,15.177763,13.538649,10.111136,7.9334683,4.9759912,4.5815067,5.3404737,6.5598984,10.049964,12.329529,15.959716,19.124916,22.510807,24.221907,22.79821,26.58163,24.638165,20.07891,19.900284,14.915978,17.392223,11.725828,14.901757,14.256568,16.843746,18.196815,18.95566,23.961346,25.356436,25.1016,22.646502,25.048037,21.18353,20.539114,21.95234,18.579845,21.951954,23.497599,20.745718,17.96718,16.577808,11.360991,11.506026,7.0273037,8.451629
20,21.35246,17.752327,16.697119,14.6672535,13.639177,16.73068,12.633236,17.71764,16.464367,20.313593,21.278475,22.758904,22.56553,22.365326,18.82761,15.789198,11.642596,10.5559635,6.2367144,6.3049483,0.0,6.5322256,9.242089,12.922511,13.502885,17.94343,18.567848,20.512114,17.256096,21.710905,17.998388,23.541965,24.740303,28.504694,29.247824,30.455101,34.590282,35.110085,31.044035,29.068949,24.394398,23.763811,19.949064,18.676598,15.778947,14.499387,13.828908,11.520727,16.312021,17.979586,17.862074,20.884855,20.487514,24.39438,27.109917,29.158188,32.222065,32.603714,30.11459,32.258316,33.254036,28.815216,27.295662,21.72039,23.167091,18.823044,22.091143,19.43864,19.273083,17.071331,14.441866,10.488478,10.108641,7.148634,9.283591,12.302728,14.790293,17.461912,20.728447,23.8808,27.252127,28.951069,26.665037,30.379845,29.18705,24.399513,24.425055,19.78355,22.176754,17.122208,20.064966,18.98979,21.716452,21.827496,23.27805,28.8976,29.159573,28.529696,25.92957,27.632109,23.960913,22.222895,23.904648,19.762209,22.774984,24.222252,20.706774,17.76685,15.761071,11.156918,9.234511,5.6271825,3.454607
21,16.797115,13.056059,13.513162,10.277601,11.364886,14.78484,12.028198,18.03734,17.62872,22.021425,24.27874,25.831024,25.929155,25.876118,22.11096,18.448008,15.547621,12.506311,10.735345,6.727765,6.5322256,0.0,4.152328,6.487463,8.303888,11.540426,12.926005,15.557732,13.190348,18.047985,15.843291,21.200583,23.888456,27.996435,28.939053,31.017561,34.83244,35.814064,31.815619,29.122404,24.49326,24.035635,19.586731,19.047258,15.04695,14.648762,12.684509,11.301987,14.29513,17.10038,16.098347,19.971027,18.78,22.474918,25.69561,26.583101,30.63461,30.099339,27.469093,29.597929,31.74225,27.205236,24.756233,19.77561,19.7376,15.732654,17.802197,15.351156,13.936243,12.296709,10.714969,7.045913,8.0387125,8.3294525,11.144739,12.91652,16.571743,18.86531,22.546562,25.709723,29.088078,30.759056,29.445124,33.10637,30.922543,26.365631,25.656696,20.820137,22.15266,16.302736,18.042583,15.740923,17.566692,17.25368,20.414297,25.082756,25.074333,25.54343,23.536139,25.99226,23.264498,22.053253,25.019531,21.651733,25.621023,27.713978,24.835014,21.64528,21.00196,15.2181635,14.797769,10.641363,9.9174
22,17.401031,13.290854,14.111388,9.521845,10.682977,13.181647,10.658314,16.399782,15.838748,20.442823,23.147346,24.460821,24.577763,24.552906,20.761019,16.909975,15.048088,11.087379,11.249402,5.9731817,9.242089,4.152328,0.0,5.421129,4.4359217,9.363484,9.338823,11.571691,9.088398,14.0319,12.088297,17.531656,20.408865,24.871473,25.584513,28.145811,31.664253,32.760685,28.803776,25.831257,21.305145,21.018171,16.345432,16.450201,12.175203,12.677079,10.929321,11.077528,13.175448,15.375098,13.708651,17.349295,15.416536,18.955015,21.991148,22.654871,26.82172,26.046343,23.3958,25.574121,27.944641,23.493753,20.792048,15.938189,15.603666,11.705578,13.85769,11.834695,10.819707,9.825197,7.8572865,5.962725,5.5294333,8.200022,10.211875,10.626126,14.684171,16.529587,20.30385,23.349089,26.653494,28.279531,27.572844,31.18515,28.511093,24.210787,23.293947,18.408192,19.523788,13.367355,14.862612,12.560904,14.07501,14.631798,17.58111,21.665451,22.422087,23.280901,21.452696,24.427706,21.701183,21.239689,24.088055,21.281513,25.43009,27.578775,25.172825,22.106796,21.80959,15.8315325,16.332438,11.896311,12.427508
23,15.49719,12.093681,14.542648,10.257272,13.474345,16.31736,15.07098,20.89434,20.892378,25.448978,28.44259,29.808468,29.939665,29.842302,26.003263,22.23554,20.209707,16.454168,16.204,11.183892,12.922511,6.487463,5.421129,0.0,5.5368223,5.241139,8.323936,11.671719,11.214958,16.023026,15.780595,20.60957,24.342442,28.883915,29.625982,32.634834,35.8708,37.122234,33.200344,29.8214,25.582405,25.025507,20.496935,20.377306,15.866949,16.195616,13.28149,13.109245,13.546345,17.120104,15.379847,19.730032,18.029793,21.146507,24.93419,24.450277,29.46127,28.116339,25.580647,27.813444,31.070145,26.779802,23.39598,19.29365,17.385553,14.162573,14.21689,12.07348,8.929608,8.305185,8.856017,7.2798996,9.551828,12.241719,14.853851,15.63215,19.541063,21.514475,25.119913,28.257524,31.40631,33.111893,32.751637,36.36533,33.45127,29.319328,28.195463,23.401937,23.99,17.866323,18.386908,15.163803,15.464023,15.076578,19.94117,22.896141,22.976933,24.86033,23.648499,26.869104,25.08889,24.610693,28.28135,25.713968,30.12884,32.515244,30.135065,26.943707,26.863482,20.78404,21.004179,16.693777,16.347576
24,18.50271,14.525065,16.193188,10.892882,12.784122,14.3319,12.710899,17.7835,17.214205,21.826351,24.919596,25.916283,25.964407,25.856245,22.097641,18.330723,17.350422,13.061884,14.550096,9.170121,13.502885,8.303888,4.4359217,5.5368223,0.0,6.7972245,5.436272,7.4305983,6.0864964,11.125092,10.495534,15.702008,19.002548,23.991545,24.274796,27.627514,30.58507,31.794882,27.884262,24.390594,20.251799,19.871504,15.234633,15.7944355,11.293208,12.642741,10.638543,12.184607,12.497399,14.506237,12.126184,15.7283125,13.14187,16.2112,19.506527,19.297926,24.046953,22.80192,20.253145,22.636059,25.661411,21.500063,18.144741,13.803811,12.115574,8.677199,9.691025,8.102678,6.844714,7.006334,5.774498,6.805137,6.358407,10.709861,12.133967,11.486906,15.473761,16.925543,20.486187,23.440258,26.478376,28.128376,28.248034,31.801107,28.597881,24.747606,23.634615,18.856194,19.596354,13.36235,14.100002,11.550402,11.899134,13.325547,16.722292,19.387932,20.904696,22.666727,21.339357,24.91339,22.598608,22.896675,25.818983,23.669428,27.941666,30.14385,28.168991,25.241524,25.17687,19.252962,20.214733,15.759203,16.633005
25,15.779655,12.885091,16.253914,11.653643,15.574688,17.563692,17.485989,22.720873,23.086908,27.539103,31.074673,32.34273,32.621964,32.625793,28.88629,25.053328,23.921095,19.688105,20.536844,15.207516,17.94343,11.540426,9.363484,5.241139,6.7972245,0.0,5.4830413,9.067104,10.594241,14.489258,16.074564,19.844479,24.385145,28.895077,29.640701,33.191296,35.956406,37.497025,33.833553,30.116476,26.27034,25.97338,21.46201,22.079655,17.574574,18.682549,15.792004,16.697937,15.6524935,18.982445,16.662983,20.750828,18.379103,20.763098,24.433012,22.897545,28.403254,26.256018,23.774195,25.836828,29.936975,25.9182,21.951914,19.003817,15.750934,13.754883,12.093711,11.104434,6.725471,8.306302,10.312208,10.973165,12.684414,16.41967,18.514313,18.283264,22.231764,23.63735,27.160046,30.014498,32.96975,34.538086,34.890045,38.304253,34.817123,31.111143,29.592882,25.080729,24.927345,19.050915,18.491604,14.836778,13.760014,13.434295,19.214092,20.528418,20.76191,23.73442,23.220741,26.940655,25.926098,26.100288,30.114637,28.269594,32.91837,35.50508,33.606834,30.470997,30.951097,24.684795,25.503544,21.164125,21.323582
26,17.838533,14.348928,16.82536,11.460458,14.235188,14.924847,15.033313,19.344242,19.576454,23.86928,27.665,28.731739,29.139553,29.311457,25.797945,21.930845,21.97621,17.273281,19.58015,14.200189,18.567848,12.926005,9.338823,8.323936,5.436272,5.4830413,0.0,3.8518982,5.702816,9.0429735,11.321681,14.570705,19.276852,23.78339,24.469717,28.208527,30.757687,32.4482,29.009733,25.321903,21.594954,21.893675,17.232222,18.977472,14.743178,16.888193,15.038247,17.166275,16.322315,18.193312,15.348501,18.473955,15.022333,17.105932,19.809673,18.434702,23.6107,21.193968,18.506115,20.40383,24.505447,20.503054,16.484316,13.937738,10.636934,9.271702,8.1605215,8.804771,6.3560038,9.075281,9.596434,11.8462,11.4952965,16.081123,17.145004,15.49161,19.43644,20.020061,23.53476,25.944628,28.814014,30.145033,30.941942,34.114227,30.260927,26.895613,25.157793,20.918884,20.425152,14.816537,13.855085,10.560602,9.068099,10.487749,15.037956,15.893,17.437159,20.348858,19.821768,23.887808,22.596657,23.526133,27.01213,25.722324,30.285975,32.801376,31.400251,28.502548,29.31777,23.147251,24.745705,20.449808,21.662918
27,21.181427,17.619392,19.662176,14.209848,16.10505,15.867071,15.866019,19.221153,19.038952,23.133785,26.9058,27.603815,27.899721,28.013716,24.685059,21.057142,21.868395,17.189571,20.398806,15.299937,20.512114,15.557732,11.571691,11.671719,7.4305983,9.067104,3.8518982,0.0,4.5202837,6.2973166,9.377358,12.161259,16.511026,21.414886,21.538313,25.756815,27.831474,29.492256,26.139194,22.253021,18.918802,19.317617,14.917198,17.235943,13.453764,16.23363,15.051213,18.022676,16.838223,17.664768,14.551636,16.799955,12.737145,14.235576,16.438156,14.798821,19.95738,17.364162,14.738482,16.843754,21.063772,17.40154,13.128653,11.025945,6.958591,6.7104783,5.229167,7.5803704,7.1620917,10.170765,10.112789,13.482109,12.185094,17.038986,17.374609,14.912047,18.455532,18.541609,21.727856,23.878803,26.476171,27.749485,29.105433,32.158653,28.053934,25.126925,23.417622,19.427835,18.950447,13.718615,12.651511,10.256651,8.293156,11.498409,14.496391,14.339737,17.357162,20.31808,19.88022,24.150812,22.629684,24.173136,27.040604,26.150246,30.48784,32.81403,31.731781,29.09002,29.841398,24.00618,25.919502,21.698061,23.386974
28,20.592297,16.557293,17.622576,12.162207,12.861622,12.4405,11.692445,15.031054,14.605126,18.829304,22.511833,23.341175,23.75272,24.027952,20.708073,16.858387,17.873743,12.970576,16.534302,11.66641,17.256096,13.190348,9.088398,11.214958,6.0864964,10.594241,5.702816,4.5202837,0.0,5.095856,5.6221685,9.812623,13.802081,18.584953,19.07102,22.679193,25.372746,26.973646,23.514101,20.089863,16.093994,16.949577,11.976532,14.727429,10.96621,13.907374,13.507182,16.307146,16.47619,16.79765,13.909103,15.883442,11.6989765,14.0170555,15.511783,15.469212,19.653355,17.776934,14.837683,16.751537,19.918701,15.656699,12.195665,8.642378,7.2164264,5.1240106,7.6217046,8.820092,9.473626,11.169119,9.466046,12.047381,9.464421,14.102058,14.001158,11.022536,14.862319,14.726519,18.31942,20.415777,23.35461,24.536875,25.359146,28.444338,24.559736,21.243124,19.574339,15.338989,15.155504,9.472637,9.197457,7.3203754,7.219289,10.761374,12.272924,14.187904,17.109735,18.84055,17.681803,21.642357,19.323593,20.67722,23.112968,21.951654,26.167736,28.398539,27.248476,24.649084,25.39746,19.63261,21.750835,17.679115,19.824295
29,23.128157,19.37025,20.180761,15.095414,15.228076,13.36305,13.740039,15.160909,15.098945,18.526226,22.626362,23.286325,24.034626,24.638983,21.870527,18.238398,20.649595,15.768149,20.242445,15.921848,21.710905,18.047985,14.0319,16.023026,11.125092,14.489258,9.0429735,6.2973166,5.095856,0.0,5.7128677,5.8980412,11.105106,15.236263,16.017437,19.91173,22.123037,24.19656,21.39056,18.105196,14.667364,16.73011,12.096328,16.413479,13.669496,17.233517,17.576786,20.850433,20.73398,20.274168,17.244791,18.082275,13.189782,14.349821,13.915469,13.672531,17.146383,14.311895,10.973129,12.054141,15.753654,11.534319,7.6983275,6.712048,5.3773837,6.7731056,8.845863,11.87008,13.09638,15.447853,13.9769,17.025824,14.080389,18.556444,17.79139,13.822529,17.050596,15.654134,18.894638,20.03177,22.66915,23.330788,24.899923,27.400484,22.890402,20.342026,18.10922,14.86932,13.456187,9.454705,7.474964,6.8181734,5.428998,10.596092,10.0983305,10.185424,14.705146,16.616207,15.922024,20.150846,18.22475,20.55374,22.598003,22.480045,26.524641,28.764723,28.37999,26.116278,27.546879,22.101233,24.902115,21.244108,23.961843
30,24.472055,20.27828,20.218525,15.26735,14.083087,12.486366,10.846978,12.168214,10.6649475,14.51499,17.927402,18.347113,18.75066,19.171648,16.231201,12.577356,15.104803,10.41439,15.363198,11.863177,17.998388,15.843291,12.088297,15.780595,10.495534,16.074564,11.321681,9.377358,5.6221685,5.7128677,0.0,6.613516,8.569453,13.788216,13.865347,17.292732,20.130726,21.595907,18.135254,15.138525,10.796046,12.643315,7.4259214,11.819826,9.438084,12.991232,14.331094,17.486324,18.500704,17.284142,14.690227,15.069731,10.543455,12.7076235,12.236477,14.039853,16.542006,15.499118,12.510458,14.260215,15.902503,11.478089,9.303954,4.293112,7.212295,5.4546013,10.503136,11.842954,14.190925,15.194691,12.337844,14.74755,10.708182,14.464469,12.9635105,8.456276,11.530147,10.065379,13.617861,15.117849,18.109072,19.048138,19.978691,22.912321,18.94596,15.769555,14.2190075,10.081133,10.484647,5.222412,6.565259,7.823669,9.243394,13.645158,11.849603,14.532266,18.553225,19.004833,17.299261,20.854897,17.495209,19.327923,20.292818,19.401306,22.987616,24.783224,24.016968,21.902851,22.542284,17.60891,20.252754,16.760185,19.788483
31,25.97202,22.214977,21.904707,17.580885,16.103674,12.944513,13.455339,12.333992,12.334675,14.582535,18.853584,19.458607,20.728535,21.888529,19.886087,16.503859,20.363396,15.78872,20.978882,17.783503,23.541965,21.200583,17.531656,20.60957,15.702008,19.844479,14.570705,12.161259,9.812623,5.8980412,6.613516,0.0,7.0807376,9.425293,11.4351425,14.502167,17.085165,19.624195,17.553967,15.35153,11.928442,15.814356,11.544604,17.183084,15.67576,19.391613,20.852945,24.081835,24.81962,23.518599,20.776617,20.592422,15.676684,16.580374,13.834046,15.278917,16.51383,14.040182,10.511302,10.014561,12.041397,7.0141397,5.515049,6.3524194,9.133032,10.567517,14.041375,16.846796,18.705044,20.611498,18.398651,20.976158,17.172377,20.889805,19.296783,14.5074415,17.01447,14.216326,17.24621,17.12856,19.744017,19.641119,21.259884,23.053917,18.216787,16.140287,13.289487,11.315107,8.610827,7.416583,4.8234053,7.586099,8.060342,12.837283,8.431076,9.54791,14.760202,14.949553,13.803317,17.511494,14.95859,18.026272,18.828264,19.551952,23.04057,25.07617,25.444338,23.689304,25.728271,21.00989,24.507236,21.631428,25.10456
32,31.84661,27.799982,27.086973,22.753325,20.540018,17.658455,16.419914,14.291206,12.140471,13.539946,16.215704,15.52024,16.01654,16.78318,15.424083,13.318296,18.146711,14.949652,20.558361,18.793179,24.740303,23.888456,20.408865,24.342442,19.002548,24.385145,19.276852,16.511026,13.802081,11.105106,8.569453,7.0807376,0.0,7.3032427,5.3025556,9.617495,11.620135,13.275667,10.562397,8.545099,5.312397,10.294521,7.7404184,13.718815,14.186738,17.769743,20.481579,23.99302,25.010311,22.294636,20.061506,18.31181,13.987576,14.380257,9.807504,13.553722,12.416866,12.214757,9.786057,10.336089,8.760742,5.0661526,6.9476523,5.84463,11.173773,11.977455,16.358887,18.481121,21.775482,22.861767,19.880402,22.563826,18.177332,21.015196,18.417557,13.425457,14.041605,10.333116,11.929167,10.925288,12.991438,12.836138,15.267063,17.120352,12.276977,11.024259,9.408974,8.136751,8.299786,8.862024,9.829201,13.58527,14.774052,19.572535,14.820564,16.199099,21.670267,21.1401,19.5184,22.441677,18.71665,21.607197,20.444849,20.869741,23.128191,24.162077,24.589603,23.547195,24.391653,21.214052,24.423191,22.038855,25.70918
33,33.190372,29.517298,28.047997,24.745771,21.764235,17.951954,17.961004,13.597499,12.999964,12.084953,15.267373,15.211842,17.102346,19.016941,18.793913,16.780394,22.244766,19.112267,24.513487,23.208927,28.504694,27.996435,24.871473,28.883915,23.991545,28.895077,23.78339,21.414886,18.584953,15.236263,13.788216,9.425293,7.3032427,0.0,6.61705,5.977191,9.376129,12.665345,12.580109,13.252723,11.201794,16.824007,14.5856,20.444977,20.845852,24.25182,26.95039,30.042437,31.60184,29.21084,27.006876,25.505955,21.201471,21.636139,16.641792,20.00909,17.982313,17.003199,14.516646,12.599208,9.953043,6.7391305,10.765983,12.348341,17.092588,18.270758,22.461226,24.917387,27.52766,28.905952,26.014359,28.158653,23.72301,26.249489,23.712214,18.715342,19.510252,15.304939,16.939816,14.484012,16.376438,14.710741,16.473007,16.539043,11.371116,11.224082,7.8147364,10.086623,6.833451,11.717261,11.119662,15.355637,16.875471,20.732004,14.074906,15.78879,20.55541,18.56865,16.951447,18.864965,15.429592,18.977951,16.832376,18.81876,20.462254,21.568151,23.25985,22.75177,25.145266,22.458424,26.42207,24.933632,29.038813
34,36.724052,32.75112,31.769344,27.721664,25.164427,21.96772,20.852802,17.622992,15.418524,15.348738,17.10878,15.7077,16.164703,17.058388,16.894398,15.961557,21.335205,19.011354,24.542248,23.498755,29.247824,28.939053,25.584513,29.625982,24.274796,29.640701,24.469717,21.538313,19.07102,16.017437,13.865347,11.4351425,5.3025556,6.61705,0.0,6.0779605,6.410194,8.236366,6.8450556,6.869939,6.638249,11.881255,11.52987,16.890676,18.419153,21.750612,24.88378,28.425243,29.463604,26.195478,24.216785,21.683954,17.84751,17.511059,11.660186,15.842497,12.44751,13.070966,11.671205,11.271366,6.7240415,6.0660715,10.115515,10.857754,15.689726,16.95361,20.995106,23.228102,26.79142,27.848532,24.82637,27.538708,23.082636,25.518063,22.595055,17.757013,17.395622,13.317553,13.465762,10.870258,11.665205,10.429929,13.948324,14.639438,9.485488,10.505252,9.388291,10.665444,10.779054,13.507045,14.317083,18.363298,19.468538,24.172966,18.630934,19.406612,25.114689,24.1167,22.602587,24.999252,21.288406,24.464495,22.214231,23.26807,24.617594,25.101648,26.180105,25.794167,26.64399,24.529177,27.828543,26.020012,29.847795
35,38.05134,34.206257,32.44937,29.21436,25.827713,22.34117,21.334654,16.69208,14.867196,12.957423,14.072564,12.799325,14.206579,16.03552,16.963097,16.371513,22.173172,20.348658,25.559616,25.38738,30.455101,31.017561,28.145811,32.634834,27.627514,33.191296,28.208527,25.756815,22.679193,19.91173,17.292732,14.502167,9.617495,5.977191,6.0779605,0.0,5.3789706,7.823946,8.644729,11.452749,10.7084,16.053705,15.510735,20.602154,22.206587,25.18568,28.547762,31.562637,33.44049,30.3034,28.568241,26.254013,22.694836,22.938778,17.440363,21.848412,18.37694,19.023771,17.423435,16.199701,11.544824,10.468105,14.930229,15.413616,20.724201,21.418606,25.973404,27.941593,31.182793,32.048546,28.749443,30.743412,26.098804,27.86426,24.815876,20.11802,19.605492,15.193541,15.406546,11.773077,12.727275,10.210893,12.239095,11.339671,6.204055,8.294616,6.652302,10.685185,10.088559,15.055513,15.966286,20.36906,22.229258,26.199675,19.67843,21.712633,26.484543,24.20369,22.30004,23.63696,19.587461,22.633253,19.088686,20.709717,21.046728,21.110704,22.969944,23.231297,24.727514,23.581232,27.21262,26.336868,30.469
