,0,1,2,3,4,5,6,7,8,9,10,11,12,13,14,15,16,17,18,19,20,21,22,23,24,25,26,27,28,29,30,31,32,33,34,35,36,37,38,39,40,41,42,43,44,45,46,47,48,49,50,51,52,53,54,55,56,57,58,59,60,61,62,63,64,65,66,67,68,69,70,71,72,73,74,75,76,77,78,79,80,81,82,83,84,85,86,87,88,89,90,91,92,93,94,95,96,97,98,99,100,101,102,103,104,105,106,107,108,109,110,111,112,113,114
0,0.0,4.3283734,5.9841123,8.631158,12.004587,13.245093,17.055761,19.769875,22.761196,26.252281,30.8786,32.996975,35.188263,36.249706,32.764446,29.03288,26.077667,23.176973,21.380207,16.80932,16.413177,11.877325,14.255592,13.061007,15.902268,17.076681,18.701353,22.26975,21.227943,24.61049,24.90447,27.4666,33.179688,34.191956,37.585102,38.743702,42.99681,44.57748,43.45781,40.357162,35.517952,36.437405,31.479183,32.06243,28.18035,28.089266,26.104815,24.464338,26.847198,30.407898,29.1377,33.18073,31.082745,33.885788,36.560257,36.16719,40.07984,38.051517,35.73559,36.75338,40.57092,35.71073,32.66751,32.025978,29.100403,26.663507,27.37084,25.371717,23.670683,23.84401,23.391066,20.291334,21.142508,21.220379,23.694807,24.92854,28.69578,29.901001,34.099686,36.168793,39.972805,40.8188,37.47886,40.403893,39.899406,35.420593,32.82171,30.491287,28.57616,23.50728,22.71313,18.639656,19.963743,14.736497,19.518124,24.472763,22.484312,20.187716,22.37831,17.851597,21.811964,20.631811,24.529266,23.88521,27.925226,28.753048,33.09175,36.107403,33.217033,30.28632,27.290627,23.40633,20.431702,16.813307,14.878839
1,4.3283734,0.0,5.0997357,4.894671,8.88063,11.150786,14.062606,17.733027,20.125568,23.99524,28.288877,30.751919,32.63738,33.439617,30.132488,26.175587,23.862604,20.395248,19.494904,14.631494,15.381397,10.36907,13.145479,11.734163,13.232857,15.134902,15.66052,18.930754,17.721142,20.709295,21.256243,23.335476,29.316963,30.06985,33.680435,34.78953,39.040695,40.776318,39.806282,36.761307,31.975088,33.281754,28.170713,29.364157,25.493967,25.913612,24.247063,23.280014,25.542807,28.661507,27.06069,30.790792,28.205093,30.85736,33.09623,32.70686,36.396187,34.213356,31.764578,32.60137,36.49462,31.627604,28.593435,28.26196,25.449589,23.309422,24.223455,22.590925,21.273973,21.891304,21.226793,18.747974,18.831694,19.595404,21.660233,22.112236,26.082947,26.825237,31.13301,32.936962,36.743805,37.418095,34.275356,37.148396,36.302357,31.842354,29.060177,26.880133,24.57763,19.735044,18.603693,14.584962,16.016556,10.959204,15.495013,20.534388,18.536818,16.082655,18.241776,13.565468,17.525772,16.505314,20.461832,20.153774,24.165672,25.317387,29.68438,32.792843,30.108377,27.048912,24.715027,20.252989,17.778193,14.060818,12.203858
2,5.9841123,5.0997357,0.0,6.0317225,7.1284714,8.711535,12.04579,15.1491585,18.299984,21.558733,26.436567,28.201708,30.48246,31.245558,27.654314,23.971134,20.812092,17.850874,16.089445,11.090247,11.657523,6.0390806,8.46321,8.045645,10.416736,12.942474,14.035975,17.59259,16.127972,20.087923,19.750845,23.253906,28.473368,30.30829,32.969646,34.72728,38.653538,39.91902,38.395008,35.093628,30.269665,30.788801,25.944485,26.19785,22.281662,22.118727,20.150059,18.671043,21.15788,24.498936,23.235525,27.23607,25.28405,28.229898,31.099522,30.916807,34.873302,33.24863,31.190226,32.57887,36.044243,31.274178,28.23259,26.946274,24.113083,21.245958,22.248146,19.829525,18.644829,18.470905,17.618896,14.464002,15.179543,15.361007,17.890295,19.256985,23.04097,24.524395,28.65118,31.025698,34.792633,35.896267,32.812035,36.076515,35.54926,30.944744,28.675072,25.870972,24.59788,18.908182,18.599026,14.4573965,15.9106655,11.49799,17.114462,21.492643,20.714725,18.566679,21.23866,16.103395,19.365044,17.678934,21.78427,20.188305,24.835354,24.777088,29.560457,32.682034,30.303677,27.313885,25.018053,20.85913,18.524908,14.247298,13.958431
3,8.631158,4.894671,6.0317225,0.0,4.7282004,7.3511434,9.51663,13.577331,15.482685,19.554874,23.605032,26.269394,27.968637,28.711248,25.51767,21.484453,19.607327,15.916948,15.619217,11.070878,12.417776,8.216455,11.748045,11.531869,11.059588,14.994655,13.90031,16.62868,14.452123,17.333193,17.14755,19.305182,24.732376,25.616655,29.07489,30.113663,34.390564,36.050327,35.156853,32.28169,27.443283,28.982664,23.886806,25.390903,21.798025,22.478138,21.455605,20.947107,23.621227,25.98975,24.319008,27.565443,24.75612,27.537094,29.191616,29.364199,32.53654,30.702452,28.233192,28.912228,32.36553,27.386307,24.721418,24.14433,22.087538,19.810373,21.63128,19.924137,19.718237,20.286518,18.864079,16.740889,15.706859,16.551699,18.014402,17.904896,21.82565,22.239204,26.568468,28.183607,31.993805,32.59171,29.402567,32.25876,31.436003,26.977797,24.248821,22.0556,19.951283,15.062673,14.394435,10.784498,13.124319,9.456705,13.809656,18.574453,17.196983,14.438163,16.207235,10.888252,13.911431,12.200305,16.190504,15.347021,19.549133,20.439653,24.893389,28.035423,25.523811,22.42547,20.510624,15.793086,13.756954,9.75371,8.892362
4,12.004587,8.88063,7.1284714,4.7282004,0.0,4.475923,5.2993407,10.02529,12.085667,15.851905,20.216192,22.457302,24.300484,24.803507,21.452171,17.479454,15.318934,11.550917,11.356506,6.4865246,9.1814375,5.1859,8.631325,9.760515,7.8865366,13.4951315,11.634125,14.08461,11.146904,14.735034,13.458077,16.90991,21.520502,23.422688,25.980549,27.648352,31.588585,32.85942,31.521397,28.453053,23.567572,24.643581,19.670242,20.762236,17.199482,17.778746,16.964403,16.665234,19.561518,21.52367,19.929745,23.038353,20.42888,23.447378,25.261494,25.803198,28.955706,27.662525,25.49909,26.576445,29.535627,24.632427,22.066992,20.625507,18.864546,15.988095,18.372343,16.137072,16.75761,16.869913,14.846185,12.791724,11.180787,12.041478,13.335588,13.309746,17.247007,17.995462,22.273996,24.258148,28.055826,28.960207,25.944958,29.173637,28.45184,23.848389,21.55704,18.77056,17.60556,11.863931,12.125192,8.683796,11.378488,9.375799,14.118827,17.948587,17.927286,15.515112,17.607212,12.125684,13.909588,11.493261,15.49158,13.250795,18.144266,17.817055,22.747086,25.950191,23.963486,20.891903,19.61402,14.942476,13.665058,9.239803,10.635055
5,13.245093,11.150786,8.711535,7.3511434,4.475923,0.0,5.158054,6.6277347,9.746823,13.04846,17.831047,19.792898,21.996754,23.10719,19.576632,16.00152,13.032182,10.475716,8.708675,5.785207,5.4468694,5.4847403,9.479394,12.362739,11.069871,17.012154,15.441302,17.718512,14.262285,17.953646,15.406415,19.375273,22.465979,24.727592,26.784195,28.15642,32.17529,33.102837,31.76821,29.014688,24.038343,24.806686,20.292036,20.639977,17.660582,17.528748,17.219702,16.199604,20.13621,21.747038,20.729923,23.626568,21.654785,25.07526,26.683187,28.025536,30.695152,30.112398,28.123594,29.11854,31.3214,26.37268,24.462091,22.332031,21.562609,18.189053,21.28998,18.473192,19.73448,19.105553,16.501904,13.723325,11.993507,11.042729,12.13683,13.083017,16.277758,17.442429,21.453842,23.556824,27.320412,28.352448,24.753973,27.915886,27.990414,23.490698,21.655964,18.783445,18.694159,13.063234,14.679177,12.200796,15.318689,13.848973,18.407951,22.086668,22.140842,19.560768,21.086172,15.599396,16.65748,13.497595,16.927448,13.581324,18.316046,17.078323,21.81057,24.777338,22.498384,19.711952,17.462849,13.882268,11.996777,7.6238527,10.077467
6,17.055761,14.062606,12.04579,9.51663,5.2993407,5.158054,0.0,6.1834116,7.2543554,10.95393,15.14892,17.375603,19.09331,19.504366,16.18124,12.181073,10.439836,6.401063,7.4126654,4.6688747,8.129799,7.855258,10.5131645,13.050183,9.577104,16.284843,13.176259,14.450512,10.342659,13.60282,10.4187765,14.610458,17.416399,20.05038,21.800894,23.590878,27.375051,28.301802,26.866823,24.006968,19.039886,20.124815,15.392847,16.534828,13.644707,14.386199,14.780124,15.083529,18.52626,19.21407,17.768803,20.002403,17.421688,20.69422,21.739548,23.297413,25.639395,25.163431,23.21175,24.214231,26.21498,21.317327,19.500753,17.211926,16.925297,13.662643,17.447378,14.976597,17.273355,17.011616,13.973312,12.568953,9.275158,9.753132,9.65089,8.800719,12.433459,12.935167,17.177696,19.123653,22.922636,23.904654,20.791534,24.166159,23.69168,19.069029,17.229229,14.091077,14.119862,8.107275,10.246036,8.647475,12.012641,12.554318,16.182384,18.942694,19.858826,17.564852,19.0577,13.889983,13.772957,10.486283,13.711856,9.805174,14.984343,13.3368635,18.496613,21.653913,20.139421,17.21086,16.693169,12.3753605,12.196273,8.306207,11.725527
7,19.769875,17.733027,15.1491585,13.577331,10.02529,6.6277347,6.1834116,0.0,4.4900227,6.5298433,11.681419,13.231367,15.638712,17.091446,13.488341,10.478173,7.1491265,6.476274,4.1815157,6.965328,5.7192984,10.46945,13.114219,17.077215,14.610851,21.26861,18.781565,20.045767,15.820381,19.0536,14.737656,19.22219,19.673252,22.782822,23.59985,24.952784,28.670944,28.993168,27.537317,25.233313,20.356983,20.821129,17.155983,16.949001,15.262204,14.810843,16.024025,15.34288,20.010397,20.093267,19.572388,21.351223,19.891487,23.564997,24.321886,26.933563,28.552895,29.106447,27.487663,28.393036,29.273075,24.531015,23.680021,20.533516,21.526127,17.82887,22.155714,19.065582,21.879644,20.729822,17.208405,15.002132,12.009599,9.821271,9.0515,9.957731,11.66917,12.917574,16.362123,18.483067,22.082207,23.300491,19.335146,22.587223,23.452795,19.168417,18.266184,15.14044,16.973839,11.931663,15.380357,14.692038,18.102556,18.571165,22.310257,25.01042,25.913229,23.46161,24.432888,19.321001,18.697458,14.914041,17.167149,12.15558,16.527088,13.330314,17.887344,20.528286,18.744017,16.447027,14.647214,12.501721,11.780574,8.90081,13.205226
8,22.761196,20.125568,18.299984,15.482685,12.085667,9.746823,7.2543554,4.4900227,0.0,4.614712,8.199487,10.983791,12.538398,13.829258,10.719485,7.2721086,6.6872263,5.4448647,6.8580494,9.786848,10.169646,13.895172,16.44703,19.895067,16.423624,23.245134,19.791086,20.260834,15.752148,17.911377,13.233436,16.775799,16.107788,18.94426,19.75918,20.672258,24.507496,24.923735,23.881897,22.02921,17.215965,18.536871,14.992585,15.93374,14.980412,15.398391,17.493406,17.82876,22.066568,21.279314,20.46917,21.334867,19.3058,22.695549,22.251514,25.398638,26.11765,26.86257,25.1487,25.570423,25.937565,21.195932,21.041716,18.0717,20.222517,17.054178,21.997711,19.514183,23.024235,22.32732,18.641506,17.478792,13.573532,12.438624,10.505775,9.295912,10.50303,10.24224,13.681967,14.96928,18.601011,19.421478,15.292763,18.368965,19.103249,14.88053,13.974548,11.14009,13.345275,9.4398155,13.504017,14.189433,17.799217,19.421658,22.060839,24.259295,25.312868,22.882956,23.225876,18.647911,16.899508,13.0089245,14.317276,8.803979,12.689123,8.906111,13.46555,16.158188,14.715234,12.417004,11.880352,9.7080555,10.492465,8.876422,13.523564
9,26.252281,23.99524,21.558733,19.554874,15.851905,13.04846,10.95393,6.5298433,4.614712,0.0,5.639257,6.77686,9.1503935,10.942685,7.4994545,5.745924,4.1898656,6.7873836,6.9543967,12.004304,11.5432825,16.539675,18.437902,22.487259,19.196468,25.963932,22.714642,23.001444,18.535412,20.829586,15.525597,19.672373,17.27145,20.991854,20.418495,21.644459,24.860573,24.537935,23.078938,21.466795,17.006182,17.371368,15.014366,14.650323,14.802058,14.479593,17.247828,17.390614,21.936083,20.406176,20.211939,20.486883,19.382126,22.902128,22.404509,26.2215,26.51479,28.152681,26.919626,27.586239,27.058773,22.77488,23.137293,19.324785,22.138206,18.671267,23.79692,20.941317,24.910778,23.64692,19.703949,18.525747,14.769186,12.645167,10.053216,9.768102,8.991261,9.524251,11.739486,13.468462,16.71347,18.018538,13.746344,17.03393,18.722614,14.936475,15.271767,12.242804,16.05745,12.69093,17.12816,18.053492,21.368277,23.295927,26.104729,27.86541,29.404911,27.161018,27.61678,23.127695,21.179733,17.364557,18.280876,12.581459,15.7624,10.718416,14.490654,16.568571,15.776066,14.268435,13.8697815,13.332159,14.198489,13.088543,17.731787
10,30.8786,28.288877,26.436567,23.605032,20.216192,17.831047,15.14892,11.681419,8.199487,5.639257,0.0,4.813988,4.740196,7.209424,5.695097,5.778361,8.625193,10.619348,12.448161,17.067995,17.051456,21.701118,23.681396,27.407059,23.567106,30.32939,26.437536,26.065598,21.574303,22.731874,17.42663,20.160635,15.762145,18.959248,17.855822,18.143076,21.20488,20.665867,19.906237,19.409397,15.584359,16.855268,15.504704,16.18387,17.500349,17.86358,21.293503,22.131916,26.251572,23.919111,23.610683,22.820812,21.432447,24.451897,22.436886,26.981133,25.906445,28.03544,26.853415,26.864468,25.28632,21.385235,22.941545,19.414732,23.642025,20.916958,26.396729,24.182457,28.649702,27.735352,23.767761,23.344145,19.162983,17.730371,14.672135,12.985127,11.248593,9.846595,10.675282,10.610405,13.31842,13.976508,9.021994,11.7138,14.1840925,11.234876,12.445099,10.542149,15.14946,14.115692,18.614246,20.749466,24.057055,26.80163,28.600124,29.853626,31.447233,29.255526,28.980633,25.216011,22.281843,18.674835,18.290895,12.922749,14.288419,8.605007,10.610902,11.950196,12.069401,11.476052,12.687422,13.444303,15.530581,15.884455,20.332022
11,32.996975,30.751919,28.201708,26.269394,22.457302,19.792898,17.375603,13.231367,10.983791,6.77686,4.813988,0.0,3.67514,6.331429,4.3499355,7.1664677,8.164311,11.988105,12.686025,18.101694,17.723064,22.923134,24.264698,28.4236,24.88551,31.486132,27.987638,27.658,23.317854,24.978088,19.33923,23.0844,18.203043,22.402746,20.099476,21.277464,23.48052,22.17385,20.564299,19.881905,16.497473,16.223043,15.9935,14.964594,17.019993,16.548439,20.228077,20.796,24.990044,22.190414,22.494959,21.384382,21.059885,24.199615,22.726913,27.519709,26.557669,29.36462,28.694624,29.25857,27.270441,23.846046,25.30213,20.978233,25.096132,21.949081,27.276123,24.610464,29.225624,27.748423,23.702894,23.17369,19.393167,17.259367,14.068511,13.499487,10.489894,10.518096,9.973602,11.079637,13.111462,14.704363,10.5666685,13.604975,16.58661,14.068415,16.091276,13.64149,18.887007,17.162907,21.763824,23.536674,26.551424,29.281113,31.586903,32.595345,34.656357,32.653465,32.85566,28.857,26.202345,22.600105,22.613743,17.061619,18.905619,13.05017,15.044089,15.990305,16.565979,16.24855,17.036509,17.96278,19.577452,19.372133,23.960188
12,35.188263,32.63738,30.48246,27.968637,24.300484,21.996754,19.09331,15.638712,12.538398,9.1503935,4.740196,3.67514,0.0,3.9501417,4.633621,7.7584047,10.825309,13.683444,15.471806,20.45231,20.606583,25.377333,26.840101,30.69491,26.738537,33.337814,29.388092,28.65204,24.32811,25.266598,19.772009,22.58569,16.722437,20.522161,17.918488,18.581491,20.589344,19.178825,18.052315,18.099623,15.191542,15.707453,15.92798,15.922936,18.381449,18.564734,22.468792,23.570372,27.398438,24.280695,24.31192,22.6657,21.902147,24.647766,22.191132,27.290806,25.50671,28.481192,27.804232,27.945816,25.39617,22.251343,24.36857,20.367718,25.222656,22.619722,28.093142,25.921932,30.768406,29.635517,25.627348,25.607162,21.490301,19.99723,16.621029,15.032185,12.042324,10.735258,9.52718,9.129261,10.680837,11.742079,7.331942,10.018444,13.370315,11.52246,14.075419,12.376831,17.80524,17.371319,21.866823,24.29507,27.26926,30.494827,32.145584,32.823944,34.915585,32.98261,32.792416,29.266666,26.07978,22.68699,22.034636,16.84294,17.756016,11.922891,12.862496,13.332819,14.7058935,14.8383045,16.769424,17.93,20.220675,20.593891,25.062538
13,36.249706,33.439617,31.245558,28.711248,24.803507,23.10719,19.504366,17.091446,13.829258,10.942685,7.209424,6.331429,3.9501417,0.0,3.9824066,7.340223,11.445207,13.610421,16.343128,20.791616,21.978735,25.976809,27.013197,30.55389,26.211796,32.546223,28.316841,27.110344,23.020462,23.519915,18.092321,20.769232,14.129372,18.577711,14.982975,16.533373,17.83665,16.091173,14.391378,14.302036,11.767183,12.167381,13.105912,13.457658,16.452133,17.13792,21.269047,23.055471,26.24403,22.66079,22.498573,20.238844,19.33668,21.70546,18.763147,24.07887,21.905458,25.216993,24.823462,25.116459,22.176554,19.462523,21.761808,17.535433,22.778389,20.509247,25.917591,24.093521,29.201797,28.234201,24.326185,25.010904,20.732615,19.95873,16.365425,14.015932,10.717371,8.7443285,6.3839192,5.523374,6.8704443,8.46766,5.336699,9.072296,11.390824,9.55427,12.694212,10.764527,16.582434,16.534208,20.837593,23.598967,26.162361,29.988667,31.252008,31.300907,33.873234,32.272797,32.26107,29.053757,25.645403,22.590023,21.855032,16.89592,17.874361,12.065929,13.298305,13.976831,16.222889,16.093685,19.142366,19.353,22.092808,22.12119,26.588682
14,32.764446,30.132488,27.654314,25.51767,21.452171,19.576632,16.18124,13.488341,10.719485,7.4994545,5.695097,4.3499355,4.633621,3.9824066,0.0,4.330948,7.4823294,10.134832,12.424796,17.068056,18.129375,22.24738,23.231874,26.96547,22.879642,29.303688,25.394257,24.584003,20.382917,21.607294,15.953379,19.641525,14.342263,19.151533,16.317368,18.326582,20.205774,18.905277,16.854765,15.718316,12.203578,12.013856,11.816085,11.39684,13.758876,14.029644,17.99332,19.434439,22.974335,19.802967,19.709753,18.140268,17.360214,20.261126,18.418932,23.301605,22.208118,25.078339,24.530579,25.237736,23.190231,19.909176,21.346237,16.831457,21.231968,18.349773,23.73742,21.432468,26.34099,25.144508,21.151697,21.412804,17.256014,16.11489,12.571545,10.753403,7.4634748,6.5705466,5.7015896,7.171115,9.727422,11.638717,8.34082,12.31946,14.130469,11.140439,13.327766,10.383029,15.998232,14.463367,18.962687,21.106369,23.77212,27.153248,29.022697,29.461609,31.954681,30.25406,30.628576,26.929104,24.030424,20.735888,20.70641,15.293375,17.358067,11.410207,14.049223,15.442772,16.744965,15.992691,18.106218,17.794382,20.015968,19.429874,24.02433
15,29.03288,26.175587,23.971134,21.484453,17.479454,16.00152,12.181073,10.478173,7.2721086,5.745924,5.778361,7.1664677,7.7584047,7.340223,4.330948,0.0,5.7174706,6.362143,9.873422,13.663308,15.431092,18.803173,20.073475,23.478455,19.185875,25.731344,21.641365,20.946583,16.587502,17.859413,12.271599,16.015757,12.094114,16.646233,15.047787,17.08293,19.738522,19.25884,17.486856,15.729929,11.298519,12.11679,9.999066,10.857069,11.870847,12.768276,16.277512,17.858433,21.366488,18.88827,18.230701,17.411972,15.694222,18.753065,17.218018,21.500004,21.086746,23.088161,22.079433,22.737768,21.645987,17.690147,18.506477,14.371146,18.229004,15.309251,20.784868,18.600166,23.288198,22.453419,18.51402,18.760004,14.302768,13.785142,10.409287,7.6270437,6.0090675,4.2637243,6.557984,8.056396,11.604621,12.993515,9.62637,13.626715,14.310513,10.274816,11.173868,7.5943923,12.573085,10.257217,14.816013,16.854622,19.678026,22.969252,24.801912,25.502733,27.775602,25.98871,26.428837,22.621283,19.864656,16.534704,16.84643,11.331415,14.157485,8.518141,12.513282,14.7394705,15.424799,13.882918,15.996035,14.506043,16.757809,15.771069,20.298058
16,26.077667,23.862604,20.812092,19.607327,15.318934,13.032182,10.439836,7.1491265,6.6872263,4.1898656,8.625193,8.164311,10.825309,11.445207,7.4823294,5.7174706,0.0,5.0368476,5.0081306,10.168891,10.857892,15.188475,16.17429,20.320023,16.976126,23.512459,20.45036,20.664326,16.418472,19.192614,13.716937,18.970686,16.875385,21.534512,20.294333,22.647627,25.325073,24.76296,22.51313,20.170328,15.699768,14.996837,12.64775,11.162292,11.111518,10.358912,13.213967,13.550701,17.946007,16.231066,16.163528,16.548489,15.878334,19.571487,19.913443,23.500523,24.405079,26.177898,25.279982,26.583055,26.228338,22.176859,22.003113,17.595049,19.836979,15.9580345,20.865746,17.663448,21.758581,20.166286,16.154703,15.178622,11.4874325,9.28502,6.2330446,6.702619,5.591866,7.842101,10.155972,13.115371,16.367233,18.284414,14.966579,18.86696,19.9979,15.977066,16.493021,12.717477,16.716143,12.413281,16.702358,17.221468,20.024015,22.151001,25.29553,26.640116,28.76976,26.874792,27.992344,23.412897,21.77856,18.217249,19.665886,14.028297,17.922262,12.890447,17.242182,19.515085,19.262978,17.535389,17.711676,16.25118,17.105316,15.083602,19.654278
17,23.176973,20.395248,17.850874,15.916948,11.550917,10.475716,6.401063,6.476274,5.4448647,6.7873836,10.619348,11.988105,13.683444,13.610421,10.134832,6.362143,5.0368476,0.0,5.381136,7.400882,10.375146,12.574484,13.834793,17.1637,13.085146,19.781723,16.141151,16.23981,11.810192,14.4668665,9.25736,14.478418,14.13262,18.33633,18.189386,20.66009,23.743238,23.895239,21.911366,19.135109,14.236793,14.632539,10.691841,11.147537,9.596376,10.295051,12.43567,13.559599,17.217562,16.166725,15.129894,16.037046,13.979828,17.498352,17.853949,20.704197,22.124603,22.960361,21.624516,22.850336,23.431173,18.964895,18.115465,14.34601,15.884679,12.211371,17.15815,14.413162,18.340286,17.480717,13.646409,13.212178,8.8247175,8.637284,6.154138,3.8977845,6.2834783,7.0358596,11.003536,13.446659,17.145617,18.59399,15.688383,19.557407,19.487669,14.949035,14.351881,10.43197,13.0436125,7.7662964,11.800546,12.209031,15.074098,17.45672,20.297012,21.68455,23.737267,21.883348,23.131191,18.612574,17.067059,13.70297,15.590963,10.321462,14.965026,11.005244,16.164797,19.028744,18.620306,16.22152,16.99385,13.90516,15.036489,12.44669,16.751974
18,21.380207,19.494904,16.089445,15.619217,11.356506,8.708675,7.4126654,4.1815157,6.8580494,6.9543967,12.448161,12.686025,15.471806,16.343128,12.424796,9.873422,5.0081306,5.381136,0.0,5.8954096,6.0136824,10.435484,11.716499,16.119356,13.585303,20.079292,17.795341,18.904684,14.863151,18.558737,13.8586035,19.44275,19.476719,23.597284,23.428677,25.711956,28.826971,28.729605,26.5773,23.8323,19.09717,18.526484,15.216971,13.820105,12.101659,10.993423,12.243242,11.498662,16.304455,16.126743,15.906746,17.740847,16.930267,20.774405,22.223516,24.822971,26.797531,27.739126,26.551857,28.039122,28.729244,24.326206,23.256725,19.376423,20.114908,15.965945,20.158089,16.6002,19.691132,18.008955,14.282214,12.116779,9.199501,6.209561,5.1238017,7.566229,8.923537,11.443052,14.572646,17.547781,21.004751,22.766405,19.401913,23.155926,23.935747,19.60628,19.251122,15.5154,18.108023,12.60249,16.155811,15.346197,18.173532,19.071972,23.090248,25.183289,26.837614,24.793045,26.343914,21.278646,20.684326,17.150402,19.538929,14.352452,18.986515,15.098314,19.898594,22.508194,21.437962,19.25112,18.27817,16.067299,15.824542,12.768634,16.947687
19,16.80932,14.631494,11.090247,11.070878,6.4865246,5.785207,4.6688747,6.965328,9.786848,12.004304,17.067995,18.101694,20.45231,20.791616,17.068056,13.663308,10.168891,7.400882,5.8954096,0.0,5.9070945,5.3278112,6.72432,10.488656,7.9985104,14.4985695,12.575657,14.43046,10.882074,15.275394,12.023312,17.538298,20.080902,23.628082,24.484465,27.019121,30.322906,30.808784,28.702597,25.415297,20.574762,20.416485,16.072855,15.603429,12.285131,11.949038,11.454143,10.880797,14.657988,15.992406,14.96151,17.956348,16.32687,19.894176,22.210659,23.496683,26.571838,26.398893,24.90615,26.613537,28.561954,23.99062,21.820915,18.787844,17.724995,13.74732,16.87842,13.481338,15.378871,14.210733,11.129422,8.612126,6.330049,5.702019,7.0483794,8.571792,12.010954,14.015017,17.87072,20.715534,24.36652,25.91134,23.059011,26.815432,26.624613,21.996231,20.733173,17.084173,17.94582,11.600883,13.641262,11.327429,13.717442,13.633435,18.29462,20.802172,22.217764,20.30523,22.553518,17.316555,17.831484,14.8847475,18.248293,14.227755,19.431684,17.051691,22.277704,25.309177,24.010056,21.278013,20.429493,16.72062,16.105759,12.013541,15.181284
20,16.413177,15.381397,11.657523,12.417776,9.1814375,5.4468694,8.129799,5.7192984,10.169646,11.5432825,17.051456,17.723064,20.606583,21.978735,18.129375,15.431092,10.857892,10.375146,6.0136824,5.9070945,0.0,6.9062634,9.323004,13.788586,13.137115,18.970295,18.006355,20.22003,16.72458,20.933393,17.400045,22.53029,24.197687,27.497429,28.371243,30.201645,33.789356,34.081985,32.216515,29.418266,24.563988,24.2552,20.505491,19.304476,16.802126,15.501335,15.275311,13.231145,18.036407,19.466991,19.249338,22.15249,21.325356,25.096306,27.200184,29.028164,31.682665,31.91317,30.411644,31.837889,33.34439,28.662504,27.039162,23.878494,23.489584,19.458624,22.722816,19.119593,20.761784,19.12025,16.155006,12.624425,11.493385,8.388708,9.778021,12.666626,14.81548,17.150852,20.531828,23.301575,26.847607,28.3957,24.720018,28.15349,28.947727,24.561443,23.575579,20.2212,21.596853,15.797164,18.3498,16.251987,19.070936,18.074266,22.969576,26.109102,26.841599,24.513836,26.25712,20.804264,21.46668,18.086575,21.150568,16.817043,21.523691,18.867731,23.538754,26.21935,24.240057,21.872892,19.377228,17.065207,15.304879,11.583361,14.680886
21,11.877325,10.36907,6.0390806,8.216455,5.1859,5.4847403,7.855258,10.46945,13.895172,16.539675,21.701118,22.923134,25.377333,25.976809,22.24738,18.803173,15.188475,12.574484,10.435484,5.3278112,6.9062634,0.0,4.2708077,7.2651496,7.5995274,12.591101,12.44547,15.463372,13.01262,17.567194,15.798274,20.574917,24.502382,27.357328,28.996157,31.26271,34.83339,35.62878,33.694145,30.323572,25.496319,25.466734,20.933329,20.542282,16.8271,16.330175,14.70814,13.243539,16.448448,19.168934,18.13376,21.903631,20.332668,23.641338,26.53364,27.007599,30.705328,29.857632,28.154724,29.851807,32.560894,27.901339,25.206188,22.909649,20.751568,17.167269,19.045128,15.885471,16.008413,15.064304,13.177632,9.73235,9.800207,9.3810215,11.888059,13.75967,17.301199,19.258963,23.184181,25.930891,29.62067,31.040741,28.06878,31.643238,31.367199,26.720747,25.017546,21.69285,21.578392,15.346873,16.200445,12.667526,14.571931,12.234405,17.81803,21.238998,21.771961,19.767475,22.402855,17.005875,18.928104,16.485237,20.381334,17.408268,22.493938,21.142557,26.22556,29.310894,27.45207,24.585438,22.855846,18.95535,17.330177,12.861028,14.564807
22,14.255592,13.145479,8.46321,11.748045,8.631325,9.479394,10.5131645,13.114219,16.44703,18.437902,23.681396,24.264698,26.840101,27.013197,23.231874,20.073475,16.17429,13.834793,11.716499,6.72432,9.323004,4.2708077,0.0,5.0269084,6.4578366,10.300166,11.182291,14.306454,12.640506,17.608688,16.051336,21.499279,25.394,28.890347,29.875393,32.863426,35.952614,36.497448,34.04328,30.275723,25.690207,24.90473,20.642967,19.502645,15.488987,14.620804,12.048898,10.343856,12.790644,16.224138,15.28354,19.576647,18.544106,21.74254,25.567616,25.571037,29.877798,29.113256,27.798576,30.069382,32.8277,28.5289,25.480894,22.811785,19.941914,16.160063,17.192,13.644192,13.1707945,11.616427,10.209846,6.2310734,8.148524,8.177967,11.404402,13.869473,17.281908,19.814358,23.445654,26.660282,30.18323,31.937256,29.494946,33.373466,32.93068,28.268394,26.868221,23.19854,23.44235,17.020103,17.72383,14.093907,15.048572,13.039203,18.768036,21.459482,22.741697,21.302914,24.540619,19.422,21.354525,19.238665,23.144978,20.08173,25.323048,23.549091,28.817345,31.919878,30.512598,27.672012,26.468245,22.514366,21.28593,16.843204,18.723547
23,13.061007,11.734163,8.045645,11.531869,9.760515,12.362739,13.050183,17.077215,19.895067,22.487259,27.407059,28.4236,30.69491,30.55389,26.96547,23.478455,20.320023,17.1637,16.119356,10.488656,13.788586,7.2651496,5.0269084,0.0,5.4631557,5.9711967,8.563115,12.340548,12.166091,16.741856,16.881672,21.422691,26.733091,29.648481,31.23548,34.290504,37.36685,38.290863,35.956604,31.990728,27.572222,27.172136,22.579971,22.23717,17.841457,17.727316,14.726509,13.881099,14.627576,18.565136,17.029934,21.492601,19.850187,22.416859,26.496433,25.458035,30.33899,28.71068,27.23179,29.558094,33.154697,28.985865,25.304564,23.533245,19.485664,16.512043,16.136436,13.509884,11.269274,10.872055,11.051608,8.533502,10.781405,12.525049,15.448901,16.857754,20.72274,22.713459,26.528378,29.483988,33.017086,34.566013,32.50127,36.305847,35.24912,30.568457,28.717524,25.310482,24.524567,18.403044,17.821598,13.545713,13.384876,10.186457,16.021297,18.778868,19.793564,18.784351,22.607027,17.966805,20.731888,19.498064,23.632702,21.678637,26.787708,25.939941,31.206614,34.46044,33.065926,30.016659,29.163694,24.54325,23.397415,18.93018,19.894474
24,15.902268,13.232857,10.416736,11.059588,7.8865366,11.069871,9.577104,14.610851,16.423624,19.196468,23.567106,24.88551,26.738537,26.211796,22.879642,19.185875,16.976126,13.085146,13.585303,7.9985104,13.137115,7.5995274,6.4578366,5.4631557,0.0,6.828995,5.0065036,8.05874,6.806223,11.576484,11.437846,16.118147,21.32614,24.348843,25.814106,28.997051,31.957897,32.930843,30.676313,26.749243,22.330427,22.35131,17.50908,18.004854,13.599107,14.413729,12.261568,12.892596,13.749568,16.3725,14.259887,18.031435,15.517362,18.080593,21.482937,20.754848,25.24486,23.68268,22.102766,24.330603,27.74424,23.540133,19.95836,18.136007,14.406346,11.39212,11.9304285,9.480277,8.965425,9.279505,8.238218,7.4638786,7.218231,10.534306,12.431834,12.437272,16.610441,17.994421,21.925478,24.60602,28.13068,29.531496,27.755766,31.550423,30.153034,25.50177,23.631357,20.227728,19.403479,13.348992,12.77001,8.868976,8.853856,7.8792167,13.000647,15.105543,16.927116,15.916,19.506813,14.937452,16.71564,15.406162,19.31364,17.220087,22.328041,21.38029,26.681646,29.970959,29.010853,25.944492,26.044024,21.120966,20.846407,16.607695,18.289274
25,17.076681,15.134902,12.942474,14.994655,13.4951315,17.012154,16.284843,21.26861,23.245134,25.963932,30.32939,31.486132,33.337814,32.546223,29.303688,25.731344,23.512459,19.781723,20.079292,14.4985695,18.970295,12.591101,10.300166,5.9711967,6.828995,0.0,5.5987144,9.008614,11.052085,14.674408,16.532589,20.218765,26.415579,29.118515,30.7215,34.237446,36.86202,37.979183,35.541584,31.29732,27.362423,27.090145,22.505857,22.855953,18.314806,19.068794,15.913262,16.440306,15.300573,19.033148,16.826572,21.037258,18.82379,20.447725,24.820425,22.574623,28.057219,25.682106,24.323923,26.96386,31.202559,27.550697,23.251652,22.216696,16.932909,15.045894,12.81852,11.557765,7.534205,8.92775,10.799143,10.752119,12.661812,16.014832,18.36649,18.615292,22.596706,24.068005,27.747551,30.495827,33.829422,35.27333,34.019314,37.83907,36.02267,31.466835,29.466991,26.234028,24.818407,19.320078,17.644243,13.537671,11.641397,9.208671,13.755669,15.2658415,17.028542,17.054014,21.499615,17.916716,20.686087,20.445253,24.387835,23.296236,28.149046,27.77905,33.00006,36.329243,35.4349,32.29161,32.457798,27.282055,26.833271,22.577887,23.371262
26,18.701353,15.66052,14.035975,13.90031,11.634125,15.441302,13.176259,18.781565,19.791086,22.714642,26.437536,27.987638,29.388092,28.316841,25.394257,21.641365,20.45036,16.141151,17.795341,12.575657,18.006355,12.44547,11.182291,8.563115,5.0065036,5.5987144,0.0,3.9337678,5.716935,9.099943,11.2922735,14.63661,20.99329,23.566563,25.26318,28.74362,31.352377,32.610584,30.395697,26.28163,22.333359,22.707588,17.834507,19.26979,14.873099,16.599003,14.474521,16.1691,15.531881,17.860456,15.151404,18.490698,15.235651,16.79399,20.197163,18.28719,23.267984,20.81905,19.185307,21.605772,25.778854,21.996593,17.748957,16.924765,11.85124,10.251163,8.919368,8.34334,6.570526,8.957609,9.345171,10.724551,10.358145,14.652116,16.003885,14.84638,18.997988,19.690775,23.47081,25.787832,29.111267,30.306295,29.264565,32.961197,30.81442,26.335886,24.22618,21.158066,19.487156,14.342354,12.375315,8.728874,6.4773393,6.689865,10.2246895,11.11063,13.733617,13.666941,17.814545,14.344032,16.16022,15.983417,19.630493,18.643847,23.319042,23.062109,28.179829,31.507982,30.94961,27.81701,28.796482,23.41049,23.706772,19.792196,21.056738
27,22.26975,18.930754,17.59259,16.62868,14.08461,17.718512,14.450512,20.045767,20.260834,23.001444,26.065598,27.658,28.65204,27.110344,24.584003,20.946583,20.664326,16.23981,18.904684,14.43046,20.22003,15.463372,14.306454,12.340548,8.05874,9.008614,3.9337678,0.0,4.550155,6.174863,9.370019,12.08271,18.435854,21.079973,22.464308,26.29977,28.496805,29.778671,27.514645,23.327332,19.752102,20.360247,15.607354,17.796833,13.724449,16.221445,14.7256155,17.375336,16.27866,17.594437,14.54769,17.009386,13.09694,14.005031,16.960928,14.668166,19.648037,16.943432,15.364352,18.000563,22.254568,18.807808,14.340931,13.801301,8.186925,7.6143813,5.7519264,6.8830447,6.6013603,9.651228,9.807412,12.594425,11.246172,16.014854,16.590555,14.40455,18.29549,18.401833,21.913265,23.933199,27.030167,28.113884,27.676641,31.32087,28.725542,24.447945,22.426977,19.509668,17.75165,13.396104,11.116866,8.760898,5.7330556,8.896979,10.225764,9.259872,13.174173,13.64577,17.52197,14.841263,15.653376,15.836475,18.912203,18.144152,22.448465,22.180151,27.105322,30.367968,30.336039,27.289923,29.149744,23.71228,24.705048,21.182318,22.766226
28,21.227943,17.721142,16.127972,14.452123,11.146904,14.262285,10.342659,15.820381,15.752148,18.535412,21.574303,23.317854,24.32811,23.020462,20.382917,16.587502,16.418472,11.810192,14.863151,10.882074,16.72458,13.01262,12.640506,12.166091,6.806223,11.052085,5.716935,4.550155,0.0,5.0524426,5.5789127,9.81969,15.37076,18.392214,19.715258,23.266388,25.85835,27.02011,24.89426,20.950308,16.800934,17.687555,12.555337,14.946257,10.988647,13.569914,12.922179,15.489482,15.740933,16.420897,13.61046,15.765085,11.738789,13.630912,15.717695,15.019942,18.994766,17.17137,15.400821,17.563051,21.001646,16.920637,13.173695,11.706384,7.991372,5.788981,7.6535573,7.026226,9.154635,10.793394,9.149655,11.2754135,8.438075,12.955034,12.998991,10.334107,14.438144,14.3899765,18.220407,20.220366,23.558126,24.63091,23.672615,27.346245,25.126001,20.665684,18.70222,15.538779,14.273398,9.169389,7.8689227,5.862947,5.0592685,9.013956,11.006435,11.162563,14.406276,13.875656,16.970833,13.440748,13.461506,12.672463,15.747706,14.074085,18.680832,17.91443,22.994778,26.268919,26.13488,23.121437,24.890305,19.65375,20.778875,17.35253,19.524603
29,24.61049,20.709295,20.087923,17.333193,14.735034,17.953646,13.60282,19.0536,17.911377,20.829586,22.731874,24.978088,25.266598,23.519915,21.607294,17.859413,19.192614,14.4668665,18.558737,15.275394,20.933393,17.567194,17.608688,16.741856,11.576484,14.674408,9.099943,6.174863,5.0524426,0.0,5.7324834,5.932493,12.942263,14.949994,16.875914,20.339245,22.725204,24.373438,22.725422,19.007656,15.409359,17.485405,12.502628,16.567337,13.470563,16.8265,16.900883,20.016981,19.8861,19.801525,16.793118,17.796974,13.010089,13.744567,14.1291485,13.012509,16.26331,13.513119,11.148122,12.858531,16.989872,13.047025,8.788821,9.21456,5.4994774,6.5612006,8.174852,9.921868,12.194939,14.623044,13.388852,16.172533,13.055564,17.483786,16.851715,13.045809,16.619162,15.269889,18.77847,19.814426,22.861885,23.389273,23.112135,26.375309,23.322094,19.24488,16.912905,14.577214,12.082647,9.217768,6.344892,6.7823796,5.0452924,10.879811,9.919749,8.240103,12.241464,12.286615,14.798445,12.76254,11.658654,11.998738,14.100701,13.786051,17.36273,17.533247,22.01817,25.203012,25.548977,22.60406,25.474016,20.036856,21.957293,19.278961,21.160988
30,24.90447,21.256243,19.750845,17.14755,13.458077,15.406415,10.4187765,14.737656,13.233436,15.525597,17.42663,19.33923,19.772009,18.092321,15.953379,12.271599,13.716937,9.25736,13.8586035,12.023312,17.400045,15.798274,16.051336,16.881672,11.437846,16.532589,11.2922735,9.370019,5.5789127,5.7324834,0.0,6.790037,9.99884,13.868585,14.420834,18.139187,20.622421,21.599974,19.557858,15.874554,11.46788,13.154938,7.82489,11.720673,9.052263,12.398948,13.563514,16.676651,17.638355,16.656715,14.095056,14.592868,10.156746,12.166078,12.13915,13.2647295,15.5373125,14.756976,13.018879,14.688298,16.844955,12.497693,9.888059,7.2177863,7.0322633,4.911026,9.857598,9.424624,13.51861,14.507302,11.814183,14.131815,9.878288,13.570539,12.075631,7.63038,10.996291,9.6433735,13.382878,14.85589,18.172745,19.087032,18.32054,21.97214,19.639202,15.228476,13.589047,10.254406,9.932603,5.5804152,6.250148,7.734849,8.640842,13.546142,14.300872,13.809637,17.140484,16.343727,18.173498,15.044503,13.149366,11.725375,13.567694,10.985129,15.129828,13.521552,18.410349,21.54607,22.051676,19.2932,22.086765,17.32334,19.427742,16.846731,19.842175
31,27.4666,23.335476,23.253906,19.305182,16.90991,19.375273,14.610458,19.22219,16.775799,19.672373,20.160635,23.0844,22.58569,20.769232,19.641525,16.015757,18.970686,14.478418,19.44275,17.538298,22.53029,20.574917,21.499279,21.422691,16.118147,20.218765,14.63661,12.08271,9.81969,5.932493,6.790037,0.0,8.437258,9.078564,12.080593,14.693295,17.521564,19.655811,18.94922,16.12496,12.648046,16.415972,11.80351,17.22384,15.417833,18.998632,20.2691,23.427034,24.10283,23.094458,20.359077,20.26988,15.403843,16.064323,13.8848715,14.441074,15.232164,13.014109,10.085822,9.888142,13.1938505,8.444572,5.6826177,7.56584,8.433175,9.941103,13.215206,14.725988,17.896738,19.912094,17.95718,20.423546,16.440428,20.09189,18.553194,13.836165,16.6048,13.800444,17.012684,16.743269,19.635141,19.414091,19.179405,21.844797,18.3419,14.605253,11.817943,10.577431,6.9060707,7.389164,5.003415,8.904679,9.285943,14.809257,12.741887,11.309977,14.184785,13.650472,14.234261,13.035585,9.730642,10.012299,10.30988,10.595722,12.787417,13.575388,17.26188,20.282373,21.046085,18.312004,22.277239,17.1464,20.02851,18.488232,20.575653
32,33.179688,29.316963,28.473368,24.732376,21.520502,22.465979,17.416399,19.673252,16.107788,17.27145,15.762145,18.203043,16.722437,14.129372,14.342263,12.094114,16.875385,14.13262,19.476719,20.080902,24.197687,24.502382,25.394,26.733091,21.32614,26.415579,20.99329,18.435854,15.37076,12.942263,9.99884,8.437258,0.0,6.439698,4.540484,8.672148,10.661561,11.85114,10.982875,9.004768,5.700126,10.974231,8.422674,14.217338,14.802422,18.18928,21.043211,24.411285,25.669428,23.023863,20.971989,19.132982,15.11192,15.831886,11.145189,14.790032,12.498524,13.383567,11.858085,11.266382,9.916901,5.673561,8.098226,6.3806343,12.337486,12.82789,17.522963,18.132484,22.765924,23.73179,20.872084,23.344744,18.730804,21.211674,18.426722,13.357449,13.807579,9.685113,11.108055,9.320392,11.614573,11.068226,11.789556,14.435088,10.702983,7.364385,6.5087104,5.5453134,6.720902,9.745025,11.349878,15.546988,16.842754,22.17924,21.03808,19.587704,22.584806,21.82595,21.70151,20.238125,16.146065,15.002222,13.76577,11.787134,12.4894085,10.596776,13.079048,15.386979,17.733665,15.957053,21.17649,17.811222,21.518986,20.954082,24.188423
33,34.191956,30.06985,30.30829,25.616655,23.422688,24.727592,20.05038,22.782822,18.94426,20.991854,18.959248,22.402746,20.522161,18.577711,19.151533,16.646233,21.534512,18.33633,23.597284,23.628082,27.497429,27.357328,28.890347,29.648481,24.348843,29.118515,23.566563,21.079973,18.392214,14.949994,13.868585,9.078564,6.439698,0.0,6.698515,6.1031322,9.772608,12.861661,14.325802,13.892749,11.88536,17.324583,14.692762,20.536621,20.62525,24.04091,26.534527,29.683405,31.029537,28.919168,26.649574,25.23793,20.87495,21.280115,16.501207,19.023111,16.438606,15.831231,13.418024,10.727816,10.283057,6.192585,9.279939,11.222005,15.822062,17.305021,21.311848,22.604048,26.518993,28.106127,25.587776,27.845053,23.316408,25.93888,23.469847,18.448383,19.498201,15.311203,17.008099,14.430988,16.296041,14.564202,14.866118,15.92095,11.477279,9.525221,6.728176,9.057338,6.0636716,12.085023,12.139418,16.758213,18.090622,23.133581,20.63179,19.322214,21.2375,20.381285,18.974213,18.8829,14.118668,14.0038185,11.289126,11.953601,10.339473,11.561472,12.328337,14.385508,16.502441,14.8021755,20.64259,17.131361,21.189281,21.516388,23.830664
34,37.585102,33.680435,32.969646,29.07489,25.980549,26.784195,21.800894,23.59985,19.75918,20.418495,17.855822,20.099476,17.918488,14.982975,16.317368,15.047787,20.294333,18.189386,23.428677,24.484465,28.371243,28.996157,29.875393,31.23548,25.814106,30.7215,25.26318,22.464308,19.715258,16.875914,14.420834,12.080593,4.540484,6.698515,0.0,6.031576,6.2809258,7.5902267,7.723762,7.4921546,6.8784647,12.25909,11.550436,16.970097,18.37208,21.669884,24.798937,28.29726,29.395937,26.283741,24.37858,21.853973,18.16395,18.263252,12.445193,16.426846,12.3576975,13.977546,12.952405,11.521977,7.8658667,5.733106,10.158962,9.417924,15.644512,16.723055,21.044535,21.999172,26.699114,27.702192,24.923662,27.594675,23.008575,25.337112,22.350649,17.401522,17.105434,12.878614,12.934535,9.931614,10.776552,9.267017,11.582292,13.203192,8.56944,7.353751,7.726245,8.649842,9.937798,14.141284,15.529684,19.883434,20.992931,26.44862,24.79554,22.893948,25.88502,25.3219,24.744753,23.948332,19.536434,18.716452,16.741127,15.351929,14.730636,13.096314,13.899356,15.36467,18.618507,17.518679,23.395473,20.740627,24.74837,24.742014,27.910824
