,0,1,2,3,4,5,6,7,8,9,10,11,12,13,14,15,16,17,18,19,20,21,22,23,24,25,26,27,28,29,30,31,32,33,34,35,36,37,38,39,40,41,42,43,44,45,46,47,48,49,50,51,52,53,54,55,56,57,58,59,60,61,62,63,64,65,66,67,68,69,70,71,72,73,74,75,76,77,78,79,80,81,82,83,84,85,86,87,88,89,90,91,92,93,94,95,96,97,98,99,100,101,102,103,104,105,106,107,108,109,110,111,112
0,0.0,4.3859024,6.033187,10.806541,12.16017,13.482464,12.642834,9.178256,7.4181895,9.631983,10.9602375,14.655655,15.554987,17.896162,15.80103,13.241757,13.258005,12.81504,13.147551,15.523767,13.361951,17.967451,21.82079,23.309696,20.364939,26.752125,22.826965,23.734657,19.98258,20.53275,18.674198,18.453175,19.869114,19.565493,23.331444,22.432446,27.496832,29.070068,29.637732,28.742672,24.252247,27.423838,22.998486,25.948416,24.210043,25.502476,26.664799,26.840576,30.580694,30.856548,29.480026,30.95781,27.74227,30.455618,29.107624,31.39917,31.591148,30.315786,28.7207,27.128155,28.724518,23.691504,23.762442,23.368603,25.009539,23.219526,27.381435,26.726004,28.227585,28.515942,25.582764,24.55639,21.230864,20.7143,20.084543,18.424324,20.749132,19.130857,22.644348,22.349712,25.724974,25.34731,20.67244,22.310972,21.79272,18.48982,15.808595,15.44417,14.113979,13.245511,15.805991,17.340475,21.145473,22.351109,18.500883,19.907028,18.060596,12.821173,11.078547,8.385682,9.665573,9.259386,10.833898,12.376224,15.92761,19.092125,19.823738,16.95006,21.139654,16.739473,18.22932,17.449144,18.456518
1,4.3859024,0.0,5.056474,7.1544046,9.522591,10.739213,9.804108,8.627318,6.868717,10.811071,12.975305,16.742767,17.652554,19.201136,16.842955,13.365614,13.504844,11.404123,12.591864,13.391677,12.463027,15.499757,19.571543,20.44433,16.988052,23.168694,18.99014,19.72891,16.21975,16.46391,15.321354,14.73898,17.56623,17.24949,21.33607,21.08462,25.967365,27.814459,28.122627,26.699396,22.208214,25.434736,20.610014,23.964975,21.780977,23.513145,24.407936,25.05948,28.214567,28.603317,26.872412,28.45233,24.839888,27.313168,26.162922,27.914799,28.540478,26.778019,25.061298,23.684267,25.947668,20.831999,20.250418,20.248295,21.248863,19.765717,23.590517,23.320982,24.613115,25.298773,22.638645,22.076134,18.6971,19.098759,18.580473,16.366938,19.321789,17.598278,21.499462,21.357134,24.926506,24.607485,20.517672,22.520317,21.13432,17.421438,14.157597,13.558208,11.148797,9.7571535,11.663087,13.132183,16.864752,18.258219,14.237578,15.564544,14.064594,8.468797,7.0849333,4.4400597,7.6185637,8.135943,10.641355,12.451586,16.746202,20.064632,20.667189,17.511826,21.459984,16.075306,18.034317,16.315887,17.88019
2,6.033187,5.056474,0.0,6.6018863,6.7184377,9.204392,10.188629,8.17056,9.066174,12.160335,15.543778,18.425816,20.113031,22.171808,19.332682,16.19529,14.521395,13.198749,12.279879,12.6888685,9.870224,13.586624,17.841644,18.53229,16.361065,22.438034,19.27017,20.931507,17.784746,18.99629,18.249355,18.594156,22.05897,22.165386,26.079838,26.11305,30.93345,32.664417,32.686497,30.97001,26.2856,28.90733,23.938347,26.46533,23.767908,24.937347,25.121546,25.000072,28.302576,29.541353,27.974041,30.309454,27.070929,29.820843,29.614449,30.992868,32.371216,30.406212,28.787378,27.8283,30.51268,25.365377,24.221432,23.990532,24.033194,22.0888,25.336731,24.59628,25.03343,25.424,23.073008,21.59108,19.11749,18.937847,19.320208,18.334347,21.594933,20.79046,24.837147,25.334276,29.016895,29.018509,24.776512,27.006989,25.97717,22.116993,19.021973,17.865164,15.787405,12.930467,14.51772,14.387438,18.143,18.041681,14.802716,17.642902,15.343369,10.423881,10.90522,8.628456,12.659101,12.832744,15.463227,16.60287,20.943985,24.21831,24.41185,21.197872,24.439434,19.187618,20.167362,18.147795,18.617432
3,10.806541,7.1544046,6.6018863,0.0,3.8386536,4.968938,6.070791,8.763012,9.75858,13.937317,17.92432,20.674816,22.331532,23.330725,20.233986,16.279491,14.766911,11.431952,11.717753,9.287186,9.493516,9.547739,13.924992,13.724384,10.508345,16.395456,12.829894,14.441947,11.709797,13.082855,13.350715,14.129427,19.204998,19.997993,23.56531,24.834229,29.053978,30.857496,30.262152,27.739956,23.143318,25.406294,20.09624,22.75514,19.420658,21.069592,20.776068,21.360813,23.704454,25.094648,23.07679,25.60384,22.007265,24.46343,24.886013,25.470837,27.677015,25.22337,23.715889,23.450089,26.872984,21.828112,19.630552,19.487398,18.293196,16.525492,19.11595,18.718657,18.816595,19.686533,17.75333,17.003654,14.563611,15.854435,16.43007,14.900658,18.898195,18.285423,22.626554,23.562494,27.375202,27.642517,24.310263,27.100191,25.257748,20.947432,17.624659,15.794605,13.1983595,8.793517,9.18109,7.93001,11.65659,11.725412,9.122799,12.3149,11.562379,5.9372745,8.4969015,6.8598123,12.518327,12.903678,16.392523,17.043772,22.006239,25.299133,25.075792,21.636103,24.154423,17.98806,19.301815,16.08277,17.205778
4,12.16017,9.522591,6.7184377,3.8386536,0.0,3.9818685,7.323515,8.893544,11.4337845,14.849864,19.464397,21.612932,23.760147,25.106468,21.722343,18.111074,15.423397,12.939231,11.547377,8.869066,7.3931165,7.7278514,12.243908,12.001141,10.3652525,16.058086,13.698487,16.146675,13.764406,16.010864,16.181604,17.760052,22.631393,23.766493,27.096376,28.458868,32.682106,34.318317,33.52993,30.899506,26.178463,27.946848,22.698734,24.573954,21.000744,22.05623,21.219875,21.055689,23.577946,25.649595,23.878336,26.968279,23.851894,26.55922,27.677446,28.143715,30.781187,28.389109,27.057426,27.064728,30.521587,25.490076,23.153229,22.653864,21.017408,18.799973,20.964724,20.012547,19.444662,19.87636,18.184193,16.504862,14.98894,15.5767145,16.902271,16.517864,20.510235,20.605242,24.92348,26.291618,30.144876,30.646955,27.11094,30.042212,28.581434,24.19697,21.08566,18.954763,16.902166,12.048368,12.652209,10.449475,13.847543,12.507882,11.184967,15.296677,14.083359,9.445296,12.213905,10.374688,15.94672,15.93708,19.466665,19.687637,24.651636,27.925777,27.411089,23.952087,25.990429,20.093063,20.64152,17.388401,17.578747
5,13.482464,10.739213,9.204392,4.968938,3.9818685,0.0,4.196105,7.5260687,10.346095,13.530266,18.522564,20.181648,22.464891,23.334513,19.756096,16.082262,13.095164,10.186279,8.934047,5.050746,5.88419,4.802341,9.120478,9.855351,7.4750543,13.810141,11.204899,13.700356,10.896602,14.065775,13.464483,16.423958,20.731115,22.930767,25.372593,27.46761,31.295727,32.580753,31.287191,28.36174,23.578342,24.77998,19.615238,20.957611,17.26006,18.149136,17.243921,17.158632,19.720814,21.683037,19.979017,23.13586,20.265604,23.177553,24.71836,25.342363,28.194925,26.180134,25.275286,25.737413,28.88328,23.932436,21.497803,20.18995,18.470875,15.678339,18.047216,16.571566,16.407215,16.449049,14.4191265,12.743433,11.02413,11.742826,13.124855,12.998786,17.077038,17.660685,21.944792,23.790773,27.65302,28.498709,25.245531,28.57829,27.25143,22.638414,19.911953,17.083086,15.973915,10.16288,11.399268,9.098149,12.519124,11.880434,11.818576,15.401207,15.698087,10.298836,12.871571,10.440352,16.146032,15.299731,19.274817,18.463537,23.596722,26.755678,25.705538,22.207998,23.473629,17.520128,17.764656,14.120771,14.276519
6,12.642834,9.804108,10.188629,6.070791,7.323515,4.196105,0.0,6.1566935,7.6195774,11.002622,15.660811,17.428795,19.41117,19.807522,16.335983,12.422303,10.244172,6.373052,7.0640445,4.2438936,7.4432025,7.375578,10.573209,12.278857,8.443221,15.000655,11.225067,12.727823,8.886955,11.944313,9.985274,13.5915165,16.858854,19.670084,21.537489,23.889091,27.542135,28.614733,27.206629,24.354824,19.508307,20.802397,15.671722,17.309517,13.9788685,15.210036,15.15278,15.722197,18.53984,19.520954,17.804783,20.296148,17.256184,20.265207,21.219702,22.4775,24.778835,23.259693,22.551926,22.93312,25.477123,20.519741,18.51396,16.643427,15.86026,12.840307,16.264109,14.759951,15.917146,15.893167,13.096751,12.281277,9.103302,10.093664,10.365768,9.212645,13.259653,13.503039,17.81272,19.599062,23.460201,24.348154,21.213783,24.682629,23.404774,18.717861,16.265503,13.094561,12.781822,6.6840844,9.215446,8.442804,12.071556,13.235518,12.683382,14.915302,16.2254,9.963289,11.430205,8.388985,13.670924,12.126914,16.309643,14.867975,20.042194,23.114208,21.906544,18.410595,19.613676,13.476988,14.116127,10.420364,11.458636
7,9.178256,8.627318,8.17056,8.763012,8.893544,7.5260687,6.1566935,0.0,4.545754,6.2317977,11.523437,12.880382,15.355038,16.815166,13.2218,10.225569,6.8147902,6.3190193,4.2220144,7.1304812,5.684262,10.661239,13.585688,16.365852,13.908201,20.475155,17.263641,18.861275,14.849782,17.521494,14.617759,17.730057,19.123049,21.652344,23.512714,24.87516,29.012928,29.800795,28.81382,26.767824,21.796598,23.242365,18.684233,19.845245,17.459648,17.86744,18.429379,17.963419,22.008482,22.76146,21.74135,23.95178,21.579966,24.913738,25.26148,27.445702,28.873892,28.016108,27.29704,27.082516,28.76581,23.70724,22.784042,20.650957,21.227734,18.062933,22.069624,20.167543,21.632107,21.002274,17.827833,16.052076,13.134108,11.7764435,11.75508,11.722534,14.489952,14.753754,18.6212,20.1542,23.891157,24.694702,20.53381,23.692923,23.510715,19.134653,17.15322,14.358012,15.026425,10.503507,14.053636,14.173456,17.995413,18.825499,17.474394,19.77055,19.855652,13.425349,13.642125,9.702442,13.899732,11.435434,15.184599,13.280979,18.036104,21.069813,19.837488,16.469711,17.997509,12.974183,12.775277,10.701255,10.507607
8,7.4181895,6.868717,9.066174,9.75858,11.4337845,10.346095,7.6195774,4.545754,0.0,4.641779,8.345814,11.055363,12.595622,13.775282,10.707266,7.1774173,6.728117,5.447053,7.1250424,10.108307,10.158296,14.100427,17.070969,19.559164,16.061045,22.599457,18.485548,19.203053,14.895465,16.457916,13.0768,15.204334,15.538517,17.69789,19.660467,20.548645,24.850605,25.724771,25.15451,23.573332,18.721539,20.975027,16.568745,18.773245,17.096895,18.1721,19.618132,19.99131,23.841549,23.679722,22.48881,23.822493,21.006516,24.048548,23.235107,25.915627,26.42904,25.812681,24.944601,24.203232,25.35313,20.309923,20.126572,18.208324,19.969742,17.33752,21.975643,20.655552,22.897419,22.674606,19.279057,18.49548,14.692475,14.056105,12.885106,11.182196,13.427516,12.376401,16.123291,16.815134,20.488932,20.894238,16.57143,19.462057,19.15036,14.922266,12.927715,10.5996,11.49135,8.549032,12.615695,14.237621,18.02595,19.998455,17.655304,18.784655,19.125044,12.555515,11.369404,7.252547,10.0535555,7.0105314,10.728134,8.9094925,13.747375,16.8962,16.131176,12.734862,15.418794,10.217081,11.365128,10.048579,11.394187
9,9.631983,10.811071,12.160335,13.937317,14.849864,13.530266,11.002622,6.2317977,4.641779,0.0,5.6390386,6.7929425,9.133702,10.92699,7.5547442,5.7467995,4.210703,6.850782,6.9828033,12.072005,11.363591,16.451298,18.667723,22.04089,19.135397,25.630836,21.912687,22.752962,18.324995,20.347395,16.18014,19.058872,17.74997,20.556461,21.530872,22.331758,26.40458,26.663637,25.931612,24.744764,19.961792,21.607346,17.984114,19.128445,18.17009,18.433527,20.256626,20.00164,24.532461,24.082115,23.492777,24.619127,22.612871,25.945127,25.175123,28.485853,28.65096,28.784319,28.28349,27.607811,27.95011,23.14476,23.511969,20.840166,23.176544,20.096806,24.977055,23.062214,25.639444,24.800598,21.099035,19.839176,16.246824,14.307657,12.853792,12.288527,13.257002,12.847078,15.797152,16.769218,20.140223,20.850254,16.105244,19.017324,19.92196,16.048372,15.136501,12.663055,15.091746,12.540592,16.918354,18.468447,22.182981,24.050262,22.160477,23.351486,23.743073,17.18876,15.861246,11.797431,13.549101,9.726551,12.618704,9.257537,13.150315,15.863213,14.385884,11.299682,13.160004,9.63607,9.383215,9.6932335,9.92841
10,10.9602375,12.975305,15.543778,17.92432,19.464397,18.522564,15.660811,11.523437,8.345814,5.6390386,0.0,4.821589,4.6904554,7.168943,5.772649,6.004767,8.660783,10.895624,12.498138,17.350191,16.893158,21.819523,24.108276,27.342777,23.956465,30.393496,26.170296,26.392082,21.906034,22.957079,18.559248,20.257946,17.121355,19.225367,19.93402,19.611343,23.755398,23.822685,23.819727,23.698982,19.434557,21.805082,19.02561,20.845667,20.95534,21.556074,24.144775,24.36754,28.798727,27.534576,26.995083,27.204458,25.109447,28.093554,26.066843,30.023823,28.967825,29.633528,29.051653,27.720278,27.04944,22.609161,24.14465,21.71901,25.373512,22.872276,28.148302,26.68112,29.835829,29.22532,25.401451,24.740253,20.73942,19.124039,16.983047,15.4753475,15.333711,13.695537,15.573347,15.215793,17.972834,18.093002,12.82661,14.833799,16.574196,13.687861,13.603735,12.402601,15.3657255,15.127799,19.425676,22.008526,25.579224,28.14563,25.478416,25.751575,26.080486,19.867863,17.377794,13.855328,13.159585,9.172733,10.202763,6.6259193,8.584637,10.990866,10.17339,7.7396564,11.405252,9.840102,10.701246,12.710815,13.832432
11,14.655655,16.742767,18.425816,20.674816,21.612932,20.181648,17.428795,12.880382,11.055363,6.7929425,4.821589,0.0,3.6902685,6.405024,4.4649606,7.269468,8.041223,12.043886,12.46138,18.013493,17.425196,22.643486,24.167635,28.08787,25.258064,31.55491,27.824068,28.30545,23.789755,25.601341,20.698948,23.603214,19.976038,23.117699,22.800837,23.152838,26.724886,26.152678,25.517624,25.283895,21.063208,22.328215,20.166626,20.5936,21.062212,20.800303,23.44046,23.042517,27.897257,26.551905,26.580006,26.821991,25.605392,28.892832,27.467434,31.68679,30.840042,32.032627,31.897856,31.02293,30.033287,25.793547,27.214624,23.973375,27.491844,24.41229,29.656603,27.531715,30.794731,29.583305,25.612415,24.501015,20.897547,18.333277,16.19892,15.936659,14.956877,14.501024,15.69853,16.250507,18.699034,19.497313,14.50773,16.894665,19.499739,16.692152,17.32339,15.352945,19.206198,18.000866,22.554548,24.662857,28.190271,30.50922,28.621504,29.257296,29.898708,23.43009,21.442667,17.634665,17.700216,13.466831,14.856313,10.371959,11.681059,13.204503,10.961484,9.17292,10.135654,10.50225,9.3783865,12.400627,12.30281
12,15.554987,17.652554,20.113031,22.331532,23.760147,22.464891,19.41117,15.355038,12.595622,9.133702,4.6904554,3.6902685,0.0,4.031074,4.7432194,7.9348946,10.787727,13.856194,15.352396,20.56035,20.367527,25.28624,27.00442,30.696323,27.402842,33.674057,29.539991,29.595263,25.076077,26.245186,21.318707,23.466509,18.909033,21.61231,21.088667,20.83777,24.328985,23.655495,23.481392,23.890812,20.074108,21.876032,20.172817,21.24065,22.23802,22.400654,25.441992,25.55202,30.150888,28.325562,28.226456,27.899199,26.452301,29.433971,27.195375,31.706707,30.128527,31.573927,31.372017,30.125223,28.567116,24.616222,26.676186,23.670847,27.901417,25.262615,30.692587,28.958822,32.548786,31.603678,27.606918,27.005306,23.056208,21.004654,18.497515,17.37908,16.037281,14.677367,15.282311,14.86621,16.863708,17.219263,12.071559,13.815408,16.886717,14.781767,15.924409,14.71777,18.72672,18.758585,23.18748,25.893686,29.302158,32.102654,29.754486,29.789051,30.51044,24.264277,21.695192,18.248312,17.13156,13.012126,13.425502,9.059464,8.81541,9.8585415,7.9884753,6.9409256,9.278824,10.654894,10.70145,14.098522,14.895117
13,17.896162,19.201136,22.171808,23.330725,25.106468,23.334513,19.807522,16.815166,13.775282,10.92699,7.168943,6.405024,4.031074,0.0,3.9850295,7.4108205,11.470251,13.74741,16.255867,20.959867,21.845533,25.917286,27.294132,31.007471,27.338612,33.295887,28.981804,28.608398,24.163923,25.141521,19.875576,22.267414,16.641008,20.113693,18.474506,18.85757,21.691376,20.56031,19.976374,20.45867,16.9253,18.478897,17.466671,18.457644,20.116503,20.424143,23.90355,24.51871,28.786537,26.343279,26.284653,25.344343,24.048666,26.823627,24.248533,29.082321,27.1165,29.07247,29.183046,28.111431,25.988577,22.419592,24.756714,21.324564,26.02748,23.50908,29.022417,27.369762,31.418379,30.48693,26.444893,26.412169,22.244225,20.597263,17.603662,15.982973,13.878447,12.210336,11.940619,11.3470335,13.035633,13.658874,8.854472,11.156552,14.493094,12.507104,14.501514,13.065076,17.94085,18.295828,22.682096,25.67777,28.762474,32.06769,29.98994,29.509449,30.969992,24.746508,22.116886,18.86508,17.511763,13.226159,13.701091,8.49481,7.7462707,8.164439,4.8038535,4.1955414,5.64192,8.504969,9.020313,12.881135,14.392727
14,15.80103,16.842955,19.332682,20.233986,21.722343,19.756096,16.335983,13.2218,10.707266,7.5547442,5.772649,4.4649606,4.7432194,3.9850295,0.0,4.358788,7.5083714,10.217183,12.325133,17.15786,18.02613,22.11449,23.411837,27.23457,23.811678,29.839714,25.779299,25.763351,21.268467,22.829464,17.553583,20.709381,16.245842,20.164324,19.00779,20.075237,23.184097,22.391161,21.34541,20.929066,16.750763,17.919962,16.043928,16.641428,17.58121,17.664427,20.787786,21.106293,25.561348,23.601881,23.508766,23.197851,21.894043,25.005713,23.263508,27.713467,26.614878,28.13051,28.233366,27.535095,26.205677,22.180828,23.742361,20.122084,24.055681,21.100557,26.500706,24.536821,28.290789,27.206331,23.162975,22.774994,18.750942,16.844168,14.054631,12.91332,11.325601,10.4082155,11.272315,11.877789,14.445732,15.4951,10.82574,13.933435,16.286608,13.21754,14.36177,11.967984,16.687698,15.7571,20.330143,22.822721,26.036182,28.967188,27.278332,27.32257,28.769463,22.29479,20.200108,16.577192,16.41021,11.889302,13.544007,8.034977,9.653772,11.141331,8.092313,5.782305,6.117298,6.4066997,5.9810333,9.530548,10.67253
15,13.241757,13.365614,16.19529,16.279491,18.111074,16.082262,12.422303,10.225569,7.1774173,5.7467995,6.004767,7.269468,7.9348946,7.4108205,4.358788,0.0,5.743555,6.433982,9.823245,13.846236,15.327863,18.76101,20.456865,23.822401,20.013014,26.09792,21.786135,21.709476,17.195234,18.625193,13.557829,16.647425,13.267352,17.159296,16.746098,18.20341,21.649805,21.465364,20.390581,19.313747,14.672608,16.378624,13.368082,14.901452,14.995026,15.746486,18.567303,19.332582,23.417725,21.795406,21.17411,21.214289,19.167866,22.233414,20.626686,24.6032,23.984655,24.855114,24.718754,24.088335,23.510561,19.082539,20.101957,16.78151,20.284283,17.438522,22.81067,21.145887,24.714275,24.001308,20.073847,19.962322,15.654697,14.547546,11.84711,9.739108,9.405517,7.8973794,10.328735,11.045719,14.412268,15.286799,10.849881,14.34176,15.289104,11.321968,11.448067,8.496674,12.803023,11.403737,15.985848,18.509705,21.738586,24.75278,22.969763,22.989557,24.567156,18.077599,16.150715,12.520828,12.956827,8.436555,11.106425,5.833153,9.659739,12.083598,9.921173,6.5625987,8.25128,4.1686673,5.648993,7.081116,9.360193
16,13.258005,13.504844,14.521395,14.766911,15.423397,13.095164,10.244172,6.8147902,6.728117,4.210703,8.660783,8.041223,10.787727,11.470251,7.5083714,5.743555,0.0,5.0987873,4.8555474,10.133652,10.744653,14.945987,16.251675,20.199856,17.450867,23.642868,20.251148,21.155401,16.76132,19.535513,14.87722,19.161283,17.672928,21.6833,21.686102,23.553211,27.028273,26.902153,25.392477,23.656002,18.798597,19.421469,15.970345,15.992839,14.96758,14.673918,16.478727,16.033064,20.731344,20.197548,19.881598,21.137877,19.691124,23.27346,23.249372,26.57058,27.204102,27.64749,27.608667,27.558004,27.842716,23.206684,23.189827,19.708368,21.668884,18.037832,22.828167,20.35086,23.128082,21.827219,17.96854,16.609173,13.117689,10.653927,8.97202,9.368606,10.052871,10.899128,13.798487,15.839997,19.260231,20.603432,16.4562,20.03199,20.960234,16.779764,16.292276,12.858119,16.124165,12.474055,16.956936,18.057049,21.496735,23.380781,22.516851,23.79287,25.004152,18.322119,17.605421,13.537858,15.998454,11.984379,15.369342,11.076922,15.09518,17.516493,15.103465,12.015568,11.889916,8.240448,6.5189805,6.287444,5.726994
17,12.81504,11.404123,13.198749,11.431952,12.939231,10.186279,6.373052,6.3190193,5.447053,6.850782,10.895624,12.043886,13.856194,13.74741,10.217183,6.433982,5.0987873,0.0,5.389632,7.575967,10.322353,12.483767,14.273375,17.408058,13.644973,19.824919,15.807555,16.344717,11.870027,14.437678,9.958553,14.383235,14.149623,18.19103,18.60418,21.03233,24.444613,24.789589,23.190342,20.856825,15.86177,16.942621,12.543998,13.742994,11.8714,12.727054,14.328116,15.0055275,18.783262,18.282167,17.207182,18.528784,16.111485,19.456642,19.433037,22.220263,23.258364,23.108994,22.906094,23.027163,23.97369,19.187855,18.55009,15.365529,16.815006,13.392857,18.199507,16.232603,19.051472,18.365654,14.6363125,14.194759,9.995418,9.489837,7.6938486,5.8959894,8.436618,8.524457,12.511238,14.441118,18.232052,19.39407,15.910353,19.664865,19.343979,14.704742,13.443045,9.623763,12.127952,7.60007,12.022725,13.26587,16.580732,18.959536,18.07565,18.998524,20.815063,14.193251,13.774026,10.003284,13.186161,9.742973,13.7988825,10.3291025,15.22266,17.985079,16.098063,12.668153,13.296717,7.459939,7.895483,5.0129313,7.0264063
18,13.147551,12.591864,12.279879,11.717753,11.547377,8.934047,7.0640445,4.2220144,7.1250424,6.9828033,12.498138,12.46138,15.352396,16.255867,12.325133,9.823245,4.8555474,5.389632,0.0,5.859039,6.1497245,10.29755,11.83553,15.687507,13.557356,19.80648,17.017454,18.663254,14.618373,18.09868,14.425708,18.971066,19.52894,23.234564,23.97362,26.124971,29.727896,30.011621,28.379509,26.03911,21.059826,21.517796,17.349194,17.274303,14.965309,14.624728,15.158022,14.244553,18.720652,19.385122,18.785242,21.108007,19.474913,23.114363,24.109766,26.51051,28.1944,27.865618,27.670519,27.983139,29.287722,24.453402,23.460728,20.390635,20.888868,17.0906,21.11759,18.483091,20.28114,18.974476,15.503029,13.386717,10.618828,8.158344,8.15695,9.54803,11.88493,13.321955,16.889214,19.255793,22.906584,24.25448,20.425165,24.057184,24.267551,19.769987,18.463976,14.913653,16.832977,11.745692,15.579206,15.448177,18.922747,19.867296,19.641335,21.830133,22.790651,16.30065,16.723549,12.7909775,16.80969,13.673778,17.571278,14.379353,18.994272,21.71591,19.640406,16.371222,16.378662,11.800956,10.37791,8.038223,6.674652
19,15.523767,13.391677,12.6888685,9.287186,8.869066,5.050746,4.2438936,7.1304812,10.108307,12.072005,17.350191,18.013493,20.56035,20.959867,17.15786,13.846236,10.133652,7.575967,5.859039,0.0,5.812291,5.0626264,7.018522,10.140473,7.7441106,13.985631,11.524052,13.757422,10.366165,14.560869,12.285135,17.102982,19.784355,23.375431,24.487951,27.297594,30.64521,31.316853,29.406748,26.30745,21.447927,21.711796,16.950775,17.088467,13.496104,13.678323,12.866295,12.453701,15.685769,17.357698,16.085642,19.273163,17.155304,20.544415,22.569393,23.781252,26.624529,25.456448,25.203833,26.105839,28.468819,23.70298,21.549831,18.93859,17.6634,13.9247055,16.845531,14.309877,15.089854,14.119167,11.257657,9.147979,6.985155,6.7393293,8.2615795,9.314093,13.096123,14.686393,18.69252,21.271778,25.051523,26.411493,23.354982,27.134817,26.350319,21.605766,19.670595,16.016722,16.6486,10.397639,12.850165,11.220907,14.281067,14.562065,15.527973,18.27157,19.73949,13.858737,15.656202,12.555288,17.701534,15.633393,19.852844,17.54784,22.595387,25.481178,23.643826,20.228935,20.250818,14.703793,14.0666895,10.18258,9.734902
20,13.361951,12.463027,9.870224,9.493516,7.3931165,5.88419,7.4432025,5.684262,10.158296,11.363591,16.893158,17.425196,20.367527,21.845533,18.02613,15.327863,10.744653,10.322353,6.1497245,5.812291,0.0,6.8907986,9.632585,12.409292,11.831068,17.851368,16.121845,18.743797,15.548657,19.159418,17.200441,20.923351,23.547459,26.27053,28.142979,29.991352,33.94553,34.753742,33.375603,30.802334,25.831459,26.544847,21.878149,22.12468,18.955616,18.756203,18.030039,16.64018,20.433645,22.47083,21.560493,24.79437,22.8752,26.30194,27.936998,29.345476,31.833347,30.57647,29.976402,30.342005,32.704937,27.701988,25.942,23.815704,22.960325,19.506214,22.40736,20.041689,20.266148,19.27306,16.75737,13.815288,12.592128,10.864592,12.557601,14.128981,17.334366,18.65909,22.561407,24.755352,28.523775,29.636478,25.784582,29.165905,28.858562,24.329561,22.223907,19.1489,19.373583,13.855028,16.383022,14.78835,18.238312,17.507622,17.582434,21.084309,20.95632,15.272712,16.926733,13.60256,18.677027,16.794611,20.633165,18.871592,23.674318,26.660696,25.145657,21.797115,22.448446,17.52542,16.510225,13.732016,12.279627
21,17.967451,15.499757,13.586624,9.547739,7.7278514,4.802341,7.375578,10.661239,14.100427,16.451298,21.819523,22.643486,25.28624,25.917286,22.11449,18.76101,14.945987,12.483767,10.29755,5.0626264,6.8907986,0.0,4.5378785,5.7360244,5.5849733,11.021631,10.208982,13.510008,11.552166,15.772516,15.2415905,19.359085,23.562263,26.553436,28.270346,31.052755,34.44943,35.437748,33.57002,30.205093,25.502735,25.731354,20.832111,20.97962,16.877985,17.055794,15.111379,14.3575,16.516191,19.427317,17.945871,21.862164,19.72504,22.760714,25.529587,25.732979,29.393158,27.496168,27.0423,28.200548,31.41355,26.715284,23.847311,21.963871,19.336775,16.053625,17.473734,15.214029,14.179162,13.511878,12.014438,9.315332,9.398348,9.942568,12.472553,13.759733,17.72667,19.351696,23.401096,25.956171,29.745039,31.024471,28.11836,31.798798,30.637846,25.901814,23.53702,20.194908,19.737087,13.468978,14.447637,11.2477045,13.707923,12.086828,14.231519,18.093254,19.033579,14.336848,17.27905,14.981099,20.63148,19.424795,23.553457,22.030893,27.159716,30.164984,28.566051,25.11569,25.307571,19.666878,19.100273,15.12808,14.416287
22,21.82079,19.571543,17.841644,13.924992,12.243908,9.120478,10.573209,13.585688,17.070969,18.667723,24.108276,24.167635,27.00442,27.294132,23.411837,20.456865,16.251675,14.273375,11.83553,7.018522,9.632585,4.5378785,0.0,5.167939,6.94599,10.386769,11.053807,14.377991,12.915008,17.733675,16.756784,21.891636,25.442928,29.266268,30.11364,33.508404,36.44416,37.039722,34.623093,30.962847,26.405455,25.67169,21.260096,20.170443,16.007906,15.361262,12.580566,11.075282,12.935527,16.579754,15.518607,19.95261,18.759867,21.927677,25.65927,25.77028,29.886322,28.403582,28.47461,30.18544,33.123306,28.71537,25.739855,23.137459,20.183273,16.437876,17.3019,14.170842,12.899757,11.128505,9.915364,6.039961,8.219942,8.271915,11.575451,14.108928,17.589344,20.117966,23.753666,26.918093,30.54111,32.237576,29.692835,33.66752,32.76592,27.989054,26.102207,22.315975,22.69623,16.269096,17.422426,14.230648,15.985954,14.428121,17.762102,21.300089,22.956976,18.365988,21.193914,18.768122,24.21775,22.519709,26.749865,24.45541,29.467865,32.254913,30.113197,26.790613,25.926329,20.797169,19.518126,15.509291,14.118825
23,23.309696,20.44433,18.53229,13.724384,12.001141,9.855351,12.278857,16.365852,19.559164,22.04089,27.342777,28.08787,30.696323,31.007471,27.23457,23.822401,20.199856,17.408058,15.687507,10.140473,12.409292,5.7360244,5.167939,0.0,5.5421896,6.7865086,8.974574,12.815979,12.78781,16.99872,17.751484,21.814804,26.868494,29.921656,31.472738,34.779045,37.743145,38.795376,36.58856,32.740974,28.394793,28.09825,23.381369,23.130657,18.64759,18.782732,15.767465,15.159976,15.529981,19.445004,17.772743,22.250332,20.385431,22.91695,26.770874,25.870255,30.519428,28.17475,27.900806,29.7172,33.512344,29.215122,25.609379,23.988033,19.948309,17.06887,16.62893,14.511969,11.599725,11.112344,11.463906,9.061294,11.257701,12.8946085,15.808818,17.217838,21.149902,23.072304,26.934183,29.734537,33.406223,34.82673,32.516884,36.315662,34.767723,30.03224,27.625631,24.260075,23.451603,17.265726,17.050259,12.901456,13.825519,10.804339,15.127551,19.165691,20.615135,17.360111,20.945053,19.423445,25.072613,24.274977,28.393478,27.008593,32.161514,35.114346,33.42444,30.006533,29.784101,24.119095,23.56059,19.298101,18.651766
24,20.364939,16.988052,16.361065,10.508345,10.3652525,7.4750543,8.443221,13.908201,16.061045,19.135397,23.956465,25.258064,27.402842,27.338612,23.811678,20.013014,17.450867,13.644973,13.557356,7.7441106,11.831068,5.5849733,6.94599,5.5421896,0.0,6.6016903,4.6383066,8.136795,7.339655,11.568788,12.350218,16.319885,21.489101,24.508211,26.046879,29.419756,32.29104,33.452385,31.374697,27.571232,23.266521,23.461851,18.489904,19.18511,14.724589,15.817497,13.670023,14.435955,14.965856,17.584745,15.358883,19.120428,16.322672,18.751997,21.850111,21.164001,25.420818,23.026625,22.631802,24.289907,28.00346,23.675646,20.113573,18.599436,14.7942,12.04416,12.37437,10.810911,9.230224,9.708691,8.997415,8.453056,8.225635,11.323572,13.184084,13.092868,17.324156,18.552494,22.547482,24.983074,28.655941,29.876871,27.807398,31.519306,29.628727,24.943771,22.464237,19.198723,18.216541,12.139894,11.7261715,7.839773,9.079395,7.96345,11.489174,14.654071,17.007015,13.131981,16.412746,15.0560255,20.443295,19.752865,23.83111,22.6013,27.733704,30.668232,29.203741,25.795578,26.000093,19.942734,20.179564,15.7516365,16.264524
25,26.752125,23.168694,22.438034,16.395456,16.058086,13.810141,15.000655,20.475155,22.599457,25.630836,30.393496,31.55491,33.674057,33.295887,29.839714,26.09792,23.642868,19.824919,19.80648,13.985631,17.851368,11.021631,10.386769,6.7865086,6.6016903,0.0,5.584489,8.648689,10.921635,14.298265,16.490757,20.05731,25.803637,28.81556,30.04369,33.944134,36.21031,37.39918,34.956245,30.684328,26.97965,26.537764,22.057154,22.25306,17.691328,18.684816,15.579935,16.606947,14.955413,18.37171,15.9728985,20.07217,17.72384,19.257067,23.584028,21.447811,26.836956,23.964952,23.858507,26.332346,30.599665,26.954388,22.675154,21.544594,16.203844,14.340441,11.894482,10.917381,6.4153147,7.8484054,10.036396,10.448671,12.234411,15.780676,17.888903,18.034225,21.902346,23.406313,27.004997,29.632893,33.058495,34.414883,33.06551,36.836033,34.577168,30.025627,27.622744,24.449053,23.225145,17.687456,16.163496,11.954828,10.8653555,8.404535,14.1898,17.030788,19.960209,17.908936,21.548191,20.957836,26.099104,25.776134,29.734081,28.612675,33.651306,36.470097,34.910793,31.604948,31.345465,25.461775,25.641277,21.126928,21.576405
26,22.826965,18.99014,19.27017,12.829894,13.698487,11.204899,11.225067,17.263641,18.485548,21.912687,26.170296,27.824068,29.539991,28.981804,25.779299,21.786135,20.251148,15.807555,17.017454,11.524052,16.121845,10.208982,11.053807,8.974574,4.6383066,5.584489,0.0,3.878082,5.5555434,8.827141,11.191081,14.494349,20.37434,23.231644,24.612736,28.384274,30.744486,32.071064,29.894041,25.803688,22.008278,22.266855,17.43026,18.74134,14.323876,16.237555,14.250938,16.213076,15.461894,17.476744,14.692172,17.92883,14.506955,16.09758,19.28901,17.662605,22.405676,19.485926,19.112411,21.223736,25.381857,21.516544,17.37062,16.397963,11.453128,9.720322,8.564456,8.3913965,6.379594,8.624879,8.888097,10.519954,9.896962,14.156,15.305065,14.075973,18.147085,18.866352,22.626455,24.79662,28.260452,29.358229,28.035381,31.64883,29.1632,24.676552,22.166588,19.179605,17.733278,12.469321,10.726146,6.9277143,6.070991,6.3104515,10.610572,12.547776,16.202396,13.414623,16.626926,16.16631,20.95327,20.741447,24.57725,23.678709,28.635162,31.4478,30.169865,26.889156,27.183031,21.01976,21.91809,17.449833,18.829407
27,23.734657,19.72891,20.931507,14.441947,16.146675,13.700356,12.727823,18.861275,19.203053,22.752962,26.392082,28.30545,29.595263,28.608398,25.763351,21.709476,21.155401,16.344717,18.663254,13.757422,18.743797,13.510008,14.377991,12.815979,8.136795,8.648689,3.878082,0.0,4.5272155,6.0906796,9.340307,12.081367,18.024084,20.869574,21.9358,26.005486,27.928125,29.314098,27.098637,22.89552,19.512894,19.973337,15.311343,17.35549,13.309576,15.973676,14.668762,17.534863,16.406221,17.369267,14.285649,16.582727,12.5007,13.395227,16.111164,14.074601,18.84731,15.682522,15.360312,17.74589,21.97547,18.461363,14.058695,13.366879,7.842331,7.1875296,5.486388,7.103188,6.689774,9.681984,9.743629,12.701135,11.14285,15.827833,16.163694,13.870149,17.608597,17.729126,21.207207,23.035505,26.280474,27.239927,26.506405,29.99086,27.11719,22.860497,20.466694,17.733704,16.192183,11.892123,9.5508375,7.0878963,4.993042,8.022533,11.099025,11.282918,16.06137,13.612401,16.212551,16.232231,20.234055,20.20478,23.760387,22.993177,27.67698,30.321774,29.197676,26.089325,26.501823,20.392069,21.88534,17.590971,19.741135
28,19.98258,16.21975,17.784746,11.709797,13.764406,10.896602,8.886955,14.849782,14.895465,18.324995,21.906034,23.789755,25.076077,24.163923,21.268467,17.195234,16.76132,11.870027,14.618373,10.366165,15.548657,11.552166,12.915008,12.78781,7.339655,10.921635,5.5555434,4.5272155,0.0,5.0439034,5.639602,9.924104,14.9012985,18.278519,19.236937,23.123575,25.46707,26.660898,24.545984,20.640327,16.630857,17.392927,12.279952,14.572143,10.609624,13.352601,12.852602,15.561186,15.791567,16.208502,13.412031,15.468122,11.297865,13.199365,15.00972,14.6206455,18.284765,15.962906,15.636035,17.33577,20.74669,16.601423,13.004187,11.340852,7.8192406,5.434381,7.577531,7.562614,9.195826,10.7525,8.993555,11.401441,8.376556,12.72413,12.545546,9.759053,13.738847,13.702548,17.502983,19.35781,22.834087,23.829052,22.569836,26.165237,23.682579,19.194077,16.888582,13.766382,12.884779,7.813816,6.897915,5.597081,6.271494,9.835187,11.219472,11.5014,15.76649,11.56741,13.523049,12.695932,16.766935,16.135208,19.89752,18.694958,23.483826,26.179848,24.94798,21.758173,22.283772,16.046568,17.587255,13.344209,15.734004
29,20.53275,16.46391,18.99629,13.082855,16.010864,14.065775,11.944313,17.521494,16.457916,20.347395,22.957079,25.601341,26.245186,25.141521,22.829464,18.625193,19.535513,14.437678,18.09868,14.560869,19.159418,15.772516,17.733675,16.99872,11.568788,14.298265,8.827141,6.0906796,5.0439034,0.0,5.796448,6.0053005,12.7635,14.839687,16.55197,20.160437,22.372051,24.138746,22.580198,18.8879,15.483469,17.468962,12.531072,16.525372,13.453635,16.889921,17.098194,20.247868,20.207163,19.933022,16.978735,17.932413,13.063556,13.775949,13.801463,12.925033,15.852006,12.585489,11.440977,12.729021,16.902102,12.889484,8.736205,9.107537,5.6815457,6.634346,8.419565,10.651177,12.407914,14.83491,13.548261,16.402693,13.201031,17.389858,16.64058,12.780737,16.22517,14.833124,18.341946,19.118572,22.330215,22.713163,21.96269,25.012968,21.695812,17.673021,14.962751,12.971795,10.574534,8.018216,4.901944,5.9759407,5.359162,10.717913,10.2064495,8.179697,13.430152,10.466888,11.728031,12.313106,15.133339,15.573977,18.634235,18.568851,22.930773,25.547611,25.040398,22.065327,23.545784,17.330038,19.922527,16.224611,19.368212
30,18.674198,15.321354,18.249355,13.350715,16.181604,13.464483,9.985274,14.617759,13.0768,16.18014,18.559248,20.698948,21.318707,19.875576,17.553583,13.557829,14.87722,9.958553,14.425708,12.285135,17.200441,15.2415905,16.756784,17.751484,12.350218,16.490757,11.191081,9.340307,5.639602,5.796448,0.0,6.863066,9.402324,13.695932,13.842766,17.94357,20.177015,21.167017,19.135378,15.532013,11.258103,12.917967,7.5764832,11.575714,9.033363,12.48843,13.821478,16.962868,17.989616,16.79135,14.324553,14.701111,10.181141,12.072576,11.564743,13.018993,14.810249,13.533258,13.325914,14.318059,16.42951,12.029895,9.655273,6.789253,7.0000525,4.9673405,10.010439,10.225538,13.782917,14.819602,12.093996,14.686075,10.384326,13.830339,12.131312,7.537246,10.585447,9.074407,12.737232,13.969575,17.414045,18.232925,17.168861,20.713345,18.192816,13.747958,11.871142,8.588029,8.944128,5.5660543,6.5618095,8.872471,10.196945,14.764595,14.275372,12.995166,17.293077,12.383298,12.428588,11.295347,13.727766,12.503848,15.912559,14.281551,18.656517,21.12265,19.981136,17.000734,17.865164,11.74575,14.3081255,10.848207,14.450663
31,18.453175,14.73898,18.594156,14.129427,17.760052,16.423958,13.5915165,17.730057,15.204334,19.058872,20.257946,23.603214,23.466509,22.267414,20.709381,16.647425,19.161283,14.383235,18.971066,17.102982,20.923351,19.359085,21.891636,21.814804,16.319885,20.05731,14.494349,12.081367,9.924104,6.0053005,6.863066,0.0,8.331917,8.890848,11.719686,14.439206,17.15638,19.383726,18.77948,16.032694,12.806888,16.524576,11.9561615,17.395546,15.629076,19.246275,20.616621,23.743006,24.541994,23.403702,20.758072,20.669643,15.770972,16.35377,13.818971,14.504078,14.8942175,12.226269,10.324236,9.529891,12.925077,8.177799,5.645412,7.607018,8.727028,10.208127,13.530321,15.57433,18.197147,20.244198,18.25197,20.83049,16.81717,20.180008,18.595827,13.872165,16.479832,13.575689,16.729511,16.117949,19.120071,18.739384,17.915186,20.29668,16.491594,12.914025,9.808519,9.288446,5.608781,7.3090744,5.317464,9.607946,10.346715,15.4758,12.692269,9.262626,13.507957,10.296875,9.16703,10.324962,10.8216915,11.850665,13.956066,14.845778,18.548862,21.051105,21.3379,18.658209,21.37354,15.5130005,19.128073,16.47103,20.262203
32,19.869114,17.56623,22.05897,19.204998,22.631393,20.731115,16.858854,19.123049,15.538517,17.74997,17.121355,19.976038,18.909033,16.641008,16.245842,13.267352,17.672928,14.149623,19.52894,19.784355,23.547459,23.562263,25.442928,26.868494,21.489101,25.803637,20.37434,18.024084,14.9012985,12.7635,9.402324,8.331917,0.0,6.744118,4.717774,8.9441805,11.002117,12.086792,11.207827,9.380537,5.9306884,11.0705805,8.284575,14.142137,14.6897955,17.993378,20.921959,24.112637,25.66891,23.020254,21.123692,19.460014,15.471958,16.254705,11.564868,15.227049,12.729033,13.266428,12.787142,11.512563,10.27101,5.9710197,8.463069,6.603563,12.493082,12.812493,17.610447,18.540539,22.72476,23.74349,20.803501,23.36957,18.71769,20.953436,18.142864,13.097138,13.388902,9.185765,10.606479,8.496646,11.029674,10.41146,10.314225,12.78246,9.262332,5.761535,5.346995,5.0973334,7.23465,10.691246,12.192354,16.504396,17.823597,22.882101,20.519466,17.544811,21.149963,16.843245,14.318812,13.802364,12.005795,10.824896,11.849709,10.770067,12.909756,14.560459,14.5495405,12.650958,15.184185,10.996486,15.276127,14.426632,18.739674
33,19.565493,17.24949,22.165386,19.997993,23.766493,22.930767,19.670084,21.652344,17.69789,20.556461,19.225367,23.117699,21.61231,20.113693,20.164324,17.159296,21.6833,18.19103,23.234564,23.375431,26.27053,26.553436,29.266268,29.921656,24.508211,28.81556,23.231644,20.869574,18.278519,14.839687,13.695932,8.890848,6.744118,0.0,6.648146,5.9839196,9.775444,12.822465,14.336431,13.994227,12.165994,17.560064,14.857964,20.809095,20.860346,24.268715,26.79652,29.840853,31.357944,29.216722,27.051619,25.749353,21.359058,21.687592,16.768974,19.19337,16.353416,15.480887,13.579332,10.31238,9.94207,6.041368,9.308385,11.366669,15.972371,17.46684,21.472551,23.26804,26.655258,28.318628,25.776533,28.17232,23.648922,26.0228,23.606152,18.628107,19.59693,15.366359,16.994118,14.12058,15.990413,14.135899,13.660503,14.229497,9.500123,8.178578,5.8232317,9.268625,6.9861784,13.12866,13.239035,17.914303,19.117947,24.016775,20.175383,16.401522,18.928923,16.13421,12.715794,13.819146,10.060206,11.343085,10.539566,12.785667,14.058502,15.775558,17.548122,15.979558,20.223133,16.193806,20.629744,19.848192,23.959726
34,23.331444,21.33607,26.079838,23.56531,27.096376,25.372593,21.537489,23.512714,19.660467,21.530872,19.93402,22.800837,21.088667,18.474506,19.00779,16.746098,21.686102,18.60418,23.97362,24.487951,28.142979,28.270346,30.11364,31.472738,26.046879,30.04369,24.612736,21.9358,19.236937,16.55197,13.842766,11.719686,4.717774,6.648146,0.0,6.0161138,6.3959084,7.707179,7.8339353,7.612326,6.8865747,12.310865,11.434529,17.022013,18.382652,21.640131,24.827396,28.19524,29.536015,26.416368,24.626888,22.24738,18.526108,18.589134,12.740243,16.574648,12.322753,13.683991,13.267203,11.228137,7.623816,5.465612,10.013645,9.336699,15.533276,16.633585,20.968771,22.301023,26.61865,27.77327,24.975368,27.798422,23.189459,25.395538,22.413345,17.452187,17.062664,12.807739,12.839679,9.519678,10.428963,8.740291,10.446425,11.556343,7.1815047,6.4523973,7.5806975,9.197728,10.788135,15.269714,16.305557,20.735413,21.680593,26.917973,24.291622,20.6985,24.253855,20.67807,17.767931,17.766472,14.835051,14.14527,13.87649,13.413853,13.852757,14.600763,15.265386,14.377872,17.078539,14.387386,18.66582,18.517214,22.81272
35,22.432446,21.08462,26.11305,24.834229,28.458868,27.46761,23.889091,24.87516,20.548645,22.331758,19.611343,23.152838,20.83777,18.85757,20.075237,18.20341,23.553211,21.03233,26.124971,27.297594,29.991352,31.052755,33.508404,34.779045,29.419756,33.944134,28.384274,26.005486,23.123575,20.160437,17.94357,14.439206,8.9441805,5.9839196,6.0161138,0.0,5.383245,8.220143,11.299729,13.020682,12.471715,17.881945,16.778524,22.266607,23.466434,26.54593,29.717361,32.699844,34.552067,31.725618,29.973742,27.92163,24.15046,24.43704,18.712141,22.19106,17.909801,18.617334,17.400183,14.160947,10.95678,9.219559,13.879983,14.666081,20.38713,21.540253,25.925539,27.34033,31.29718,32.56761,29.682838,32.03749,27.330004,29.120451,26.227978,21.40371,21.194324,16.731335,16.964624,12.992057,13.548527,10.78664,11.121518,10.106603,5.0815997,7.1552014,7.772566,11.56419,11.823581,17.665491,18.703949,23.394852,24.762959,29.713495,26.008354,22.37824,24.703701,21.588596,17.857721,18.264278,13.7098,13.903237,11.858426,13.304497,12.299364,12.775981,15.15675,14.799514,19.156096,17.023973,21.425543,21.849463,25.930557
