,0,1,2,3,4,5,6,7,8,9,10,11,12,13,14,15,16,17,18,19,20,21,22,23,24,25,26,27,28,29,30,31,32,33,34,35,36,37,38,39,40,41,42,43,44,45,46,47,48,49,50,51,52,53,54,55,56,57,58,59,60,61,62,63,64,65,66,67,68,69,70,71,72,73,74,75,76,77,78,79,80,81,82,83,84,85,86,87,88,89,90,91,92,93,94,95,96,97,98,99,100,101,102,103,104,105,106,107,108,109,110,111,112,113,114
0,0.0,4.272138,5.9274497,8.327132,11.979939,13.625031,17.487917,20.273848,23.63273,26.619427,31.539606,33.185513,35.69402,36.747993,33.08897,29.51912,26.103355,23.499321,21.329605,16.68376,16.050032,11.753046,13.699923,10.767205,14.840402,15.768683,17.863829,21.70194,21.130356,24.970316,25.204824,28.748417,34.015217,35.468822,38.676407,40.15376,44.17515,45.551662,44.05875,40.883118,36.309414,36.818108,31.890057,32.21396,28.115824,27.792053,25.404232,23.632872,25.435087,29.435532,28.212805,32.61824,30.922457,33.79486,37.26627,36.369648,41.039005,39.20951,36.37763,37.675205,41.391212,36.59141,33.616474,30.65159,29.52201,26.652548,27.246813,25.793024,22.431278,22.428457,22.4334,19.325657,20.828152,20.658184,23.420578,25.271456,28.900192,30.541956,34.61467,36.958923,40.72013,41.61472,39.407345,42.366096,40.66634,35.990417,33.934254,29.69817,29.70767,24.579727,24.853094,20.653063,21.248632,21.541365,20.528101,24.82889,24.221874,27.871595,26.889278,31.189083,28.576956,27.477617,24.197388,22.782291,20.391825,17.909842,16.290329,14.278137,13.945779,14.897527,18.790154,20.66188,22.572535,25.891033,26.99225
1,4.272138,0.0,5.10708,4.8627224,8.826607,11.4862385,14.598806,18.313644,21.131067,24.567762,29.199402,31.238098,33.453796,34.255722,30.750336,26.91197,24.11479,20.895449,19.593346,14.568201,15.026501,9.994028,12.547453,9.070398,11.674592,13.137896,14.38473,18.082115,17.521626,21.03214,21.665377,24.770353,30.335922,31.61361,35.031544,36.510147,40.472443,42.033337,40.665157,37.49635,33.0063,33.865627,28.763214,29.687134,25.531918,25.730799,23.556843,22.488653,24.062222,27.706593,26.0996,30.278292,28.062943,30.764488,33.901283,32.88617,37.47855,35.39542,32.47108,33.60744,37.48396,32.694374,29.64647,27.019627,25.844427,23.282942,23.897808,22.884151,19.65821,20.17928,20.072878,17.62731,18.479351,19.10322,21.543055,22.633171,26.535572,27.732212,31.95618,34.061367,37.82632,38.56285,36.638115,39.48143,37.419064,32.840126,30.561874,26.533083,26.083452,21.0635,20.920322,16.640488,17.114754,17.383816,16.291206,20.67998,20.32078,24.07264,23.43221,27.78249,25.487543,24.183609,21.045126,19.172272,16.739935,13.998257,12.155705,10.356416,10.414375,11.278481,16.02062,17.504868,19.961159,23.033262,24.668596
2,5.9274497,5.10708,0.0,5.9163675,7.257559,8.863848,12.316093,15.361171,18.84026,21.607958,26.710754,28.07959,30.626188,31.425854,27.705944,24.19089,20.626936,17.99982,15.8419895,10.900506,11.07557,5.8795977,8.044957,6.021372,9.958608,12.301657,13.602725,17.37874,16.236677,20.576778,20.068777,24.385126,29.088017,31.27803,33.819786,35.75155,39.513664,40.609352,38.797287,35.50214,30.92268,31.101957,26.300234,26.338406,22.272854,21.871147,19.594345,17.96037,20.035572,23.741858,22.530909,26.846333,25.269512,28.316164,31.852814,31.292065,35.835186,34.455864,31.765638,33.401535,36.705875,31.986155,29.10857,25.56228,24.67548,21.393137,22.470366,20.65431,17.914242,17.499243,16.931456,13.703628,14.973904,14.777314,17.55382,19.527119,23.127499,24.987993,28.979996,31.561184,35.272003,36.376194,34.351307,37.562016,35.88202,31.177908,29.474016,24.973377,25.476734,19.84248,20.612583,16.53792,17.603119,19.012106,18.59363,21.977974,22.932362,25.324682,25.094208,29.517231,26.684847,24.85004,22.172626,19.741838,18.591478,14.740694,14.645142,13.919056,13.170011,12.678354,17.214647,17.30495,19.707724,22.321836,23.481386
3,8.327132,4.8627224,5.9163675,0.0,4.7834954,7.4243226,10.292375,14.079212,16.504822,20.195135,24.57516,26.902393,28.935638,29.7832,26.393845,22.472013,20.096365,16.711288,15.886648,11.26752,11.893482,7.7721467,11.587517,9.399125,9.870005,13.459455,12.781481,16.06508,14.480334,17.847975,17.845928,20.877245,26.139042,27.190924,30.637932,31.89158,35.99856,37.52111,36.332096,33.406353,28.825302,30.071203,24.934319,26.262037,22.371824,22.849874,21.36,20.735207,22.864313,25.760954,24.0163,27.7406,25.171198,28.012573,30.493713,30.038486,34.112408,32.22816,29.175625,30.094893,33.576015,28.640812,25.996254,23.216253,22.871277,20.246235,21.794296,20.953833,18.688477,19.242014,18.250603,16.165848,15.789572,16.46837,18.305836,18.834253,22.693747,23.510672,27.781898,29.618818,33.410843,34.00046,31.961035,34.702137,32.685585,28.100342,25.799145,21.786892,21.432016,16.558561,16.789734,12.975214,14.225926,15.578161,13.651643,16.92416,17.183878,19.876516,19.396456,23.812002,21.249949,19.647345,16.73615,14.596237,12.803929,9.662634,9.209476,8.6358385,7.287806,6.964463,11.903725,12.690405,15.313788,18.206772,19.970396
4,11.979939,8.826607,7.257559,4.7834954,0.0,4.4336834,5.797232,10.478235,12.803618,16.363064,20.871758,22.967115,24.991758,25.538115,22.098057,18.15917,15.791492,12.152803,11.742633,6.841066,9.025792,4.8834596,8.879027,8.256884,6.869666,12.119785,10.1611395,13.078224,10.630298,14.521462,13.579904,17.514389,22.16808,24.03974,26.77554,28.532005,32.367462,33.610992,32.090675,29.027365,24.411669,25.380186,20.310469,21.481419,17.64082,18.192625,16.99926,16.774994,19.092512,21.469707,19.68285,23.181637,20.623045,23.629507,26.096233,26.00951,29.928549,28.49621,25.581583,26.849493,29.89873,25.03103,22.493399,19.06536,19.064518,16.014463,18.20811,17.097397,15.699939,15.93424,14.238288,12.436641,11.266028,12.20118,13.746399,14.073355,17.996038,18.930807,23.181301,25.239426,29.003162,29.798637,27.971308,30.978018,28.944502,24.315071,22.376188,18.055313,18.235634,12.691056,13.551978,9.963733,11.912511,14.614861,13.509485,15.464525,17.573917,18.72107,19.146654,23.543755,20.83824,18.439533,16.365084,13.010561,12.950008,8.137831,9.983989,11.021641,9.603355,7.415351,12.475832,10.808961,14.045328,15.938674,17.808899
5,13.625031,11.4862385,8.863848,7.4243226,4.4336834,0.0,5.0344777,6.828505,10.077782,13.115888,17.97798,19.775196,22.1122,23.184675,19.592407,16.03182,12.967896,10.427976,8.693615,5.651712,5.183356,5.3517957,9.627765,10.950954,10.349183,15.873896,13.836393,16.36885,13.10533,16.99628,14.590166,18.988129,22.47572,24.319185,26.633587,28.06928,32.120865,32.98422,31.503613,28.795345,23.986828,24.850222,20.149717,20.76561,17.499119,17.473885,16.947174,16.15803,19.615112,21.511923,20.1977,23.39034,21.286827,24.68337,26.792307,27.600863,30.910782,30.146456,27.302908,28.52001,30.755379,25.81877,23.999146,19.938326,21.06522,17.582405,20.720186,19.179852,18.6313,18.160427,15.688518,13.29931,11.62525,10.904855,12.053727,13.10038,16.324804,17.57036,21.57084,23.680445,27.459286,28.330414,25.850977,28.93459,27.61111,22.838224,21.342924,16.693483,17.995062,12.72272,14.953924,12.546995,15.214638,18.517107,16.809765,17.510891,19.643118,19.45586,19.500633,23.734493,20.263784,17.86299,15.987902,13.301362,14.165899,10.092676,13.135394,14.291669,11.673586,9.076677,11.97629,9.90182,12.0813,14.015508,14.955197
6,17.487917,14.598806,12.316093,10.292375,5.797232,5.0344777,0.0,6.1939683,7.5845385,11.089948,15.427117,17.511091,19.374907,19.756546,16.357918,12.368623,10.467773,6.455859,7.367687,4.572596,7.8473196,7.5000935,10.557178,12.119228,9.007118,15.090525,11.538173,13.051259,9.068267,12.660618,9.615855,14.336285,17.561272,19.974794,21.910858,23.841642,27.56834,28.443035,26.800533,23.926142,19.169228,20.229742,15.328449,16.641214,13.403781,14.20769,14.286016,14.795729,17.755537,18.75763,17.011173,19.619318,16.920012,20.185883,21.868423,22.825754,25.920973,25.225178,22.420267,23.746393,25.825432,20.968447,19.15704,14.912869,16.390238,12.9816675,16.727413,15.553485,16.017101,15.862143,12.881479,11.887821,8.663575,9.461221,9.533915,8.879208,12.600236,13.257567,17.494247,19.51021,23.283285,24.149855,22.285542,25.459902,23.601925,18.913157,17.447222,12.785442,13.967791,8.096572,10.603389,8.843129,11.943319,16.10813,15.052247,14.581916,18.318214,17.088205,18.277876,22.343987,19.36458,16.227524,15.345455,11.240821,13.48151,8.394213,12.66639,14.905988,12.941481,9.647083,12.997871,8.648184,11.931249,12.321695,14.127508
7,20.273848,18.313644,15.361171,14.079212,10.478235,6.828505,6.1939683,0.0,4.526222,6.3468966,11.497271,12.978245,15.442709,16.844166,13.220178,10.180847,6.9442754,6.2323422,4.2933626,7.128995,5.909117,10.609142,13.477454,16.403145,14.672327,20.623468,17.528868,18.905415,14.689168,17.910746,13.574956,18.223082,19.509022,21.657127,22.86538,24.159866,28.12988,28.375257,26.863358,24.685946,19.829605,20.687817,16.740183,17.032621,15.073007,14.858297,16.003769,15.637662,19.962505,20.259212,19.327671,21.333252,19.508701,23.125921,24.202147,26.38501,28.4959,28.755463,26.1538,27.319216,28.175108,23.422438,22.751865,17.977283,20.841063,17.190727,21.684649,20.038635,21.21804,20.279411,16.735355,15.00217,11.795123,10.004018,9.092235,9.730601,11.501869,12.637183,16.118666,18.115091,21.802494,22.767584,19.757154,23.019012,22.457941,17.676008,17.09519,12.17795,15.269299,10.830754,14.785262,14.470928,17.827353,22.122581,20.347563,18.848354,22.117123,19.453846,19.974955,23.604328,19.686121,16.761845,16.26242,13.592973,16.55778,12.97333,17.584995,19.595211,16.58152,13.351903,14.057758,9.816854,10.848761,10.9332485,10.817415
8,23.63273,21.131067,18.84026,16.504822,12.803618,10.077782,7.5845385,4.526222,0.0,4.6242795,8.098228,10.906115,12.4859,13.695761,10.578763,7.0505447,6.7492266,5.4227195,7.153052,10.127304,10.391855,14.070948,16.89872,19.417328,16.437609,22.500643,18.468946,19.001976,14.516019,16.55235,11.8854265,15.476203,15.966166,17.56494,18.826517,19.730513,23.849148,24.18632,23.071869,21.319794,16.506252,18.332445,14.469264,15.979571,14.728432,15.417524,17.409182,18.07472,21.941904,21.369282,20.115652,21.223166,18.736685,22.033312,21.90899,24.577084,25.88514,26.175446,23.506767,24.210794,24.580229,19.819777,19.83065,15.399256,19.293251,16.26698,21.281466,20.318079,22.21933,21.760464,18.04662,17.419348,13.327746,12.667497,10.677479,9.105625,10.44418,9.964492,13.497352,14.614563,18.354889,18.896292,15.9021,18.914684,18.095572,13.305745,12.605534,7.7624145,11.23588,8.0096,12.426148,13.594504,17.135847,21.706871,19.609385,16.736313,20.568268,16.572397,17.616245,20.811102,17.121239,13.799376,14.309551,11.397228,15.471119,12.470707,17.664902,20.254488,17.305666,13.8604145,13.793893,8.319619,9.306593,7.6610947,8.153203
9,26.619427,24.567762,21.607958,20.195135,16.363064,13.115888,11.089948,6.3468966,4.6242795,0.0,5.6337357,6.716457,9.125551,10.8598585,7.394923,5.609576,4.2095065,6.7733493,7.0367837,12.123393,11.5574045,16.495583,18.600843,21.988974,19.504427,25.420918,21.676027,22.087309,17.613997,19.825056,14.497396,18.582317,17.467985,19.787958,19.656109,20.773748,24.432346,23.999262,22.513968,21.049885,16.441809,17.403286,14.683698,14.866337,14.69469,14.58899,17.27816,17.624887,21.99756,20.753143,20.119102,20.680323,19.095158,22.546217,22.338238,25.768951,26.522081,27.739641,25.49095,26.507668,25.94299,21.655039,22.203976,17.231176,21.519234,18.2001,23.444012,21.982029,24.453272,23.376135,19.359373,18.536285,14.583164,12.801005,10.155295,9.543908,8.872805,9.211511,11.5241585,13.07195,16.503288,17.509224,13.980353,17.430204,17.722195,13.197518,13.900349,9.3817625,14.129757,11.556223,16.194822,17.595337,21.064888,25.790913,24.110367,21.059519,25.105202,20.626286,21.687876,24.510876,20.656994,17.462025,18.343464,15.843812,20.0313,17.039532,22.20226,24.71023,21.702381,18.30285,17.916634,12.7917385,12.915498,10.88241,9.861654
10,31.539606,29.199402,26.710754,24.57516,20.871758,17.97798,15.427117,11.497271,8.098228,5.6337357,0.0,4.850642,4.8212166,7.214806,5.6770477,5.7589345,8.707196,10.706127,12.535258,17.259563,17.059254,21.696882,23.902185,27.017721,23.842981,29.756317,25.419205,25.161007,20.686436,21.685495,16.431553,18.913782,16.17814,17.4872,16.8334,16.987078,20.655087,19.936768,19.167877,18.842104,14.776764,16.826517,15.118047,16.325794,17.348482,17.910076,21.268766,22.298298,26.273054,24.21412,23.4653,22.96418,21.032879,23.951492,22.17111,26.349548,25.768663,27.315315,25.201323,25.576784,23.925251,20.047588,21.823952,17.590324,22.906729,20.423582,25.923166,25.0893,28.154604,27.432198,23.379648,23.321856,18.96565,17.871399,14.784231,12.787981,11.155328,9.487479,10.412836,10.043573,13.039774,13.331972,8.992779,12.01845,13.043563,9.012619,10.62663,7.749843,12.897025,12.962797,17.353546,20.074095,23.489292,28.240555,26.194132,21.919205,26.086756,20.253725,21.575272,23.49095,19.954,16.824104,18.821016,16.868517,21.651743,19.651497,24.962358,27.788952,24.759853,21.393476,20.003813,14.763741,14.190538,10.768043,9.523122
11,33.185513,31.238098,28.07959,26.902393,22.967115,19.775196,17.511091,12.978245,10.906115,6.716457,4.850642,0.0,3.6553729,6.340505,4.359668,7.1967416,8.1755905,12.039063,12.639395,18.158068,17.625858,22.783775,24.283627,28.074877,25.443624,31.14977,27.252941,27.088821,22.710417,24.282837,18.63541,22.123117,18.787603,21.306955,19.430607,20.398626,23.249727,21.785704,20.217535,19.734137,16.003147,16.486824,15.851814,15.300613,17.04218,16.706064,20.34375,20.974142,25.218231,22.753197,22.640448,21.863092,21.004705,24.086664,22.837408,27.354008,26.73429,29.070509,27.393482,28.375664,26.313757,22.915304,24.563986,19.69214,24.720394,21.772596,27.205376,25.75801,29.094095,27.758581,23.585688,23.24898,19.283379,17.357374,14.128123,13.307271,10.357107,10.196996,9.703325,10.563397,12.899449,14.157948,10.027166,13.643907,15.586244,12.221076,14.728368,11.807237,17.124086,16.2587,20.789923,23.06731,26.417217,31.288132,29.84835,25.983223,30.416086,24.893072,26.25106,28.309292,24.664906,21.563114,23.299875,21.137962,25.777422,23.154041,28.441532,31.143158,28.166645,24.752024,23.82854,18.658754,18.199886,15.266729,13.574901
12,35.69402,33.453796,30.626188,28.935638,24.991758,22.1122,19.374907,15.442709,12.4859,9.125551,4.8212166,3.6553729,0.0,3.9487789,4.6152697,7.8320026,10.853595,13.798171,15.47194,20.60568,20.57033,25.323978,26.95372,30.46836,27.286837,32.988483,28.682875,28.093552,23.756702,24.58685,19.112333,21.62228,17.44048,19.42962,17.155973,17.671902,20.339329,18.695644,17.558006,17.794231,14.528862,15.804204,15.699011,16.070671,18.287903,18.575985,22.45014,23.635101,27.47589,24.635214,24.282158,22.934473,21.664392,24.332682,22.09223,26.936287,25.530638,27.973528,26.389172,26.985247,24.322918,21.258862,23.567745,19.25649,24.762224,22.392502,27.896208,26.918882,30.556808,29.544964,25.40419,25.617798,21.3436,20.07013,16.664011,14.843823,11.884152,10.392123,9.171914,8.477821,10.356929,11.091792,6.5360436,10.026257,12.379565,9.657348,12.752455,11.029305,16.132732,16.570929,20.820026,23.775846,27.041822,31.892612,30.339725,25.843065,30.42424,24.28362,25.917711,27.48838,24.21867,21.118155,23.428642,21.360704,26.273958,24.069174,29.407473,32.32392,29.446606,26.031233,24.821234,19.494795,18.980747,15.423413,14.055805
13,36.747993,34.255722,31.425854,29.7832,25.538115,23.184675,19.756546,16.844166,13.695761,10.8598585,7.214806,6.340505,3.9487789,0.0,3.9651046,7.3986506,11.436827,13.698439,16.285984,20.93029,21.918882,25.877684,27.09455,30.527246,26.875092,32.28193,27.794579,26.72693,22.625376,23.040096,17.62182,19.960995,14.906974,17.83738,14.445719,15.961591,17.810753,15.859787,14.054632,14.091996,11.162751,12.219415,12.885825,13.469047,16.284351,17.012104,21.123459,22.95887,26.186533,22.834171,22.354725,20.375246,19.034588,21.33811,18.648249,23.754337,21.946342,24.766333,23.50225,24.338184,21.285992,18.694841,21.123386,16.846403,22.394897,20.352905,25.756468,24.971699,29.046816,28.134924,24.069399,24.942356,20.544357,19.943563,16.342772,13.800363,10.527777,8.398654,5.9918723,4.8803396,6.6019297,7.9735417,4.988677,9.280494,10.63831,8.384453,12.027301,10.7452,15.515411,15.997696,19.896479,23.093449,26.10483,30.97002,30.04724,25.409315,30.640392,24.497692,26.783106,28.347986,25.597239,22.187082,24.727926,21.940779,27.00319,24.36609,29.6664,32.780014,30.344324,26.85577,26.375723,20.594904,20.835552,16.999924,16.51315
14,33.08897,30.750336,27.705944,26.393845,22.098057,19.592407,16.357918,13.220178,10.578763,7.394923,5.6770477,4.359668,4.6152697,3.9651046,0.0,4.3744273,7.4833555,10.203939,12.363293,17.178549,18.061243,22.122406,23.297413,26.878086,23.564383,29.049347,24.835955,24.16646,19.943071,21.090178,15.412878,18.829418,14.947508,18.38145,15.844907,17.765615,20.137388,18.702673,16.595474,15.600938,11.7671995,12.212085,11.661326,11.597534,13.688529,14.030544,17.951748,19.440964,23.014753,20.11736,19.676619,18.42126,17.189198,20.040888,18.49241,23.106382,22.382677,24.823166,23.297165,24.503433,22.378502,19.16119,20.742117,15.782831,20.901293,18.212732,23.658888,22.468067,26.220636,25.098911,20.958586,21.402514,17.10724,16.143051,12.5899105,10.549212,7.3127728,6.2295437,5.434102,6.773789,9.6060295,11.256674,8.418697,12.6373625,13.323102,9.851508,12.563408,9.661812,14.815327,13.838123,18.113352,20.673262,23.810362,28.732447,27.893074,23.859339,29.004236,23.490377,25.56957,27.693718,24.59894,21.092054,23.09068,20.054544,24.907946,21.798708,27.090727,30.046892,27.567032,24.04865,23.96905,18.185577,18.67463,15.317123,14.807212
15,29.51912,26.91197,24.19089,22.472013,18.15917,16.03182,12.368623,10.180847,7.0505447,5.609576,5.7589345,7.1967416,7.8320026,7.3986506,4.3744273,0.0,5.730756,6.416273,9.83778,13.811765,15.365871,18.695644,20.224573,23.346987,19.682415,25.298977,20.87934,20.28901,15.942889,17.130379,11.5055275,15.107289,12.504085,15.865707,14.5688095,16.62207,19.604277,19.025167,17.127132,15.444801,10.851116,12.16941,9.709473,10.969461,11.678123,12.694778,16.110395,17.827475,21.211489,18.974777,17.956743,17.437935,15.296249,18.306705,17.154673,21.0597,21.169052,22.728773,20.739954,21.875711,20.749641,16.830414,17.765078,12.72929,17.695808,14.939806,20.448074,19.503357,22.888395,22.146292,18.087992,18.634455,14.054306,13.795147,10.43702,7.405084,5.9559097,3.9960384,6.539719,7.9479156,11.624837,12.776517,10.483216,14.327536,13.620668,9.226918,10.562812,6.4355197,11.40244,9.5386095,13.932415,16.35136,19.556087,24.467112,23.54235,19.706675,24.89867,19.80955,22.001488,24.496248,21.510506,17.817305,19.558832,16.047499,20.826075,17.484419,22.758547,25.758448,23.432922,19.900797,20.285559,14.288748,15.43475,12.230298,12.629227
16,26.103355,24.11479,20.626936,20.096365,15.791492,12.967896,10.467773,6.9442754,6.7492266,4.2095065,8.707196,8.1755905,10.853595,11.436827,7.4833555,5.730756,0.0,5.0530562,4.9318523,10.206229,10.801885,15.02774,16.191502,20.039991,17.642977,23.223457,19.773218,20.127285,15.864686,18.625748,13.0758915,18.295393,17.163395,20.8847,19.990013,22.24405,25.254642,24.6226,22.322704,20.114016,15.533237,15.240437,12.571283,11.524161,11.144202,10.516947,13.271651,13.689593,18.02379,16.616522,16.180613,16.874315,15.838433,19.498526,20.189516,23.433186,24.7087,26.21881,24.26198,25.974613,25.583601,21.547882,21.519394,15.940031,19.58246,15.790051,20.861423,18.89299,21.591417,20.094194,15.980759,15.211938,11.369707,9.359452,6.289932,6.5448403,5.5465283,7.738007,10.123037,12.999423,16.355946,18.042124,15.445233,19.401703,19.278347,14.871104,15.846852,11.1228285,15.6295,11.7917595,16.24309,17.069262,20.29213,25.07982,24.402838,21.903988,26.552797,22.668524,24.203089,27.313154,23.768341,20.33495,21.040766,17.693146,21.69697,17.699022,22.68066,25.171318,22.679087,19.23992,20.158588,14.8243885,15.92801,14.127993,13.783585
17,23.499321,20.895449,17.99982,16.711288,12.152803,10.427976,6.455859,6.2323422,5.4227195,6.7733493,10.706127,12.039063,13.798171,13.698439,10.203939,6.416273,5.0530562,0.0,5.3297195,7.518414,10.289904,12.411702,13.978826,16.933315,13.509706,19.24863,15.240526,15.443162,11.0398,13.752853,8.4552355,13.881367,14.268392,17.939362,18.05442,20.558405,23.75011,23.860777,21.73266,19.00242,14.18065,14.741451,10.553605,11.319273,9.422643,10.226283,12.183037,13.482586,16.882412,16.079165,14.707223,15.938037,13.615943,17.12566,17.993206,20.374449,22.365557,22.939249,20.608416,22.248857,22.8489,18.414038,17.63185,12.285675,15.446444,11.773317,16.811075,15.3710375,17.764963,16.974504,13.047525,12.964832,8.474602,8.574756,6.1563454,3.8045058,6.4134717,7.1898994,11.190551,13.619487,17.315388,18.592066,16.811241,20.464127,19.041231,14.42577,14.235518,9.2861,12.469911,7.354324,11.507263,12.032687,15.242593,20.047274,19.553923,17.288115,22.238165,18.959291,20.891209,24.296558,21.256361,17.616453,18.126959,13.930835,17.780962,13.250985,18.180916,20.876253,18.855993,15.368054,17.311846,11.629477,13.994128,12.380602,13.514597
18,21.329605,19.593346,15.8419895,15.886648,11.742633,8.693615,7.367687,4.2933626,7.153052,7.0367837,12.535258,12.639395,15.47194,16.285984,12.363293,9.83778,4.9318523,5.3297195,0.0,5.9038844,6.0750575,10.336342,11.76374,15.645622,14.143858,19.72095,16.987413,18.229942,14.205978,17.950527,13.181315,18.90324,19.570955,23.037348,23.17018,25.391237,28.721241,28.561308,26.332132,23.702295,18.974813,18.655182,15.101445,14.071041,12.080621,11.101165,12.250314,11.66348,16.267008,16.353834,15.797324,17.891949,16.836206,20.657316,22.478428,24.709902,27.071459,27.861694,25.646675,27.47687,28.130432,23.743002,22.824238,17.404158,19.852194,15.701316,20.100056,17.805403,19.378641,17.792696,14.0137005,12.1220665,9.065334,6.2840357,5.1149526,7.47533,8.8731575,11.402824,14.532812,17.463015,20.969616,22.532053,20.01528,23.780352,23.260298,18.612835,18.706474,13.668987,17.180954,12.103177,16.050314,15.481209,18.575832,23.009853,22.353065,21.09997,25.111609,22.55359,23.622822,27.26376,23.600065,20.418945,20.171412,16.84652,19.909893,15.498059,19.947725,21.974749,19.530708,16.312613,18.018242,13.500554,15.026057,14.587151,14.517627
19,16.68376,14.568201,10.900506,11.26752,6.841066,5.651712,4.572596,7.128995,10.127304,12.123393,17.259563,18.158068,20.60568,20.93029,17.178549,13.811765,10.206229,7.518414,5.9038844,0.0,5.7766247,5.067439,6.801067,9.925215,8.460765,14.009054,11.76999,13.811307,10.429624,15.004599,11.771952,17.587078,20.237473,23.675846,24.711313,27.25411,30.566446,31.016642,28.769596,25.54582,20.878765,20.691845,16.234655,15.915154,12.375908,12.034129,11.29828,10.810551,14.233307,15.862533,14.6304245,17.930098,16.311918,19.888197,22.71105,23.566109,27.123106,26.93395,24.517658,26.514833,28.444658,23.909134,21.853367,16.980253,17.74531,13.6289015,16.885258,14.6361475,14.856501,13.675433,10.631604,8.31831,6.192214,5.559897,7.061366,8.8386755,12.231589,14.351377,18.162304,21.039652,24.658085,26.071396,24.253798,27.855297,26.387877,21.717012,20.909752,16.008497,17.928432,11.817472,14.36451,12.080135,14.61007,18.49704,18.48191,18.760767,22.489872,21.647806,22.774843,26.87409,23.74059,20.679398,19.682316,15.799345,17.694134,12.464775,15.930073,17.613523,15.970369,13.098178,16.720509,12.9742985,15.7352495,16.235722,17.305767
20,16.050032,15.026501,11.07557,11.893482,9.025792,5.183356,7.8473196,5.909117,10.391855,11.5574045,17.059254,17.625858,20.57033,21.918882,18.061243,15.365871,10.801885,10.289904,6.0750575,5.7766247,0.0,6.8694243,9.476862,12.77007,13.24929,18.462673,16.960377,19.348158,15.916885,20.186918,16.67388,21.99478,24.171291,26.800495,28.047453,29.767849,33.569527,33.819492,31.922108,29.264803,24.462116,24.432577,20.437197,19.657465,16.91298,15.795643,15.503786,13.713873,18.187862,19.855938,19.300598,22.415745,21.353241,25.096727,27.513897,28.949764,32.003815,32.096115,29.594856,31.227928,32.71452,28.012115,26.569666,21.69504,23.228945,19.164532,22.656464,20.324335,20.35676,18.896908,15.980085,12.787975,11.509842,8.63616,9.892586,12.6997595,14.862915,17.161772,20.541487,23.218536,26.82224,28.136868,25.305593,28.753386,28.212912,23.437305,22.822075,17.860521,20.469156,15.210003,18.369053,16.517626,19.313313,22.966408,21.778393,21.958118,24.552969,23.501066,23.607328,27.612156,23.715954,21.207933,19.79033,17.329723,18.923527,14.9207945,18.294422,19.417433,16.726416,14.164591,16.04302,13.512524,14.737254,16.079996,15.860875
21,11.753046,9.994028,5.8795977,7.7721467,4.8834596,5.3517957,7.5000935,10.609142,14.070948,16.495583,21.696882,22.783775,25.323978,25.877684,22.122406,18.695644,15.02774,12.411702,10.336342,5.067439,6.8694243,0.0,4.5274415,6.03608,7.3221536,11.870506,11.364516,14.545225,12.323362,17.05538,15.311484,20.486448,24.280235,27.182184,28.95339,31.262712,34.775345,35.538277,33.45505,30.138853,25.526377,25.437664,20.803095,20.577982,16.67282,16.221989,14.420128,13.140371,15.8717165,18.815338,17.605164,21.60064,20.075794,23.394215,26.744421,26.800468,30.968529,30.17974,27.636137,29.53374,32.203575,27.57354,25.0123,20.767153,20.525225,16.748856,18.782095,16.615595,15.168575,14.248877,12.509647,9.328721,9.5398445,9.16108,11.7169075,13.755408,17.268106,19.322535,23.210974,25.990408,29.645924,30.938902,29.044933,32.48251,30.897243,26.194925,24.933575,20.191393,21.370277,15.350226,16.925905,13.470038,15.285556,18.082651,18.023302,19.913132,22.441591,23.198166,23.712618,28.06013,25.029062,22.49782,20.632673,17.312178,17.735537,12.831396,14.719044,15.408721,14.139488,12.166021,16.556839,14.578169,17.297396,18.928545,20.062965
22,13.699923,12.547453,8.044957,11.587517,8.879027,9.627765,10.557178,13.477454,16.89872,18.600843,23.902185,24.283627,26.95372,27.09455,23.297413,20.224573,16.191502,13.978826,11.76374,6.801067,9.476862,4.5274415,0.0,5.0340805,7.6433854,10.554848,11.321922,14.4128065,12.972425,18.027681,16.340822,22.124952,25.527199,29.387917,30.385715,33.40198,36.386806,36.887886,34.258415,30.550081,26.193775,25.163565,20.92013,19.72456,15.635052,14.623344,11.845158,10.034403,12.118434,15.823774,14.935164,19.430656,18.723785,21.972246,26.262934,25.98456,30.594528,30.119547,27.980423,30.48528,33.122982,28.879889,26.00676,21.462013,20.435656,16.403738,17.689735,14.785787,13.086123,11.275746,10.043151,5.9751225,8.347522,7.9712667,11.342466,14.182537,17.450573,20.179504,23.71012,27.025698,30.467043,32.154926,30.699707,34.43673,32.82092,28.247488,27.396055,22.605679,24.030506,17.715351,19.173399,15.608426,16.916733,19.552168,20.78273,22.8564,25.984978,26.754997,27.71383,32.032356,29.173248,26.410902,24.823023,21.062086,21.72258,16.41543,18.082464,18.747534,18.159674,16.289454,21.000523,18.568472,21.454716,22.61792,23.710428
23,10.767205,9.070398,6.021372,9.399125,8.256884,10.950954,12.119228,16.403145,19.417328,21.988974,27.017721,28.074877,30.46836,30.527246,26.878086,23.346987,20.039991,16.933315,15.645622,9.925215,12.77007,6.03608,5.0340805,0.0,5.970909,7.0497193,9.290811,13.066176,12.821581,17.470493,17.391706,22.191,26.811169,30.064648,31.894098,34.726128,37.819546,38.8134,36.474747,32.68439,28.431051,27.97185,23.297676,23.064054,18.653795,18.430668,15.454519,14.427812,15.1804285,19.216755,17.77795,22.344467,20.926973,23.675966,27.948864,26.794615,31.86236,30.521984,28.181625,30.425978,33.90661,29.606169,26.214954,22.58562,20.663933,17.366142,17.54614,15.437764,12.247547,11.714974,11.876681,9.113619,11.382282,12.511949,15.540938,17.293137,21.114866,23.176624,27.048403,29.98518,33.51165,34.900124,33.676292,37.150383,35.014633,30.494904,29.02908,24.56685,24.95556,18.820127,19.14615,14.766297,15.214297,16.687624,18.197857,21.56546,23.931978,26.083607,26.899498,31.301289,28.955564,26.504023,24.471687,20.80966,20.379541,15.353717,15.525577,15.55552,15.93932,14.875538,20.429852,18.975733,22.239664,23.890625,25.557556
24,14.840402,11.674592,9.958608,9.870005,6.869666,10.349183,9.007118,14.672327,16.437609,19.504427,23.842981,25.443624,27.286837,26.875092,23.564383,19.682415,17.642977,13.509706,14.143858,8.460765,13.24929,7.3221536,7.6433854,5.970909,0.0,6.0860715,4.0649796,7.573133,6.9410553,11.500755,11.874078,16.330637,21.23341,24.509354,26.412672,29.390274,32.295036,33.499897,31.294212,27.489761,23.365538,23.46838,18.48053,19.383121,14.917255,15.855248,13.609085,14.31285,14.697154,17.511372,15.279616,19.185577,16.659683,19.160908,22.79306,21.567406,26.473835,24.834593,22.340584,24.464882,28.063328,23.785957,20.279358,16.958107,14.988898,12.022394,12.561728,11.27664,8.938874,9.636885,9.060732,8.555571,8.516017,11.621997,13.565935,13.557944,17.822834,19.029629,23.097431,25.629791,29.120394,30.27824,29.568039,32.86404,30.188826,25.88061,24.20203,20.10819,19.899609,13.849503,13.576823,9.184009,9.602632,11.95057,13.946294,16.532354,20.044514,21.560677,23.169355,27.411896,25.544895,22.686403,21.271437,16.76424,17.046932,11.412612,12.386615,13.650576,14.297399,12.505616,18.402517,15.733976,19.670387,20.519053,22.886553
25,15.768683,13.137896,12.301657,13.459455,12.119785,15.873896,15.090525,20.623468,22.500643,25.420918,29.756317,31.14977,32.988483,32.28193,29.049347,25.298977,23.223457,19.24863,19.72095,14.009054,18.462673,11.870506,10.554848,7.0497193,6.0860715,0.0,5.5917106,8.733852,10.950617,14.503345,16.422577,20.160967,25.428398,28.939232,30.750635,34.127037,36.570107,37.904068,35.462646,31.311749,27.667557,27.28286,22.595781,23.188084,18.599417,19.435364,16.2625,16.890673,15.492166,19.201128,17.00512,21.256763,19.18126,20.922825,25.444553,22.9747,28.682392,26.574852,24.463297,26.920498,31.18532,27.428827,23.275993,20.733473,17.125027,14.987778,13.121106,12.032575,7.3853903,8.854615,10.873435,10.854956,12.761968,16.002228,18.391964,18.663025,22.773834,24.153292,27.98381,30.673607,33.957283,35.233852,35.02383,38.34435,35.361717,31.280884,29.559683,25.748926,25.082134,19.299318,18.152517,13.552071,12.408865,12.658638,16.384697,20.283941,23.297827,26.054766,27.741777,31.920166,30.581734,27.927229,26.327244,21.915667,21.404764,16.255709,15.560398,15.952766,17.914118,17.062067,23.344795,21.383938,25.384792,26.393951,28.901424
26,17.863829,14.38473,13.602725,12.781481,10.1611395,13.836393,11.538173,17.528868,18.468946,21.676027,25.419205,27.252941,28.682875,27.794579,24.835955,20.87934,19.773218,15.240526,16.987413,11.76999,16.960377,11.364516,11.321922,9.290811,4.0649796,5.5917106,0.0,3.928246,5.565331,9.023562,11.130533,14.583188,19.987534,23.351719,25.28899,28.571682,31.056925,32.512424,30.306328,26.322256,22.624908,22.914238,17.92969,19.557558,15.1255245,16.839127,14.689712,16.378983,15.637973,18.00761,15.306756,18.780914,15.661457,17.440577,21.002922,18.953714,24.199915,21.98709,19.554356,21.760477,25.90017,21.95153,17.927488,15.45564,12.330012,10.347234,9.586589,9.410677,6.7157135,8.996017,9.28709,10.620494,10.221217,14.337174,15.759265,14.688716,18.99052,19.609695,23.589916,25.849852,29.15003,30.177576,30.131508,33.260033,30.034105,26.074114,24.212263,20.6763,19.684109,14.105723,12.658953,8.256417,7.3080125,9.114586,12.690905,15.406106,19.450657,21.232025,23.44051,27.460396,26.28351,23.329483,22.262646,17.358494,17.637125,12.166061,12.597673,14.179933,15.72806,14.133197,20.20157,17.290329,21.560919,21.955967,24.822227
27,21.70194,18.082115,17.37874,16.06508,13.078224,16.36885,13.051259,18.905415,19.001976,22.087309,25.161007,27.088821,28.093552,26.72693,24.16646,20.28901,20.127285,15.443162,18.229942,13.811307,19.348158,14.545225,14.4128065,13.066176,7.573133,8.733852,3.928246,0.0,4.521989,6.1561356,9.369779,12.039628,17.32905,21.047428,22.641478,26.304691,28.304598,29.835678,27.563894,23.465723,20.18211,20.623508,15.775224,18.099787,13.973727,16.439133,14.834596,17.48244,16.220718,17.615154,14.567854,17.2224,13.468104,14.613616,17.799925,15.331079,20.639524,18.163252,15.812355,18.217983,22.501427,18.899635,14.587891,12.641716,8.698848,7.693999,6.262453,7.528714,6.3938622,9.416452,9.530831,12.350343,11.042881,15.741229,16.427282,14.301431,18.403807,18.430859,22.188612,24.174114,27.231564,28.173094,28.75462,31.752901,28.129318,24.55246,22.739555,19.733418,18.336727,13.326857,11.233333,7.811107,6.2566957,8.494567,12.91804,14.551435,19.55279,20.64838,23.540747,27.227121,26.50513,23.31299,22.867691,17.581583,18.494158,13.211712,14.116862,16.273256,17.9051,16.0729,21.769234,18.16489,22.559486,22.241076,25.394636
28,21.130356,17.521626,16.236677,14.480334,10.630298,13.10533,9.068267,14.689168,14.516019,17.613997,20.686436,22.710417,23.756702,22.625376,19.943071,15.942889,15.864686,11.0398,14.205978,10.429624,15.916885,12.323362,12.972425,12.821581,6.9410553,10.950617,5.565331,4.521989,0.0,5.077734,5.5667996,9.82409,14.585151,18.335047,19.86923,23.264256,25.728218,27.0459,24.882704,21.052414,17.184996,17.964428,12.765373,15.284246,11.284198,13.799581,13.046919,15.625504,15.708251,16.495323,13.616472,15.997128,12.067983,14.120345,16.538631,15.559816,19.966408,18.222626,15.583599,17.707863,21.127558,16.950764,13.407928,10.175496,8.521411,6.0405574,8.143669,8.428685,9.090582,10.678899,8.916924,11.171446,8.328381,12.752701,12.873113,10.296811,14.548915,14.4446535,18.465956,20.42552,23.720694,24.642307,24.732227,27.81478,24.519411,20.634594,18.941221,15.516325,14.717696,9.133504,8.119173,5.1809826,6.0140944,10.284024,12.65177,12.841057,18.29253,18.09832,20.915298,24.661175,23.375168,19.952919,19.739073,14.338326,16.159386,10.543131,13.067083,15.730415,16.239134,13.702522,18.778969,14.433675,18.712399,18.11717,21.101212
29,24.970316,21.03214,20.576778,17.847975,14.521462,16.99628,12.660618,17.910746,16.55235,19.825056,21.685495,24.282837,24.58685,23.040096,21.090178,17.130379,18.625748,13.752853,17.950527,15.004599,20.186918,17.05538,18.027681,17.470493,11.500755,14.503345,9.023562,6.1561356,5.077734,0.0,5.7924085,5.9078393,11.830507,14.943457,17.002169,20.34651,22.47543,24.321627,22.61283,18.969545,15.724061,17.623196,12.611206,16.744566,13.603003,16.917522,16.882149,20.060421,19.729515,19.704405,16.612207,17.823647,13.062832,13.971591,14.762605,13.321567,17.222498,14.486086,11.440741,13.007472,17.129877,13.089969,9.033731,7.8952403,5.921091,6.5906506,8.187849,10.590591,11.934779,14.351329,13.013053,16.004494,12.8875,17.296986,16.729836,12.962193,16.69085,15.265721,19.001436,20.011412,22.999523,23.40396,24.22691,26.76396,22.7341,19.483896,17.338413,15.164139,12.9107275,9.220839,6.0997024,5.4050756,4.9420443,8.931796,11.495399,10.353765,16.612417,16.008411,19.616587,22.809706,22.465044,19.036009,19.475317,13.9668045,15.99724,11.464413,13.6746855,16.760763,17.691675,15.373787,19.878683,15.452996,19.74443,18.527842,22.074757
30,25.204824,21.665377,20.068777,17.845928,13.579904,14.590166,9.615855,13.574956,11.8854265,14.497396,16.431553,18.63541,19.112333,17.62182,15.412878,11.5055275,13.0758915,8.4552355,13.181315,11.771952,16.67388,15.311484,16.340822,17.391706,11.874078,16.422577,11.130533,9.369779,5.5667996,5.7924085,0.0,6.6773944,9.435705,13.872116,14.614442,18.195122,20.592115,21.662783,19.536375,15.964135,11.828698,13.399952,8.040349,11.945265,9.188209,12.430766,13.480986,16.618698,17.468983,16.611065,13.918681,14.703516,10.246763,12.410365,12.909373,13.653123,16.535269,15.624566,12.932856,14.800524,16.92699,12.539213,10.122385,5.5222244,7.453445,5.1945095,10.102893,10.650146,13.435327,14.355175,11.469622,13.959641,9.653906,13.320132,11.874703,7.4641404,11.006437,9.622846,13.582644,15.045532,18.316236,19.099426,19.394983,22.424768,19.059065,15.300405,13.962143,10.788784,10.486807,5.52796,5.96518,7.007737,9.116206,13.921385,15.0125475,12.600212,18.945581,16.474518,19.822855,23.043219,21.658003,17.833317,18.699675,13.225225,16.650696,11.770943,15.753682,18.958704,18.57628,15.491797,19.028084,13.468706,17.29669,15.424945,18.357843
31,28.748417,24.770353,24.385126,20.877245,17.514389,18.988129,14.336285,18.223082,15.476203,18.582317,18.913782,22.123117,21.62228,19.960995,18.829418,15.107289,18.295393,13.881367,18.90324,17.587078,21.99478,20.486448,22.124952,22.191,16.330637,20.160967,14.583188,12.039628,9.82409,5.9078393,6.6773944,0.0,7.1930356,9.039705,11.812365,14.565755,16.979067,19.167347,18.25463,15.436974,12.356466,15.988705,11.437782,16.919271,15.143393,18.721268,19.952625,23.265001,23.700539,22.657598,19.790676,19.808332,14.833235,15.543337,13.736785,13.945247,15.609396,13.128449,9.672812,9.636599,12.804678,8.04276,5.474231,5.8958926,8.203764,9.661299,12.824811,15.18666,17.537241,19.513285,17.410923,20.228266,16.207134,19.88903,18.334286,13.605231,16.384037,13.495286,16.835041,16.564524,19.35584,19.068588,20.088934,22.007076,17.583483,14.822028,12.308908,11.498684,8.180518,7.5317264,4.3903985,8.15927,9.104712,12.878683,13.230246,8.981361,15.818223,12.786526,17.045918,19.453226,19.441387,15.840417,17.426558,12.222594,15.508992,12.452317,15.671504,19.166084,19.261915,16.674303,19.457062,14.460897,18.144747,15.870352,19.59236
32,34.015217,30.335922,29.088017,26.139042,22.16808,22.47572,17.561272,19.509022,15.966166,17.467985,16.17814,18.787603,17.44048,14.906974,14.947508,12.504085,17.163395,14.268392,19.570955,20.237473,24.171291,24.280235,25.527199,26.811169,21.23341,25.428398,19.987534,17.32905,14.585151,11.830507,9.435705,7.1930356,0.0,7.123912,5.3422513,9.990967,11.272421,12.56243,11.120829,8.575268,5.806164,10.731611,7.9980865,13.94047,14.25263,17.79183,20.369627,23.994785,24.785692,22.258589,19.896896,18.256954,13.809349,14.25473,9.976791,12.9269905,11.79639,11.690663,9.3940325,9.600256,8.679014,4.4476132,6.3610826,5.139665,10.719667,11.748844,15.968644,17.64189,21.480898,22.565264,19.730913,22.707355,18.183758,21.071766,18.472416,13.330586,14.145927,10.207366,11.949026,10.645712,12.737272,12.357445,14.506058,16.399435,11.809672,10.022584,9.209079,9.749494,8.569006,10.039285,10.124767,14.322431,15.88377,19.933153,20.227667,15.255842,21.79968,16.799564,20.990267,22.605944,22.190132,18.397226,21.025011,16.43421,20.8471,18.042576,22.147554,25.687614,25.06202,22.050087,23.676872,17.879934,20.576525,17.042398,19.910606
33,35.468822,31.61361,31.27803,27.190924,24.03974,24.319185,19.974794,21.657127,17.56494,19.787958,17.4872,21.306955,19.42962,17.83738,18.38145,15.865707,20.8847,17.939362,23.037348,23.675846,26.800495,27.182184,29.387917,30.064648,24.509354,28.939232,23.351719,21.047428,18.335047,14.943457,13.872116,9.039705,7.123912,0.0,6.7153344,6.0741596,9.632106,12.603309,13.944389,13.6549015,11.810614,17.371311,14.76161,20.54939,20.607332,23.948904,26.387964,29.588997,30.839048,28.824465,26.397171,25.218185,20.666761,21.14718,16.734552,18.969795,17.391907,16.043743,13.321691,10.872403,10.31768,6.247656,9.456756,11.244696,15.914889,17.394533,21.20445,23.343628,26.331905,27.905344,25.227417,27.718966,23.15432,25.778147,23.325184,18.344315,19.403955,15.167862,17.025799,14.421374,16.297007,14.489233,15.719936,15.94553,10.973644,10.11202,7.220246,10.44763,6.6723623,11.919727,11.1403,15.984103,17.512617,20.84729,19.371023,13.204665,18.563456,12.391873,16.611776,17.090115,17.629686,14.409434,17.72583,14.412425,18.596586,17.884832,21.583258,25.090471,24.220037,21.63607,21.836493,16.985342,18.9345,15.340602,18.5866
34,38.676407,35.031544,33.819786,30.637932,26.77554,26.633587,21.910858,22.86538,18.826517,19.656109,16.8334,19.430607,17.155973,14.445719,15.844907,14.5688095,19.990013,18.05442,23.17018,24.711313,28.047453,28.95339,30.385715,31.894098,26.412672,30.750635,25.28899,22.641478,19.86923,17.002169,14.614442,11.812365,5.3422513,6.7153344,0.0,5.9542966,6.0835505,7.377374,7.326914,7.271607,6.8005447,12.35438,11.694632,17.035284,18.44015,21.679354,24.768925,28.308136,29.365383,26.330177,24.272003,21.946045,18.019274,18.12381,12.570617,16.348118,13.1122055,13.861833,12.359527,11.342514,7.5372186,5.6288013,10.110359,10.373057,15.707716,16.945915,21.052704,22.726429,26.75491,27.723902,24.761896,27.619043,22.987997,25.366335,22.40707,17.410837,17.1772,12.845074,13.095714,10.0768585,10.86742,9.300766,12.432008,13.14131,8.044032,8.555022,8.649891,11.456955,10.608287,14.177228,14.613572,19.191679,20.821257,24.658588,24.366728,18.716993,24.710436,18.682884,22.738089,23.418505,23.284777,19.801685,23.107105,19.391756,24.032328,22.155067,26.352095,29.916489,28.981396,26.003479,26.601274,20.967735,22.846334,18.784075,21.203638
