,0,1,2,3,4,5,6,7,8,9,10,11,12,13,14,15,16,17,18,19,20,21,22,23,24,25,26,27,28,29,30,31,32,33,34,35,36,37,38,39,40,41,42,43,44,45,46,47,48,49,50,51,52,53,54,55,56,57,58,59,60,61,62,63,64,65,66,67,68,69,70,71,72,73,74,75,76,77,78,79,80,81,82,83,84,85,86,87,88,89,90,91,92,93,94,95,96,97,98,99,100,101,102,103,104,105,106,107,108,109,110,111
0,0.0,4.096808,6.8296385,9.947482,11.567992,14.279287,17.178036,20.593405,22.924623,25.996176,29.044935,32.82331,33.96913,30.862726,31.155806,27.098574,27.966223,24.288673,25.279428,24.05209,24.53924,24.14814,24.2164,27.597906,26.707859,29.541002,26.91035,27.419285,24.727118,23.517656,23.598917,21.161709,26.009377,22.902649,28.658298,27.480366,32.7059,36.372223,35.95339,35.128876,31.19669,35.25473,30.195797,34.394104,31.551243,33.808395,33.77396,34.43129,36.826374,37.94754,35.880737,37.586628,33.440876,35.321976,33.932297,34.881367,36.619415,33.650616,30.136374,28.05508,29.863657,25.53872,25.476377,26.704628,28.739445,28.414043,31.828588,32.723618,32.665657,33.34172,31.007952,30.575003,28.010723,29.21351,29.460228,27.412395,30.943886,29.320772,33.418907,33.83349,37.290054,37.14143,38.244633,38.66856,34.16684,31.34116,27.527172,26.360353,21.895483,21.291069,18.685879,17.099117,18.666622,18.353926,21.514868,26.422867,22.413483,19.32215,18.120499,14.661468,17.79435,13.077391,17.369822,16.558876,15.784816,18.470417,19.042088,21.111704,20.393793,24.722605,25.620075,29.625002
1,4.096808,0.0,3.550737,7.722365,9.463885,12.995594,14.79985,18.9743,20.676046,24.068663,26.750807,30.542612,32.10738,29.17948,29.966915,26.050167,27.697308,24.086876,25.7255,24.791258,25.952839,25.899788,25.501303,29.281282,27.635715,31.001104,27.739592,27.696423,24.8023,23.039818,22.835648,19.722063,23.94462,19.958204,25.992851,24.244078,29.50989,33.33301,33.301136,32.890354,29.213535,33.665623,28.846457,33.37552,31.061552,33.533993,33.995476,34.962246,37.460625,38.011383,35.940372,37.126286,32.847317,34.542053,32.445087,33.81053,34.859535,32.07145,28.623169,26.213192,27.366175,23.259745,23.89167,25.513548,28.108187,28.086432,31.824558,32.920013,33.48083,34.23774,31.6318,31.61532,28.54549,29.85019,29.58811,27.022526,30.229254,28.092253,31.98292,31.90645,35.30823,34.83528,35.883224,35.943058,31.237556,28.769989,24.849594,24.301392,19.358433,19.862177,17.195406,16.343727,18.693596,18.257015,22.385155,27.051527,23.458618,19.92859,19.34452,15.509457,18.650412,14.58015,17.967714,18.14405,17.82543,19.80387,19.85664,21.320812,19.971117,24.253498,24.43974,28.62523
2,6.8296385,3.550737,0.0,6.1334295,6.3664737,10.235017,11.750239,15.846399,17.250843,20.81426,23.274843,27.152092,28.777094,25.88943,26.879969,23.102951,25.068998,21.695164,23.565392,23.069002,24.52442,25.032131,24.45721,28.690948,26.54478,30.582891,27.011553,26.749119,23.473959,21.797073,20.849335,18.014067,21.474977,17.348469,23.267023,21.300718,26.652163,30.534918,30.366894,30.198055,26.4514,30.97709,26.269459,30.785265,28.787878,31.215378,32.008907,33.007626,35.762585,35.95309,34.016144,34.936985,30.772924,32.569347,30.251541,32.108425,32.800896,30.469616,27.057392,24.835726,25.39405,21.157658,22.21463,23.410713,26.590734,26.38067,30.542904,31.469799,32.526493,33.08157,30.167372,30.22694,26.81928,27.93583,27.334764,24.631964,27.554256,25.255865,29.027632,28.810013,32.266335,31.72505,32.552883,32.57936,27.903444,25.52833,21.557653,21.23017,16.25878,17.19509,15.042914,14.635549,17.411642,17.615723,22.1195,26.686676,23.699453,20.025162,19.599691,15.251358,17.815931,14.216595,16.367855,17.110903,17.09232,18.357609,18.038809,18.975914,17.301487,21.438263,21.272268,25.511612
3,9.947482,7.722365,6.1334295,0.0,5.2305107,7.830415,8.349791,13.320733,15.453895,18.057507,21.565037,24.63662,26.283602,23.56085,24.331684,20.311018,22.84665,18.707699,21.723524,20.210876,23.079914,22.48865,21.014309,25.026857,22.234531,26.15569,22.038792,21.285545,18.25972,15.977522,15.665464,12.083192,16.338764,13.091518,18.809305,18.085049,23.106394,26.5952,26.255445,25.423706,21.81789,26.284126,21.550999,26.361506,24.329546,27.196688,28.015291,29.65864,31.77294,31.713596,29.485926,30.18314,25.6954,27.13093,24.755497,26.229992,27.14968,24.510519,21.062786,18.906607,20.06574,15.698174,16.260664,17.969175,20.803099,21.089376,25.003212,26.344711,27.60362,28.561546,25.802752,26.632734,23.057856,25.06955,24.290522,20.895452,24.01839,21.468695,25.275536,25.104769,28.304104,27.920856,29.583971,29.880873,25.328375,22.302595,18.668015,17.522907,12.744164,12.939514,9.657465,9.350484,12.429371,11.969665,17.10946,21.269182,18.717937,14.821151,15.064193,10.862509,13.661121,11.506091,13.610216,15.942946,17.257423,18.401608,17.125862,19.491133,15.921079,20.569494,20.096474,24.168026
4,11.567992,9.463885,6.3664737,5.2305107,0.0,4.147507,5.9893403,9.5371685,11.462596,14.628404,17.639328,21.289068,22.681538,19.755325,20.63966,16.821213,19.214699,15.824434,18.386246,18.072678,20.456465,21.307175,20.23109,24.97293,22.032003,26.968771,23.006664,22.480433,18.703918,17.433317,15.324338,13.5363455,16.111485,13.127821,18.253185,17.057737,22.310686,25.934273,25.02761,24.656567,20.573946,24.89124,20.163412,24.545134,22.756712,25.155691,26.287151,27.459215,30.348,30.096838,28.28777,28.95374,24.966858,26.96216,24.752281,27.102259,27.73908,26.072733,22.711922,21.240225,21.411947,16.723305,17.810656,17.887373,21.695524,21.052813,25.721992,26.334875,28.041075,28.320377,25.051662,25.352224,21.51069,22.619356,21.570305,18.574999,21.286007,18.90463,22.681181,22.62844,26.154211,25.844051,26.703226,27.145447,22.781649,19.88172,16.058153,15.11862,10.660416,11.022633,9.810638,9.849855,13.003022,14.470567,19.112186,23.362068,21.52269,17.908543,17.66738,12.846334,14.133797,11.945126,11.816277,14.0127325,15.093235,15.222075,13.86572,14.987798,11.782187,16.068275,15.521062,19.72567
5,14.279287,12.995594,10.235017,7.830415,4.147507,0.0,5.3368883,6.41011,9.681504,11.89972,15.701968,19.028852,19.85807,16.774687,17.122099,13.087516,15.268177,11.685576,14.528048,14.161449,17.044641,18.018074,16.75034,21.746857,18.53049,23.964855,20.03657,19.628431,15.528754,15.048761,12.064879,11.926478,14.176286,13.08893,17.041147,16.95979,21.845812,25.0571,23.35645,22.514639,18.022146,21.807232,16.872505,20.88509,18.855328,21.100798,22.198936,23.334358,26.306046,26.043102,24.328564,25.137732,21.36953,23.678596,22.072746,24.512001,25.572525,24.30551,20.990744,20.333347,20.685719,15.689344,16.210268,15.002591,18.91805,17.664108,22.576893,22.787554,24.673044,24.665033,21.224405,21.475243,17.50931,18.561138,17.432583,14.488451,17.32727,15.279408,19.261995,19.76175,23.355955,23.486158,24.416168,25.443867,21.574219,18.06234,14.622717,12.560872,9.416163,7.739743,7.756141,7.4757195,10.23365,12.966872,17.016422,21.092371,19.976936,16.72195,16.312572,11.471861,11.4801655,10.354784,8.362607,11.457356,13.304481,12.771776,10.716626,12.521961,8.174324,12.769193,12.496851,16.49264
6,17.178036,14.79985,11.750239,8.349791,5.9893403,5.3368883,0.0,6.167583,7.495047,9.9293,13.393446,16.289204,18.104464,15.59017,16.950018,13.408073,17.300835,13.961578,17.983082,17.629503,21.464842,22.182076,20.206244,25.02508,20.979042,26.439802,21.782808,20.403097,16.542702,14.818571,11.868492,10.004475,10.563367,7.9354744,12.36455,11.72211,16.727097,20.142313,19.049181,18.754606,14.828814,19.482697,15.160793,19.933939,19.039536,21.789667,23.658443,25.503319,28.14309,26.942163,25.137459,24.928152,20.883604,22.557528,19.569223,22.58603,22.42673,21.410208,18.29749,17.156944,16.351862,11.6909895,13.588038,13.402651,18.089073,17.759567,22.744783,23.519644,26.221933,26.584944,23.105385,24.273573,19.892778,21.43506,19.564856,15.61739,17.652327,14.434643,17.81,17.19834,20.553268,20.061258,21.316362,21.731718,17.401672,14.198521,10.525757,9.5617485,4.7472878,6.700944,6.3286214,8.369434,12.09321,13.765649,18.85877,22.131155,21.579103,18.010077,18.590178,14.213355,14.621847,14.599493,12.684132,16.557453,18.625597,17.858639,15.484359,16.573637,11.5117235,15.304332,13.433917,17.357908
7,20.593405,18.9743,15.846399,13.320733,9.5371685,6.41011,6.167583,0.0,4.566923,5.5939217,9.760928,12.79871,13.448982,10.413657,11.203321,7.607041,11.432252,9.0665,12.9204235,13.787441,17.498503,19.451553,17.75266,23.007172,18.883768,25.215212,21.032465,20.102377,15.720931,15.760729,10.94226,12.607826,11.578348,11.995392,13.738847,14.112449,18.307545,21.109894,18.597889,18.13342,13.441607,16.94934,12.576106,16.175192,15.304571,17.29131,19.409832,20.727385,24.087961,22.738749,21.480469,21.430523,18.26853,20.757423,18.851967,22.452929,22.670212,22.800442,19.971308,20.182749,19.201857,14.537379,15.770877,12.885458,17.965345,16.210796,21.71256,21.419088,24.472118,23.986845,20.077623,20.683405,16.171618,16.713818,14.449297,11.070687,12.554718,9.962254,13.511241,13.834696,17.584581,17.793428,18.251596,19.612091,16.31292,12.584743,9.635734,7.2120233,6.4993954,5.0881376,8.741689,10.01783,12.45138,16.00067,19.718954,22.781208,23.141438,20.250751,20.256662,15.931982,14.535729,15.245467,10.780365,14.698695,16.975517,14.928349,12.063399,12.40398,6.6662,9.58338,7.5297213,11.291664
8,22.924623,20.676046,17.250843,15.453895,11.462596,9.681504,7.495047,4.566923,0.0,4.5771866,6.1943574,10.055959,11.701124,9.195009,11.547089,9.395733,13.957915,12.851386,16.38341,17.993107,21.399982,23.87041,22.217794,27.464384,23.17428,29.556604,25.199697,23.912325,19.666855,19.198446,14.437409,15.207158,12.478109,11.42787,12.776339,11.664101,15.820947,18.915169,16.809258,17.577753,13.50384,17.460987,14.140072,17.687506,18.022089,19.872963,22.58969,23.934921,27.449986,25.469662,24.470318,23.689175,20.811419,22.98235,20.126024,24.4328,23.45361,24.194723,21.681847,21.581064,19.298365,15.308339,17.742733,15.376802,20.930223,19.57363,25.08875,24.907932,28.408886,27.912626,23.940605,24.698503,20.121346,20.329796,17.65554,14.33785,14.624146,11.45545,13.859906,12.966,16.64115,16.1334,15.774787,16.419685,12.778532,10.036672,6.6527295,6.922752,5.934164,8.446495,11.748847,13.807835,16.657495,19.695004,23.882885,26.701632,27.166971,24.075497,24.375301,20.01843,18.984663,19.468737,15.282215,18.876583,20.754194,18.467875,15.87938,14.6929455,10.083697,11.45063,7.8863177,11.452264
9,25.996176,24.068663,20.81426,18.057507,14.628404,11.89972,9.9293,5.5939217,4.5771866,0.0,5.4953356,7.31168,8.226979,5.780041,7.890224,6.1461883,11.640159,10.86352,15.08535,16.47295,20.650585,22.832827,20.762375,25.791025,21.096926,27.634026,23.273176,21.78854,17.666698,17.707525,12.394107,14.606855,10.715173,12.31958,11.48318,12.33669,15.283836,17.474483,14.273198,14.402403,10.012825,13.226202,10.201178,13.26815,14.153596,15.930323,19.054462,20.728647,24.016998,21.511587,20.658207,19.470518,16.960169,19.199003,16.691395,21.291338,20.391842,21.835974,19.660841,20.460701,18.217964,14.450705,16.365211,12.749076,18.358828,16.67694,22.179115,21.715569,25.694061,25.037258,21.036337,22.18753,17.550125,17.920475,14.79497,11.171164,10.65181,7.1592684,9.284121,8.736885,12.535739,12.612048,12.671827,14.284924,11.670757,7.762219,6.052931,3.8715453,7.0894427,7.429566,11.819711,13.916307,16.08227,19.479858,23.040375,25.158258,26.516035,23.861097,24.303988,20.466646,18.657906,20.310547,15.335761,19.48894,21.936195,19.368628,16.318155,15.8828745,10.490892,11.176739,7.470592,9.7358055
10,29.044935,26.750807,23.274843,21.565037,17.639328,15.701968,13.393446,9.760928,6.1943574,5.4953356,0.0,4.8910456,6.8580704,5.7067647,9.529441,9.956603,14.715173,15.405599,18.613607,21.04136,24.410576,27.479368,25.77712,30.90864,26.35804,32.989197,28.732134,27.233961,23.147831,23.072073,17.856459,19.515018,14.904829,14.975273,13.840957,12.889287,15.280887,17.560104,14.789294,16.547962,13.2638855,16.205465,14.617657,16.850487,18.666159,19.852062,23.286623,24.542845,28.222551,25.357634,24.97513,23.35776,21.514992,23.590874,20.6188,25.6932,23.80046,25.883154,24.041754,24.569115,21.265047,18.259195,21.000975,17.838814,23.522108,21.943233,27.370405,26.774626,30.922688,30.046198,25.992043,26.855635,22.35386,21.969154,18.71902,15.888661,14.370524,11.391937,11.822552,10.1308365,13.422477,12.702459,10.699284,11.455381,9.134984,7.561857,6.4704995,8.2032175,10.327583,12.733657,16.731264,19.00557,21.424007,24.689117,28.472706,30.63417,31.911165,29.11352,29.548128,25.486311,23.869272,24.985935,20.032175,23.601194,25.516876,22.582146,19.915154,17.803936,13.886104,13.1074505,8.642506,10.095599
11,32.82331,30.542612,27.152092,24.63662,21.289068,19.028852,16.289204,12.79871,10.055959,7.31168,4.8910456,0.0,4.132189,5.5639706,9.256149,10.889859,15.912811,16.780233,20.485409,22.471624,26.506462,29.082775,26.934507,31.687243,26.763906,33.26091,28.9084,27.024734,23.34151,23.27409,18.142212,20.191029,14.419826,16.02376,12.836636,13.259962,13.912626,15.0346155,11.407252,13.310251,10.877189,12.901522,12.86991,14.370534,17.375778,18.507639,22.397396,24.127844,27.280487,23.657413,23.442064,20.987444,19.645517,21.296677,18.130196,23.54876,21.045101,24.028488,22.784262,23.902477,20.187742,18.004747,20.652298,17.143642,22.616888,21.234621,26.300423,25.705294,30.355707,29.523947,25.632133,27.081295,22.658655,22.618519,19.053638,16.01011,13.529846,10.421374,9.114216,6.375103,9.003189,8.206465,5.9145665,7.573035,7.012759,5.2582254,7.132943,8.360537,12.326553,14.215405,18.264244,20.760077,22.832966,25.93293,29.421335,30.79534,32.827614,30.31865,31.077587,27.51975,25.602734,27.58616,22.42958,26.471188,28.816961,25.855377,22.89249,21.46845,17.010698,16.051552,11.831291,11.94673
12,33.96913,32.10738,28.777094,26.283602,22.681538,19.85807,18.104464,13.448982,11.701124,8.226979,6.8580704,4.132189,0.0,3.4473999,6.1515493,9.175555,13.299282,15.176975,18.273216,20.68269,24.418829,27.353758,25.425774,30.075201,25.372704,31.979164,28.090132,26.579226,22.869493,23.673422,18.195507,21.51441,16.240963,18.958029,15.7523,16.977297,17.691544,18.418554,14.143044,15.042674,12.145648,12.62468,12.610508,12.6262,15.558176,15.8936615,19.794239,21.100325,24.530558,20.905722,21.13964,18.930271,18.413109,20.565823,18.626144,23.84138,22.14652,25.330496,24.109118,25.816805,22.76989,20.250841,22.112703,17.58092,22.68541,20.568798,25.567146,24.342215,28.9294,27.63197,23.71474,24.78909,20.646183,20.012672,16.394236,14.198336,10.998566,9.097652,7.2562065,6.4505243,9.052088,9.691685,7.1670027,10.287634,11.010427,8.795996,10.503647,9.94488,14.675224,14.885632,19.460806,21.454224,22.917643,26.583277,29.330397,30.617413,32.944313,30.807919,31.251976,27.837076,25.316946,27.537199,21.813873,25.58468,27.955824,24.662596,21.698614,20.232155,16.155533,14.314323,10.61718,9.361381
13,30.862726,29.17948,25.88943,23.56085,19.755325,16.774687,15.59017,10.413657,9.195009,5.780041,5.7067647,5.5639706,3.4473999,0.0,4.0323715,6.180274,10.518058,12.215473,15.2486105,17.79901,21.366838,24.457754,22.71783,27.597094,23.078949,29.80937,25.99851,24.77331,20.785313,21.774885,16.128174,19.634092,15.191616,17.695267,15.504911,16.597586,18.316322,19.64604,15.593157,16.00072,12.203245,13.31736,11.863049,12.498484,14.354669,14.823232,18.38794,19.46812,23.224955,20.196564,20.209963,18.713446,17.715357,20.268185,18.658852,23.566797,22.566492,25.084837,23.425856,24.953594,22.456524,19.260939,20.86773,16.226925,21.422537,19.031631,24.30841,23.029078,27.276886,25.942162,21.890139,22.62638,18.368296,17.6114,14.120332,11.916824,9.409704,7.5239463,7.4662294,7.699443,11.099703,11.869556,10.211864,12.907044,12.384996,9.423151,9.82163,8.441036,12.778552,12.363699,17.118315,18.83343,20.284771,24.195913,26.919287,28.64266,30.605186,28.403517,28.611208,24.998184,22.463703,24.396255,18.618368,22.244001,24.54085,21.25954,18.3155,16.890038,12.719354,11.034037,7.292572,6.668664
14,31.155806,29.966915,26.879969,24.331684,20.63966,17.122099,16.950018,11.203321,11.547089,7.890224,9.529441,9.256149,6.1515493,4.0323715,0.0,4.3584623,7.221952,9.74309,12.3207035,14.932785,18.452814,21.560488,19.940056,24.629845,20.3439,27.080826,23.747501,22.92866,19.00917,20.873137,15.139951,19.829243,16.207937,19.79899,17.640652,19.603981,21.357958,22.403503,17.953156,17.334127,13.188978,13.103489,11.220971,10.60618,11.697043,11.447411,14.818797,15.560368,19.531458,16.748476,17.013775,16.090036,15.648054,18.706581,18.419401,22.820402,22.836319,25.242455,23.555378,25.597971,23.94485,20.46458,21.154455,15.710884,20.273958,17.19598,22.297316,20.456375,24.500084,22.782745,18.7398,19.144945,15.157076,13.984215,10.445042,9.111035,6.1468315,6.19745,6.6661453,9.04921,12.163406,13.876322,12.890632,16.200003,16.071323,12.574956,12.99815,10.167159,14.782683,12.502367,17.400627,18.489788,19.168713,23.512964,25.376291,26.963367,29.193905,27.434034,27.351349,24.052507,20.932365,23.237566,17.0644,20.491938,22.959616,19.547758,16.5335,15.771147,11.706048,9.6195545,7.3582916,5.4458084
15,27.098574,26.050167,23.102951,20.311018,16.821213,13.087516,13.408073,7.607041,9.395733,6.1461883,9.956603,10.889859,9.175555,6.180274,4.3584623,0.0,5.731046,6.0506725,9.830865,11.6811285,15.75872,18.336517,16.55849,21.529665,17.192984,23.993002,20.434513,19.723654,15.522789,17.292307,11.538259,16.214464,13.720673,17.18569,16.093239,18.159786,20.73514,22.278828,18.239988,17.107115,12.31816,13.305961,9.758109,10.751181,10.334559,11.062228,13.829533,14.871422,18.679924,16.65309,16.195393,15.973626,14.354228,17.53941,17.217485,21.142399,21.790556,23.281542,21.12238,22.861113,21.885334,17.809692,18.149048,12.899868,17.520918,14.458186,19.86169,18.351902,22.024591,20.634117,16.497751,16.95012,12.562236,12.105263,8.843538,6.3150616,5.670391,4.8549695,7.9760528,10.273214,13.814675,15.288972,15.341439,18.176342,16.86301,12.722693,12.046844,8.234997,12.017852,8.614478,13.478261,14.279315,14.988295,19.419386,21.444374,23.463636,25.26142,23.348015,23.178766,19.735956,16.73631,18.942757,12.8841305,16.655529,19.337729,16.2967,13.0639305,13.347551,8.141317,7.7730384,6.066092,6.6369057
16,27.966223,27.697308,25.068998,22.84665,19.214699,15.268177,17.300835,11.432252,13.957915,11.640159,14.715173,15.912811,13.299282,10.518058,7.221952,5.731046,0.0,5.155482,5.2163076,8.730742,11.300873,15.03414,14.2634945,19.097446,15.859004,22.549976,20.194262,20.546787,16.500475,19.568401,14.233845,19.79285,18.655628,22.264523,21.621302,23.727007,26.460764,27.934576,23.720793,22.200163,17.452112,17.372633,13.864373,13.276255,11.364054,10.4822645,11.913033,11.281097,16.06314,15.290336,15.402808,16.643469,16.034115,19.785032,21.10489,24.219294,25.982811,27.22929,25.008018,27.04272,26.899063,22.594498,22.100077,16.50397,19.948622,16.008366,20.856544,18.427217,21.176348,18.968876,14.9377,13.840846,10.360307,7.852023,5.267577,6.7322903,6.8854814,9.286732,11.941101,15.214017,18.346096,20.316677,20.014545,23.188036,22.322727,18.373049,17.6617,13.862743,17.030163,12.610306,16.954342,16.643515,16.257715,21.238825,21.914494,24.159494,25.84328,24.540648,23.627892,20.460207,16.757511,18.69409,12.245002,14.612662,16.998182,13.485773,10.625213,11.103349,7.9642315,6.081059,7.801319,6.847114
17,24.288673,24.086876,21.695164,18.707699,15.824434,11.685576,13.961578,9.0665,12.851386,10.86352,15.405599,16.780233,15.176975,12.215473,9.74309,6.0506725,5.155482,0.0,5.6064067,5.7144103,10.503264,12.319949,10.668801,15.843726,12.057685,18.842981,15.871507,16.104324,11.82346,14.719213,9.649617,15.176787,15.312837,19.058304,19.125526,21.627287,24.734806,26.411406,22.607668,20.52653,15.567887,16.307817,11.685177,12.686297,9.647443,10.388547,11.309074,11.929671,15.6091175,15.264811,14.303291,15.825026,13.7721815,17.33466,18.460052,20.975904,23.270456,23.622429,21.059692,22.855795,23.46363,18.855669,17.83189,12.640111,15.83567,12.128081,17.180452,15.388978,17.906708,16.40725,12.343354,12.036471,7.736154,7.6699452,5.7697053,4.201051,7.3915977,8.42339,12.353369,15.287001,18.52931,20.283422,21.1003,23.93506,22.229374,17.764206,16.508389,12.043099,14.339673,8.754354,12.447966,11.71743,11.103032,16.094748,16.937515,19.443085,20.85538,19.405445,18.599653,15.465343,11.800267,14.207949,7.8796167,11.509957,14.635475,12.074273,8.681725,11.572264,6.4118853,8.091311,9.400311,10.51211
18,25.279428,25.7255,23.565392,21.723524,18.386246,14.528048,17.983082,12.9204235,16.38341,15.08535,18.613607,20.485409,18.273216,15.2486105,12.3207035,9.830865,5.2163076,5.6064067,0.0,5.3596687,6.1625614,10.632466,10.929139,15.852222,13.827662,20.084576,18.520733,19.767614,15.837887,19.359253,14.8751955,20.241587,20.858955,24.047024,24.50095,26.483479,29.811293,31.614637,27.719458,25.863102,20.939693,21.214111,16.993341,16.93722,13.694435,13.004386,12.803705,11.386286,16.021559,16.916674,16.65953,19.124077,18.087463,21.88944,23.777054,26.014265,28.672213,29.025791,26.453897,28.228647,29.013477,24.313486,23.19737,18.112295,20.69625,16.65074,21.041332,18.58654,20.064592,17.801218,14.115456,11.791951,9.171977,6.159995,6.2824125,8.760732,10.933852,13.217906,16.532684,19.772772,22.975239,24.880812,24.928217,27.899231,26.482431,22.388878,21.029057,17.074411,19.016546,13.901407,17.247921,15.925598,14.854337,19.927633,19.816498,22.705585,23.644436,22.61501,21.048306,17.997383,14.17053,15.410107,9.319619,10.254965,12.472883,9.120202,6.6126485,8.971776,7.3508067,7.1567345,10.725261,10.975866
19,24.05209,24.791258,23.069002,20.210876,18.072678,14.161449,17.629503,13.787441,17.993107,16.47295,21.04136,22.471624,20.68269,17.79901,14.932785,11.6811285,8.730742,5.7144103,5.3596687,0.0,6.2994127,6.6726394,5.7166724,10.887749,8.617523,14.850654,13.2771,14.882513,11.276152,15.287257,11.844644,17.384691,19.299252,23.158577,23.750975,26.514296,29.759777,31.381987,27.644966,25.003845,20.1991,20.421984,15.763851,16.185905,11.848706,12.0132265,10.78715,10.434419,13.613153,15.245393,14.128836,17.22405,15.445674,19.032362,21.512203,22.735292,26.303415,25.91833,23.268333,25.180729,26.983137,22.297361,20.234533,15.460364,16.841377,12.837735,16.651854,14.427537,15.241839,13.400482,9.932862,8.0248,5.273079,5.2554903,6.6090903,7.7779665,11.501312,13.491646,17.222912,20.528254,23.471071,25.477468,26.588768,29.550974,27.849781,23.282845,21.928408,17.333336,18.973694,12.894655,15.12974,13.13171,10.964547,15.879451,14.831266,17.571262,18.627527,18.047207,16.424759,14.150479,9.847811,12.287845,6.861243,8.7840185,12.087044,10.354928,7.7017856,12.725739,9.603817,11.561131,14.288978,15.13194
20,24.53924,25.952839,24.52442,23.079914,20.456465,17.044641,21.464842,17.498503,21.399982,20.650585,24.410576,26.506462,24.418829,21.366838,18.452814,15.75872,11.300873,10.503264,6.1625614,6.2994127,0.0,6.559504,9.10605,13.02833,13.284007,18.11144,18.026873,20.3658,17.122972,21.037714,17.89521,22.866524,25.03307,28.024845,29.20625,31.24722,34.88507,36.8109,33.109077,30.861654,25.955643,26.20121,21.706638,21.71635,17.6203,16.902275,15.21348,13.0985365,16.871078,19.474403,19.01347,22.544289,21.448847,25.128757,27.760592,28.994429,32.577374,32.15617,29.414125,31.05391,32.81673,27.9623,26.135302,21.644466,23.010193,19.04681,22.415482,19.923494,19.742004,17.431486,14.716277,11.064267,10.581927,8.005057,10.5062275,13.372979,16.29274,18.696777,22.192503,25.536678,28.643032,30.617197,30.983646,33.91737,32.246574,28.035208,26.377829,22.306736,23.44978,17.978678,20.128822,17.867664,15.912036,20.56187,19.110065,22.371056,22.540495,22.163107,19.820683,17.470688,13.742102,14.133186,9.901162,8.058945,9.575701,7.4972944,6.944565,11.104143,11.511061,12.340986,16.351522,16.906683
21,24.14814,25.899788,25.032131,22.48865,21.307175,18.018074,22.182076,19.451553,23.87041,22.832827,27.479368,29.082775,27.353758,24.457754,21.560488,18.336517,15.03414,12.319949,10.632466,6.6726394,6.559504,0.0,4.1104913,6.798913,8.480264,11.938673,12.656724,15.707292,13.484024,17.65373,16.184206,20.8621,24.322964,27.925253,29.165892,31.986654,35.43654,37.111908,33.60421,30.59396,25.972523,26.094053,21.427923,21.79938,16.971277,17.000303,14.379764,13.398389,15.134552,18.556965,17.275326,21.33561,19.648588,22.853262,26.10051,26.092571,30.626213,29.386696,26.672497,28.423563,31.310127,26.647903,23.827852,19.97805,19.770992,16.212713,18.334213,16.241789,14.725944,13.052806,11.358902,8.189617,8.962211,9.396485,12.334988,14.028716,17.80611,19.903198,23.591635,26.942125,29.719463,31.781704,33.17555,36.110672,34.224102,29.597095,28.026466,23.441694,24.341864,18.246733,19.128592,16.27321,13.187298,17.043674,14.037536,16.97906,17.109251,17.591738,15.054729,14.159023,10.289533,11.873616,9.665484,8.721265,11.273525,11.443245,10.552608,16.358526,14.920086,17.16971,20.445383,21.394194
22,24.2164,25.501303,24.45721,21.014309,20.23109,16.75034,20.206244,17.75266,22.217794,20.762375,25.77712,26.934507,25.425774,22.71783,19.940056,16.55849,14.2634945,10.668801,10.929139,5.7166724,9.10605,4.1104913,0.0,5.46951,4.6099052,9.511022,8.975839,11.731709,9.458813,13.853949,12.616464,17.525196,20.959942,25.123951,25.97334,29.271177,32.41454,33.857758,30.377068,27.086603,22.645613,22.714653,18.05483,18.693007,13.762166,14.43204,12.006439,12.2735815,13.312719,16.13437,14.336802,18.137394,15.955982,18.974037,22.21384,22.0069,26.652468,25.34949,22.712677,24.674175,27.700024,23.21699,20.12264,16.235537,15.687267,12.184818,14.322963,12.475941,11.43116,10.238826,8.169088,6.607771,6.269486,8.789027,10.980385,11.489731,15.526691,17.26169,20.943775,24.18462,26.765453,28.824612,30.70741,33.621586,31.74335,26.958908,25.613533,20.796585,21.94303,15.623213,16.312134,13.599784,10.174677,14.035126,10.992465,13.486256,14.405548,14.859536,12.872249,12.250119,7.931645,11.254833,8.685034,9.989279,13.360468,13.36522,11.515464,17.466011,14.455975,17.135483,19.67553,20.73188
23,27.597906,29.281282,28.690948,25.026857,24.97293,21.746857,25.02508,23.007172,27.464384,25.791025,30.90864,31.687243,30.075201,27.597094,24.629845,21.529665,19.097446,15.843726,15.852222,10.887749,13.02833,6.798913,5.46951,0.0,5.5588493,5.389167,8.134968,11.89919,11.689862,16.036861,16.325987,20.825577,24.723574,29.312897,29.92596,33.697567,36.527084,37.63622,34.1534,30.382471,26.366777,25.840324,21.636292,21.762384,16.727343,17.160873,13.833532,14.095591,13.234432,17.136774,15.24997,19.589344,17.862677,20.333212,24.522562,23.13698,28.617626,26.931507,24.61999,26.85658,30.659836,26.584654,22.81382,19.41392,17.263021,14.272354,14.272246,12.4470005,9.150032,8.281968,8.696689,7.368246,9.694969,12.401943,15.037437,15.889685,19.603857,21.603817,24.916988,28.29847,30.458042,32.714325,34.997494,38.05183,36.37623,31.491085,30.407677,25.450739,26.706839,20.374535,20.467327,17.64794,13.814867,16.375565,11.529763,12.657022,13.907946,15.795926,13.732394,14.973709,11.396433,14.718957,13.810144,14.399298,17.285742,17.947594,16.617704,22.600872,19.92192,22.429438,25.017235,25.781988
24,26.707859,27.635715,26.54478,22.234531,22.032003,18.53049,20.979042,18.883768,23.17428,21.096926,26.35804,26.763906,25.372704,23.078949,20.3439,17.192984,15.859004,12.057685,13.827662,8.617523,13.284007,8.480264,4.6099052,5.5588493,0.0,6.8281255,5.2169504,7.8241935,6.6276903,11.44317,11.11206,16.198652,19.438116,24.531641,24.612183,28.673878,31.212711,32.163803,28.63724,24.82417,20.857632,20.398977,16.153162,16.630333,11.663497,12.879094,10.357356,12.054562,11.447267,13.828798,11.422377,15.098666,12.6616,15.228628,19.067173,18.13254,23.299374,21.939163,19.633957,22.127089,25.523611,21.528471,17.862484,13.966678,12.162452,8.800962,9.882208,8.128097,7.0979495,6.656176,5.0212436,6.3826184,6.015217,10.364928,11.78918,11.273741,15.0532465,16.57309,19.857061,23.050333,25.129076,27.314749,29.847286,32.834988,31.19959,26.271687,25.422768,20.371181,22.028109,15.671917,16.05861,13.740095,10.058171,13.137665,9.499847,10.297571,12.797948,13.793099,12.664189,13.105783,9.056411,13.726278,11.4855995,14.05026,17.62853,17.577003,15.303387,21.012165,16.978409,19.636559,21.43039,22.276686
25,29.541002,31.001104,30.582891,26.15569,26.968771,23.964855,26.439802,25.215212,29.556604,27.634026,32.989197,33.26091,31.979164,29.80937,27.080826,23.993002,22.549976,18.842981,20.084576,14.850654,18.11144,11.938673,9.511022,5.389167,6.8281255,0.0,5.5160375,9.166235,11.027512,14.643386,16.542358,20.255417,24.454481,29.454786,29.73425,34.04819,36.411385,37.145794,33.919106,29.707119,26.310814,25.62207,21.837242,22.210052,17.456587,18.552427,15.43168,16.902851,14.532813,17.843576,15.401151,19.251205,17.12891,18.64348,23.034573,20.504683,26.513283,24.296055,22.32765,24.736929,29.210606,25.734606,21.385477,18.840662,15.221514,13.346348,11.400573,10.654666,6.0197206,7.4546885,9.503605,10.628853,12.429611,16.25867,18.222149,18.00236,21.564812,23.042713,26.06822,29.152372,30.853289,33.05099,36.030228,38.970512,37.298058,32.352554,31.538183,26.54711,27.78668,21.673973,21.00624,18.420698,14.517217,15.652697,10.037097,9.058819,11.422366,14.261247,13.028631,15.691164,12.911374,16.97627,16.929848,18.464655,21.574242,22.497303,20.858007,26.922575,23.370647,26.223566,28.190397,29.070593
26,26.91035,27.739592,27.011553,22.038792,23.006664,20.03657,21.782808,21.032465,25.199697,23.273176,28.732134,28.9084,28.090132,25.99851,23.747501,20.434513,20.194262,15.871507,18.520733,13.2771,18.026873,12.656724,8.975839,8.134968,5.2169504,5.5160375,0.0,3.9379315,5.8400617,9.163229,11.479884,14.880281,19.088606,24.137653,24.372171,28.752666,31.048698,31.832483,28.839048,24.684628,21.341482,21.231749,17.2235,18.541729,14.08961,16.196335,14.142638,16.649523,14.956064,16.760284,13.834182,16.701674,13.403159,14.7162285,18.189268,15.948497,21.635012,19.249748,17.030228,19.36299,23.717842,20.230225,15.874647,13.58473,10.015179,8.606398,7.531415,8.026865,6.0604067,8.36459,8.4963665,11.224862,10.795104,15.451293,16.398035,14.726044,18.402401,19.010183,22.152502,24.772707,26.515444,28.432154,31.669706,34.335876,32.408733,27.494331,26.647057,21.762848,22.836515,16.977034,15.997286,13.750133,10.053511,11.0053215,6.346336,5.237683,8.782433,10.577472,10.28139,12.348418,9.677483,14.602195,14.194725,17.117487,20.662777,21.310814,19.09093,24.951668,20.404448,23.662476,24.91041,26.175758
27,27.419285,27.696423,26.749119,21.285545,22.480433,19.628431,20.403097,20.102377,23.912325,21.78854,27.233961,27.024734,26.579226,24.77331,22.92866,19.723654,20.546787,16.104324,19.767614,14.882513,20.3658,15.707292,11.731709,11.89919,7.8241935,9.166235,3.9379315,0.0,4.507952,6.3618283,9.545468,12.330898,16.166918,21.567802,21.351028,26.063372,27.96633,28.520735,25.720654,21.42412,18.499306,18.567705,14.844894,16.739725,12.966445,15.788494,14.635181,17.90683,16.193193,16.770746,13.617006,15.363013,11.331464,11.90976,14.7396555,12.240897,17.87527,15.316013,13.173924,15.749695,20.149006,17.046213,12.491862,10.67236,6.309696,6.2793117,4.958266,7.2408137,7.5629354,10.277204,9.859119,13.575933,12.092403,16.98071,17.093414,14.367238,17.674164,17.544123,20.411371,22.568163,24.042475,25.767975,29.41028,31.877758,29.93045,25.079649,24.46567,19.721981,20.883465,15.507933,14.259334,12.708379,9.6757555,9.885925,7.0562305,4.602156,9.281298,10.245001,11.162308,12.859759,10.766911,15.901677,15.214185,19.006603,22.696693,23.083487,20.50521,25.969522,20.71632,24.039038,24.577028,25.945492
28,24.727118,24.8023,23.473959,18.25972,18.703918,15.528754,16.542702,15.720931,19.666855,17.666698,23.147831,23.34151,22.869493,20.785313,19.00917,15.522789,16.500475,11.82346,15.837887,11.276152,17.122972,13.484024,9.458813,11.689862,6.6276903,11.027512,5.8400617,4.507952,0.0,4.986621,5.6428056,9.916646,13.465163,18.667244,18.756681,23.049545,25.438093,26.42187,23.426315,19.584948,15.881742,16.524805,11.9910755,14.381053,10.402444,13.397607,12.814762,15.846588,15.510668,15.756109,12.846072,14.524064,10.237504,11.941212,13.952789,13.233674,17.837082,15.955294,13.303041,15.553262,18.989395,15.08099,11.242928,8.100202,6.4520025,4.500326,7.4206576,8.193632,9.831152,11.116376,8.981585,12.083655,9.28958,13.936995,13.6593,10.495188,14.175808,13.864286,17.241533,19.459549,21.478725,23.131403,26.297703,28.761755,26.631598,21.736483,20.814278,15.967809,17.13377,11.3388,10.744254,9.133828,6.148406,8.372088,7.3689766,7.9661417,10.849271,10.408472,10.850355,10.717707,7.853476,13.088111,11.236622,15.549162,19.337936,19.297407,16.48937,21.685053,16.254263,19.643633,20.142044,21.704287
29,23.517656,23.039818,21.797073,15.977522,17.433317,15.048761,14.818571,15.760729,19.198446,17.707525,23.072073,23.27409,23.673422,21.774885,20.873137,17.292307,19.568401,14.719213,19.359253,15.287257,21.037714,17.65373,13.853949,16.036861,11.44317,14.643386,9.163229,6.3618283,4.986621,0.0,5.765668,5.9959297,10.863376,15.410644,16.039421,20.264183,22.62316,23.748411,21.592266,17.902142,14.787706,16.661299,12.356346,16.177794,13.398846,16.97351,17.183374,20.479513,20.158592,19.716894,16.746578,17.302935,12.364826,12.859483,12.727753,11.854834,15.642809,12.680079,9.537776,10.931221,14.941482,11.219436,6.9529386,6.8143115,5.372123,6.9822497,9.323323,11.737994,13.626699,15.632067,13.812482,17.063707,14.000446,18.408253,17.63268,13.585388,16.84869,15.231027,18.43739,19.605055,21.493595,22.508837,26.12899,27.965637,25.273033,20.625746,19.467632,15.259823,15.319542,10.878113,8.494631,7.7105904,6.403999,5.7372546,7.7443714,8.177656,10.217358,8.540368,10.422586,10.237577,9.437818,13.874068,13.313262,17.924221,21.513401,21.81195,19.03745,23.824368,18.001114,21.861256,21.584167,23.733978
30,23.598917,22.835648,20.849335,15.665464,15.324338,12.064879,11.868492,10.94226,14.437409,12.394107,17.856459,18.142212,18.195507,16.128174,15.139951,11.538259,14.233845,9.649617,14.8751955,11.844644,17.89521,16.184206,12.616464,16.325987,11.11206,16.542358,11.479884,9.545468,5.6428056,5.765668,0.0,6.6530533,8.425927,13.672247,13.608015,17.648832,20.227571,21.54009,18.587202,15.358827,11.134847,13.073644,7.956311,11.935912,9.3491125,12.86777,13.967595,17.0222,17.963428,16.85762,14.388641,14.645723,10.048732,11.889094,11.557913,13.034636,15.677137,14.627442,11.72057,13.4973545,15.321151,10.896427,8.499043,4.1725883,7.2654495,5.904463,11.031381,11.716169,14.866998,15.526742,12.403472,15.108161,10.96369,14.591333,13.024727,8.41438,11.519854,9.695072,13.310359,14.800993,17.23819,18.450031,21.420067,23.571821,21.128384,16.27967,15.17945,10.416165,11.684959,6.1136503,6.5399566,6.5944133,6.2423987,9.155696,11.443763,12.799184,14.841993,12.95264,13.812608,11.786348,9.574693,13.753537,10.629575,15.787094,19.435568,18.681581,15.485316,19.469492,13.276036,16.63175,16.073893,18.03164
31,21.161709,19.722063,18.014067,12.083192,13.5363455,11.926478,10.004475,12.607826,15.207158,14.606855,19.515018,20.191029,21.51441,19.634092,19.829243,16.214464,19.79285,15.176787,20.241587,17.384691,22.866524,20.8621,17.525196,20.825577,16.198652,20.255417,14.880281,12.330898,9.916646,5.9959297,6.6530533,0.0,6.948029,9.580089,11.542699,14.836517,17.82375,19.695011,18.344727,15.727445,12.613727,16.328884,12.048423,17.149342,15.618221,19.319284,20.552486,23.650352,24.351126,23.1953,20.563816,20.256453,15.288199,15.756882,13.136384,14.165572,15.508985,12.871684,9.38181,8.811238,11.159171,6.4998465,4.564127,6.9380565,9.42486,11.065518,14.656067,16.790014,19.359793,20.921051,18.403471,21.181793,17.310982,20.900953,19.422583,14.740682,17.451015,14.536222,17.71756,17.712202,19.9578,20.131102,23.477772,24.556395,21.085997,16.873747,15.051241,11.894987,10.3384,8.06828,4.2636986,5.867645,7.924671,7.1273756,12.1998005,13.792497,14.383739,11.27155,13.2803135,11.213814,11.652699,14.472279,13.797075,18.647366,21.849243,21.899786,19.103363,22.740124,16.706377,20.73754,19.534674,22.358034
32,26.009377,23.94462,21.474977,16.338764,16.111485,14.176286,10.563367,11.578348,12.478109,10.715173,14.904829,14.419826,16.240963,15.191616,16.207937,13.720673,18.655628,15.312837,20.858955,19.299252,25.03307,24.322964,20.959942,24.723574,19.438116,24.454481,19.088606,16.166918,13.465163,10.863376,8.425927,6.948029,0.0,7.252949,5.3105702,10.128447,11.991856,13.420631,11.466972,9.262319,6.222254,11.040491,8.013826,13.502152,14.089234,17.683413,20.22423,23.54426,24.652575,22.08542,19.98467,18.196396,13.820121,14.057144,9.483938,13.083443,11.895625,11.755866,9.360566,9.830479,8.274639,4.3208094,6.3286276,6.0502357,11.083893,12.250084,16.529762,18.068806,22.088589,23.047762,20.014732,23.033548,18.652428,21.568148,19.041027,13.959447,14.921381,10.953872,12.890906,11.6875305,13.63461,13.361765,16.932283,17.864264,14.74753,10.497403,9.723754,7.0063252,7.65634,7.719921,7.798054,10.829396,13.049708,13.855439,18.167469,18.930302,20.716951,18.009516,19.856138,17.45045,16.833275,19.797419,17.145391,22.291582,25.48591,24.43438,21.253693,23.48098,17.12194,19.900873,17.429293,19.657011
33,22.902649,19.958204,17.348469,13.091518,13.127821,13.08893,7.9354744,11.995392,11.42787,12.31958,14.975273,16.02376,18.958029,17.695267,19.79899,17.18569,22.264523,19.058304,24.047024,23.158577,28.024845,27.925253,25.123951,29.312897,24.531641,29.454786,24.137653,21.567802,18.667244,15.410644,13.672247,9.580089,7.252949,0.0,6.421528,5.863399,10.162082,13.526029,13.886695,14.065091,12.015286,17.463272,14.686338,20.069101,20.586731,23.931568,26.417835,29.222574,30.97058,28.754814,26.744972,25.246157,20.92875,21.285849,16.390928,19.664558,17.651062,16.762712,14.288935,12.310647,9.482564,6.3569593,10.586409,12.750643,17.356432,18.671467,22.960506,24.664196,28.120209,29.1427,25.997639,28.387003,23.903055,26.279299,23.887209,19.088665,20.226604,16.06656,18.134872,16.048817,18.34225,16.962366,19.384033,18.8893,14.283593,11.739827,9.091517,9.77565,5.728472,10.380884,9.073482,12.41594,15.969048,15.946581,21.524736,23.35761,23.63246,20.091057,21.887129,18.666565,19.43849,20.662151,19.156115,23.680382,26.15274,25.441372,22.761484,23.994099,18.389183,21.511456,18.647102,21.841682
34,28.658298,25.992851,23.267023,18.809305,18.253185,17.041147,12.36455,13.738847,12.776339,11.48318,13.840957,12.836636,15.7523,15.504911,17.640652,16.093239,21.621302,19.125526,24.50095,23.750975,29.20625,29.165892,25.97334,29.92596,24.612183,29.73425,24.372171,21.351028,18.756681,16.039421,13.608015,11.542699,5.3105702,6.421528,0.0,5.986244,6.68442,8.496798,7.7113304,7.792082,6.9143534,12.265458,11.175781,16.09817,17.973492,21.231564,24.323088,27.539772,28.924887,25.779284,24.026167,21.509155,17.7321,17.584154,11.900772,16.255396,12.885903,13.846784,12.392533,12.037002,7.531493,6.311431,10.445751,11.073337,15.898986,17.217606,21.312346,22.814774,27.128014,27.980001,24.856333,27.798052,23.302908,25.717953,22.8168,17.884031,17.859459,13.493962,14.192569,11.378245,12.775972,11.209259,14.581403,14.368693,10.801451,7.7982383,7.618724,7.9877133,8.232201,11.490551,11.979106,15.3477955,18.058527,18.646275,23.334263,24.045998,25.70383,22.789738,24.756382,22.094511,21.794235,24.225838,21.487995,26.465876,29.371836,28.0416,24.938044,26.09503,20.055458,22.209984,18.886549,21.014154
35,27.480366,24.244078,21.300718,18.085049,17.057737,16.95979,11.72211,14.112449,11.664101,12.33669,12.889287,13.259962,16.977297,16.597586,19.603981,18.159786,23.727007,21.627287,26.483479,26.514296,31.24722,31.986654,29.271177,33.697567,28.673878,34.04819,28.752666,26.063372,23.049545,20.264183,17.648832,14.836517,10.128447,5.863399,5.986244,0.0,5.42913,9.563832,10.729222,12.95384,12.061288,17.396418,16.081505,20.839787,22.60626,25.568512,28.707987,31.428041,33.50187,30.563278,28.994123,26.745861,23.112104,23.369724,17.868528,22.155918,18.672876,19.295467,17.64122,16.176739,11.399798,10.276421,14.9689455,16.087738,21.168242,22.197525,26.655117,28.012722,32.07037,32.75108,29.374594,31.740992,27.095728,28.90124,26.004307,21.375025,21.345762,16.951296,17.799866,14.58785,16.424873,14.162366,15.841229,14.32604,9.418583,8.674321,6.803201,10.237725,7.951458,13.760352,14.122475,17.53712,20.957872,21.527708,26.85057,28.384945,29.164375,25.763723,27.499506,24.143538,24.425117,25.700449,23.287468,27.754387,30.081556,28.732548,25.99006,26.047626,20.76766,22.786678,19.073725,21.749575
