,0,1,2,3,4,5,6,7,8,9,10,11,12,13,14,15,16,17,18,19,20,21,22,23,24,25,26,27,28,29,30,31,32,33,34,35,36,37,38,39,40,41,42,43,44,45,46,47,48,49,50,51,52,53,54,55,56,57,58,59,60,61,62,63,64,65,66,67,68,69,70,71,72,73,74,75,76,77,78,79,80,81,82,83,84,85,86,87,88,89,90,91,92,93,94,95,96,97,98,99,100,101,102,103,104,105,106,107,108,109,110,111,112
0,0.0,3.4721634,6.2085643,10.176776,12.166393,15.1468315,16.775248,21.473314,23.084618,26.69764,29.273045,33.15429,35.357674,32.99975,34.209217,30.168993,32.18413,27.840803,29.944752,27.498417,29.335222,27.258167,26.532331,28.124943,27.617733,28.477247,26.133278,26.575577,24.816374,23.07456,24.74391,21.360884,26.903664,23.300976,29.364843,28.182074,32.894882,36.318855,37.081127,35.701412,32.1124,36.41169,31.526672,36.097347,33.351288,35.868233,36.113132,37.2695,39.32161,40.18812,37.787907,39.426094,34.95458,36.816246,34.95426,36.00661,37.657837,34.040543,30.540705,28.307945,30.232227,25.92774,25.340889,27.154972,28.180115,28.78315,31.144852,32.863426,32.11742,34.116642,32.99752,32.750683,30.564129,32.871708,32.737144,29.813099,33.47066,31.417536,35.422695,35.168915,38.426025,37.808605,37.311764,38.651516,35.043446,31.776115,27.776005,27.174244,22.212698,22.653612,19.296803,17.964148,19.51305,17.27326,17.776617,22.622623,17.744568,15.334178,13.056453,13.326759,13.559659,16.663174,18.635532,20.826944,20.365282,20.928257,22.564882,22.074654,24.296652,22.886414,27.300358,27.441408,31.780323
1,3.4721634,0.0,3.1829588,7.291097,8.899324,11.689458,13.537986,18.033537,19.75389,23.31548,25.993883,29.876152,31.96946,29.565563,30.761688,26.736834,28.799917,24.519457,26.7,24.43765,26.405836,24.694069,23.915665,26.012854,25.204943,26.748865,24.162027,24.52364,22.333336,20.777445,21.875004,18.830378,24.110565,20.72205,26.623856,25.539633,30.390833,33.693417,34.283184,32.906754,29.139082,33.393974,28.495325,32.99248,30.343147,32.79348,33.21739,34.36218,36.62548,37.304462,34.99658,36.54101,32.15974,34.16235,32.325428,33.700413,35.26304,31.97288,28.42042,26.469757,28.07726,23.558157,23.108164,24.423574,25.8693,26.173317,28.954477,30.451294,30.028421,31.818106,30.405361,30.084053,27.66577,29.817379,29.539783,26.594763,30.17693,28.127184,32.149647,31.953035,35.28718,34.73485,34.06223,35.509228,32.05255,28.652819,24.669016,23.92676,19.110672,19.431849,16.349182,15.170974,17.139072,15.809784,16.381594,21.544683,17.138803,14.704307,12.677649,11.6832695,11.0793085,14.43769,15.732894,18.418047,18.041433,18.749176,19.890125,19.132942,21.208586,19.52924,23.93535,23.981617,28.326948
2,6.2085643,3.1829588,0.0,6.1796994,6.1836805,9.318434,11.599784,15.750982,17.9981,21.167467,24.364363,27.992138,29.891403,27.403269,28.316189,24.181591,26.096436,21.660513,23.938648,21.428045,23.671646,21.763418,20.810625,23.026245,22.053596,23.827929,21.132425,21.520237,19.208197,17.881393,18.879015,16.25943,21.73841,19.107283,24.650742,24.159697,28.932775,32.04107,32.24483,30.567253,26.64288,30.6719,25.67165,30.03174,27.264076,29.708069,30.06372,31.259525,33.456013,34.148544,31.83135,33.449226,29.107603,31.196629,29.63874,30.963343,32.7797,29.597239,26.013166,24.433353,26.207674,21.494509,20.722933,21.614054,22.977667,23.096647,25.927187,27.318014,26.942213,28.678461,27.226011,26.96215,24.524054,26.798784,26.553888,23.615824,27.308676,25.415096,29.510344,29.563221,32.92987,32.59731,31.992111,33.741817,30.342836,26.68418,22.839788,21.588964,17.076244,16.686323,13.569708,12.073699,14.047311,13.271416,13.703763,19.001999,14.987217,12.675199,10.873279,8.958553,8.0390005,11.427306,12.669053,15.5103655,15.423906,16.551275,17.4915,16.452118,19.084066,16.980574,21.592476,21.768217,26.042473
3,10.176776,7.291097,6.1796994,0.0,4.99255,7.7382717,6.9142613,12.539824,13.558939,17.12248,19.68188,23.250135,25.751091,23.69625,25.213415,21.391285,24.539051,20.228685,23.591602,21.574825,24.827894,23.716,22.085148,25.289742,23.022333,26.047667,22.272507,21.647528,18.92403,16.634735,16.892918,13.14251,17.410646,13.510573,19.47032,18.270893,23.141459,26.417477,27.118868,26.049582,22.479715,27.135683,22.586115,27.585186,25.611322,28.377146,29.567347,31.307299,33.57039,33.289783,30.994219,31.715635,27.212507,28.94876,26.29207,28.360022,29.087793,26.270382,22.77327,20.79989,21.47684,16.957249,17.371084,18.782772,21.340351,21.831665,25.396933,26.959524,27.788637,29.478645,27.475052,27.775253,24.461779,26.73183,25.648825,21.914585,24.9847,22.259937,25.984955,25.283337,28.46643,27.692436,27.278423,28.566593,24.888885,21.626865,17.627604,17.33871,12.119532,13.732868,10.805789,11.440179,14.366995,14.086983,16.28239,21.190926,18.25233,15.218949,14.737807,12.007525,8.825019,14.262154,14.001776,18.191088,18.721172,20.267826,19.969515,18.038542,19.90675,16.376612,20.713371,19.615978,23.961983
4,12.166393,8.899324,6.1836805,4.99255,0.0,4.2256584,6.1757936,9.922964,12.572641,15.2437935,18.948908,22.202082,23.997908,21.548239,22.369541,18.232422,20.616764,16.081957,19.141489,16.787943,20.023655,18.727037,17.173197,20.525461,18.408905,21.737114,18.22788,18.048708,14.924494,13.686235,13.400178,11.369447,16.126867,14.331247,19.212664,19.28289,24.024048,26.805239,26.600063,24.84553,20.698574,24.682161,19.726429,24.150898,21.707058,24.233213,25.102802,26.604944,28.970686,29.028841,26.806707,27.994293,23.71448,25.895319,24.200994,26.128918,27.651361,25.11087,21.532244,20.54351,21.681154,16.712547,16.219645,16.168036,18.47763,18.192219,21.878216,22.976023,23.572454,24.989582,22.930614,22.93235,19.79122,22.035028,21.25526,17.886982,21.365576,19.26896,23.335844,23.423332,26.835192,26.639168,26.007536,28.014647,24.753593,20.840633,17.172739,15.478658,11.344169,10.552817,7.8849545,7.31593,10.445473,11.862286,13.03065,18.137493,15.765436,13.493903,12.985667,9.03625,5.3749633,9.840418,9.012206,13.33973,14.047956,15.9234915,15.410269,13.276054,15.942335,12.22864,16.937357,16.543888,20.759441
5,15.1468315,11.689458,9.318434,7.7382717,4.2256584,0.0,5.3985105,6.6566706,9.70177,12.344287,15.984667,19.514227,20.897753,18.227867,19.131437,15.101586,17.365862,13.346213,16.074438,14.717529,17.524578,17.564764,16.460636,20.603956,18.460306,22.742949,19.456564,19.417204,15.605462,15.270962,13.308237,12.823093,16.074606,14.72626,18.872433,18.759521,23.71046,26.187323,25.779016,24.275337,19.781612,23.523119,18.676258,22.602951,20.430382,22.509077,23.719055,24.845394,27.872906,27.713104,25.858,26.965656,23.147535,25.706818,24.215784,26.809954,28.071781,26.322918,22.850317,22.402872,22.715382,17.732473,17.740135,16.373005,19.533607,18.389948,22.759134,23.177212,24.165087,24.963413,22.381037,21.834703,18.442223,19.846878,18.85305,15.829571,19.00891,17.095171,21.188204,21.4378,25.07333,24.972881,23.593304,25.709743,23.056093,18.997131,15.428792,13.541594,10.311,9.170151,8.534622,8.573301,12.11604,15.13361,15.747546,20.750181,18.932858,17.145079,16.560598,12.222057,8.622895,11.278524,8.407996,13.146049,13.496519,14.949951,13.411476,11.087336,12.484573,8.666433,13.066947,12.570948,16.877155
6,16.775248,13.537986,11.599784,6.9142613,6.1757936,5.3985105,0.0,6.18273,7.065929,10.2339115,13.262166,16.548338,18.893957,16.872145,18.458683,14.820056,18.638878,14.677473,18.72073,17.432907,21.338108,21.344215,19.418533,23.735931,20.545639,25.160564,20.951853,19.88702,16.28581,14.541365,12.6036005,10.273965,12.336273,9.530993,14.281428,13.583838,18.605534,21.360125,21.518116,20.54786,16.582859,21.17601,16.848654,21.727917,20.377033,23.005692,24.900007,26.779112,29.404558,28.367466,26.37184,26.537985,22.374947,24.302635,21.53209,24.587116,24.807081,23.131227,19.775414,18.773987,18.221048,13.493318,14.640792,14.355602,18.364496,18.088568,22.686485,23.632296,25.544115,26.63384,23.90813,24.26896,20.282793,22.095215,20.339155,16.31047,18.78547,15.764648,19.36332,18.62444,21.96818,21.329817,20.545477,22.146082,18.835587,15.17007,11.270278,10.609064,5.8121324,7.963143,7.0544286,9.57038,13.264745,15.495032,17.71702,22.192041,20.818491,18.282623,18.518831,14.465533,10.112794,14.732492,12.305979,17.29707,18.276789,20.137302,18.41281,15.678195,16.876797,11.99265,15.774864,13.774632,17.924862
7,21.473314,18.033537,15.750982,12.539824,9.922964,6.6566706,6.18273,0.0,4.6334977,5.7677145,10.10038,13.112093,14.273611,11.6655,12.813669,9.063709,12.697935,9.415065,13.300384,13.212878,16.892136,18.346941,16.80898,21.915865,18.6713,24.376799,20.605417,19.863222,15.56318,15.492002,11.402084,12.381076,12.539643,12.49575,14.698282,14.995242,19.626028,21.443094,20.594212,19.427547,14.786235,18.366451,14.118226,17.832663,16.720552,18.628696,20.87754,22.295223,25.626236,24.360277,22.88794,23.08771,19.739653,22.302544,20.471098,24.125587,24.533407,24.036236,20.9424,21.244446,20.201056,15.621867,16.545101,13.7532215,18.361385,16.660322,21.915052,21.793932,24.114456,24.33142,21.0112,20.755413,16.55061,17.318851,15.2471895,11.751993,13.810761,11.361623,15.149347,15.227843,18.964996,18.94292,17.099617,19.466322,17.355043,13.08521,10.0451355,7.677974,6.7085714,5.7677903,8.506126,10.607694,14.136782,18.411718,19.591702,23.753725,23.302752,21.606878,21.807888,17.145105,13.075625,15.420798,11.218734,16.033682,16.941002,18.622725,15.72436,12.688575,12.827969,7.303118,10.133348,7.741604,11.779866
8,23.084618,19.75389,17.9981,13.558939,12.572641,9.70177,7.065929,4.6334977,0.0,4.6486607,6.397392,10.299796,12.474077,10.588988,13.1061945,10.512729,15.214504,12.95282,16.87177,17.471003,21.011488,22.910593,21.321007,26.459661,22.956768,28.722878,24.643513,23.45969,19.338781,18.496326,14.5311365,14.2859,12.789816,11.036022,13.235361,11.952987,16.866404,18.83621,18.81841,18.779406,14.771673,18.986805,15.665929,19.71706,19.551506,21.508741,24.308067,25.915146,29.24057,27.362755,26.020235,25.476568,22.207785,24.317514,21.440477,25.693108,24.94844,24.835838,21.978655,21.790304,19.552597,15.579251,17.770493,15.798519,21.01611,19.832972,25.17808,25.275425,28.081638,28.352327,24.925764,24.930092,20.538385,21.075682,18.55763,14.900527,15.879798,12.634332,15.510126,14.366076,17.853256,17.07649,14.927723,16.40012,14.216621,10.625684,7.125736,7.3559227,5.9471807,8.866909,11.320266,14.342775,17.947235,21.522408,23.39243,27.521717,26.921822,24.774017,25.083935,20.666937,16.356556,19.637651,15.732548,20.615149,21.41454,22.872732,19.95584,17.101038,16.23631,11.368641,13.00035,9.386267,12.98122
9,26.69764,23.31548,21.167467,17.12248,15.2437935,12.344287,10.2339115,5.7677145,4.6486607,0.0,5.6292033,7.4361362,8.772093,6.726914,8.790636,6.458327,11.84847,10.207943,14.573355,15.508837,19.519196,21.727497,19.900969,25.258415,21.336248,27.642094,23.56715,22.208641,18.028378,17.797184,12.873619,14.272767,11.29615,12.1395235,11.978156,12.412751,16.317394,17.379301,16.290237,15.859244,11.579668,15.039151,12.1322155,15.563757,15.9636345,17.685354,20.90479,22.662033,25.953272,23.571646,22.48555,21.557915,18.77333,20.966053,18.49006,23.090542,22.335108,23.054209,20.524912,21.260695,18.82771,15.191233,17.12408,13.808376,19.297203,17.574528,23.111845,22.738432,26.10408,25.981482,22.296276,22.487906,17.918869,18.193068,15.216567,11.539491,11.6666975,8.328657,10.979519,10.250249,13.942347,13.751848,11.381992,13.832908,12.299872,8.047903,6.12908,4.246743,7.01376,7.8528876,11.754759,14.817802,17.96253,22.359272,24.06186,27.57619,27.884897,26.116104,26.79306,22.15348,17.953203,20.431808,16.133951,20.66544,21.850227,23.60477,20.234879,17.100328,16.493269,11.138113,11.849677,7.888231,10.354233
10,29.273045,25.993883,24.364363,19.68188,18.948908,15.984667,13.262166,10.10038,6.397392,5.6292033,0.0,5.0069313,7.577325,7.071904,10.89408,10.589826,15.740921,15.3311205,18.962246,20.7314,24.077568,26.95173,25.398438,30.795912,26.960106,33.254227,29.131538,27.639433,23.554043,22.895403,18.257347,18.688345,14.831973,13.823921,13.523902,11.788383,15.578775,16.552568,16.597094,17.79188,14.63126,18.232433,16.57255,19.743553,20.934044,22.381582,25.910131,27.503674,30.980679,28.222315,27.412241,25.963308,23.531574,25.352262,22.126799,27.160107,25.294178,26.468801,24.244846,24.474205,20.913504,18.115595,21.07336,18.600903,24.297033,22.914219,28.415817,28.11974,31.67485,31.497534,27.744938,27.8337,23.305908,23.074102,19.971436,16.752638,15.981976,12.652141,13.8314495,11.7744875,14.745808,13.552978,10.124872,10.897581,10.204774,7.79373,6.414484,8.4860115,10.1491585,13.212603,16.5423,19.88425,23.220417,27.107801,29.126156,32.8335,32.79704,30.70971,31.260612,26.782234,22.450043,25.445906,21.186586,25.813095,26.664713,28.00224,24.563957,21.730577,19.88306,15.496641,15.2308235,10.76963,12.492548
11,33.15429,29.876152,27.992138,23.250135,22.202082,19.514227,16.548338,13.112093,10.299796,7.4361362,5.0069313,0.0,4.3411183,5.908179,9.273922,10.397718,15.672097,15.873697,19.810986,21.541662,25.39635,28.172554,26.246199,31.609228,27.304838,33.83293,29.56381,27.69674,23.875017,23.292496,18.392824,19.44163,14.108262,14.846579,12.201098,11.872281,14.018119,13.812555,13.02411,14.526904,12.084075,14.907717,14.61878,17.195555,19.373676,20.707138,24.655807,26.609158,29.687323,26.22338,25.636372,23.416735,21.50102,22.915932,19.56744,24.943375,22.48478,24.606062,22.94301,23.787714,19.720087,17.791485,20.817373,17.879915,23.619747,22.2331,27.603752,27.140272,31.309519,30.951563,27.133839,27.7138,23.129984,22.916632,19.44416,16.23085,14.315164,10.905122,10.534853,7.7685065,10.192895,9.04013,5.119283,6.606593,6.9528565,5.0108147,6.7437854,8.378695,12.0603285,14.435893,18.137106,21.676222,24.567192,28.67246,30.8801,33.937115,34.666416,32.714108,33.70276,29.187223,24.888905,27.691795,23.454453,27.835918,29.09993,30.788704,27.179632,24.122444,22.799715,18.036478,17.385176,13.053494,13.456117
12,35.357674,31.96946,29.891403,25.751091,23.997908,20.897753,18.893957,14.273611,12.474077,8.772093,7.577325,4.3411183,0.0,3.3465006,6.0913644,8.819818,13.116597,14.640789,17.750078,20.257608,23.562433,27.014626,25.441988,30.865341,26.804846,33.55627,29.747004,28.205288,24.263918,24.555256,19.148623,21.523956,16.462006,18.407024,15.441491,16.025957,17.891956,17.168613,15.434965,16.258013,13.506133,14.8156185,14.797642,15.840448,18.23074,18.765524,22.789995,24.27712,27.699175,24.178358,24.083908,21.98458,20.926586,22.741873,20.493757,25.794558,23.890179,26.464947,24.90889,26.405539,22.774054,20.681875,23.062193,19.072926,24.548994,22.427204,27.793919,26.69109,30.839888,29.958399,25.9845,26.140066,21.794281,20.785364,17.288008,15.054265,12.39206,10.155936,9.267523,8.040395,10.469827,10.537689,5.617053,8.439714,10.506058,8.4675865,10.426229,10.206027,14.845586,15.573827,19.849861,22.866116,25.535316,30.305744,31.925577,34.837788,35.883766,34.353447,35.236263,30.539042,26.46211,28.325697,23.720676,27.642822,28.803663,30.323446,26.398138,23.487835,21.744349,17.528294,15.828491,11.8534975,10.857927
13,32.99975,29.565563,27.403269,23.69625,21.548239,18.227867,16.872145,11.6655,10.588988,6.726914,7.071904,5.908179,3.3465006,0.0,4.0830417,5.9689817,10.301349,11.732549,14.668545,17.316906,20.413122,23.998983,22.647352,28.132553,24.345074,31.081856,27.49663,26.279154,22.132849,22.794273,17.254827,20.049782,15.891641,17.916443,15.807908,16.560751,19.188065,18.974024,17.152428,17.235079,13.635122,15.087616,13.956348,15.04509,16.689898,17.152367,20.918518,22.131556,25.870726,22.839859,22.65283,21.19329,19.928228,22.212841,20.497562,25.518847,24.378119,26.445612,24.53639,26.05463,23.046307,20.275908,22.19873,17.874697,23.224373,20.772121,26.246138,25.012897,28.796118,27.864458,23.866648,23.651077,19.342789,18.188124,14.840171,12.747337,10.687948,8.767455,9.2617235,9.123856,12.298599,12.722203,8.429005,11.459036,12.590592,9.494481,10.324348,8.991263,13.503524,13.378111,17.821274,20.469826,23.195993,28.214304,29.46332,32.57865,33.457684,32.093025,32.77377,28.006693,24.049295,25.516394,20.759832,24.60112,25.626083,27.044243,23.085333,20.22833,18.409876,14.263277,12.4962225,8.543959,7.7872252
14,34.209217,30.761688,28.316189,25.213415,22.369541,19.131437,18.458683,12.813669,13.1061945,8.790636,10.89408,9.273922,6.0913644,4.0830417,0.0,4.3633637,7.2160616,9.60398,12.129687,14.896077,18.010883,21.635818,20.314997,25.690601,21.96376,28.792892,25.56458,24.544306,20.50039,21.92098,16.161486,20.178482,16.35487,19.794922,17.213163,19.16659,21.415564,20.87826,18.175188,17.292347,13.449505,13.5233555,12.395493,12.06487,13.691419,13.54939,17.335833,18.388626,22.173965,19.106241,19.20613,17.936884,17.30289,19.912897,19.32535,24.023832,23.61602,25.895674,24.111595,26.283049,23.894003,21.053093,22.19908,17.012966,21.843582,18.821198,24.1018,22.360704,26.154013,24.842644,20.791666,20.468431,16.367243,14.835559,11.395303,10.091409,7.340772,6.984252,7.416685,9.200177,12.286589,13.741808,10.172596,14.023914,15.195314,11.766343,12.929952,10.093111,15.212299,13.357849,18.010284,20.109848,22.338346,27.826715,28.622917,31.306864,32.709457,31.779404,32.55432,27.748142,24.127848,24.723833,19.938646,23.187677,24.391125,25.958712,21.900742,19.043848,17.7795,13.740929,11.635104,8.800022,6.7983336
15,30.168993,26.736834,24.181591,21.391285,18.232422,15.101586,14.820056,9.063709,10.512729,6.458327,10.589826,10.397718,8.819818,5.9689817,4.3633637,0.0,5.729903,5.823781,9.583082,11.458398,15.230458,18.209429,16.70248,22.17423,18.45679,25.207024,21.87319,21.007587,16.760403,18.21503,12.492387,16.603983,13.943608,17.322365,15.805448,17.935413,20.876772,21.02433,18.519316,16.991182,12.386749,13.3866415,10.579473,11.497934,11.800549,12.382588,15.70508,16.950655,20.70049,18.312721,17.8104,17.281315,15.663133,18.585175,18.056353,22.349714,22.648336,24.04197,21.799942,23.75704,22.081587,18.550163,19.235384,14.061098,18.79928,15.755201,21.19612,19.722223,23.123446,22.15244,18.174809,17.839033,13.478482,12.6850395,9.426653,7.0388484,6.2747464,5.3355126,8.251464,10.148535,13.802433,15.0770035,12.400872,16.146364,15.980614,11.725326,11.64935,7.7243695,12.214619,9.350275,14.0044155,15.844727,18.166925,23.6975,24.376808,27.289932,28.455418,27.531433,28.22085,23.404682,19.83357,20.39797,15.639508,19.099308,20.392231,22.160887,18.291677,15.213699,14.743982,9.897819,9.009002,6.3785143,6.4614167
16,32.18413,28.799917,26.096436,24.539051,20.616764,17.365862,18.638878,12.697935,15.214504,11.84847,15.740921,15.672097,13.116597,10.301349,7.2160616,5.729903,0.0,5.1759133,5.1087575,8.724323,10.942123,15.060398,14.52037,19.775923,17.01791,23.646502,21.46212,21.468904,17.349129,20.202425,14.68528,20.043053,18.544537,22.464293,21.106308,23.589672,26.465998,26.437475,23.490843,21.39846,16.835728,16.38673,13.57713,12.264004,11.579004,10.507072,12.9800005,12.853178,17.478699,15.940874,16.089365,16.742796,16.282461,19.826239,21.074938,24.606436,26.008173,27.40215,25.216684,27.676744,26.798971,23.107641,22.882662,17.082306,20.634567,16.691998,21.555555,19.153608,21.827572,20.047974,16.068434,14.497616,11.024211,8.365551,5.7059407,7.0120907,6.7259254,9.148842,11.5992985,14.752892,17.993294,19.877361,17.11342,21.053741,21.47165,17.34363,17.34692,13.156639,17.158041,12.840958,17.114508,17.632431,19.293398,25.375877,24.914532,27.555569,28.997828,28.834736,29.226421,24.45666,21.642975,20.441761,15.574908,17.691618,18.678856,20.086811,15.958022,13.416558,12.7786665,9.731549,7.33478,7.708373,5.8565006
17,27.840803,24.519457,21.660513,20.228685,16.081957,13.346213,14.677473,9.415065,12.95282,10.207943,15.3311205,15.873697,14.640789,11.732549,9.60398,5.823781,5.1759133,0.0,5.5845838,5.685273,10.298502,12.426493,10.953017,16.454716,13.1680565,19.822546,17.06088,16.952993,12.619111,15.287129,9.953632,15.288823,15.000958,18.906837,18.396893,21.154629,24.353548,24.882393,22.164488,19.578579,14.651146,15.222134,11.040003,11.577466,9.622158,10.166576,12.152825,13.052404,16.882776,15.817948,14.929555,15.965766,14.0309925,17.579048,18.474386,21.578651,23.456715,23.93639,21.36932,23.5483,23.357367,19.215479,18.515528,12.983079,16.365118,12.654545,17.72432,15.94701,18.417936,17.381702,13.546378,12.649368,8.424087,8.140243,5.8513656,3.9989402,6.8452296,7.8735776,11.751832,14.493397,18.007841,19.617445,17.818073,21.65911,20.827494,16.249994,15.4209795,10.683507,13.667812,8.322279,12.219768,12.483918,14.1619625,20.207777,19.925081,22.722137,24.02746,23.716715,24.233706,19.462116,16.610039,15.70666,10.996444,13.691065,15.1805105,17.255604,13.589907,10.399038,11.793721,6.908959,7.62008,7.93328,8.910432
18,29.944752,26.7,23.938648,23.591602,19.141489,16.074438,18.72073,13.300384,16.87177,14.573355,18.962246,19.810986,17.750078,14.668545,12.129687,9.583082,5.1087575,5.5845838,0.0,5.303995,5.8829966,10.55738,11.020912,16.056513,14.449276,20.5341,19.214958,20.100368,16.056768,19.615044,14.845269,20.328785,20.580315,24.181091,23.900131,26.327023,29.6826,30.114023,27.32495,24.81459,19.993969,19.83211,16.117203,15.1295,12.919922,11.856526,12.699298,11.617805,16.521156,16.582901,16.454023,18.475576,17.689081,21.52448,23.432842,26.148779,28.504927,29.080624,26.57127,28.877525,28.927248,24.72677,23.771618,18.204758,20.784729,16.64927,20.9784,18.483047,19.91712,18.090084,14.495167,11.777014,9.218095,6.2069116,5.938726,8.362707,10.293399,12.727118,15.917359,19.06964,22.443695,24.256292,21.785124,25.621496,25.511477,21.107065,20.33501,15.925936,18.688477,13.488159,16.90866,16.185246,17.472961,23.61981,22.213882,25.023489,26.154873,26.48469,26.457214,21.850601,19.746805,17.249393,12.524685,13.634724,14.243907,15.413042,11.320211,9.184656,9.342015,7.70789,6.172872,9.140734,8.792977
19,27.498417,24.43765,21.428045,21.574825,16.787943,14.717529,17.432907,13.212878,17.471003,15.508837,20.7314,21.541662,20.257608,17.316906,14.896077,11.458398,8.724323,5.685273,5.303995,0.0,6.2192445,6.8099036,5.926288,11.283615,9.24203,15.40029,13.932887,15.049299,11.189461,15.233555,11.290816,17.029581,18.606743,22.668646,22.761183,25.829924,29.071306,29.757559,26.881556,23.68985,18.875658,18.880123,14.422212,14.168345,10.68195,10.650175,10.452628,10.349872,14.120215,14.902683,13.876596,16.591665,14.911758,18.725769,21.020748,22.862799,26.059853,25.871414,23.223793,25.574398,26.602587,22.253275,20.426966,15.086452,16.587843,12.482979,16.351498,14.115969,15.029438,13.6884985,10.350648,8.137777,5.2375803,5.3825836,6.152215,7.060941,10.760835,12.800266,16.503376,19.646864,22.940264,24.788464,23.36388,27.28436,26.262972,21.625284,20.541128,15.715537,17.702211,11.580718,13.968045,12.382138,12.86709,19.05557,17.399878,19.829512,21.336094,21.922422,22.15364,17.707905,16.086817,13.036092,8.996116,9.578447,11.174061,13.45751,10.270179,7.563363,11.176661,8.2491665,9.755828,12.163819,13.07275
20,29.335222,26.405836,23.671646,24.827894,20.023655,17.524578,21.338108,16.892136,21.011488,19.519196,24.077568,25.39635,23.562433,20.413122,18.010883,15.230458,10.942123,10.298502,5.8829966,6.2192445,0.0,6.5371895,9.142176,12.870751,13.363503,18.040873,18.221119,20.199068,16.735838,20.92503,17.375643,22.70268,24.48587,27.878336,28.367346,30.834463,34.428894,35.15016,32.401928,29.50835,24.654144,24.46669,20.3453,19.335924,16.157673,15.005652,14.113113,11.960539,16.516848,18.36526,18.110113,21.344263,20.556753,24.45607,27.11852,28.90897,32.189213,32.07961,29.412018,31.631641,32.614826,28.135542,26.43346,21.273489,22.58747,18.47807,21.741766,19.161177,18.957024,17.03049,14.361332,10.378212,10.033582,7.5155964,9.75698,12.598236,15.374024,17.912737,21.310572,24.550465,27.903498,29.753447,27.54907,31.359201,30.9312,26.397902,25.191996,20.725967,22.517723,16.8913,19.167904,17.120474,17.644714,23.467342,20.835938,23.51236,24.382399,25.471008,24.952744,20.835762,19.893148,15.677185,11.913356,10.840372,10.737951,11.3607025,7.854072,7.283562,9.015534,10.025081,9.820467,13.839332,14.101044
21,27.258167,24.694069,21.763418,23.716,18.727037,17.564764,21.344215,18.346941,22.910593,21.727497,26.95173,28.172554,27.014626,23.998983,21.635818,18.209429,15.060398,12.426493,10.55738,6.8099036,6.5371895,0.0,4.200024,6.4737306,8.253669,11.690027,12.648511,15.370291,12.816511,17.37467,15.45943,20.501888,23.746185,27.46145,28.34071,31.406431,34.803616,35.764786,32.955563,29.419413,24.75576,24.66876,20.090359,19.708532,15.580766,15.349415,13.250582,12.0697775,14.7839,17.677843,16.542206,20.491844,18.962519,22.585186,25.694136,26.314875,30.5343,29.537706,26.81932,29.013414,31.156574,26.664232,23.991526,19.472178,19.207108,15.514537,17.515625,15.357392,13.76212,12.489617,10.93554,7.4703445,8.456152,9.187414,11.886064,13.468159,17.232903,19.384745,23.054543,26.237692,29.432764,31.310022,30.127533,34.009563,32.72314,28.041061,26.5894,21.879318,22.854677,16.731625,17.609613,14.501974,13.723434,19.040709,15.689222,17.644474,18.95598,20.669033,20.34911,16.777119,16.912874,11.582885,9.715794,6.5550056,7.708211,9.9062195,8.579665,7.8714957,13.060671,12.579369,14.576459,17.9091,19.032684
22,26.532331,23.915665,20.810625,22.085148,17.173197,16.460636,19.418533,16.80898,21.321007,19.900969,25.398438,26.246199,25.441988,22.647352,20.314997,16.70248,14.52037,10.953017,11.020912,5.926288,9.142176,4.200024,0.0,5.5295124,4.421661,9.580281,9.091715,11.375946,8.71692,13.457771,11.751245,16.979506,20.273024,24.4702,25.069624,28.578663,31.651295,32.569927,29.672966,25.899286,21.402317,21.369116,16.682018,16.787556,12.442424,13.029824,11.132411,11.398092,13.264873,15.534259,13.794866,17.486671,15.329213,18.791174,21.788916,22.207125,26.533009,25.39092,22.713026,25.041752,27.378569,23.038986,20.112389,15.606125,15.020424,11.381583,13.460542,11.571012,10.548546,9.855095,7.9737077,6.2446995,5.880879,8.797956,10.697234,11.03035,15.0906,16.849148,20.522223,23.57999,26.61829,28.49114,27.901249,31.801289,30.138754,25.479149,24.149706,19.323528,20.319374,14.025139,14.64229,11.682896,10.462801,16.060911,13.3709345,14.931284,16.968714,18.37405,18.713076,14.954022,14.724172,10.20728,8.560405,6.675636,9.263764,12.411167,11.073188,9.149414,14.818201,12.464513,15.134792,17.58677,18.946415
23,28.124943,26.012854,23.026245,25.289742,20.525461,20.603956,23.735931,21.915865,26.459661,25.258415,30.795912,31.609228,30.865341,28.132553,25.690601,22.17423,19.775923,16.454716,16.056513,11.283615,12.870751,6.4737306,5.5295124,0.0,5.467821,5.3961954,8.179827,11.717586,11.118103,15.690525,15.736974,20.264208,24.376364,28.607159,29.396194,33.144917,36.028084,36.995106,34.0197,29.913284,25.762688,25.420153,20.955332,20.795235,16.292576,16.743994,13.742078,13.68425,13.936937,17.538689,15.7178135,20.04564,18.16853,21.17607,24.876722,24.11964,29.255297,27.572702,25.085854,27.425138,30.664272,26.52962,22.93121,19.185669,17.001078,14.073721,13.970186,12.335741,8.833721,8.563382,9.14606,7.8260446,10.048154,12.937251,15.447816,16.147272,20.019747,21.91714,25.373245,28.499014,31.303993,33.276333,33.07837,37.00894,35.147923,30.533476,29.180483,24.406214,24.999529,18.859514,18.57293,15.022385,12.660173,16.811104,13.03466,13.084785,15.6752205,18.150808,18.429863,15.857207,17.077194,11.627453,12.252301,8.5203285,10.782413,13.719007,13.95583,13.126141,19.067842,17.58302,20.311502,23.026377,24.33522
24,27.617733,25.204943,22.053596,23.022333,18.408905,18.460306,20.545639,18.6713,22.956768,21.336248,26.960106,27.304838,26.804846,24.345074,21.96376,18.45679,17.01791,13.1680565,14.449276,9.24203,13.363503,8.253669,4.421661,5.467821,0.0,6.8395057,5.33906,7.54925,6.2115602,11.152851,10.741595,15.772645,19.29389,24.127253,24.332054,28.47278,30.990734,31.795336,28.707806,24.506804,20.488161,20.169594,15.699855,15.997744,11.504866,12.824768,10.587885,12.148326,12.203725,14.356178,11.960432,15.636182,13.04168,16.019417,19.424679,18.928854,23.857168,22.381008,19.932667,22.554533,25.532263,21.588459,18.028898,13.888904,11.864467,8.623601,9.35687,7.7910533,6.3912644,6.7287965,5.779291,6.878747,6.7031317,11.112644,12.508849,11.95833,15.823484,17.296913,20.635496,23.601345,26.248138,28.204447,28.434534,32.350315,30.308258,25.787334,24.705763,19.876469,20.829813,14.671331,14.612721,11.798495,9.460356,14.442322,12.213938,12.315649,15.614266,17.120985,18.209099,14.930776,14.961693,11.221918,10.933818,9.482112,12.556576,16.033117,15.22203,13.14258,18.927855,15.748507,18.673067,20.46855,21.819197
25,28.477247,26.748865,23.827929,26.047667,21.737114,22.742949,25.160564,24.376799,28.722878,27.642094,33.254227,33.83293,33.55627,31.081856,28.792892,25.207024,23.646502,19.822546,20.5341,15.40029,18.040873,11.690027,9.580281,5.3961954,6.8395057,0.0,5.5209937,9.2139845,10.758417,14.437344,16.291569,19.80082,24.503622,28.836313,29.655855,33.76177,36.212757,37.251717,34.328953,29.938562,26.33371,26.07825,21.803741,22.22098,17.803003,19.009914,16.02061,17.050327,15.745722,19.070757,16.689878,20.685488,18.276949,20.475836,24.13123,22.26648,27.898659,25.51327,23.240728,25.478922,29.566263,25.841074,21.646038,18.983362,15.341078,13.662788,11.650602,11.255899,6.476449,8.343438,10.518047,11.446485,13.18572,17.07435,19.055815,18.791826,22.60639,23.979128,27.237785,30.058867,32.534184,34.418934,35.014885,38.832005,36.444332,31.997513,30.661524,26.07514,26.203333,20.461277,19.22199,15.70095,12.392542,14.905652,11.3947525,9.304441,13.216173,16.030172,17.01051,15.445205,17.28648,12.744716,14.878161,11.812829,14.434019,17.658983,18.459284,17.362638,23.601814,21.32679,24.585176,26.737885,28.320341
26,26.133278,24.162027,21.132425,22.272507,18.22788,19.456564,20.951853,20.605417,24.643513,23.56715,29.131538,29.56381,29.747004,27.49663,25.56458,21.87319,21.46212,17.06088,19.214958,13.932887,18.221119,12.648511,9.091715,8.179827,5.33906,5.5209937,0.0,3.8975549,5.755338,8.973968,11.403634,14.49078,19.22823,23.627335,24.379555,28.58243,30.871881,31.990522,29.24168,24.909262,21.424728,21.727789,17.30184,18.792097,14.6138935,16.812279,14.876902,17.082165,16.078814,17.926388,15.051558,18.088762,14.614596,16.560402,19.283712,17.68979,22.978678,20.373251,17.889318,20.036432,24.056072,20.356861,16.1259,13.759556,10.059117,8.959717,7.5798483,8.4478035,6.089408,8.970906,9.670964,11.972276,11.656557,16.322697,17.27503,15.634738,19.466568,20.034882,23.306784,25.670633,28.080475,29.727297,30.70039,34.326023,31.587566,27.263449,25.911472,21.527792,21.451107,16.056181,14.485469,11.481098,7.9776893,10.876569,8.9993105,7.489674,11.7898,13.385303,15.146374,12.840531,13.662015,10.8911915,12.634248,11.50029,14.694784,18.380182,18.485998,16.477455,22.605797,19.029524,22.685486,23.997164,25.905642
27,26.575577,24.52364,21.520237,21.647528,18.048708,19.417204,19.88702,19.863222,23.45969,22.208641,27.639433,27.69674,28.205288,26.279154,24.544306,21.007587,21.468904,16.952993,20.100368,15.049299,20.199068,15.370291,11.375946,11.717586,7.54925,9.2139845,3.8975549,0.0,4.5123925,6.186762,9.407888,11.933733,16.29711,21.064342,21.384851,25.912447,27.76634,28.798002,26.054722,21.643385,18.55625,19.036652,14.856076,17.029387,13.344717,16.226627,15.063126,18.09154,16.861254,17.596462,14.468519,16.536028,12.407779,13.747506,15.843328,14.074621,19.269133,16.483988,14.044794,16.373182,20.4886,17.1279,12.711083,10.756124,6.3287897,6.4623256,4.894138,7.338647,7.3897276,10.4413395,10.532018,13.811644,12.4400215,17.33812,17.51213,14.957263,18.415348,18.383942,21.355602,23.350119,25.483412,27.013466,28.516466,31.999453,29.001427,24.89833,23.758863,19.597233,19.567924,14.6938715,12.972553,10.962674,7.706093,10.189368,10.270118,8.734951,13.100553,13.705732,16.1126,13.667319,13.594611,12.637521,13.8760395,14.049074,17.327774,21.083117,20.74362,18.259178,24.025572,19.609945,23.278627,23.874214,25.809889
28,24.816374,22.333336,19.208197,18.92403,14.924494,15.605462,16.28581,15.56318,19.338781,18.028378,23.554043,23.875017,24.263918,22.132849,20.50039,16.760403,17.349129,12.619111,16.056768,11.189461,16.735838,12.816511,8.71692,11.118103,6.2115602,10.758417,5.755338,4.5123925,0.0,5.0414643,5.6512103,9.739375,13.770611,18.456797,18.916346,23.104433,25.497692,26.597431,23.925278,19.830444,15.990451,16.899899,12.068247,14.568951,10.769392,13.708661,13.233934,16.060383,16.161777,16.469759,13.589318,15.530188,11.2786875,13.547117,15.086868,14.956376,19.244251,17.165094,14.314412,16.522943,19.550632,15.532519,11.872453,8.453508,6.699008,4.7784495,7.3472733,8.15458,9.379542,11.14237,9.627376,12.052498,9.491444,14.153239,13.955227,11.017174,14.827868,14.679672,18.115007,20.169447,22.748938,24.220196,25.09671,28.634283,25.870531,21.517105,20.19816,15.794097,16.001553,10.554135,9.53528,7.6182566,5.3369474,10.32626,10.410733,11.164714,14.1425705,14.247804,16.091934,12.487546,11.3207245,10.486334,10.256446,11.4306965,14.664308,18.35443,17.350447,14.509212,19.919817,15.207207,18.864023,19.370506,21.421442
29,23.07456,20.777445,17.881393,16.634735,13.686235,15.270962,14.541365,15.492002,18.496326,17.797184,22.895403,23.292496,24.555256,22.794273,21.92098,18.21503,20.202425,15.287129,19.615044,15.233555,20.92503,17.37467,13.457771,15.690525,11.152851,14.437344,8.973968,6.186762,5.0414643,0.0,5.7860823,5.770192,11.053755,14.983401,16.066788,20.10036,22.31379,23.826717,21.769743,17.928982,14.671106,16.84728,12.270516,16.420918,13.603735,17.151505,17.458967,20.6756,20.615475,20.181189,17.18795,18.000357,13.061966,14.203619,13.699286,13.558805,17.03117,13.950075,10.674599,11.960475,15.484397,11.482094,7.4249125,6.7105155,5.135772,6.781524,8.979096,11.443533,13.188516,15.573638,14.30324,17.04716,14.103143,18.5497,17.70555,13.748097,17.065176,15.607426,18.810057,19.826323,22.170553,23.05977,24.60675,27.619394,24.116455,20.13005,18.503891,14.975015,13.958872,10.228044,7.596283,7.0808454,5.4654016,7.8613057,10.440575,11.379196,13.687297,12.523585,15.011146,11.815612,9.980016,11.93251,12.355411,14.663927,17.685434,21.297293,20.508394,17.546263,22.537987,17.263561,21.296223,20.91909,23.480463
30,24.74391,21.875004,18.879015,16.892918,13.400178,13.308237,12.6036005,11.402084,14.5311365,12.873619,18.257347,18.392824,19.148623,17.254827,16.161486,12.492387,14.68528,9.953632,14.845269,11.290816,17.375643,15.45943,11.751245,15.736974,10.741595,16.291569,11.403634,9.407888,5.6512103,5.7860823,0.0,6.5899334,8.648498,13.704131,13.668626,17.801249,20.305077,21.38355,18.87348,15.223467,10.926564,12.923802,7.719076,11.871968,9.3451,12.803959,14.113238,17.210756,18.271656,17.066605,14.539439,14.951697,10.3696575,12.567179,12.147478,14.013263,16.57708,15.30773,12.273511,14.289393,15.721785,11.442298,9.15715,4.3112836,7.175181,5.537236,10.66049,11.259584,14.262739,15.306758,12.6380205,14.736221,10.682685,14.378846,12.788465,8.294132,11.508137,10.002543,13.566357,14.996826,17.787037,18.946938,19.730066,23.101667,20.256336,15.881382,14.612261,10.229234,10.925196,5.7434344,6.146467,7.0637646,7.60331,12.50197,14.0824375,15.934986,17.938507,16.948105,18.702522,14.506328,11.581158,12.930648,10.91064,14.049391,16.838755,20.168257,18.234592,14.863272,18.895012,13.1349125,16.486252,15.773116,17.960615
31,21.360884,18.830378,16.25943,13.14251,11.369447,12.823093,10.273965,12.381076,14.2859,14.272767,18.688345,19.44163,21.523956,20.049782,20.178482,16.603983,20.043053,15.288823,20.328785,17.029581,22.70268,20.501888,16.979506,20.264208,15.772645,19.80082,14.49078,11.933733,9.739375,5.770192,6.5899334,0.0,7.025019,9.270861,11.466116,14.660122,17.38015,19.44383,18.27738,15.407656,12.17061,16.081915,11.738328,17.21994,15.538654,19.188478,20.607773,23.773613,24.554993,23.284798,20.591946,20.428598,15.449434,16.355066,13.607635,15.217757,16.526423,13.752628,10.186412,9.941659,11.786855,6.9431396,4.991969,6.3583045,8.897154,10.510742,14.060215,16.186365,18.663216,20.617453,18.622103,20.884375,17.103699,20.764477,19.113575,14.376497,17.066843,14.266979,17.38343,17.216417,19.68632,19.800688,21.283224,23.672192,19.696882,15.970669,13.775859,11.358116,8.979802,7.7589006,4.5427713,7.268715,8.496977,10.060729,13.778723,16.0701,16.887264,14.554593,16.668848,13.168002,9.696078,14.052288,13.413135,17.222584,19.733078,22.936886,21.68647,18.503841,22.271557,16.488525,20.462755,19.012056,22.033297
32,26.903664,24.110565,21.73841,17.410646,16.126867,16.074606,12.336273,12.539643,12.789816,11.29615,14.831973,14.108262,16.462006,15.891641,16.35487,13.943608,18.544537,15.000958,20.580315,18.606743,24.48587,23.746185,20.273024,24.376364,19.29389,24.503622,19.22823,16.29711,13.770611,11.053755,8.648498,7.025019,0.0,7.2530217,5.1549945,10.087119,11.743413,13.020797,11.362244,8.852024,5.7764845,10.827465,8.016718,14.009417,14.269195,17.79729,20.495329,23.963528,24.984133,22.286451,20.097279,18.376472,13.972611,14.336824,9.774588,13.667892,12.612271,12.067787,9.46052,10.185062,8.414086,4.787265,6.744029,5.955229,11.197002,12.117086,16.505033,17.87268,21.850077,23.039186,20.313215,22.75007,18.350466,21.176735,18.512955,13.456382,14.3085575,10.469894,12.274605,11.005919,13.03335,12.881929,14.996887,17.268745,13.285913,9.874456,9.020352,7.245287,7.5452914,8.413163,8.9667,12.804722,14.473129,17.024588,20.45202,22.35224,23.7669,21.574787,23.633598,19.869528,16.022467,19.88201,17.798565,21.907932,24.321882,27.305567,25.086592,21.62352,24.070198,17.874443,20.514801,17.897572,20.075834
33,23.300976,20.72205,19.107283,13.510573,14.331247,14.72626,9.530993,12.49575,11.036022,12.1395235,13.823921,14.846579,18.407024,17.916443,19.794922,17.322365,22.464293,18.906837,24.181091,22.668646,27.878336,27.46145,24.4702,28.607159,24.127253,28.836313,23.627335,21.064342,18.456797,14.983401,13.704131,9.270861,7.2530217,0.0,6.5449963,5.9913497,9.905617,13.074839,14.113462,13.9324665,11.937828,17.485596,14.883509,20.751995,20.846037,24.166922,26.80301,29.828535,31.404129,29.079054,26.914083,25.506018,21.09173,21.535696,16.611822,20.109804,18.295792,16.88899,14.215717,12.377756,9.685708,6.3898416,10.277846,12.363507,16.90371,18.245605,22.444761,24.181856,27.429022,28.909105,26.269888,28.114782,23.716692,26.201727,23.650343,18.698215,19.8239,15.659425,17.650305,15.313979,17.405472,15.939057,17.276234,18.037382,13.325637,11.0292015,8.141497,9.805103,5.8529534,11.09569,10.293447,14.4571905,17.05983,18.103413,22.078726,25.019482,24.897459,21.864334,23.42997,20.07479,15.874593,21.277802,19.506573,24.23863,26.066956,28.57461,26.690351,23.508965,25.122766,19.357685,22.330898,19.236534,22.325848
34,29.364843,26.623856,24.650742,19.47032,19.212664,18.872433,14.281428,14.698282,13.235361,11.978156,13.523902,12.201098,15.441491,15.807908,17.213163,15.805448,21.106308,18.396893,23.900131,22.761183,28.367346,28.34071,25.069624,29.396194,24.332054,29.655855,24.379555,21.384851,18.916346,16.066788,13.668626,11.466116,5.1549945,6.5449963,0.0,6.039985,6.6642714,8.109701,7.740448,7.617858,6.7616143,12.198544,11.330167,16.806643,18.142357,21.3394,24.548552,27.944971,29.1765,25.930267,24.065676,21.624147,17.790564,17.658237,12.060204,16.590597,13.499175,13.943923,12.235063,12.052516,7.552298,6.472854,10.553754,10.943739,15.995998,17.04408,21.311687,22.616882,26.852758,27.900766,25.021755,27.344433,22.807663,25.078218,22.045025,17.144537,16.98033,12.682097,13.218962,10.280178,11.489647,10.064038,12.750227,13.865558,9.198617,7.2788825,7.2008185,8.435774,8.765674,12.21167,13.143916,17.316053,19.362772,21.449093,25.182358,27.24522,28.344677,25.812252,27.782715,24.141731,20.05886,24.445189,22.10324,26.514599,28.69211,31.421339,28.973352,25.538942,27.059149,20.983727,23.015879,19.62603,21.575325
35,28.182074,25.539633,24.159697,18.270893,19.28289,18.759521,13.583838,14.995242,11.952987,12.412751,11.788383,11.872281,16.025957,16.560751,19.16659,17.935413,23.589672,21.154629,26.327023,25.829924,30.834463,31.406431,28.578663,33.144917,28.47278,33.76177,28.58243,25.912447,23.104433,20.10036,17.801249,14.660122,10.087119,5.9913497,6.039985,0.0,5.4357176,8.681364,11.094488,12.998545,12.216334,17.59318,16.529642,21.831299,23.065811,26.002684,29.291002,32.265427,34.118553,31.066069,29.331553,27.134832,23.392412,23.589285,18.10006,22.519983,19.219593,19.297625,17.453053,16.046938,11.30375,10.279391,14.855643,15.992734,21.11837,22.066742,26.559292,27.873875,31.732143,32.78809,29.778358,31.532995,26.906126,28.697763,25.657143,20.920893,20.830276,16.395609,17.13429,13.643161,15.027583,12.614689,13.883393,13.4011135,8.476749,8.124962,6.4652596,10.615105,8.964928,14.6833725,15.373058,19.6664,22.406847,23.997622,27.818981,30.68581,30.79297,27.834047,29.329077,25.80574,21.481096,26.536205,24.057878,28.898901,30.581114,32.84904,30.427824,27.213139,27.746044,22.131805,24.022642,20.168362,22.577827
