,0,1,2,3,4,5,6,7,8,9,10,11,12,13,14,15,16,17,18,19,20,21,22,23,24,25,26,27,28,29,30,31,32,33,34,35,36,37,38,39,40,41,42,43,44,45,46,47,48,49,50,51,52,53,54,55,56,57,58,59,60,61,62,63,64,65,66,67,68,69,70,71,72,73,74,75,76,77,78,79,80,81,82,83,84,85,86,87,88,89,90,91,92,93,94,95,96,97,98,99,100,101,102,103,104,105,106,107,108,109,110,111,112,113,114
0,0.0,4.31813,5.6354804,8.749202,11.997654,13.211512,17.183968,19.538015,22.928095,25.772406,30.75811,32.333187,34.826263,36.05291,32.412327,28.983185,25.4615,23.110779,20.756207,16.39345,15.676629,11.259862,13.464873,11.397329,15.604669,15.436957,17.629002,21.378393,20.920914,24.361586,25.322256,28.178898,33.71325,35.544518,38.72449,41.00731,44.519623,46.1166,43.059246,40.544403,35.731106,36.591633,31.444384,32.87389,28.281864,28.614424,26.531683,25.618021,27.068504,30.930706,29.500761,33.95765,32.05507,35.29366,37.733852,38.333946,42.272194,40.407963,37.445602,38.34617,40.27168,35.600628,32.51164,31.96917,28.733772,26.323643,26.579842,25.291494,21.812557,21.986345,21.95827,19.68548,20.795338,21.164051,23.71832,25.246265,28.848331,30.357367,34.40486,36.76317,40.65112,41.7672,39.92155,42.634605,40.62606,36.444206,34.939743,30.752918,30.440125,25.190063,24.129286,19.738712,20.425318,15.001142,19.571003,24.70328,20.76857,18.964792,21.640013,17.36866,21.728512,21.549788,25.565495,25.6598,30.00594,31.222757,36.397396,39.564457,39.883896,36.66514,40.271572,34.099648,35.332153,32.020176,32.491013
1,4.31813,0.0,5.0599527,5.0242653,8.937288,11.078575,14.330644,17.639744,20.438255,23.812222,28.465132,30.52083,32.689095,33.697342,30.23765,26.503094,23.65129,20.658367,19.200558,14.494197,14.809678,9.845574,12.635894,10.217178,13.3049,13.616947,14.700095,18.202784,17.618408,20.615255,21.902826,24.236025,30.025932,31.550308,35.021313,37.168552,40.757862,42.52377,39.69756,37.209255,32.45903,33.7373,28.459578,30.47406,25.998892,26.859306,25.08534,24.845404,26.133856,29.497807,27.696417,31.882912,29.445272,32.52512,34.461544,35.11436,38.82472,36.75846,33.688026,34.348675,36.29294,31.643597,28.611038,28.446995,25.317379,23.23904,23.693201,22.956669,19.75795,20.380867,19.95974,18.443338,18.78277,19.940735,22.093197,22.816298,26.695536,27.695536,31.919762,33.97708,37.859226,38.76522,37.12039,39.62571,37.32057,33.084312,31.355026,27.375885,26.599176,21.656548,20.191975,15.850197,16.462034,11.068815,15.917717,20.953268,16.719282,14.73994,17.381742,13.089187,17.548985,17.65156,21.669973,22.209192,26.411274,27.98019,32.986725,36.08158,36.61993,33.493225,37.335686,31.188375,32.886795,29.663239,30.646349
2,5.6354804,5.0599527,0.0,5.9914284,7.18521,8.4019165,12.072768,14.638667,18.12727,20.816458,25.95549,27.34188,29.848398,30.840607,27.145956,23.725502,20.108913,17.700201,15.3920145,10.787912,10.735849,5.6252975,8.2904215,7.5159454,10.84919,12.701709,13.91093,17.537054,16.36603,20.305046,20.441113,24.014193,28.984201,31.367943,33.96802,36.557724,39.840214,41.191357,37.906765,35.42372,30.556196,31.240868,26.176167,27.420444,22.92921,23.207693,21.43187,20.630415,22.533997,26.00511,24.56713,28.87307,27.033424,30.451223,32.8982,33.89352,37.635483,36.232044,33.385918,34.57669,36.09356,31.357378,28.41979,27.218548,24.437191,21.557253,22.46166,20.826942,17.968819,17.656183,16.984339,14.568644,15.300917,15.626766,18.098602,19.67914,23.2459,24.900463,28.896936,31.429667,35.27841,36.5446,34.845585,37.762894,35.733196,31.75903,30.291044,25.8179,26.060194,20.368528,19.942568,15.608011,16.881367,12.384624,17.386066,22.784105,19.581469,17.554926,20.15014,15.1102915,18.868505,17.921093,22.102587,21.328226,26.011356,26.522482,31.740707,34.88159,34.840546,31.53639,34.87022,28.693184,29.748173,26.429392,26.862867
3,8.749202,5.0242653,5.9914284,0.0,4.7478466,7.131658,9.764482,13.4887295,15.760553,19.464117,23.821838,26.202255,28.127832,29.062954,25.753735,21.883778,19.57209,16.268433,15.495588,11.07658,11.944374,7.7679257,11.46611,10.363929,11.352451,13.8403,13.012754,15.970471,14.36633,17.181227,17.848886,20.118925,25.619844,26.933615,30.419407,32.372528,36.053406,37.86174,35.14583,32.936916,28.13475,29.836842,24.527027,26.946833,22.834684,24.014212,22.941702,23.147346,24.887331,27.487656,25.480368,29.219704,26.411196,29.530956,30.842735,32.055756,35.21409,33.384285,30.258663,30.76089,32.19494,27.435446,24.821236,24.495134,22.183357,20.014824,21.44167,20.924473,18.635334,19.132156,17.735424,16.642653,15.772179,17.20572,18.709633,18.76444,22.648664,23.212091,27.48365,29.26462,33.165527,33.93608,32.248634,34.656876,32.353836,28.076384,26.415394,22.50798,21.829475,16.96747,15.766005,11.683402,13.142632,8.96342,14.492081,19.404427,15.100701,12.519856,14.46838,9.378475,13.241078,12.810523,16.884367,17.186064,21.434513,22.978718,27.9808,31.095175,31.724493,28.647768,32.749783,26.679953,28.679956,25.758375,27.03906
4,11.997654,8.937288,7.18521,4.7478466,0.0,4.4418697,5.4956455,10.117082,12.384776,15.876523,20.432753,22.51758,24.476147,25.08188,21.67924,17.790415,15.380141,11.842111,11.395891,6.592922,9.028406,4.919595,8.482406,8.974115,8.089046,12.713636,10.823657,13.420514,10.9120035,14.420806,13.968297,17.308973,22.087626,24.24691,26.932383,29.375423,32.726418,34.203457,31.147026,28.889593,24.00242,25.404448,20.173742,22.335579,18.316868,19.447777,18.720419,19.099712,21.188932,23.338314,21.360523,24.918667,22.24086,25.555368,26.997835,28.584202,31.623625,30.330755,27.385063,28.319618,29.348227,24.531723,22.020557,20.821474,18.976913,16.21388,18.35194,17.414812,15.903784,15.861907,13.764786,12.730057,11.212433,12.796079,14.0753,14.066261,17.99109,18.762617,23.013235,25.083538,28.946945,29.947329,28.484531,31.192099,28.828457,24.832087,23.171843,18.806576,18.883663,13.281257,13.002031,8.991666,11.270721,8.850902,14.154063,19.119793,16.126179,13.688735,15.549394,10.081284,12.727929,11.178669,15.416408,14.430827,19.17186,19.69763,24.77151,27.850016,27.967625,24.743418,28.443832,22.301777,24.055784,21.052504,22.299894
5,13.211512,11.078575,8.4019165,7.131658,4.4418697,0.0,5.1467433,6.569818,9.775937,12.754079,17.6445,19.445963,21.715645,22.893461,19.348839,15.887617,12.826236,10.471495,8.66281,5.9247494,5.4145823,5.573655,9.618102,11.909564,11.2658615,16.551079,14.840096,17.206495,14.0640955,17.600752,15.9015,19.598042,23.403744,25.342136,27.7462,29.806017,33.273357,34.623844,31.499596,29.781233,24.784325,26.214334,21.268572,22.99582,19.44485,20.032867,19.86783,19.620392,22.719034,24.65601,23.042011,26.380365,24.091602,27.643366,28.89869,31.128843,33.67086,32.916134,30.061451,30.944315,31.264065,26.387615,24.52414,22.734207,21.92042,18.73494,21.629496,20.230146,19.243816,18.480043,15.895506,13.989538,12.135507,12.129591,13.038051,13.717025,16.890089,17.90632,21.839005,23.903906,27.847698,28.93219,26.785482,29.624086,27.998484,23.9445,23.007652,18.615961,19.696695,14.162908,15.067892,11.922022,14.935463,13.198891,18.497833,23.300577,20.02556,17.286535,18.339762,12.828937,14.544035,12.061217,15.836238,13.795935,18.58322,18.617018,23.995174,27.259005,27.316435,24.083063,27.954556,21.991013,23.382757,20.864216,21.545298
6,17.183968,14.330644,12.072768,9.764482,5.4956455,5.1467433,0.0,6.262801,7.4358068,10.980023,15.266662,17.448158,19.189388,19.621021,16.30255,12.318293,10.514075,6.5561957,7.5345078,4.8476496,8.10206,7.8387904,10.483316,12.787951,9.854723,16.065176,12.810859,14.139413,10.240026,13.431111,10.965504,14.908666,18.297352,20.661211,22.706606,25.10695,28.357023,29.636526,26.48507,24.67678,19.692436,21.383247,16.361187,18.6518,15.440589,16.700151,17.18902,17.933092,20.74852,21.738972,19.779776,22.53889,19.76368,23.17495,23.943516,26.451145,28.664898,28.078085,25.291176,26.261335,26.32906,21.475142,19.771563,17.701202,17.498838,14.351183,17.988596,16.994719,17.03565,16.435226,13.121235,12.515293,9.180538,10.5549965,10.431358,9.474445,13.135752,13.510778,17.73135,19.667309,23.566212,24.588678,23.030226,25.862724,23.670076,19.812645,18.463755,13.857379,15.010605,9.123389,10.593223,8.1510315,11.698164,12.073816,16.586746,20.841135,18.555119,16.041876,16.870575,11.692483,12.143657,9.100947,12.782868,10.086972,15.120939,14.630523,19.81243,22.927118,22.788193,19.514297,23.305521,17.254593,19.104965,16.598206,18.014915
7,19.538015,17.639744,14.638667,13.4887295,10.117082,6.569818,6.262801,0.0,4.523429,6.238229,11.431046,12.893255,15.295424,16.766485,13.179137,10.262499,7.048621,6.4962544,4.441642,7.1985245,5.738297,10.55045,13.238422,16.954325,14.907292,21.298311,18.695597,20.097782,16.047186,19.200764,15.645334,19.734556,21.58265,23.59535,25.038332,26.83655,30.107409,31.10459,27.874237,26.920828,21.99563,23.518433,19.254204,20.59548,18.239767,18.515524,19.69099,19.440165,23.486893,24.259642,22.935907,25.359224,23.357258,26.975838,27.607838,30.846611,32.413445,32.590424,30.022467,30.955595,30.11784,25.376518,24.543877,21.769192,22.740932,19.218258,23.358215,21.73534,22.138235,20.71525,17.19623,15.404321,12.297743,11.079804,10.2630625,10.745629,12.508717,13.4115095,16.746105,18.686407,22.595913,23.80056,21.112936,24.200697,23.334488,19.584248,19.536016,15.157185,17.904942,12.803115,15.573447,14.128176,17.854446,18.08079,22.8166,27.058472,24.388727,21.6053,21.769455,16.664536,16.473576,12.8017435,15.3946295,11.299204,15.883453,14.357501,19.784481,23.075983,22.737589,19.549372,23.372362,17.891375,18.910894,17.336594,17.64076
8,22.928095,20.438255,18.12727,15.760553,12.384776,9.775937,7.4358068,4.523429,0.0,4.6423893,8.092506,10.9254055,12.406746,13.665751,10.629256,7.21665,6.921782,5.681015,7.2212076,10.096938,10.2201395,14.03791,16.597157,19.880096,16.895369,23.392303,19.85157,20.46191,16.093458,18.203403,14.230082,17.448288,18.53138,19.86127,21.402197,22.680613,26.124191,27.296267,24.445,23.992762,19.222027,21.59013,17.539925,19.68114,18.1639,19.079592,20.985126,21.508577,25.286015,25.20249,23.602545,25.263248,22.72167,26.011143,25.598722,29.302,30.076658,30.360392,27.799936,28.344421,26.925316,22.298674,22.204605,19.592743,21.663809,18.627335,23.349464,22.3783,23.477655,22.396896,18.502802,17.745258,13.7493105,13.474862,11.578812,10.136245,11.518657,10.91127,14.236104,15.2857895,19.23661,20.03086,17.253757,20.039515,19.080605,15.155989,15.309058,11.3426695,14.322311,10.289954,13.569278,13.486163,17.409853,18.935541,23.17032,26.707539,24.175356,21.389973,20.797052,16.340162,14.81336,10.7833185,12.343079,7.4574337,11.697832,9.921232,15.357121,18.690989,18.691608,15.673072,20.181282,15.037221,16.880243,16.086329,17.153002
9,25.772406,23.812222,20.816458,19.464117,15.876523,12.754079,10.980023,6.238229,4.6423893,0.0,5.6775074,6.7403216,9.08938,10.869313,7.4280477,5.778575,4.350458,6.8994746,6.9614835,11.992149,11.137969,16.346668,18.26673,22.352507,19.461176,26.202475,22.969496,23.538828,19.137014,21.577961,16.885122,20.741632,20.52965,22.425888,22.785006,24.192476,27.122286,27.733036,24.549803,24.511808,19.967543,21.651478,18.432898,19.462612,18.636139,18.78154,21.17424,21.176897,25.587633,25.158644,24.071825,25.38808,23.618767,27.019999,26.849712,30.93909,31.430878,32.46099,30.245499,31.138048,29.208508,24.84419,25.079556,21.636433,24.24525,20.80631,25.726358,24.173534,25.68157,23.97787,19.984545,18.716791,14.954526,13.370913,10.945953,10.568994,10.128056,10.334895,12.459599,13.921216,17.6368,18.886309,15.621667,18.93775,18.95736,15.796973,16.805891,12.959696,17.214342,13.426561,17.387348,17.48906,21.343227,22.938557,27.081175,30.70309,28.593662,25.894106,25.417719,20.921913,19.388184,15.329843,16.501144,11.150766,14.600182,11.261257,16.16566,19.279558,18.490042,15.546291,19.210855,14.712318,15.383787,15.245193,15.317223
10,30.75811,28.465132,25.95549,23.821838,20.432753,17.6445,15.266662,11.431046,8.092506,5.6775074,0.0,4.847379,4.6975627,7.1090612,5.6548657,5.8532743,8.773792,10.757439,12.470279,17.141624,16.717274,21.61403,23.58673,27.399952,24.014868,30.73182,26.890291,26.831675,22.338995,23.737978,18.86627,21.53205,19.951134,20.757675,20.815714,21.15783,24.092026,24.730724,22.192116,23.249792,19.328558,21.83438,19.460299,20.991144,21.354559,21.916132,24.963163,25.49392,29.689445,28.4355,27.247828,27.65054,25.590172,28.508194,27.124075,31.777607,31.127844,32.500275,30.454985,30.866327,28.023664,24.116776,25.454126,22.21695,26.091862,23.254194,28.559296,27.570099,29.66485,28.206892,24.023567,23.474964,19.284136,18.272314,15.290413,13.616604,12.214586,10.640971,11.444688,11.081088,14.41088,15.023277,10.869068,13.775437,14.741765,11.899428,14.10331,11.79382,16.40573,14.745857,18.852493,20.220211,24.02476,26.541002,30.241693,33.149815,31.11483,28.437666,27.180563,23.483208,20.840933,16.868065,16.574099,11.235867,12.728272,8.643655,12.405322,15.289783,14.825384,12.579306,16.837431,13.832719,15.082301,16.467392,17.046492
11,32.333187,30.52083,27.34188,26.202255,22.51758,19.445963,17.448158,12.893255,10.9254055,6.7403216,4.847379,0.0,3.664537,6.416251,4.4155326,7.32918,8.25661,12.118258,12.563432,18.055353,17.166878,22.680487,24.041584,28.445843,25.25659,32.08808,28.688742,28.772314,24.348988,26.364042,21.084845,24.690845,22.578754,24.428236,23.406475,24.405497,26.628853,26.592064,23.493052,24.510124,20.778687,22.155891,20.457607,20.676138,21.37125,21.10149,24.31579,24.273012,28.915855,27.54307,26.898321,27.187277,26.019756,29.103619,28.414402,33.13144,32.63856,34.605835,32.873337,33.829052,30.935253,27.188543,28.320562,24.31616,28.095608,24.76943,30.00052,28.353025,30.614016,28.587816,24.48427,23.406355,19.680876,17.65656,14.6130085,14.183214,11.542709,11.393931,10.940495,11.695837,14.473069,15.910381,11.926649,15.518937,17.140295,15.381398,17.639576,14.946768,20.15392,17.768858,22.210869,23.183275,26.932661,29.219076,32.951786,36.173767,34.558186,31.96909,31.171116,27.089138,24.901205,20.847141,21.046953,15.499141,17.408329,12.740823,15.942721,18.390394,16.837252,14.602421,17.194519,14.697853,14.306901,15.9312525,15.2936945
12,34.826263,32.689095,29.848398,28.127832,24.476147,21.715645,19.189388,15.295424,12.406746,9.08938,4.6975627,3.664537,0.0,3.9854603,4.6294637,7.8465924,10.851284,13.76979,15.331854,20.428028,20.092543,25.190464,26.639158,30.769121,27.190392,33.990395,30.15132,29.826756,25.380365,26.736069,21.459248,24.30829,21.465626,22.707806,21.477203,21.89497,24.039534,24.023575,21.37099,23.019371,19.729155,21.686996,20.431608,21.157717,22.460575,22.638355,26.149876,26.605564,30.933977,29.086819,28.254292,28.013731,26.512941,29.240835,27.754564,32.735863,31.564302,33.661613,32.03092,32.68812,29.312735,25.890524,27.62754,23.837973,28.289469,25.402079,30.809877,29.606018,32.192726,30.426384,26.215322,25.70821,21.63992,20.246872,16.953606,15.536432,12.829313,11.45452,10.362713,9.694993,12.097916,13.041037,8.568226,11.953934,14.088615,12.76414,15.574145,13.862995,19.057056,17.866968,22.279709,23.94739,27.619045,30.489662,33.895077,36.64586,35.156334,32.631817,31.442204,27.852634,25.073511,21.138655,20.622744,15.257862,16.14223,11.227839,13.381429,15.514232,14.0863905,12.382565,15.281285,13.796905,14.00931,16.439516,16.448431
13,36.05291,33.697342,30.840607,29.062954,25.08188,22.893461,19.621021,16.766485,13.665751,10.869313,7.1090612,6.416251,3.9854603,0.0,3.991598,7.3357387,11.41113,13.635792,16.160526,20.777119,21.497297,25.852482,26.84351,30.82284,26.751108,33.46041,29.350712,28.566132,24.244516,25.272394,19.807663,22.614258,18.859892,20.739378,18.523607,19.50669,21.038635,20.62426,17.686384,19.410683,16.460443,18.266376,17.657269,18.300488,20.290718,20.683928,24.519861,25.459768,29.4082,26.976782,26.109444,25.29436,23.80784,26.249859,24.505018,29.637339,28.154062,30.615002,29.259548,30.138083,26.55096,23.444128,25.35381,21.235292,26.120636,23.424929,28.874409,27.821487,30.885685,29.174892,24.948587,25.020897,20.813698,19.94645,16.384272,14.28976,11.16898,9.197718,7.0635967,5.974841,8.2073145,9.56127,6.055474,10.204995,11.5735235,11.204257,13.68921,12.078441,17.579332,16.753048,21.30617,23.39513,26.807049,30.28385,33.133926,35.53725,34.771866,32.526108,31.492336,28.147495,25.179699,21.375174,20.784395,15.419267,16.173717,10.549388,11.7965765,13.447584,11.039815,9.3186,11.368848,10.538123,10.647568,13.711054,14.136793
14,32.412327,30.23765,27.145956,25.753735,21.67924,19.348839,16.30255,13.179137,10.629256,7.4280477,5.6548657,4.4155326,4.6294637,3.991598,0.0,4.3888755,7.4429774,10.189232,12.232531,17.042377,17.633387,22.100548,23.047455,27.19526,23.364504,30.15187,26.35265,25.944407,21.577705,23.253325,17.746029,21.374273,18.632093,21.14272,19.474438,21.117247,22.976479,22.754684,19.351376,20.146767,16.437128,17.80622,16.32737,16.720518,17.882832,18.014303,21.56498,22.184898,26.380781,24.467728,23.631512,23.48073,22.10593,24.998497,24.089916,28.899208,28.273804,30.403332,28.823692,29.97311,27.026237,23.418365,24.588833,20.304844,24.42945,21.265734,26.612589,25.190424,27.917103,26.037788,21.835434,21.484022,17.410032,16.190247,12.720967,11.19472,8.20897,7.295722,6.603684,7.708851,10.852015,12.591384,9.660057,13.72228,14.220484,12.818572,14.532609,11.536111,17.093487,14.842874,19.49864,20.915054,24.444471,27.418997,30.585306,33.45832,32.54204,30.229778,29.586905,25.754887,23.333773,19.377626,19.54135,13.880192,15.849854,10.421969,13.326662,15.595435,13.402668,10.824428,13.077995,10.306501,10.1057825,11.977951,12.031166
15,28.983185,26.503094,23.725502,21.883778,17.790415,15.887617,12.318293,10.262499,7.21665,5.778575,5.8532743,7.32918,7.8465924,7.3357387,4.3888755,0.0,5.736939,6.3954663,9.769091,13.695301,15.092621,18.74554,19.94892,23.676895,19.671225,26.404938,22.382504,21.987438,17.549648,19.163319,13.837293,17.461424,15.715886,18.252712,17.516459,19.44001,21.840311,22.160933,18.800396,18.874594,14.523022,16.48715,13.821844,15.258225,15.542789,16.32817,19.502491,20.52425,24.34834,22.816721,21.507912,21.847603,19.762358,22.770864,21.881878,26.384466,26.247623,27.71988,25.795385,26.827492,24.404613,20.36824,21.102629,17.18293,20.871468,17.782751,23.130396,22.020891,24.489643,22.982876,18.733427,18.714273,14.293743,13.944099,10.617891,8.053134,6.7701664,5.035628,7.196191,8.469418,12.348517,13.686842,11.432914,15.042065,14.163401,11.647315,12.34299,8.35052,13.57591,10.623292,15.232207,16.550589,20.122873,23.134102,26.304192,29.195808,28.154287,25.851585,25.300785,21.449457,19.109627,15.174738,15.687231,10.004503,12.807064,7.82773,11.997622,14.768215,13.239181,10.080079,13.526777,9.037462,10.3133955,10.882708,12.018237
16,25.4615,23.65129,20.108913,19.57209,15.380141,12.826236,10.514075,7.048621,6.921782,4.350458,8.773792,8.25661,10.851284,11.41113,7.4429774,5.736939,0.0,5.0614142,4.8467374,10.075682,10.4475565,14.986336,15.919015,20.350643,17.18239,24.001371,20.968716,21.463932,17.206875,20.201132,15.174035,20.07502,19.637156,22.880234,22.3754,24.836689,27.170107,27.337463,23.533903,22.873701,18.261694,18.933083,15.828706,15.963104,14.977873,14.67349,17.127115,17.03457,21.557724,21.024637,20.163425,21.559671,20.307697,23.894379,24.523718,28.428812,29.400116,30.716314,28.732918,30.24715,28.601656,24.300154,24.033953,19.903511,22.137459,18.254885,23.045769,20.978148,22.739952,20.638536,16.64779,15.273606,11.655519,9.6529875,6.8573246,7.381959,6.5918975,8.443522,10.679767,13.463975,17.0665,18.930523,16.62515,20.43661,19.87478,17.297804,17.701353,13.129003,17.682634,12.942622,17.141518,16.90346,20.486935,22.183605,25.974018,29.748352,28.487305,26.103735,26.302433,21.61135,20.523773,16.587568,18.346977,12.9563875,16.91671,12.965482,17.624966,20.480381,18.828339,15.577657,18.02085,13.071868,12.812227,11.902469,11.474112
17,23.110779,20.658367,17.700201,16.268433,11.842111,10.471495,6.5561957,6.4962544,5.681015,6.8994746,10.757439,12.118258,13.76979,13.635792,10.189232,6.3954663,5.0614142,0.0,5.354799,7.442944,10.194354,12.550446,13.708516,17.284998,13.437176,20.224337,16.576374,16.836336,12.449449,15.245604,10.487837,15.355151,16.005941,19.32075,19.593355,22.356127,24.971758,25.586437,21.96114,20.655483,15.717539,17.024687,12.8522835,14.366417,12.554324,13.422194,15.45481,16.33834,19.94223,19.55427,17.984545,19.659218,17.41524,20.916374,21.34903,24.876305,26.218348,26.850811,24.57655,25.961693,24.8732,20.320147,19.571913,15.944083,17.670244,14.025063,18.837149,17.373043,19.02039,17.573698,13.468258,13.089669,8.707352,8.947066,6.5774913,4.553529,6.9306283,7.4903874,11.39755,13.794693,17.640255,19.096252,17.595505,20.983366,19.18169,16.081123,15.377729,10.335025,13.858698,8.298527,12.230247,11.898176,15.462982,17.569544,21.11638,24.731539,23.608353,21.357725,21.709848,17.158436,16.10053,12.366464,14.5877,9.710053,14.301429,11.288302,16.227118,19.167328,18.017782,14.58498,17.685585,11.824561,13.024453,11.159119,12.335871
18,20.756207,19.200558,15.3920145,15.495588,11.395891,8.66281,7.5345078,4.441642,7.2212076,6.9614835,12.470279,12.563432,15.331854,16.160526,12.232531,9.769091,4.8467374,5.354799,0.0,5.862084,5.8246927,10.329464,11.548641,16.069143,13.680758,20.329063,17.988155,19.26913,15.317928,19.076786,14.943099,20.130926,21.294264,24.562822,24.907337,27.56095,30.19433,30.662733,26.865572,25.557142,20.68219,21.183603,17.265493,17.532993,15.132426,14.749257,16.001617,15.421245,19.84342,20.49707,19.536201,21.99494,20.691803,24.50411,25.899298,29.093775,30.964882,31.630909,29.382822,30.954845,30.146357,25.55645,24.455273,20.824322,21.66527,17.608904,21.705013,19.38981,20.172731,18.116901,14.527731,12.328587,9.430252,7.1099987,6.17593,8.21514,9.574847,11.830901,14.874779,17.767551,21.483276,23.240616,21.101925,24.705263,23.71011,20.615194,20.417469,15.540197,18.995821,13.278674,16.57362,15.052611,18.494457,19.002487,23.274002,27.62745,25.976269,23.55597,24.314693,19.158148,19.149515,15.5293255,18.265696,13.70725,18.397766,15.710015,20.843565,23.890402,22.668085,19.293932,21.969913,16.411985,16.436785,14.388488,14.018655
19,16.39345,14.494197,10.787912,11.07658,6.592922,5.9247494,4.8476496,7.1985245,10.096938,11.992149,17.141624,18.055353,20.428028,20.777119,17.042377,13.695301,10.075682,7.442944,5.862084,0.0,5.87636,5.2846055,6.561462,10.407241,8.072734,14.5803385,12.552055,14.462956,11.079617,15.469657,12.744185,17.953009,20.814863,24.318272,25.380417,28.485315,31.203472,31.971989,28.240923,26.074839,21.118807,21.551659,16.842558,17.697632,13.94206,14.181923,14.051718,13.911342,17.205824,18.846148,17.399574,20.758818,18.99053,22.758379,24.768187,27.008074,29.841263,29.676798,27.202034,28.87602,29.129267,24.417967,22.295685,19.388348,18.544662,14.628773,17.739874,15.55592,15.323018,13.786486,10.725514,8.646696,6.4305663,6.45677,7.6947546,9.098148,12.458721,14.393572,18.216969,21.09755,24.840717,26.425926,25.023176,28.367,26.405773,23.042303,21.842325,16.820515,18.77152,12.393569,14.246969,11.357488,14.198024,13.754722,18.074,22.825943,21.318499,19.170486,20.799704,15.495851,16.680365,13.885867,17.574123,14.41371,19.476198,17.994804,23.110878,26.109482,25.206676,21.76053,24.485762,18.387058,19.042467,15.935616,16.37175
20,15.676629,14.809678,10.735849,11.944374,9.028406,5.4145823,8.10206,5.738297,10.2201395,11.137969,16.717274,17.166878,20.092543,21.497297,17.633387,15.092621,10.4475565,10.194354,5.8246927,5.87636,0.0,6.921588,9.393356,13.5450945,13.139191,18.853462,17.743658,20.067213,16.771778,20.898972,18.084211,22.838615,25.437155,28.158018,29.480804,31.866957,34.918003,35.740063,32.142353,30.59142,25.618227,26.21795,21.845978,22.320124,19.054276,18.604229,18.63633,17.391048,21.472382,23.422894,22.468714,25.784897,24.462498,28.307508,30.13893,32.70619,35.201805,35.210033,32.683956,34.061092,33.927574,29.1468,27.499022,24.659853,24.309177,20.437466,23.592882,21.250618,20.677248,18.89342,16.196632,13.113973,11.802563,9.605403,10.710438,13.173268,15.262249,17.389956,20.660738,23.350084,27.15141,28.718159,26.30804,29.64266,28.674833,25.091,24.72959,20.019602,22.436728,16.593307,18.675848,15.957367,19.069275,17.730005,22.720564,27.646654,25.060194,22.48375,23.623732,18.12697,19.400482,16.37925,19.75093,16.401516,21.213528,19.87086,25.269835,28.497545,27.838451,24.505724,27.61298,21.884577,22.162922,19.761173,19.34566
21,11.259862,9.845574,5.6252975,7.7679257,4.919595,5.573655,7.8387904,10.55045,14.03791,16.346668,21.61403,22.680487,25.190464,25.852482,22.100548,18.74554,14.986336,12.550446,10.329464,5.2846055,6.921588,0.0,4.3559103,6.8133116,7.4937754,12.186448,11.8983135,14.970477,12.807374,17.278234,16.162024,20.685368,24.744207,27.835861,29.6257,32.591255,35.54426,36.565422,32.99423,30.564281,25.656631,26.065212,21.165052,22.090345,17.78022,17.939425,16.661623,16.021738,18.570969,21.41404,20.009153,24.048895,22.350101,25.981133,28.434864,29.931944,33.39063,32.5947,29.945148,31.487528,32.474834,27.733442,25.051807,22.9682,20.880875,17.396702,19.197622,17.104868,15.306443,14.266955,12.597801,9.991771,9.985745,10.1640835,12.489612,14.213524,17.692438,19.602812,23.494223,26.28437,30.060703,31.534939,30.036499,33.211407,31.181847,27.530891,26.141602,21.333107,22.37399,16.19802,16.765083,12.827441,14.833996,12.16978,16.989462,22.281576,20.101582,18.02625,20.321035,14.922046,17.562563,15.676339,19.805874,17.860193,22.841494,22.357708,27.55291,30.621979,30.093552,26.695204,29.619074,23.460434,24.225975,20.89531,21.243073
22,13.464873,12.635894,8.2904215,11.46611,8.482406,9.618102,10.483316,13.238422,16.597157,18.26673,23.58673,24.041584,26.639158,26.84351,23.047455,19.94892,15.919015,13.708516,11.548641,6.561462,9.393356,4.3559103,0.0,5.25159,6.057991,10.411997,11.027337,14.073496,12.545102,17.49587,16.297525,21.516169,25.148989,29.20183,30.19452,33.84537,36.272053,36.907185,32.9591,30.110136,25.385647,24.880543,20.306252,20.358768,15.731838,15.379129,13.343451,12.34752,14.585083,17.953297,16.855486,21.272076,20.262737,23.941992,27.302626,28.420885,32.38198,31.854033,29.51499,31.650427,32.851685,28.322538,25.283165,22.666948,20.047184,16.243908,17.411932,14.52996,12.583525,10.8473425,9.829518,6.438068,8.297446,8.434675,11.5879545,14.033744,17.36234,19.919521,23.548895,26.858189,30.399443,32.201084,31.215517,34.663494,32.43633,29.241827,27.664244,22.61368,23.955414,17.517757,18.290785,14.43662,15.863314,13.584043,17.419722,22.689436,21.770823,20.233374,23.039513,17.905296,20.477524,18.64225,22.735245,20.442553,25.479538,24.31209,29.266165,32.129864,31.029816,27.562927,29.596174,23.500448,23.636164,19.843111,19.836458
23,11.397329,10.217178,7.5159454,10.363929,8.974115,11.909564,12.787951,16.954325,19.880096,22.352507,27.399952,28.445843,30.769121,30.82284,27.19526,23.676895,20.350643,17.284998,16.069143,10.407241,13.5450945,6.8133116,5.25159,0.0,5.419204,6.001553,8.383226,12.153217,12.162655,16.609217,17.19057,21.419983,26.188166,29.909918,31.571445,35.215427,37.744907,38.687443,35.036076,31.80893,27.262045,27.024101,22.195526,22.945518,18.028013,18.39804,15.748344,15.54024,16.075895,19.85341,18.326462,22.936865,21.405416,24.631187,28.030418,28.277697,32.76871,31.427896,28.933998,30.898016,32.945282,28.538858,24.90536,23.330202,19.474464,16.541283,16.291521,14.22435,10.808924,10.589955,11.026195,9.357564,11.438476,13.148189,16.04849,17.465384,21.331593,23.301208,27.23264,30.237091,33.772022,35.315624,34.66117,37.814926,35.0661,31.697506,29.60316,24.844282,25.032688,19.001205,18.448772,14.063287,14.275198,10.605509,13.918946,19.330654,18.506716,17.482924,21.019548,16.445898,19.915232,19.1159,23.375225,22.301601,27.122318,26.856457,31.6215,34.397507,33.685654,30.31868,32.577713,26.415222,27.14106,23.163992,23.801224
24,15.604669,13.3049,10.84919,11.352451,8.089046,11.2658615,9.854723,14.907292,16.895369,19.461176,24.014868,25.25659,27.190392,26.751108,23.364504,19.671225,17.18239,13.437176,13.680758,8.072734,13.139191,7.4937754,6.057991,5.419204,0.0,6.83536,5.1566944,8.031156,7.0508356,11.883638,11.888139,16.550825,20.897234,25.036146,26.29111,30.187576,32.493378,33.34133,29.67269,26.39747,21.876328,21.776201,16.846294,18.033325,13.210483,14.297234,12.322079,13.358737,13.938653,16.511475,14.451845,18.609331,16.47609,19.74637,22.76049,23.379602,27.563683,26.455254,23.997772,26.09764,27.835333,23.450447,19.933002,17.97038,14.497868,11.269009,11.926973,10.041697,8.029917,7.8610873,6.710768,6.8134847,7.1532264,10.504777,12.611223,12.918346,17.064896,18.626522,22.627457,25.510818,28.931664,30.418653,30.190594,33.29289,30.226412,27.112535,24.800323,20.027157,20.288723,14.21549,13.959373,10.031058,10.51743,9.178495,11.991629,16.992638,17.05423,16.026325,19.154854,14.688006,17.096579,15.936097,19.959126,18.504602,23.238575,22.56105,27.008955,29.602175,28.716425,25.39073,27.483559,21.360098,22.365719,18.380354,19.619272
25,15.436957,13.616947,12.701709,13.8403,12.713636,16.551079,16.065176,21.298311,23.392303,26.202475,30.73182,32.08808,33.990395,33.46041,30.15187,26.404938,24.001371,20.224337,20.329063,14.5803385,18.853462,12.186448,10.411997,6.001553,6.83536,0.0,5.5574207,8.897239,11.109147,14.574078,16.76199,20.105263,25.308424,29.263157,30.895363,34.921486,37.081646,38.05574,34.59386,30.830564,26.774343,26.406055,21.735806,22.895048,17.977205,19.093685,16.05933,17.07498,15.692563,19.198061,17.212069,21.647242,19.717363,22.243364,25.843185,25.028814,30.111341,28.16453,25.797935,27.939058,30.833284,26.873264,22.608688,21.789581,16.657606,14.795245,12.70509,11.616091,7.1442723,8.970595,10.84796,11.498253,13.469796,16.631847,19.119652,19.473501,23.591488,25.061302,29.015722,31.831802,35.097305,36.491306,36.62942,39.558926,36.10934,33.02106,30.302296,25.885464,25.163645,19.779104,18.254538,14.164982,12.767603,9.629003,10.357546,15.232869,16.192898,16.272959,20.430817,17.030382,20.465666,20.516283,24.53711,24.232624,28.654549,28.668703,32.840958,35.26293,34.561565,31.374647,33.25424,27.30248,28.383524,24.200665,25.516113
26,17.629002,14.700095,13.91093,13.012754,10.823657,14.840096,12.810859,18.695597,19.85157,22.969496,26.890291,28.688742,30.15132,29.350712,26.35265,22.382504,20.968716,16.576374,17.988155,12.552055,17.743658,11.8983135,11.027337,8.383226,5.1566944,5.5574207,0.0,3.9211736,5.776401,9.068219,11.480119,14.554249,19.867258,23.716866,25.456512,29.399752,31.614944,32.73317,29.485704,25.846266,21.754726,22.052141,17.108152,19.248608,14.662622,16.71358,14.719428,16.801668,15.914234,18.00101,15.387072,19.104532,16.121399,18.602806,21.240345,20.954386,25.495142,23.512688,20.920954,22.858738,25.464344,21.382,17.244785,16.552582,11.754869,10.057828,9.050334,9.091895,6.5034394,8.791049,8.723039,10.955202,10.872325,15.096981,16.649223,15.690843,20.035933,20.753443,24.8449,27.24169,30.46926,31.616999,31.968452,34.666756,30.959312,27.915632,24.997704,20.791208,19.741179,14.650875,12.898686,9.168829,7.6509867,6.7968187,7.379516,12.113762,13.371347,13.219255,16.867947,13.589152,16.115614,16.071827,19.823381,19.582151,23.752954,23.821436,27.692482,29.992853,29.446337,26.374674,28.522463,22.632555,24.330875,20.400383,22.449722
27,21.378393,18.202784,17.537054,15.970471,13.420514,17.206495,14.139413,20.097782,20.46191,23.538828,26.831675,28.772314,29.826756,28.566132,25.944407,21.987438,21.463932,16.836336,19.26913,14.462956,20.067213,14.970477,14.073496,12.153217,8.031156,8.897239,3.9211736,0.0,4.492744,6.161275,9.378427,11.842095,16.942928,21.123468,22.534525,26.762257,28.636518,29.703909,26.587334,22.731533,18.991182,19.40493,14.645532,17.34206,13.251169,16.012094,14.561851,17.528027,16.180983,17.179718,14.191563,17.13827,13.491636,15.481551,17.70734,17.210476,21.740356,19.609161,17.060032,19.193684,21.960043,18.136557,13.762866,13.283021,7.9672146,7.166769,5.7922,7.484473,6.7313514,9.475995,8.955274,12.537656,11.588851,16.349693,17.216038,15.28698,19.502605,19.665945,23.600151,25.723667,28.673393,29.682901,30.603806,33.11496,29.006449,26.320097,23.071854,19.206871,17.77106,13.39821,11.407958,8.88279,6.694195,8.734928,7.4108315,10.622308,13.432801,13.711602,16.933733,14.473986,15.996768,16.073452,19.27721,19.134558,22.847095,22.77361,26.0409,28.010748,27.379492,24.505085,26.344774,20.781057,22.793375,19.000395,21.624018
28,20.920914,17.618408,16.36603,14.36633,10.9120035,14.0640955,10.240026,16.047186,16.093458,19.137014,22.338995,24.348988,25.380365,24.244516,21.577705,17.549648,17.206875,12.449449,15.317928,11.079617,16.771778,12.807374,12.545102,12.162655,7.0508356,11.109147,5.776401,4.492744,0.0,5.0664387,5.711322,9.704941,14.342499,18.536224,19.888151,23.903898,26.082464,27.156862,23.9049,20.521496,16.21865,17.136173,11.919726,14.97829,11.069955,13.923919,13.445835,16.261274,16.293198,16.769203,13.8580265,16.516989,12.7029,15.359984,16.869938,17.778164,21.36023,19.93407,17.25785,19.141417,20.814278,16.471594,12.890987,11.3845215,8.172121,5.7616167,8.023968,8.589073,9.206146,10.377244,7.9456344,11.079285,8.587012,13.344166,13.623878,11.197614,15.541366,15.520104,19.639393,21.715618,24.890413,25.91514,26.450323,29.066418,25.23902,22.36927,19.40147,15.1750555,14.415126,9.249902,8.21483,5.800069,5.7844586,8.986111,9.912805,13.320928,14.545861,13.8253565,16.175129,12.882023,13.604997,12.732377,15.962913,15.01658,19.00788,18.548725,22.142105,24.339725,23.687326,20.652573,22.926636,17.078718,19.256416,15.686331,18.385815
29,24.361586,20.615255,20.305046,17.181227,14.420806,17.600752,13.431111,19.200764,18.203403,21.577961,23.737978,26.364042,26.736069,25.272394,23.253325,19.163319,20.201132,15.245604,19.076786,15.469657,20.898972,17.278234,17.49587,16.609217,11.883638,14.574078,9.068219,6.161275,5.0664387,0.0,5.7426186,5.71177,11.587217,15.02599,17.088829,20.865396,23.058393,24.557953,22.023901,18.633474,14.927505,16.953487,12.067792,16.46286,13.685445,17.209496,17.295221,20.64901,20.180008,19.82735,16.661465,18.211191,13.489136,15.02527,14.841342,15.508959,18.51254,16.22064,13.156288,14.425218,16.563255,12.376176,8.39815,8.911295,5.7250543,6.5418663,8.46102,11.22327,12.432065,14.422056,12.359529,16.005043,13.200848,17.92832,17.572548,14.050358,18.039677,16.809261,20.749744,21.9193,24.779495,25.24816,26.32814,28.318209,23.892471,21.171534,17.623795,14.48255,12.0377445,9.117086,6.2998996,6.3156652,4.7012434,10.335167,9.372965,10.662993,12.780343,12.607295,14.290109,12.671567,12.284436,12.385778,14.621053,14.934367,17.819574,18.172323,20.809502,22.581518,22.468662,19.90781,22.47056,17.254751,20.380955,17.448706,20.926468
30,25.322256,21.902826,20.441113,17.848886,13.968297,15.9015,10.965504,15.645334,14.230082,16.885122,18.86627,21.084845,21.459248,19.807663,17.746029,13.837293,15.174035,10.487837,14.943099,12.744185,18.084211,16.162024,16.297525,17.19057,11.888139,16.76199,11.480119,9.378427,5.711322,5.7426186,0.0,6.433921,9.01912,13.827053,14.419304,18.595232,20.631474,21.618315,18.37991,15.37151,10.843176,12.812567,7.5043225,11.962934,9.770413,13.231015,14.50689,17.734566,18.471924,17.340544,14.468144,15.525242,11.111769,13.543429,13.269242,15.7235565,17.813154,17.196371,14.625088,16.337885,16.649029,12.147786,9.786442,6.9055386,7.4631844,5.320731,10.31783,11.239319,13.753891,14.205671,10.770739,13.945285,9.956118,14.1866045,12.938234,8.728075,12.430949,11.110445,15.065851,16.563383,19.571991,20.396338,21.306751,23.766834,19.708622,17.198061,14.117402,9.992533,9.756028,5.1677847,6.078363,7.2229548,8.62937,13.532035,14.326856,16.37051,17.589483,16.591463,17.555716,14.793696,13.502975,11.808793,13.805944,11.948184,15.293789,13.999274,16.957184,18.915396,18.071009,15.137564,17.514446,11.865474,14.824311,12.030296,15.577241
31,28.178898,24.236025,24.014193,20.118925,17.308973,19.598042,14.908666,19.734556,17.448288,20.741632,21.53205,24.690845,24.30829,22.614258,21.374273,17.461424,20.07502,15.355151,20.130926,17.953009,22.838615,20.685368,21.516169,21.419983,16.550825,20.105263,14.554249,11.842095,9.704941,5.71177,6.433921,0.0,7.1247916,9.317435,12.141326,15.29621,17.84842,19.809088,17.995422,15.389283,11.99105,15.725654,11.43209,16.862597,15.619016,19.33487,20.57821,24.02581,24.200556,22.888794,19.821348,20.193642,15.166117,16.180399,13.630078,15.653605,16.61996,14.6052685,11.378087,11.423764,12.121112,7.436177,5.234365,6.879722,8.19969,9.632949,12.984982,15.714592,17.797428,19.302965,16.53208,19.962292,16.203606,20.425528,19.082424,14.54274,17.762453,15.180037,18.746933,18.776789,21.38269,21.232815,22.519772,23.892815,19.165314,16.55494,12.701912,10.793307,7.0468554,7.3293624,4.817103,8.495881,8.567038,14.522973,14.048357,14.081069,15.321546,14.726434,14.624814,13.931331,11.409858,11.239743,11.766721,12.333211,13.846494,14.4879,16.0999,17.53744,17.992136,15.918393,19.180779,14.735798,18.847296,17.077272,21.079947
32,33.71325,30.025932,28.984201,25.619844,22.087626,23.403744,18.297352,21.58265,18.53138,20.52965,19.951134,22.578754,21.465626,18.859892,18.632093,15.715886,19.637156,16.005941,21.294264,20.814863,25.437155,24.744207,25.148989,26.188166,20.897234,25.308424,19.867258,16.942928,14.342499,11.587217,9.01912,7.1247916,0.0,7.1094527,5.6015954,10.48483,11.781474,13.04249,10.870647,8.658917,5.8226085,10.859827,8.53768,13.976707,14.987056,18.547932,21.059513,24.682947,25.25997,22.529346,19.855165,18.582684,13.952488,14.383139,9.890064,13.979429,12.621831,12.790626,10.743199,11.36835,9.001705,5.1556497,6.9570503,4.8799105,10.900989,11.732409,16.06184,18.08704,21.544205,22.170506,18.891514,22.305935,18.11249,21.619377,19.296047,14.279563,15.83065,12.37405,14.568514,13.828116,15.535818,15.242962,17.729244,18.98523,13.850804,12.81994,9.013317,8.266364,6.9139614,9.323055,10.3226595,14.298261,15.221814,21.050503,20.758707,20.66313,22.43987,21.752064,21.214758,20.276407,17.043406,15.730179,15.132755,13.804047,14.205062,12.65888,12.388891,12.838908,12.200575,10.65598,12.828887,9.911568,14.333022,13.9167795,18.248129
33,35.544518,31.550308,31.367943,26.933615,24.24691,25.342136,20.661211,23.59535,19.86127,22.425888,20.757675,24.428236,22.707806,20.739378,21.14272,18.252712,22.880234,19.32075,24.562822,24.318272,28.158018,27.835861,29.20183,29.909918,25.036146,29.263157,23.716866,21.123468,18.536224,15.02599,13.827053,9.317435,7.1094527,0.0,6.8234515,6.529442,10.285409,13.440036,13.808511,13.68844,12.09339,17.605635,15.408265,20.811295,21.576632,25.04332,27.45857,30.811384,31.686817,29.377167,26.628933,25.662745,20.943592,21.242771,16.189213,19.662945,17.361141,16.427782,14.054304,12.081711,8.870495,5.917806,9.8503685,11.423241,16.153185,17.589277,21.52648,24.041523,26.778313,27.821709,24.542957,27.598772,23.200928,26.50333,24.141441,19.103315,20.657072,16.575804,18.677021,16.48269,18.093895,16.552877,18.209661,17.982357,12.91948,11.134613,7.313913,9.935654,5.7345524,11.93348,11.680524,16.285473,17.295296,22.895,22.82181,21.98867,22.369236,21.435398,19.462082,19.854465,15.526578,14.961207,12.567889,13.20147,11.21061,12.173642,10.492248,10.559656,12.610521,12.290084,16.46772,14.656179,19.557804,19.934294,24.05676
34,38.72449,35.021313,33.96802,30.419407,26.932383,27.7462,22.706606,25.038332,21.402197,22.785006,20.815714,23.406475,21.477203,18.523607,19.474438,17.516459,22.3754,19.593355,24.907337,25.380417,29.480804,29.6257,30.19452,31.571445,26.29111,30.895363,25.456512,22.534525,19.888151,17.088829,14.419304,12.141326,5.6015954,6.8234515,0.0,6.081248,6.236303,7.7330003,7.0656786,7.3198113,7.2842016,12.612744,12.407276,17.010279,19.23722,22.449932,25.499863,29.016836,29.8566,26.561754,24.184576,22.085947,17.990204,17.831654,12.160288,16.736616,13.181901,14.394354,13.253588,12.976568,8.295065,7.069972,11.1499,9.910327,16.134037,17.098478,21.340408,23.287825,26.993275,27.430138,24.04244,27.257597,22.917776,25.884453,23.107458,18.118967,18.531427,14.506896,15.280504,13.064818,13.548868,12.314508,15.6885,15.9420185,10.5098295,11.140139,7.9926796,10.080075,9.43949,13.708568,15.107489,19.399172,20.522968,26.341143,26.08414,25.541618,27.131403,26.375208,25.16439,24.692528,20.82558,19.430994,17.760511,16.371178,15.198666,13.322706,10.679085,9.621025,9.09101,9.247188,10.991135,10.948543,15.320805,16.446291,20.56308
