,0,1,2,3,4,5,6,7,8,9,10,11,12,13,14,15,16,17,18,19,20,21,22,23,24,25,26,27,28,29,30,31,32,33,34,35,36,37,38,39,40,41,42,43,44,45,46,47,48,49,50,51,52,53,54,55,56,57,58,59,60,61,62,63,64,65,66,67,68,69,70,71,72,73,74,75,76,77,78,79,80,81,82,83,84,85,86,87,88,89,90,91,92,93,94,95,96,97,98,99,100,101,102,103,104,105,106,107,108,109,110,111
0,0.0,3.688096,6.939142,10.122165,12.925085,15.854765,16.772064,21.9958,23.49044,27.066837,30.680094,33.35941,36.172184,34.767986,35.67352,31.483034,33.410095,28.702152,30.836033,27.9293,29.470587,27.020294,26.283264,27.157454,26.789986,27.241793,25.45355,26.274624,24.68139,23.115013,25.035568,21.838865,27.733992,24.326576,30.326336,29.573849,33.89391,37.271282,37.82288,36.339962,32.828136,36.975018,32.037846,36.605957,33.73005,36.317993,36.428146,37.676846,39.42664,40.509903,38.010395,39.690117,35.240345,36.813244,35.43333,35.673306,37.601063,33.94503,30.412125,28.264807,30.939629,26.935476,25.847757,27.691532,28.285769,28.824043,30.989723,32.43044,31.862822,33.963776,33.35472,32.787823,30.672693,33.050205,33.16662,30.284044,34.070267,32.124874,36.12341,35.96944,39.204872,38.560265,38.140663,39.51456,35.94526,32.611107,28.714613,28.117811,23.317013,23.63791,20.237663,18.980227,19.496368,18.435818,21.222761,18.166143,16.399271,13.02358,13.085125,11.2903185,14.731885,13.993861,16.461777,18.646223,18.892296,21.773884,21.79614,24.14891,23.632362,27.985125,28.628624,32.784878
1,3.688096,0.0,3.5693274,7.3593607,9.461244,12.211283,13.571366,18.485245,20.242563,23.701576,27.548658,30.214655,32.841335,31.314997,32.147507,27.936302,29.756409,25.096678,27.175875,24.38646,25.939205,23.754671,23.039694,24.337086,23.82646,24.875263,23.000986,23.850458,21.830153,20.616161,21.977282,19.305557,25.025808,22.008677,27.80262,27.218405,31.718397,34.940823,35.237537,33.68655,29.92228,33.943764,28.932598,33.33952,30.471003,32.94539,33.13953,34.29736,36.273697,37.285084,34.885105,36.578285,32.250355,34.045013,32.79474,33.339863,35.281506,31.972147,28.38695,26.575087,29.006596,24.689833,23.649162,24.87907,25.7971,25.949741,28.488695,29.646416,29.324303,31.197884,30.327387,29.598722,27.350351,29.554724,29.619577,26.810232,30.587753,28.745245,32.808754,32.806835,36.1514,35.639194,35.01344,36.57461,33.196484,29.65352,25.8106,24.921873,20.357838,20.32582,17.211199,15.896687,16.915747,16.281363,19.509386,17.09262,15.977481,12.785068,12.385632,9.50026,12.323006,11.199563,13.035346,15.513253,15.863868,18.418972,18.267006,20.582083,19.946272,24.304716,24.991564,29.12188
2,6.939142,3.5693274,0.0,5.9305587,6.6402383,9.596343,11.673035,16.000158,18.368023,21.377953,25.778084,28.165375,30.581932,28.892347,29.405144,25.113373,26.705215,21.935524,24.051851,20.999228,22.820375,20.385805,19.507877,20.915348,20.273703,21.57311,19.632954,20.556944,18.398535,17.537483,18.748297,16.682503,22.535694,20.38975,25.737072,25.755795,30.19504,33.19036,33.057076,31.188814,27.244984,30.979727,25.86446,30.068117,27.059402,29.49599,29.5991,30.786665,32.7065,33.750668,31.35397,33.14974,28.892508,30.805536,29.895336,30.422396,32.64837,29.50805,25.906178,24.535547,27.103258,22.567696,21.194237,21.881615,22.69107,22.586666,25.173935,26.171864,25.893768,27.685802,26.762892,26.059671,23.809689,26.122538,26.244139,23.497116,27.388332,25.76124,29.901443,30.202467,33.59656,33.336838,32.75605,34.65094,31.354631,27.550001,23.895159,22.43175,18.265575,17.3972,14.359644,12.575877,13.756138,13.151802,16.74471,14.883793,14.471002,11.495293,10.64445,6.957874,9.095352,8.110994,9.649264,12.522927,13.440031,15.668356,15.193883,18.16013,17.030798,21.587273,22.433475,26.441362
3,10.122165,7.3593607,5.9305587,0.0,4.5950274,8.189755,7.3042326,12.90426,14.320253,17.509483,21.436253,23.645393,26.60207,25.377201,26.24784,22.16265,24.90433,20.091883,23.355665,20.626432,23.606388,21.833145,20.116924,22.633741,20.556051,23.210672,19.98825,19.818521,17.224642,15.252595,16.029835,12.611242,17.8413,14.708891,20.445787,20.055618,24.475779,27.622858,27.89082,26.470547,22.844225,27.187117,22.413973,27.319555,25.000689,27.825811,28.720987,30.478523,32.46086,32.55792,30.135075,31.075287,26.571423,28.160759,26.153627,27.26105,28.52438,25.580332,22.019571,20.17683,21.969347,17.532478,17.039362,18.409996,20.252003,20.637138,23.921183,25.271345,26.128786,27.993774,26.560467,26.475521,23.331676,25.789944,25.092484,21.46395,24.866686,22.431086,26.259521,25.892803,29.089245,28.459335,28.176409,29.70853,26.09177,22.605564,18.81825,18.090889,13.263719,13.948144,10.571561,10.674734,12.064897,14.136205,16.272755,15.083466,14.474467,13.246331,13.467377,10.2421875,10.709069,12.049171,11.385593,15.638924,17.030615,17.977917,16.482317,18.784578,16.134096,20.701365,20.37225,24.57779
4,12.925085,9.461244,6.6402383,4.5950274,0.0,4.121781,5.7835317,9.5992,12.246091,14.855142,19.59588,21.702492,24.067162,22.416346,22.918098,18.66479,20.80008,15.982661,18.897337,16.17361,19.014748,17.476048,15.9462595,18.911982,16.947762,20.237635,17.334257,17.537733,14.323339,13.5626,13.22155,11.725331,16.640398,15.075801,19.882402,20.158297,24.709248,27.41745,26.999695,25.220598,21.031527,24.82381,19.777866,24.101517,21.521078,24.025265,24.789486,26.238672,28.5341,28.824022,26.573706,27.84104,23.653105,25.743246,24.45221,25.823868,27.516441,25.144701,21.589567,20.656288,22.320583,17.443365,16.62937,16.388893,18.413303,17.857098,21.528057,22.227793,23.140669,24.56635,22.8647,22.351782,19.240673,21.398052,20.856339,17.605473,21.216106,19.288647,23.385088,23.619722,27.076906,26.883104,26.179066,28.246815,25.115297,21.117674,17.610233,15.832082,11.990351,10.923385,8.421776,7.6830425,10.260747,12.413555,15.49321,15.337236,15.843182,14.520537,13.869843,9.918194,9.0395355,9.44777,7.2935834,11.833547,13.459016,13.771312,11.989522,14.597444,11.736195,16.44265,16.57002,20.6367
5,15.854765,12.211283,9.596343,8.189755,4.121781,0.0,5.3753767,6.7362905,9.883852,12.401714,17.185682,19.58847,21.440542,19.517504,20.133654,15.920451,17.730597,13.335048,15.719799,13.876108,16.096966,15.8501215,14.878632,18.63087,16.842943,20.973995,18.48106,18.876316,15.026588,15.280514,13.349439,13.42915,16.97955,15.890534,20.065504,20.114136,24.943335,27.355051,26.727867,25.156235,20.591282,24.081741,19.093294,22.83947,20.420921,22.435122,23.402683,24.368225,27.344782,27.57934,25.688765,27.00768,23.297884,25.854181,24.78753,26.809792,28.302174,26.68548,23.264555,22.80235,23.71359,18.700571,18.364779,16.856052,19.601799,18.16143,22.423054,22.40391,23.640902,24.445805,22.251425,21.102499,17.879452,19.164072,18.529793,15.73379,19.142212,17.499163,21.665188,22.115402,25.792652,25.742077,24.299505,26.519356,24.018208,19.823076,16.471182,14.389748,11.465589,9.910674,9.257307,8.884488,12.407674,14.782877,18.244488,18.737013,19.661686,18.293316,17.267986,13.089468,11.720019,10.649996,6.880992,10.922329,12.015377,11.349494,9.426595,10.810353,8.193822,12.625673,12.888171,17.00654
6,16.772064,13.571366,11.673035,7.3042326,5.7835317,5.3753767,0.0,6.2395263,7.02938,10.401267,14.259526,16.651752,19.447287,18.253206,19.508999,15.6541,19.047707,14.776613,18.440147,16.94192,20.173326,20.155088,18.419168,22.478697,19.639828,24.19325,20.690994,20.095793,16.328123,15.118404,13.218262,11.322138,13.932141,11.120047,16.069912,15.267343,20.244658,22.992083,23.057919,22.143036,18.065508,22.463926,17.965944,22.669346,21.090244,23.601288,25.32408,26.940859,29.71018,29.04997,27.069008,27.453115,23.411207,25.421703,23.018011,25.506035,25.900457,24.317629,20.984823,19.82569,19.865385,15.085433,15.905432,15.551984,19.220366,18.64377,23.22623,23.819576,25.868196,26.976467,24.600723,24.246754,20.383768,21.971664,20.531286,16.734102,19.438951,16.662926,20.356916,19.779041,23.194265,22.541836,21.494217,23.098848,20.048735,16.301886,12.495783,11.79193,7.3692484,8.940385,7.785496,9.913187,12.930937,16.937225,18.984043,19.44135,19.798527,19.345184,19.184055,15.51035,14.216409,14.95059,11.652834,16.107141,17.37349,16.59162,14.342932,15.005067,11.356406,15.257586,13.896178,18.170156
7,21.9958,18.485245,16.000158,12.90426,9.5992,6.7362905,6.2395263,0.0,4.6348267,5.716866,11.033182,13.043695,14.7283,12.894811,13.771543,9.778264,12.925989,9.130181,12.773315,12.33694,15.5998745,16.959356,15.44469,20.434566,17.43353,23.126818,19.98504,19.497656,15.092101,15.439003,11.382006,12.595722,13.150218,13.009027,15.609711,15.724831,20.464056,22.314772,21.404228,20.275496,15.567512,19.024265,14.612207,18.248365,16.913029,18.785538,20.848778,22.06919,25.479296,24.56598,23.061398,23.436605,20.142899,22.781324,21.082085,24.301157,24.77226,24.38065,21.373238,21.420385,20.829996,16.007097,16.822535,14.110164,18.440306,16.553638,21.76994,21.364403,23.979364,24.267595,21.256855,20.434553,16.341024,16.98074,15.172718,11.790845,14.103774,11.834419,15.698005,15.867665,19.623968,19.591694,17.694477,20.086489,18.073708,13.715242,10.835659,8.376113,7.258897,6.066493,8.407235,10.315643,14.064198,18.286736,20.615429,22.23401,23.51136,23.225994,22.522423,18.698345,16.338951,16.430601,11.771501,15.495125,16.790096,14.507311,11.714627,11.446392,6.587474,9.6864395,7.840852,11.999435
8,23.49044,20.242563,18.368023,14.320253,12.246091,9.883852,7.02938,4.6348267,0.0,4.6168756,7.432877,10.331584,12.853034,11.865971,13.973235,10.9280205,15.240543,12.464808,16.171453,16.556168,19.616047,21.519312,19.985388,25.02266,21.779478,27.538853,24.059526,23.14267,18.867893,18.393724,14.461863,14.337238,13.426921,11.486196,14.331278,12.832738,17.941284,19.979921,19.91925,19.874334,15.709619,19.832903,16.25032,20.25749,19.830158,21.746714,24.364975,25.723642,29.209211,27.707848,26.341143,26.014385,22.776665,25.046516,22.273891,26.064917,25.409027,25.331728,22.530293,22.015005,20.277082,15.925782,18.015186,16.15086,21.147823,19.791208,25.136522,25.00897,28.037863,28.39495,25.263634,24.678139,20.399939,20.805384,18.542511,14.963775,16.252619,13.165625,16.198309,15.173866,18.676964,17.918522,15.671074,17.194756,15.189452,11.423033,8.04179,7.939566,6.195472,8.853048,10.891365,13.943124,17.331652,22.068596,23.835028,25.212576,26.01277,25.97508,25.677856,21.944712,19.976631,20.308277,15.954421,19.762215,20.710176,18.599224,16.071777,14.653774,10.705071,12.5562525,9.440139,13.394849
9,27.066837,23.701576,21.377953,17.509483,14.855142,12.401714,10.401267,5.716866,4.6168756,0.0,6.215279,7.3940034,9.215389,7.9252844,9.548173,6.647169,11.668114,9.519865,13.7606945,14.56991,18.241098,20.464315,18.64671,24.005325,20.3182,26.646914,23.104885,21.926435,17.594412,17.674463,12.767464,14.196229,11.671129,12.16015,12.763057,12.672411,17.011116,18.222824,17.220924,16.878736,12.467625,15.917452,12.731485,16.161562,16.288431,17.975443,21.026512,22.519203,26.024775,24.006824,22.896471,22.184193,19.403112,21.796625,19.258406,23.513771,22.751528,23.511415,21.06913,21.383419,19.29204,15.169265,17.183754,14.046444,19.38978,17.547009,23.093517,22.568901,26.158236,26.147774,22.707947,22.345303,17.87293,18.018713,15.25012,11.613663,12.080122,8.891003,11.717977,11.052119,14.740904,14.514641,12.071238,14.481973,13.017458,8.688398,6.729025,4.655656,6.7450953,7.4973564,11.121766,14.188863,17.448217,22.526047,23.92031,26.066458,27.388508,27.794672,27.386578,23.84128,21.180164,21.925339,17.185001,20.742361,22.082657,19.285473,16.359737,15.250938,10.361912,11.3337965,7.5222745,10.573713
10,30.680094,27.548658,25.778084,21.436253,19.59588,17.185682,14.259526,11.033182,7.432877,6.215279,0.0,4.3681283,7.0024414,7.6571116,11.18725,10.601595,15.648366,15.040687,18.53513,20.3316,23.328289,26.32723,24.753176,30.16344,26.490135,32.85672,29.214104,27.812384,23.602417,23.194025,18.52134,18.95906,15.17619,13.959442,14.101558,11.803624,15.9690895,16.961643,17.101048,18.472225,15.216187,18.797949,17.068317,20.19825,21.33911,22.725662,26.202759,27.551315,31.251856,28.711458,27.937817,26.557556,24.201427,26.22246,22.779125,27.601402,25.54834,26.899721,24.860252,24.689028,21.250801,18.086105,21.287897,18.966534,24.635046,23.169163,28.69652,28.271084,32.14632,32.05233,28.491375,28.122467,23.679743,23.298676,20.295925,17.085987,16.38624,13.06057,14.187487,12.002169,14.847447,13.608167,9.9991865,10.713441,10.362805,7.83987,6.683582,8.640456,10.2323885,13.406153,16.47219,20.019571,23.109127,28.39442,29.506657,31.416332,32.33527,32.83301,32.686733,29.116983,26.822062,27.417812,22.79888,26.287231,27.167768,24.426336,21.82707,19.440905,15.7208185,15.529407,11.199461,13.304331
11,33.35941,30.214655,28.165375,23.645393,21.702492,19.58847,16.651752,13.043695,10.331584,7.3940034,4.3681283,0.0,4.475273,6.308138,9.225068,9.717564,15.083286,14.909332,18.864143,20.505327,24.184877,26.916563,24.917143,30.328156,26.186735,32.752487,28.866377,27.066027,23.099411,22.66549,17.804811,18.684639,13.564553,13.944421,12.04071,10.982836,13.957203,14.067802,13.508678,15.027347,12.235102,15.352131,14.633545,17.447765,19.367102,20.758526,24.599676,26.332771,29.666744,26.516338,25.868662,23.849962,21.803738,23.52106,19.836311,25.003996,22.461554,24.531279,22.952824,23.266169,19.352762,16.790253,20.1143,17.431536,23.19492,21.809916,27.224384,26.793955,31.137014,30.962624,27.333109,27.492819,22.956795,22.746088,19.389565,16.02453,14.441535,10.893341,10.870779,8.067371,10.58432,9.413015,5.70041,7.212563,7.215516,4.6946497,6.0932765,7.5835276,10.998525,13.538067,16.921396,20.616787,23.307749,28.932415,29.429064,31.81563,32.980022,33.994755,33.94631,30.665699,27.951284,29.215124,24.527254,28.078745,29.39125,26.406742,23.500744,21.818987,17.353874,17.075827,12.720292,13.887664
12,36.172184,32.841335,30.581932,26.60207,24.067162,21.440542,19.447287,14.7283,12.853034,9.215389,7.0024414,4.475273,0.0,3.21272,6.308634,8.573795,12.922915,14.292132,17.29037,19.874598,22.950706,26.45958,24.852312,30.35787,26.503931,33.25824,29.849253,28.31652,24.273388,24.68847,19.313028,21.497108,16.446451,18.010616,15.581781,15.345514,17.82762,17.27472,15.8703785,16.970758,14.053511,15.661045,15.395479,16.633743,18.853708,19.407001,23.32809,24.540108,28.25375,25.022919,24.903189,22.955048,21.80976,23.912428,21.14679,26.41627,24.24223,26.885971,25.492151,26.429892,22.765448,20.18156,22.972818,19.265472,24.793428,22.703596,28.086893,27.00865,31.391535,30.675447,26.834805,26.60078,22.342325,21.273388,17.86476,15.526975,13.116964,10.714936,10.038821,8.487738,10.850953,10.754024,5.787647,8.367592,10.443476,8.335738,10.278815,10.055378,14.427647,15.384183,19.415812,22.539501,25.417004,30.7004,31.539587,34.249634,35.774487,36.61707,36.253975,32.845886,29.896908,30.668154,25.744717,28.728487,29.886742,26.455006,23.661242,21.485962,17.492952,16.033545,11.8322115,11.568097
13,34.767986,31.314997,28.892347,25.377201,22.416346,19.517504,18.253206,12.894811,11.865971,7.9252844,7.6571116,6.308138,3.21272,0.0,4.012463,5.899552,9.874534,11.503101,14.133514,16.980042,19.790068,23.518234,22.151901,27.683506,24.111443,30.864813,27.787146,26.577415,22.398945,23.348455,17.76026,20.664505,16.361315,18.397436,16.478657,16.755638,19.6851,19.398335,17.605328,17.887798,14.254976,15.551555,14.48731,15.339937,17.009396,17.306437,21.01023,21.908884,25.902044,23.06326,22.976923,21.56957,20.484917,23.017866,21.0012,26.00673,24.612244,26.984276,25.347939,26.515728,23.512459,20.392553,22.60275,18.34301,23.64254,21.09967,26.52022,25.130526,29.27295,28.3796,24.498114,23.895279,19.757582,18.385338,15.0978365,13.147444,11.0085335,9.220733,9.503178,9.278501,12.279848,12.78618,8.365361,11.461779,12.90607,9.8543625,11.056915,9.497525,14.0086775,13.816901,18.13688,20.777802,23.860205,28.78803,30.044077,32.806587,34.527775,35.111004,34.505093,30.992266,27.9711,28.372158,23.3712,26.058825,27.163347,23.584356,20.840057,18.633009,14.747112,12.973628,8.925753,8.397631
14,35.67352,32.147507,29.405144,26.24784,22.918098,20.133654,19.508999,13.771543,13.973235,9.548173,11.18725,9.225068,6.308634,4.012463,0.0,4.3800287,7.1659913,9.568653,12.08543,14.798679,17.966293,21.444324,19.943481,25.355904,21.727306,28.525639,25.654383,24.481888,20.496847,22.03004,16.280426,20.264507,16.068756,19.605091,17.022423,18.622627,21.066523,20.439354,17.727394,17.056421,13.244421,13.25612,12.310822,11.929245,13.721937,13.585222,17.376387,18.307621,22.19131,19.195835,19.313854,17.940298,17.375101,20.12823,19.008589,23.833035,23.035585,25.663235,24.197058,26.010504,23.522427,20.413881,21.920822,16.86901,21.709637,18.74155,23.937792,22.166555,26.408628,25.23274,21.28953,20.813873,16.82527,15.322079,11.869411,10.425824,7.516861,6.940267,6.9924116,8.581725,11.572006,13.103247,9.654178,13.605728,14.804376,11.447138,13.037763,10.043494,15.209608,13.411849,17.95072,20.053223,22.899593,27.588072,28.743917,31.90608,34.002785,34.72359,33.96255,30.6437,27.274406,27.869207,22.88785,25.283201,26.708323,22.915913,20.032675,18.654215,14.386838,12.561081,9.356563,7.764477
15,31.483034,27.936302,25.113373,22.16265,18.66479,15.920451,15.6541,9.778264,10.9280205,6.647169,10.601595,9.717564,8.573795,5.899552,4.3800287,0.0,5.6901703,5.751756,9.480551,11.33916,15.065108,17.980722,16.328247,21.838182,18.224075,24.982012,22.051435,21.08148,16.854233,18.44682,12.69349,16.781548,13.747968,17.127317,15.670021,17.42005,20.563574,20.659508,18.15804,16.872984,12.272673,13.265359,10.586797,11.496197,11.95419,12.530195,15.876534,16.992952,20.852236,18.55291,18.071619,17.439028,15.898334,18.905575,17.941725,22.290947,22.22759,23.964987,21.99454,23.602049,21.868223,18.078182,19.113363,14.0668125,18.838942,15.80657,21.21212,19.632528,23.52794,22.671158,18.84016,18.24262,13.974581,13.094522,9.834347,7.382443,6.355295,5.1587667,7.86464,9.59988,13.269374,14.523311,11.836838,15.624977,15.50935,11.275266,11.579708,7.554676,12.133174,9.419891,14.012495,15.860922,18.91419,23.467316,24.941584,27.92034,29.99804,30.50874,29.676357,26.293957,22.973125,23.521906,18.551214,21.140917,22.705698,19.090841,16.052517,15.274017,10.350809,9.550037,6.472117,6.6614256
16,33.410095,29.756409,26.705215,24.90433,20.80008,17.730597,19.047707,12.925989,15.240543,11.668114,15.648366,15.083286,12.922915,9.874534,7.1659913,5.6901703,0.0,5.2259536,5.1665254,8.69267,11.033661,14.951069,14.231444,19.505713,16.87393,23.406734,21.628016,21.446474,17.421623,20.374344,14.778184,20.17252,18.23585,22.21756,20.864893,23.03685,26.077509,25.984877,23.013641,21.117525,16.5625,16.05359,13.363467,11.983767,11.478603,10.419117,12.936495,12.731369,17.40621,15.931311,16.075891,16.598938,16.210735,19.83717,20.682014,24.369213,25.422897,27.185976,25.267479,27.433619,26.49036,22.589022,22.683231,16.940292,20.528475,16.585701,21.393808,18.817211,22.110987,20.438572,16.52607,14.849131,11.4790125,8.824452,6.028332,7.08322,6.3840714,8.730318,11.0627775,14.152602,17.407232,19.295786,16.571114,20.542343,20.97684,16.879393,17.21889,12.917488,17.006487,12.799504,17.163185,17.616077,20.653698,24.032545,26.1942,29.379593,31.906889,31.99985,30.656494,27.265158,23.8106,23.48077,18.612856,19.953075,21.321697,17.236681,14.586446,13.839897,10.202254,7.8537908,7.3869133,5.088945
17,28.702152,25.096678,21.935524,20.091883,15.982661,13.335048,14.776613,9.130181,12.464808,9.519865,15.040687,14.909332,14.292132,11.503101,9.568653,5.751756,5.2259536,0.0,5.580629,5.6467485,10.21713,12.269205,10.656772,16.194134,13.023101,19.659176,17.325624,17.092033,12.7888975,15.539647,10.091465,15.413227,14.722289,18.556149,18.137384,20.560797,23.934929,24.45479,21.742966,19.3922,14.443359,15.068908,10.932975,11.556477,9.780947,10.373946,12.450454,13.287071,17.167828,16.161316,15.265644,16.143158,14.243833,17.7848,18.324528,21.504759,23.04478,23.861588,21.498003,23.369078,23.141077,18.795156,18.411554,12.969965,16.449186,12.7327585,17.821411,15.850287,18.946472,18.024626,14.35057,13.171946,9.005172,8.511073,6.1096277,4.0598574,6.5784125,7.417218,11.323076,13.972003,17.579332,19.105629,17.260519,21.081087,20.248102,15.691236,15.094338,10.31035,13.33623,8.143026,12.20676,12.39245,15.511855,19.035448,21.23804,24.258839,26.710073,26.815775,25.565163,22.226168,18.726353,18.890734,14.035026,16.103195,17.999899,14.348421,11.166431,12.071418,6.7293177,7.2973576,7.0631876,7.9465675
18,30.836033,27.175875,24.051851,23.355665,18.897337,15.719799,18.440147,12.773315,16.171453,13.7606945,18.53513,18.864143,17.29037,14.133514,12.08543,9.480551,5.1665254,5.580629,0.0,5.3066335,5.897599,10.476548,10.828414,15.860963,14.418188,20.373714,19.510303,20.221426,16.24435,19.872625,14.933842,20.47232,20.29901,23.843773,23.643387,25.727842,29.260466,29.667534,26.886293,24.602991,19.764822,19.624186,15.95705,14.997977,12.92871,11.91634,12.828465,11.71302,16.623045,16.763,16.599491,18.494108,17.73736,21.594803,23.184744,26.033987,28.062895,28.985777,26.671902,28.701153,28.70824,24.33035,23.68421,18.157246,20.829424,16.655346,21.002157,18.226038,20.387108,18.647245,15.101927,12.2501335,9.702483,6.542526,5.95983,8.23341,9.92611,12.271442,15.460502,18.511953,21.960518,23.705696,21.177454,24.992538,24.915405,20.514368,19.983126,15.536889,18.349459,13.336825,16.985464,16.218138,19.390404,21.577621,24.65423,27.525616,30.159124,29.627964,27.878567,24.384848,21.13394,19.83184,15.208125,15.615132,16.774717,12.572184,10.277674,10.097148,7.640907,5.558518,8.050388,7.16226
19,27.9293,24.38646,20.999228,20.626432,16.17361,13.876108,16.94192,12.33694,16.556168,14.56991,20.3316,20.505327,19.874598,16.980042,14.798679,11.33916,8.69267,5.6467485,5.3066335,0.0,6.247796,6.70425,5.704217,11.070817,9.18716,15.247766,14.230903,15.174696,11.365015,15.442844,11.274027,17.096052,18.287888,22.26795,22.443678,25.235731,28.615993,29.305967,26.422262,23.437075,18.595097,18.64623,14.182907,14.009888,10.639838,10.685923,10.654232,10.610758,14.352228,15.137753,14.06896,16.611498,14.929247,18.69318,20.771402,22.71385,25.626114,25.767298,23.261675,25.381458,26.391989,21.90071,20.333364,15.004917,16.633762,12.46994,16.417587,13.860697,15.564358,14.314781,11.072355,8.64771,5.6107635,5.3049016,5.799244,6.640216,10.26211,12.257454,16.026358,19.125784,22.545954,24.297403,22.80973,26.691542,25.65168,21.043407,20.131065,15.297421,17.282806,11.26252,13.958635,12.173242,14.88777,16.576723,19.652784,22.637676,25.493639,25.086203,23.300278,20.156033,16.6126,16.028345,11.760595,12.453752,14.631894,11.006326,8.128883,11.212729,7.4261713,8.735098,10.994067,11.620775
20,29.470587,25.939205,22.820375,23.606388,19.014748,16.096966,20.173326,15.5998745,19.616047,18.241098,23.328289,24.184877,22.950706,19.790068,17.966293,15.065108,11.033661,10.21713,5.897599,6.247796,0.0,6.545978,9.121762,12.804973,13.467923,17.951124,18.556927,20.359556,16.90967,21.091654,17.31443,22.668081,24.103647,27.29551,27.974306,30.059496,33.85645,34.613667,31.925488,29.285564,24.386976,24.334578,20.175596,19.336178,16.256176,15.243092,14.489618,12.462934,16.93922,18.821507,18.46198,21.5534,20.689518,24.552948,26.930454,28.857338,31.821598,32.002037,29.437634,31.37744,32.339375,27.70442,26.298613,21.19005,22.665659,18.51242,21.892906,18.989098,19.593544,17.773811,15.077311,11.028022,10.429588,7.669046,9.636979,12.335787,15.034453,17.4208,20.906673,23.999895,27.486181,29.19791,26.884813,30.616089,30.188917,25.648275,24.565248,20.148256,21.871222,16.49499,19.064396,16.961828,19.884773,20.324038,24.33837,26.782331,29.526878,28.27641,26.02969,22.621397,19.76432,17.200008,13.448476,12.060049,12.82131,8.7239,7.6782117,8.919111,9.146624,8.38717,12.401195,12.3104925
21,27.020294,23.754671,20.385805,21.833145,17.476048,15.8501215,20.155088,16.959356,21.519312,20.464315,26.32723,26.916563,26.45958,23.518234,21.444324,17.980722,14.951069,12.269205,10.476548,6.70425,6.545978,0.0,4.228304,6.347278,8.247632,11.537516,12.890346,15.423518,12.865338,17.424814,15.214113,20.395546,23.311108,26.896645,27.878387,30.700586,34.208385,35.19391,32.38154,29.042938,24.346962,24.331533,19.7087,19.438591,15.367928,15.234588,13.310065,12.322842,14.961324,17.79859,16.57403,20.375196,18.79335,22.312391,25.339848,26.05076,30.037016,29.341118,26.682055,28.71842,30.8676,26.295555,23.830208,19.268236,19.163073,15.359814,17.532984,14.947659,14.251245,13.0042305,11.344951,7.7004375,8.223924,8.627662,11.278976,12.876048,16.61465,18.728699,22.487669,25.627542,28.97855,30.73176,29.457306,33.2764,31.963135,27.309145,25.9707,21.3044,22.236855,16.237335,17.482399,14.140683,16.083261,15.104001,19.253113,21.69897,24.751173,23.539421,21.127356,18.367718,15.310375,13.437993,10.878596,9.148141,11.402858,8.760761,7.545331,12.572438,11.385402,13.166902,16.542013,17.339554
22,26.283264,23.039694,19.507877,20.116924,15.9462595,14.878632,18.419168,15.44469,19.985388,18.64671,24.753176,24.917143,24.852312,22.151901,19.943481,16.328247,14.231444,10.656772,10.828414,5.704217,9.121762,4.228304,0.0,5.554963,4.440013,9.620826,9.447457,11.46856,8.733181,13.45392,11.376063,16.779781,19.72969,23.82146,24.48725,27.787365,30.954166,31.897429,28.98331,25.400658,20.863415,20.90678,16.160822,16.398867,12.1203575,12.821274,11.206292,11.6765785,13.557009,15.658629,13.856122,17.32442,15.099946,18.446564,21.356989,21.890495,25.965822,25.14281,22.519272,24.70191,27.011381,22.588877,19.874668,15.297026,14.938739,11.172068,13.52165,11.226359,11.219462,10.569041,8.599949,6.5894213,5.4853387,8.187535,9.969475,10.253834,14.321925,16.052458,19.822155,22.869774,26.07909,27.82767,27.150515,30.99221,29.28275,24.677292,23.45638,18.663925,19.625751,13.368191,14.370563,11.045448,12.598551,12.431143,15.852995,18.804485,22.006807,21.476662,19.430563,16.93255,13.282165,13.178468,10.336591,10.403452,13.471402,11.110852,8.795912,14.239829,11.118009,13.747182,16.179302,17.285566
23,27.157454,24.337086,20.915348,22.633741,18.911982,18.63087,22.478697,20.434566,25.02266,24.005325,30.16344,30.328156,30.35787,27.683506,25.355904,21.838182,19.505713,16.194134,15.860963,11.070817,12.804973,6.347278,5.554963,0.0,5.4457316,5.315416,8.264198,11.633658,10.956926,15.509827,15.280892,19.960548,23.851002,27.938633,28.820938,32.39133,35.35533,36.37479,33.387463,29.449013,25.25796,25.009989,20.456491,20.442959,15.949779,16.515272,13.735409,13.934434,14.190644,17.617443,15.691402,19.860342,17.869678,20.716198,24.459581,23.797264,28.760996,27.335203,24.82261,27.078459,30.3267,26.143003,22.682505,18.854279,16.851164,13.791644,13.960176,11.903821,9.313053,9.006402,9.285735,7.680714,9.400106,12.193424,14.690401,15.40822,19.297962,21.183811,24.75384,27.885736,30.89152,32.724743,32.426422,36.28509,34.34897,29.798918,28.500074,23.789639,24.28845,18.182793,18.228912,14.1947775,14.522076,11.948163,15.522768,18.146748,21.591242,20.773516,18.38329,16.831303,13.637811,13.482451,12.678941,11.430936,14.531924,13.452969,12.285691,18.244215,16.153963,18.82916,21.598413,22.632784
24,26.789986,23.82646,20.273703,20.556051,16.947762,16.842943,19.639828,17.43353,21.779478,20.3182,26.490135,26.186735,26.503931,24.111443,21.727306,18.224075,16.87393,13.023101,14.418188,9.18716,13.467923,8.247632,4.440013,5.4457316,0.0,6.808071,5.4221344,7.3945613,5.925668,10.840388,10.226372,15.355171,18.733706,23.416777,23.73862,27.709034,30.314716,31.196312,28.112343,24.072866,20.01553,19.848526,15.257393,15.807963,11.3460045,12.849752,10.958059,12.734586,12.871402,14.776817,12.3033695,15.702861,12.925671,15.708473,19.056438,18.641167,23.375849,22.117105,19.64823,22.127369,25.128952,21.098389,17.662777,13.513032,11.667213,8.365591,9.429443,7.6137514,7.231192,7.686795,6.634856,7.2704678,6.3464346,10.756933,12.036721,11.357716,15.27259,16.677458,20.141327,23.103983,25.954552,27.75594,27.923635,31.759,29.587854,25.157059,24.104578,19.340727,20.13547,13.949821,14.108409,10.625072,10.758104,10.379539,12.671172,16.177166,19.681948,19.860876,18.115927,16.468267,12.526134,14.259182,12.303069,13.110432,16.601118,14.945775,12.5940275,18.283009,14.438358,17.483467,19.252272,20.45035
25,27.241793,24.875263,21.57311,23.210672,20.237635,20.973995,24.19325,23.126818,27.538853,26.646914,32.85672,32.752487,33.25824,30.864813,28.525639,24.982012,23.406734,19.659176,20.373714,15.247766,17.951124,11.537516,9.620826,5.315416,6.808071,0.0,5.481001,9.183103,10.63291,14.3034725,15.93461,19.614048,24.178741,28.38348,29.25879,33.261826,35.750248,36.84549,33.881687,29.62129,25.981295,25.787006,21.424246,21.944206,17.511585,18.787271,15.986407,17.226048,15.945977,19.104074,16.64948,20.519657,18.02288,20.005161,23.874804,22.0515,27.601038,25.447617,23.091055,25.34511,29.455223,25.726372,21.59256,18.79876,15.3178425,13.482154,11.765889,10.965576,6.835156,8.496554,10.460587,11.118628,12.506646,16.347109,18.352262,18.159029,21.984013,23.398716,26.75797,29.644978,32.33648,34.092213,34.572777,38.32565,35.856476,31.500635,30.19184,25.675354,25.710077,19.934399,18.993338,14.854676,13.725158,10.082702,12.446805,15.111077,18.756905,18.508429,16.412405,16.113089,13.0599985,14.713121,15.071226,14.642409,18.02873,17.750744,16.464165,22.714394,19.98708,23.233215,25.48858,26.812128
26,25.45355,23.000986,19.632954,19.98825,17.334257,18.48106,20.690994,19.98504,24.059526,23.104885,29.214104,28.866377,29.849253,27.787146,25.654383,22.051435,21.628016,17.325624,19.510303,14.230903,18.556927,12.890346,9.447457,8.264198,5.4221344,5.481001,0.0,3.8661354,5.8441057,8.938587,11.306713,14.484422,19.114042,23.43562,24.177698,28.364546,30.598885,31.755508,28.938215,24.692343,21.254263,21.57072,17.123379,18.71452,14.568618,16.851912,15.116108,17.527967,16.460102,18.125866,15.198945,18.03671,14.494895,16.102348,19.088018,17.332735,22.61296,20.202337,17.689333,19.879423,24.008127,20.386147,16.142029,13.744807,10.060516,8.931375,7.670827,8.281284,6.4851146,9.303164,10.065353,12.102635,11.432911,16.096981,17.034452,15.405308,19.199314,19.797043,23.096136,25.533035,28.096022,29.625114,30.567417,34.128727,31.280647,27.096445,25.799639,21.50629,21.340166,15.908685,14.532656,10.833063,9.011313,7.211415,8.125434,11.790552,15.513296,16.273123,14.890885,14.453619,10.73878,14.311916,13.850226,15.210985,18.91736,18.329037,16.201164,22.24526,18.260216,21.985054,23.358551,25.068077
27,26.274624,23.850458,20.556944,19.818521,17.537733,18.876316,20.095793,19.497656,23.14267,21.926435,27.812384,27.066027,28.31652,26.577415,24.481888,21.08148,21.446474,17.092033,20.221426,15.174696,20.359556,15.423518,11.46856,11.633658,7.3945613,9.183103,3.8661354,0.0,4.539093,6.24121,9.323533,12.04326,16.242718,21.016981,21.228168,25.799011,27.564272,28.60093,25.741087,21.382956,18.348978,18.763172,14.59287,16.7846,13.131813,16.056911,15.084272,18.277397,17.024872,17.5701,14.429439,16.294376,12.143408,13.14128,15.60114,13.633593,18.869324,16.342335,13.908979,16.359148,20.52959,17.26078,12.826628,10.742538,6.3337045,6.355773,4.9165535,7.1577964,7.559415,10.573901,10.758302,13.77043,12.098103,16.997799,17.156277,14.6498,18.036657,18.093908,21.050335,23.18107,25.453249,26.901293,28.373169,31.816772,28.731606,24.795555,23.74151,19.637419,19.592737,14.581449,13.058411,10.305097,7.8599334,8.512163,7.1397614,11.542083,15.083532,16.83278,16.132017,15.799424,11.977598,16.510923,15.496236,17.760887,21.476461,20.60646,18.044142,23.658096,18.884565,22.628878,23.284672,25.031761
28,24.68139,21.830153,18.398535,17.224642,14.323339,15.026588,16.328123,15.092101,18.867893,17.594412,23.602417,23.099411,24.273388,22.398945,20.496847,16.854233,17.421623,12.7888975,16.24435,11.365015,16.90967,12.865338,8.733181,10.956926,5.925668,10.63291,5.8441057,4.539093,0.0,5.024355,5.465803,9.689213,13.548638,18.186865,18.62797,22.780027,25.135256,26.261065,23.517746,19.526056,15.720828,16.6499,11.7962475,14.427541,10.704693,13.725476,13.474531,16.421953,16.524958,16.6884,13.800728,15.501336,11.215749,13.203614,14.846019,14.562088,18.756073,16.928629,14.119904,16.27895,19.396538,15.392898,11.77189,8.349186,6.6591806,4.6943045,7.4393444,8.04784,9.834693,11.623183,10.284742,12.299465,9.412705,14.013192,13.760009,10.765535,14.515875,14.363568,17.80078,19.915798,22.622112,23.981586,24.845797,28.325232,25.462503,21.253399,20.02322,15.700702,15.837555,10.3305,9.462713,6.769898,5.975424,8.661941,9.120762,13.024864,16.211338,17.378479,16.491287,14.957427,10.818056,14.592852,12.363835,15.128796,18.712355,17.317705,14.4055195,19.588833,14.49577,18.270187,18.78004,20.701803
29,23.115013,20.616161,17.537483,15.252595,13.5626,15.280514,15.118404,15.439003,18.393724,17.674463,23.194025,22.66549,24.68847,23.348455,22.03004,18.44682,20.374344,15.539647,19.872625,15.442844,21.091654,17.424814,13.45392,15.509827,10.840388,14.3034725,8.938587,6.24121,5.024355,0.0,5.795406,5.8406076,11.030265,14.915212,15.900992,20.012495,22.068401,23.593763,21.434942,17.659975,14.5005,16.654259,12.118208,16.356096,13.628917,17.218277,17.708755,21.023258,20.961996,20.397072,17.416922,18.007256,13.089396,13.897477,13.584708,13.051051,16.511164,13.622985,10.355875,11.689406,15.417562,11.577396,7.4362736,6.789625,5.1850243,6.826959,9.101405,11.4789715,13.509279,15.942882,14.897848,17.28689,14.116554,18.519262,17.666674,13.6959095,16.927103,15.490105,18.621027,19.716747,22.135437,22.921785,24.4803,27.432909,23.843985,20.048098,18.5117,15.110732,14.073839,10.289783,7.6967287,6.516704,3.873109,8.906262,7.111732,10.704706,13.250819,15.393284,15.427649,14.367264,10.736573,15.874915,14.122025,17.828281,21.294277,20.40603,17.483934,22.22494,16.833408,20.987295,20.682804,23.158554
30,25.035568,21.977282,18.748297,16.029835,13.22155,13.349439,13.218262,11.382006,14.461863,12.767464,18.52134,17.804811,19.313028,17.76026,16.280426,12.69349,14.778184,10.091465,14.933842,11.274027,17.31443,15.214113,11.376063,15.280892,10.226372,15.93461,11.306713,9.323533,5.465803,5.795406,0.0,6.62503,8.570131,13.5577345,13.564995,17.606604,20.11591,21.223932,18.652685,15.127203,10.857977,12.869904,7.6592774,11.908402,9.45371,12.927207,14.360605,17.46157,18.570803,17.353863,14.8452,15.104277,10.577347,12.598989,12.146652,13.787605,16.204367,15.19035,12.286345,14.107806,15.669567,11.290784,9.07091,4.3891673,7.1895547,5.543827,10.692192,11.20548,14.5604925,15.704102,13.288343,14.955373,10.76496,14.37047,12.780837,8.2606325,11.40633,9.893166,13.424726,14.910555,17.793077,18.852226,19.63555,22.958277,20.026873,15.798525,14.638661,10.338504,10.926477,5.6320167,5.958982,6.258896,7.2276783,12.472394,12.523968,15.939311,18.370283,19.778667,19.357073,17.166811,13.312472,16.753128,13.341657,17.017088,20.160122,18.198978,14.8596115,18.594084,12.632683,16.155346,15.444162,17.609165
31,21.838865,19.305557,16.682503,12.611242,11.725331,13.42915,11.322138,12.595722,14.337238,14.196229,18.95906,18.684639,21.497108,20.664505,20.264507,16.781548,20.17252,15.413227,20.47232,17.096052,22.668081,20.395546,16.779781,19.960548,15.355171,19.614048,14.484422,12.04326,9.689213,5.8406076,6.62503,0.0,7.024554,9.132289,11.270666,14.542125,17.073103,19.155193,17.908722,15.151161,12.007972,15.933554,11.651854,17.21783,15.640894,19.305422,20.882643,24.075943,24.913815,23.570354,20.91118,20.562553,15.653214,16.348429,13.681486,14.8595085,16.031828,13.461643,9.952679,9.577878,11.67742,6.9944444,4.9658327,6.5190487,9.040239,10.607946,14.250521,16.297367,19.04637,21.06287,19.310635,21.1738,17.23004,20.813232,19.171118,14.404451,17.010273,14.196156,17.195429,17.054234,19.5441,19.542612,21.039148,23.358253,19.328585,15.791914,13.69062,11.4555435,9.108952,7.892461,4.4668627,7.029876,6.587737,12.755085,11.467078,13.606219,14.83838,16.913465,17.496912,15.750454,12.865054,17.451897,15.013429,19.539501,22.490532,21.487026,18.438726,21.847248,16.215849,20.309813,18.959208,21.983253
32,27.733992,25.025808,22.535694,17.8413,16.640398,16.97955,13.932141,13.150218,13.426921,11.671129,15.17619,13.564553,16.446451,16.361315,16.068756,13.747968,18.23585,14.722289,20.29901,18.287888,24.103647,23.311108,19.72969,23.851002,18.733706,24.178741,19.114042,16.242718,13.548638,11.030265,8.570131,7.024554,0.0,7.323516,5.080657,10.003377,11.620825,12.865869,11.060452,8.667313,5.539853,10.590602,7.8318377,13.837957,14.188237,17.676502,20.508516,23.910074,25.095446,22.370062,20.254099,18.417206,14.134831,14.531349,9.944038,13.527147,12.242787,12.038301,9.693871,10.165811,8.457935,4.463232,6.6325397,5.9155836,11.201817,12.063529,16.526682,17.906668,22.052614,23.315588,20.774704,22.815556,18.3273,21.065132,18.404945,13.344015,14.10613,10.287475,11.932741,10.75436,12.792628,12.603501,14.732844,17.009426,13.005518,9.817699,9.151747,7.361648,7.7585535,8.290737,8.57623,12.352231,12.942221,19.154459,17.709185,20.39018,21.659666,23.928308,24.482367,22.480774,19.406263,23.252321,19.807701,24.154732,26.848366,24.908287,21.56133,23.625675,17.541883,20.340038,17.772161,20.049065
33,24.326576,22.008677,20.38975,14.708891,15.075801,15.890534,11.120047,13.009027,11.486196,12.16015,13.959442,13.944421,18.010616,18.397436,19.605091,17.127317,22.21756,18.556149,23.843773,22.26795,27.29551,26.896645,23.82146,27.938633,23.416777,28.38348,23.43562,21.016981,18.186865,14.915212,13.5577345,9.132289,7.323516,0.0,6.579155,6.090732,9.812628,12.959098,13.909312,13.868865,11.844202,17.371843,14.784847,20.66096,20.807007,24.09616,26.834948,29.778008,31.511703,29.204157,27.09678,25.607199,21.294819,21.760536,16.898237,19.975868,18.031334,16.840506,14.2936325,12.260543,9.814735,6.3891563,10.2495985,12.384543,16.953358,18.186335,22.508661,24.16775,27.637495,29.176584,26.759563,28.15965,23.677204,26.060038,23.552519,18.578703,19.6781,15.51387,17.38118,15.045731,17.09188,15.539408,16.828125,17.552616,12.902559,10.712249,7.8739457,9.678151,5.888238,11.005638,9.859649,14.283453,15.276897,21.217916,20.244843,21.490034,21.578321,23.401299,24.410812,22.169867,20.21658,23.611298,20.570393,25.326569,27.438028,26.154076,23.198767,24.351383,19.078392,22.169554,19.250036,22.487244
34,30.326336,27.80262,25.737072,20.445787,19.882402,20.065504,16.069912,15.609711,14.331278,12.763057,14.101558,12.04071,15.581781,16.478657,17.022423,15.670021,20.864893,18.137384,23.643387,22.443678,27.974306,27.878387,24.48725,28.820938,23.73862,29.25879,24.177698,21.228168,18.62797,15.900992,13.564995,11.270666,5.080657,6.579155,0.0,6.03655,6.5917864,8.0105,7.5115714,7.5106497,6.6757607,12.083253,11.27337,16.744463,18.129572,21.296698,24.59547,27.907408,29.3049,26.063606,24.258165,21.740322,17.991106,17.946627,12.255736,16.430708,13.116427,13.7713,12.306372,11.805262,7.3147693,5.805249,10.206099,10.821637,15.874813,16.947,21.243965,22.640415,26.987917,28.149435,25.471226,27.438198,22.85499,25.086466,22.085085,17.16797,16.97534,12.717153,13.079775,10.214263,11.308145,9.862014,12.654247,13.779509,9.105266,7.5054502,7.579214,8.6609,9.016473,12.142122,12.681674,16.907146,17.637495,23.88239,22.257631,24.557081,25.325146,27.709198,28.557625,26.524324,23.811073,27.478611,23.949566,28.41312,30.817652,28.821926,25.537794,26.701805,20.862059,23.108171,19.814728,21.969337
35,29.573849,27.218405,25.755795,20.055618,20.158297,20.114136,15.267343,15.724831,12.832738,12.672411,11.803624,10.982836,15.345514,16.755638,18.622627,17.42005,23.03685,20.560797,25.727842,25.235731,30.059496,30.700586,27.787365,32.39133,27.709034,33.261826,28.364546,25.799011,22.780027,20.012495,17.606604,14.542125,10.003377,6.090732,6.03655,0.0,5.406691,8.477569,10.77696,12.848526,11.9823265,17.311363,16.305046,21.552856,22.867785,25.737217,29.126137,31.966156,34.031864,30.999435,29.351904,27.087055,23.476053,23.811903,18.274893,22.397694,18.925234,19.264452,17.611925,16.006207,11.350484,10.005277,14.732345,15.874364,21.06694,21.906504,26.508709,27.773552,31.84509,32.95297,30.124218,31.454302,26.784458,28.458181,25.443336,20.696377,20.544407,16.111095,16.661556,13.115701,14.3613,11.867133,13.112797,12.6098385,7.7698884,7.570652,6.1162376,10.3208685,8.957607,14.494125,14.925309,19.46513,20.809696,26.89714,25.91064,27.45912,27.62083,29.486935,30.441698,28.026543,25.95324,28.906382,25.359507,29.927727,31.775375,29.979809,26.976978,27.031786,21.909754,23.907833,20.185278,22.804008
