,0,1,2,3,4,5,6,7,8,9,10,11,12,13,14,15,16,17,18,19,20,21,22,23,24,25,26,27,28,29,30,31,32,33,34,35,36,37,38,39,40,41,42,43,44,45,46,47,48,49,50,51,52,53,54,55,56,57,58,59,60,61,62,63,64,65,66,67,68,69,70,71,72,73,74,75,76,77,78,79,80,81,82,83,84,85,86,87,88,89,90,91,92,93,94,95,96,97,98,99,100,101,102,103,104,105,106,107,108,109,110,111,112,113,114
0,0.0,4.3270416,5.730188,8.520607,11.779671,13.364894,17.077192,20.019289,23.185125,26.417875,31.284239,33.147274,35.454823,36.395344,32.823162,29.099577,25.995129,23.08339,21.246044,16.454182,16.24741,11.515619,13.280353,11.58606,14.3953905,16.01116,17.637432,21.30003,20.554535,23.974201,24.42401,27.49558,32.602596,33.977676,37.38929,38.52258,42.856644,44.232845,43.265247,40.175213,35.343132,36.193413,31.246607,32.072205,27.738071,27.460636,25.320173,23.50974,25.911585,29.52287,28.34632,32.486473,30.477337,33.285366,34.363018,35.590454,39.592144,37.551285,35.206726,36.289757,40.128693,35.293835,32.20761,31.46355,28.490637,25.975622,26.624712,25.441872,22.411863,22.398285,22.19992,19.24777,20.437626,20.760965,23.33789,24.725164,28.508102,29.803919,34.013134,36.025753,39.801853,40.469616,36.79998,39.46119,39.13119,34.675686,32.14456,29.540821,28.032366,22.620447,22.401392,18.19255,19.807724,14.96649,21.741814,24.646063,27.527992,21.410248,23.561316,19.504452,23.354282,22.146101,26.13868,24.649311,28.566286,28.922483,30.703783,32.173077,27.934559,25.756893,21.24429,19.301722,16.050127,14.359299,14.0664
1,4.3270416,0.0,5.0987434,4.8364167,8.668505,11.208664,14.138521,17.956137,20.536053,24.188692,28.731152,30.96251,32.961163,33.661476,30.268967,26.311197,23.862183,20.375574,19.4346,14.3861885,15.236456,10.049231,12.657821,10.622668,11.773442,14.209008,14.651683,18.022476,17.108955,20.118498,20.845772,23.416727,28.81855,29.890734,33.539417,34.6191,38.941124,40.493748,39.685646,36.660404,31.88922,33.144997,28.033108,29.443176,25.171164,25.417112,23.607777,22.490477,24.79392,27.956923,26.432114,30.254993,27.73033,30.388968,31.2185,32.228508,36.007782,33.78647,31.300045,32.182896,36.11028,31.265862,28.184492,27.786848,24.918139,22.722895,23.561775,22.838377,20.140627,20.616758,20.164568,17.880634,18.249794,19.290375,21.442,22.024168,26.015144,26.827,31.144823,32.876366,36.650986,37.136795,33.67003,36.280132,35.589756,31.155422,28.413486,25.982832,24.049532,18.85045,18.29341,14.122143,15.837813,11.3011,17.863651,20.7227,23.553963,17.315594,19.254675,15.184965,19.070606,18.028563,22.111088,20.937098,24.90065,25.575865,27.675947,29.447407,25.396591,22.884544,19.130505,16.12438,13.03166,10.629422,10.277025
2,5.730188,5.0987434,0.0,5.951842,7.0027566,8.512436,11.952936,15.022777,18.352741,21.341146,26.397306,27.966383,30.350956,31.119425,27.46552,23.826914,20.523754,17.667992,15.762268,10.781538,11.177902,5.7885447,8.030093,7.4255795,9.66676,12.926473,13.766233,17.408245,15.992926,19.969784,19.577396,23.50984,27.95733,30.101156,32.82883,34.390858,38.496994,39.555737,38.26526,35.072895,30.211735,30.73663,25.92916,26.448898,22.171236,21.780283,19.811783,18.09442,20.850138,24.109009,22.998463,27.009844,25.155775,28.176702,29.109932,30.916023,34.78992,33.24252,31.11242,32.468887,35.84236,31.04251,28.109251,26.679531,24.048742,21.057323,22.263145,20.669313,18.326412,17.889715,17.06731,13.988632,14.85681,15.069131,17.614647,19.154373,22.876995,24.407919,28.54101,30.799536,34.56148,35.454556,31.882105,34.820633,34.60601,30.037565,27.847939,24.828794,24.051544,18.141872,18.584036,14.556704,16.587406,12.842517,19.866009,22.088966,25.579641,20.040903,21.18355,17.550253,20.911005,19.175346,23.2603,20.830626,25.244963,24.68604,26.938438,28.46991,24.502157,22.207094,18.123722,15.764984,13.596411,11.353806,12.924604
3,8.520607,4.8364167,5.951842,0.0,4.704833,7.3357096,9.805511,13.804954,15.936332,19.828173,24.114233,26.600283,28.408186,29.117172,25.84779,21.811077,19.805899,16.131954,15.733086,11.100109,12.283665,8.061418,11.820882,10.996198,10.117319,14.592159,13.302667,16.17432,14.202328,17.084234,17.046068,19.629618,24.410625,25.544859,29.116901,30.022446,34.434204,35.921406,35.256824,32.44657,27.619396,29.174877,24.07787,25.778408,21.865543,22.365435,21.256447,20.583078,23.376337,25.754148,24.170938,27.480791,24.715822,27.516922,27.719894,29.303852,32.505856,30.618204,28.078922,28.739641,32.206223,27.231295,24.574095,23.982103,21.941511,19.638239,21.443104,20.797052,19.14652,19.586657,18.26707,16.348204,15.509387,16.59261,18.122198,18.138092,22.060917,22.50342,26.843948,28.330313,32.096603,32.469704,28.920937,31.461658,30.813108,26.407768,23.702839,21.318937,19.560242,14.406056,14.399212,10.779769,13.425643,10.589173,16.602497,18.89071,21.928303,15.782016,16.3822,12.2960615,15.456184,13.785974,17.81123,16.189575,20.25445,20.740238,22.930025,24.796104,20.88717,18.227907,14.973107,11.380087,8.746142,5.957144,7.024669
4,11.779671,8.668505,7.0027566,4.704833,0.0,4.409755,5.509276,10.240797,12.464971,16.076628,20.607922,22.716639,24.625467,25.092352,21.697557,17.715868,15.501158,11.72444,11.501173,6.5892386,9.1528225,5.066201,9.025763,9.403583,7.1351204,13.10364,10.959315,13.596559,10.801082,14.384038,13.255564,17.0272,21.050913,23.190607,25.897434,27.397842,31.50567,32.621136,31.526005,28.529917,23.644928,24.781485,19.797009,21.155039,17.26427,17.697742,16.825298,16.405762,19.41405,21.349287,19.824684,22.965542,20.364855,23.386164,23.48523,25.67291,28.815538,27.461996,25.20254,26.24719,29.2253,24.316683,21.774479,20.332962,18.622574,15.747996,18.166508,17.07728,16.246286,16.261751,14.283606,12.5033045,11.010158,12.167821,13.491152,13.518789,17.463318,18.18825,22.490152,24.321321,28.099623,28.770311,25.35802,28.275099,27.741823,23.163729,20.881384,17.909956,17.107365,11.1793375,12.1031685,8.836368,11.879197,10.63637,16.425936,17.855328,21.486965,16.36159,15.909285,12.705856,15.106264,12.8852005,16.91951,14.074119,18.78815,18.060242,20.892422,22.81832,19.3037,16.549671,13.991669,9.934505,9.252657,5.975058,9.544271
5,13.364894,11.208664,8.512436,7.3357096,4.409755,0.0,5.048416,6.7645583,9.932083,13.094903,17.971392,19.864923,22.090082,23.146116,19.598347,15.9706545,13.049901,10.393133,8.75242,5.727216,5.4562635,5.5011206,9.599145,11.8912525,10.436655,16.629404,14.679406,17.10835,13.687153,17.347565,14.865773,19.112696,21.509575,24.039728,26.27328,27.414509,31.670515,32.417057,31.377478,28.711935,23.7231,24.64306,20.104706,20.810707,17.521826,17.317553,17.046131,16.012083,20.037832,21.514215,20.54367,23.393711,21.376543,24.78687,24.342215,27.637491,30.223593,29.58755,27.486225,28.418343,30.5944,25.634712,23.80311,21.679314,21.050055,17.704126,20.938936,19.326649,19.213564,18.518078,15.8884,13.460412,11.678142,11.119474,12.1577635,13.011544,16.25227,17.307066,21.37566,23.260433,26.99221,27.757116,23.777576,26.581709,26.832739,22.381474,20.593884,17.552395,17.85211,12.200924,14.477715,12.277539,15.687678,15.034514,20.554716,21.695686,25.321201,20.260208,19.097677,15.89608,17.389467,14.365535,17.73821,13.914069,18.29601,16.743685,18.86021,20.282534,16.564253,14.3323555,10.837392,8.645363,8.469037,7.383419,11.360822
6,17.077192,14.138521,11.952936,9.805511,5.509276,5.048416,0.0,6.159224,7.479196,10.998342,15.374212,17.446178,19.22857,19.584963,16.21482,12.206816,10.400195,6.3283286,7.327698,4.59256,7.988849,7.6985974,10.904701,12.80712,9.234134,15.868607,12.46684,13.912919,9.812105,13.149981,9.952679,14.5377865,16.680367,19.69184,21.515047,23.18333,27.134096,27.856544,26.627218,23.804953,18.832874,19.961454,15.223698,16.547878,13.380095,13.987037,14.371163,14.632044,18.16554,18.764265,17.384224,19.613045,17.043388,20.32643,19.537182,22.899023,25.217926,24.711586,22.687014,23.699207,25.669294,20.78562,19.013012,16.649834,16.454159,13.171485,17.051355,15.776229,16.69722,16.335974,13.207793,12.155007,8.809164,9.637603,9.544257,8.708116,12.377658,12.866464,17.135788,18.951717,22.726278,23.506891,20.027582,23.134176,22.851324,18.23059,16.471937,13.080099,13.638716,7.5784636,10.431926,9.214978,12.683553,13.901021,18.18433,18.525663,22.290579,18.245947,16.141212,13.970745,14.709017,11.681895,14.986225,10.68215,15.659723,13.542381,16.85133,18.799395,15.912154,13.167316,12.035979,7.856658,9.785435,7.59284,12.24742
7,20.019289,17.956137,15.022777,13.804954,10.240797,6.7645583,6.159224,0.0,4.4881577,6.41449,11.597269,13.158286,15.549498,16.972685,13.376985,10.287925,7.1143193,6.336415,4.3062854,7.097859,5.8742967,10.603793,13.390069,16.860748,14.520486,21.037777,18.216328,19.635094,15.380696,18.575829,14.218651,18.889889,18.516153,21.978237,22.928038,24.004763,28.017637,28.105694,26.962248,24.752941,19.852043,20.525475,16.86297,16.967964,15.099136,14.618141,15.955956,15.347232,20.043943,19.923529,19.448622,21.103868,19.594563,23.243027,21.71942,26.515865,27.979336,28.511862,26.791016,27.629507,28.40351,23.670261,22.976515,19.806442,21.0359,17.401876,21.90387,20.021978,21.579386,20.395546,16.77613,14.960932,11.812599,10.001925,9.127274,9.812756,11.556439,12.617677,16.133825,17.99091,21.54862,22.503044,18.148901,21.037104,22.127579,17.904182,17.16204,13.890098,16.247858,11.5465555,15.494121,15.200986,18.744743,19.94116,24.267885,24.454527,28.119865,24.065481,21.481125,19.236063,19.133728,15.4551115,17.60228,12.333968,16.265259,12.718392,14.671562,15.659524,12.746501,11.133339,9.18188,8.694979,11.240165,11.514668,15.940341
8,23.185125,20.536053,18.352741,15.936332,12.464971,9.932083,7.479196,4.4881577,0.0,4.6133513,8.201191,10.99474,12.52097,13.763986,10.678083,7.1521654,6.8074317,5.506353,7.078307,10.060069,10.329921,14.077221,16.968382,19.887028,16.503674,23.088291,19.331333,19.92853,15.399611,17.504835,12.761635,16.456312,14.860494,18.109524,18.999191,19.671473,23.784761,23.937159,23.194921,21.425276,16.615788,18.15731,14.641549,15.742078,14.788595,15.190263,17.404753,17.826656,22.062136,21.083551,20.314884,21.039436,18.969187,22.315407,19.933077,24.90444,25.46214,26.184347,24.39632,24.757217,24.975666,20.271399,20.304066,17.319466,19.722456,16.663713,21.723114,20.470133,22.759832,22.044853,18.246132,17.487177,13.449646,12.65965,10.667433,9.242432,10.447238,9.952211,13.425745,14.415412,17.963404,18.521204,14.073913,16.810186,17.71609,13.556075,12.875804,9.900745,12.735032,9.407236,13.825099,14.910031,18.47152,20.863186,23.95504,23.664389,27.00297,23.476765,19.996067,18.376673,17.184654,13.369378,14.625166,8.978747,12.523131,8.31506,10.766013,12.16966,10.058347,8.11593,8.990325,7.604792,11.553472,12.042258,16.324718
9,26.417875,24.188692,21.341146,19.828173,16.076628,13.094903,10.998342,6.41449,4.6133513,0.0,5.6426616,6.8189507,9.17586,10.957858,7.528482,5.696419,4.282119,6.817178,7.0042353,12.088121,11.538981,16.53618,18.652096,22.27952,19.300053,25.684761,22.226349,22.714521,18.22866,20.549875,15.197929,19.466656,16.271973,20.432465,19.902246,20.89046,24.405489,23.782677,22.587793,21.02419,16.540123,17.081606,14.7668705,14.481429,14.616248,14.254479,17.126007,17.338224,21.86514,20.164955,20.028727,20.181921,19.0779,22.564182,19.904781,25.837471,25.988707,27.621506,26.323072,26.969807,26.300854,22.072844,22.598913,18.736416,21.748856,18.35898,23.589207,21.814215,24.65917,23.366232,19.314327,18.454817,14.588446,12.699335,10.089891,9.658492,8.905971,9.286615,11.558739,13.056127,16.23483,17.339846,12.737956,15.708985,17.669088,13.97647,14.625028,11.528287,15.84716,13.031092,17.610748,18.831203,22.144812,24.657362,27.818697,27.220068,30.716904,27.683508,24.09708,22.805565,21.478413,17.739073,18.5961,12.875314,15.718545,10.364803,12.146989,12.666631,11.584596,10.864577,11.753797,12.064102,15.826382,16.491098,20.831575
10,31.284239,28.731152,26.397306,24.114233,20.607922,17.971392,15.374212,11.597269,8.201191,5.6426616,0.0,4.770381,4.7373734,7.240758,5.7474318,5.866802,8.704613,10.77487,12.516357,17.254051,17.070364,21.78518,24.051752,27.377504,23.833937,30.179897,26.124748,25.947504,21.442146,22.657103,17.284464,20.122797,14.87919,18.57167,17.351788,17.4544,20.760908,19.80672,19.269693,18.822123,15.047297,16.445599,15.246665,15.71776,17.297113,17.60926,21.1482,22.056263,26.139765,23.62872,23.396479,22.451777,21.12038,24.09063,20.424576,26.592916,25.35846,27.520123,26.33324,26.351587,24.542683,20.779675,22.535833,18.952236,23.362661,20.735353,26.252502,25.051407,28.496277,27.543932,23.452856,23.325182,19.06118,17.79145,14.720588,12.963203,11.169145,9.666976,10.398267,10.083367,12.588865,13.106711,7.9724483,10.355422,13.164201,10.472942,12.221507,10.399829,15.381969,14.916684,19.389484,21.754065,24.932255,28.300352,30.353706,29.321175,32.357723,29.91331,25.577621,24.905785,22.52739,18.925493,18.468594,13.215773,14.382982,8.46431,9.418389,9.56524,10.666129,10.713603,14.019657,14.522043,18.739836,19.82858,23.766907
11,33.147274,30.96251,27.966383,26.600283,22.716639,19.864923,17.446178,13.158286,10.99474,6.8189507,4.770381,0.0,3.6531878,6.3471184,4.394587,7.192023,8.191495,12.052762,12.687828,18.16891,17.717543,22.89606,24.424015,28.234455,25.133831,31.194376,27.579279,27.477854,23.121176,24.862383,19.176525,22.97762,17.469288,22.120401,19.75821,20.768713,23.233244,21.556772,20.116959,19.428064,16.046663,15.85596,15.754,14.538724,16.780706,16.2729,20.04864,20.700613,24.821732,21.852144,22.229746,20.971216,20.715271,23.80476,20.34471,27.140533,26.03768,28.879965,28.191086,28.789051,26.626635,23.32354,24.930658,20.532566,24.794022,21.725327,27.10512,25.31792,29.02587,27.52246,23.368216,23.093025,19.230543,17.213781,14.02079,13.376742,10.337038,10.3170185,9.73489,10.726603,12.633904,14.173527,9.938026,12.706845,15.976278,13.640578,16.033747,13.641932,19.143688,17.926144,22.460817,24.455711,27.424463,30.635721,33.08016,31.902294,35.254593,33.12409,29.014528,28.438808,26.436045,22.896515,22.85196,17.415318,19.058447,13.033741,14.1026945,13.809353,14.82035,15.120813,17.3354,18.208597,22.231592,23.026367,27.272694
12,35.454823,32.961163,30.350956,28.408186,24.625467,22.090082,19.22857,15.549498,12.52097,9.17586,4.7373734,3.6531878,0.0,3.9809237,4.6715465,7.818247,10.854291,13.779165,15.485691,20.56566,20.607878,25.382868,27.126637,30.61273,27.04298,33.09648,29.04467,28.52231,24.184818,25.215685,19.662098,22.52504,16.051653,20.32633,17.563997,18.134083,20.339922,18.490906,17.478525,17.510056,14.663524,15.224457,15.638202,15.284003,18.101048,18.250547,22.249102,23.43896,27.184923,23.897736,24.00236,22.191135,21.514826,24.197205,20.17404,26.854136,24.924173,27.952091,27.295172,27.490797,24.722328,21.751759,24.027075,19.95165,24.932215,22.423223,27.905249,26.592815,30.58182,29.422462,25.295979,25.534376,21.344349,19.962444,16.585136,14.936201,11.891001,10.548546,9.203826,8.689093,9.9958105,11.085869,6.817385,9.262938,12.866737,11.295786,14.275321,12.682499,18.264925,18.305769,22.661798,25.284775,28.136345,31.875477,33.585907,32.149483,35.190212,33.46313,28.954145,28.790901,26.236002,22.879025,22.189983,17.177914,18.036098,12.091702,13.033181,12.811752,14.88028,15.244512,18.665932,19.153263,23.423489,24.262465,28.296427
13,36.395344,33.661476,31.119425,29.117172,25.092352,23.146116,19.584963,16.972685,13.763986,10.957858,7.240758,6.3471184,3.9809237,0.0,3.9837818,7.3855267,11.455899,13.679223,16.338802,20.891626,21.97853,25.940739,27.397764,30.547007,26.589443,32.280415,27.995998,26.996124,22.897621,23.50255,18.026173,20.691357,13.644497,18.55106,14.772219,16.337198,17.775011,15.620992,13.915596,13.724913,11.250851,11.612363,12.783265,12.644652,16.121464,16.791014,20.998945,22.881762,25.96656,22.234303,22.13301,19.704676,18.897812,21.1914,16.880112,23.59466,21.291422,24.670897,24.318384,24.702593,21.563507,19.047375,21.467903,17.152256,22.481718,20.315489,25.693233,24.620977,29.006824,28.027006,24.000977,24.928724,20.587355,19.90127,16.31717,13.906356,10.561371,8.5847845,6.0189314,5.1869383,6.308708,8.116959,5.3712425,8.913799,11.345644,9.726077,13.1562605,11.378239,17.205639,17.588936,21.643158,24.575153,27.005526,31.238174,32.34455,30.51262,33.499413,32.54474,27.920645,28.367376,25.72348,22.748013,22.100132,17.339382,18.50451,12.631488,14.818886,15.308363,17.445387,17.163723,21.01923,20.329224,24.76001,24.935787,29.031788
14,32.823162,30.268967,27.46552,25.84779,21.697557,19.598347,16.21482,13.376985,10.678083,7.528482,5.7474318,4.394587,4.6715465,3.9837818,0.0,4.3511105,7.488534,10.181011,12.412177,17.14041,18.12719,22.189262,23.553715,26.887566,23.208227,28.998446,25.009216,24.412153,20.201723,21.51544,15.818368,19.520996,13.716042,19.001976,16.075459,18.010902,20.090588,18.450037,16.489334,15.282038,11.751264,11.574314,11.518241,10.77021,13.438991,13.681116,17.73486,19.267525,22.722504,19.395231,19.365553,17.64344,16.938204,19.786541,16.07505,22.858288,21.64609,24.561699,24.012205,24.787214,22.582779,19.436092,20.996206,16.379189,20.903765,18.10766,23.512966,22.027672,26.117605,24.904295,20.796183,21.315481,17.085121,16.051975,12.513975,10.610044,7.278703,6.3510284,5.3987646,6.8891206,9.389245,11.307809,7.9195538,11.740056,13.783967,10.917235,13.433396,10.5819845,16.393803,15.373104,19.688404,22.035471,24.630768,28.399286,30.211061,28.67013,31.987593,30.540722,26.295744,26.30903,24.214382,21.027637,21.085768,15.804563,17.916204,11.838241,14.442828,15.08115,16.17058,15.590766,18.528513,17.807764,22.086876,22.103119,26.423721
15,29.099577,26.311197,23.826914,21.811077,17.715868,15.9706545,12.206816,10.287925,7.1521654,5.696419,5.866802,7.192023,7.818247,7.3855267,4.3511105,0.0,5.708355,6.3976393,9.843171,13.748432,15.386843,18.739008,20.505062,23.451359,19.470701,25.456219,21.246782,20.747879,16.378235,17.720644,12.07495,15.889183,11.313501,16.397676,14.737268,16.68199,19.540678,18.754795,17.12783,15.336345,10.869688,11.764548,9.705274,10.367023,11.572521,12.4244375,16.021889,17.669407,21.142113,18.523296,17.924034,16.986122,15.303628,18.330704,14.9532585,21.074425,20.55813,22.574966,21.541616,22.243805,21.010422,17.148216,18.09591,13.854926,17.874758,15.038454,20.547813,19.321558,23.043781,22.183535,18.11787,18.657492,14.120755,13.759937,10.390281,7.509203,5.888753,4.0151687,6.370012,7.7682457,11.285124,12.5706835,8.940679,12.785951,13.698442,9.708634,10.968847,7.3788433,12.800305,11.097817,15.509343,17.770199,20.511406,24.229973,26.098564,24.760452,28.104809,26.30515,22.163439,22.000702,20.088621,16.871483,17.34124,11.914785,14.802006,8.998748,12.609893,13.988656,14.201648,12.80913,15.684914,13.930173,18.22616,17.915804,22.234184
16,25.995129,23.862183,20.523754,19.805899,15.501158,13.049901,10.400195,7.1143193,6.8074317,4.282119,8.704613,8.191495,10.854291,11.455899,7.488534,5.708355,0.0,5.052479,4.9874096,10.199495,10.864635,15.114203,16.366219,20.104153,17.192097,23.17401,19.976534,20.417824,16.162289,19.002129,13.493067,18.852743,16.159876,21.248444,20.057426,22.222502,25.162054,24.343277,22.295399,19.96451,15.4403515,14.829842,12.507463,11.1386595,10.914044,10.069353,13.017133,13.400334,17.779526,15.905215,15.916922,16.20691,15.577397,19.253416,17.140034,23.198435,23.998224,25.782808,24.817646,26.142443,25.697075,21.691555,21.62968,17.12046,19.52102,15.677449,20.696718,18.453024,21.5087,19.870867,15.75257,15.060231,11.278894,9.234885,6.173734,6.5484056,5.479598,7.6978693,10.101181,12.939923,16.201496,17.96637,14.266269,17.919422,19.342728,15.347115,16.094236,12.214848,16.691048,12.874567,17.248318,18.043568,20.92827,23.428827,26.766777,25.967144,29.796442,27.282026,24.029663,23.061728,22.25292,18.85078,20.3512,14.670416,18.347347,13.02998,15.860087,16.727165,15.65882,14.46861,14.932737,14.096216,17.63117,17.25997,21.881691
17,23.08339,20.375574,17.667992,16.131954,11.72444,10.393133,6.3283286,6.336415,5.506353,6.817178,10.77487,12.052762,13.779165,13.679223,10.181011,6.3976393,5.052479,0.0,5.3502684,7.466604,10.327302,12.471704,14.299237,17.083786,13.268781,19.45889,15.645463,15.940881,11.501697,14.219141,8.956527,14.368054,13.426097,18.055992,17.969429,20.295359,23.586952,23.521492,21.733152,18.975594,14.044941,14.515166,10.5673485,11.143257,9.390243,9.985187,12.175941,13.316664,17.007015,15.839907,14.864462,15.720896,13.67188,17.187346,15.396308,20.378069,21.734694,22.553263,21.144243,22.39033,22.91341,18.47486,17.706968,13.836801,15.519838,11.870917,16.919662,15.276167,18.018955,17.107119,13.146591,13.051059,8.570179,8.634383,6.1709266,3.8216438,6.3035192,6.996187,11.02059,13.33205,17.034409,18.30497,15.00585,18.644712,18.811445,14.254762,13.813171,9.681768,12.892171,8.091263,12.301557,13.026641,15.938014,18.708036,21.756268,21.025017,24.830154,22.242939,19.065968,18.175552,17.592764,14.43438,16.502365,11.143467,15.668758,11.37009,15.256815,16.995903,15.439552,13.217464,13.984131,11.021434,14.537905,13.246344,17.869162
18,21.246044,19.4346,15.762268,15.733086,11.501173,8.75242,7.327698,4.3062854,7.078307,7.0042353,12.516357,12.687828,15.485691,16.338802,12.412177,9.843171,4.9874096,5.3502684,0.0,5.8995733,6.053606,10.385624,11.8166895,15.80326,13.656982,19.750914,17.272886,18.605825,14.559769,18.295828,13.577893,19.33229,18.724998,23.21898,23.157534,25.20975,28.596792,28.275179,26.369743,23.680775,18.892576,18.443361,15.1394415,14.057158,12.010698,10.795931,12.1169405,11.369575,16.22336,15.886846,15.7504015,17.515202,16.71875,20.555016,19.46583,24.590836,26.455675,27.39801,26.115246,27.590508,28.213573,23.820847,22.860298,18.897617,19.809786,15.670206,20.023987,17.51187,19.422478,17.667807,13.851583,11.985845,8.974122,6.223085,5.1074977,7.4741454,8.887196,11.337428,14.547295,17.360876,20.832935,22.392643,18.585913,22.04134,23.112465,18.798895,18.602213,14.703265,17.809034,12.622974,16.514074,16.023405,19.053236,20.375298,24.804905,24.652851,28.659986,25.325357,22.91468,21.189686,21.352934,17.994558,20.380358,14.991541,19.288105,15.053057,17.70573,18.698555,16.416668,14.8754015,13.455704,12.469293,15.002637,14.331251,18.941883
19,16.454182,14.3861885,10.781538,11.100109,6.5892386,5.727216,4.59256,7.097859,10.060069,12.088121,17.254051,18.16891,20.56566,20.891626,17.14041,13.748432,10.199495,7.466604,5.8995733,0.0,5.8422184,5.1667867,7.052844,10.192174,7.9601846,14.1827965,12.074408,14.166649,10.667719,15.10233,11.888105,17.62767,19.59932,23.450241,24.432224,26.760542,30.284756,30.591562,28.71764,25.50267,20.621683,20.530432,16.19269,16.055355,12.346016,11.835112,11.319483,10.603344,14.536232,15.792355,14.864612,17.86173,16.270567,19.847383,19.860607,23.438795,26.446226,26.268465,24.674196,26.366432,28.291447,23.710217,21.61171,18.501875,17.570875,13.56388,16.836126,14.517674,15.083053,13.778443,10.64315,8.376012,6.126905,5.741285,7.1086297,8.687668,12.125587,14.106958,18.006594,20.718058,24.396772,25.735083,22.400576,25.868359,25.963053,21.326199,20.13433,16.286877,17.637611,11.353128,13.925394,11.927419,14.668184,14.947353,20.147745,20.524683,24.660334,20.940662,19.556353,17.49139,18.845758,16.114706,19.534628,15.114382,20.072006,17.276083,20.485771,22.069433,19.195381,16.887854,14.868757,12.025681,13.330725,11.157266,15.540979
20,16.24741,15.236456,11.177902,12.283665,9.1528225,5.4562635,7.988849,5.8742967,10.329921,11.538981,17.070364,17.717543,20.607878,21.97853,18.12719,15.386843,10.864635,10.327302,6.053606,5.8422184,0.0,6.9263225,9.110756,13.264043,12.89037,18.70515,17.454123,19.87152,16.380735,20.571453,17.06378,22.382534,23.348885,26.928135,27.991043,29.511478,33.40702,33.50149,31.9574,29.267885,24.361666,24.239922,20.474163,19.715853,16.853893,15.489321,15.35031,13.297357,18.191664,19.447346,19.294662,22.121416,21.25636,25.021685,24.605259,28.884233,31.400284,31.61033,29.978788,31.331926,32.7831,28.078312,26.579216,23.395407,23.206718,19.191294,22.657713,20.146158,20.531448,18.819113,15.81971,12.578936,11.365498,8.567095,9.869368,12.653851,14.843852,17.057592,20.521387,23.063831,26.61003,27.894573,23.754292,26.804401,27.875237,23.540918,22.65386,19.161747,20.971441,15.329222,18.41247,16.604979,19.767708,19.326265,25.001778,25.762836,29.693663,25.198513,23.820522,21.038788,22.19103,18.929266,21.880938,17.188358,21.414415,18.464058,20.279158,21.081293,17.69022,16.24166,12.462949,12.385865,13.0444355,12.731839,16.744751
21,11.515619,10.049231,5.7885447,8.061418,5.066201,5.5011206,7.6985974,10.603793,14.077221,16.53618,21.78518,22.89606,25.382868,25.940739,22.189262,18.739008,15.114203,12.471704,10.385624,5.1667867,6.9263225,0.0,4.33463,6.6874614,6.9849844,12.243855,11.811054,14.997271,12.619151,17.16002,15.453043,20.491478,23.82587,26.944115,28.723965,30.782333,34.56008,35.193863,33.509995,30.227942,25.361404,25.416948,20.870852,20.888943,16.757433,16.137527,14.520795,12.948381,16.314182,18.925539,17.968853,21.724066,20.152462,23.474245,24.153217,26.800703,30.418636,29.567707,27.754866,29.412607,32.103737,27.4213,24.79519,22.439348,20.425629,16.80473,18.853329,16.691439,15.558321,14.47378,12.608642,9.405075,9.525084,9.362651,11.829087,13.702791,17.259022,19.173101,23.149137,25.744623,29.458271,30.648493,27.20625,30.466434,30.446869,25.806719,24.141888,20.626,20.937326,14.617153,16.072409,12.754902,15.162187,13.341989,19.781843,21.055912,25.047047,20.462265,20.357964,17.497925,19.968666,17.678308,21.579815,18.03601,22.861448,21.095776,23.853233,25.387302,21.89497,19.590435,16.29908,13.713695,13.265534,10.848172,14.252286
22,13.280353,12.657821,8.030093,11.820882,9.025763,9.599145,10.904701,13.390069,16.968382,18.652096,24.051752,24.424015,27.126637,27.397764,23.553715,20.505062,16.366219,14.299237,11.8166895,7.052844,9.110756,4.33463,0.0,4.99372,7.3360124,10.809754,11.819879,15.139423,13.542874,18.476126,16.874386,22.52663,25.799374,29.549664,30.656126,33.362755,36.70219,37.062035,34.839287,31.203568,26.533445,25.737312,21.54729,20.6987,16.29433,15.077691,12.496732,10.238392,13.1018095,16.5285,15.8755665,20.1899,19.369417,22.63987,24.067978,26.566889,30.74751,30.085917,28.66715,30.889318,33.576347,29.220058,26.308352,23.491045,20.87688,16.989153,18.260649,15.418304,13.855732,11.974641,10.683001,6.598023,8.842251,8.420065,11.732999,14.537607,17.80753,20.44149,24.077236,27.219254,30.806158,32.382652,29.295303,32.86592,32.877426,28.204473,26.882816,23.030172,23.802267,17.325031,18.645723,15.219313,16.861126,14.841045,21.323166,22.377256,26.594738,22.744326,22.996605,20.6281,23.27952,21.24903,25.202894,21.506863,26.506447,24.233047,27.292408,28.77065,25.5249,23.316608,20.188395,17.75263,17.58599,14.973843,18.281874
23,11.58606,10.622668,7.4255795,10.996198,9.403583,11.8912525,12.80712,16.860748,19.887028,22.27952,27.377504,28.234455,30.61273,30.547007,26.887566,23.451359,20.104153,17.083786,15.80326,10.192174,13.264043,6.6874614,4.99372,0.0,5.557848,6.5951037,9.041926,12.869996,12.633135,17.185696,17.210684,22.009283,26.763502,29.881283,31.604534,34.40166,37.702946,38.489956,36.38495,32.558247,28.028767,27.636032,23.049345,23.020536,18.215988,17.809679,14.799111,13.51405,14.721027,18.656633,17.336374,21.84569,20.337465,23.034836,25.02998,26.16636,30.905836,29.392406,27.791327,30.037167,33.566875,29.298426,25.75227,23.823015,20.071072,16.92595,16.903181,14.798943,11.73334,10.962226,11.155533,8.418315,10.898447,12.35823,15.354745,17.02576,20.829645,22.896454,26.75646,29.639883,33.266693,34.62586,31.906252,35.425835,34.78448,30.064245,28.22694,24.630833,24.31842,17.982798,18.040545,13.857839,14.590478,11.29821,18.05444,19.572638,23.604277,19.785648,21.096846,18.803799,22.232405,21.006027,25.295708,22.56458,27.601799,26.220825,29.59283,31.438457,28.125648,25.532236,22.696918,19.228727,18.471767,15.038054,17.45417
24,14.3953905,11.773442,9.66676,10.117319,7.1351204,10.436655,9.234134,14.520486,16.503674,19.300053,23.833937,25.133831,27.04298,26.589443,23.208227,19.470701,17.192097,13.268781,13.656982,7.9601846,12.89037,6.9849844,7.3360124,5.557848,0.0,6.638686,4.845175,8.247099,7.1592183,11.750835,11.804918,16.466269,21.423887,24.459223,26.229017,29.116022,32.32064,33.256622,31.289627,27.507875,23.002626,23.156757,18.249796,19.150349,14.394908,15.009507,12.826964,13.113492,14.295843,16.989138,15.006279,18.827206,16.328348,18.925955,20.429836,21.48423,25.874514,24.248058,22.479086,24.57088,28.068678,23.76064,20.232515,18.4776,14.911862,11.930902,12.616386,11.169457,9.284082,9.509423,8.61277,7.816286,7.777006,10.939493,12.886286,12.997734,17.18956,18.518883,22.545551,25.073376,28.702915,29.855898,27.45939,30.958752,29.862873,25.159302,23.174686,19.662811,19.085112,12.855314,12.696902,8.792398,9.66795,8.296327,14.139246,15.044354,19.28237,15.9211445,16.31471,14.633623,17.556374,16.418356,20.633442,17.990686,23.131233,21.824673,25.713005,27.901546,25.023462,22.107777,20.524359,15.926852,16.068048,12.065221,15.056709
25,16.01116,14.209008,12.926473,14.592159,13.10364,16.629404,15.868607,21.037777,23.088291,25.684761,30.179897,31.194376,33.09648,32.280415,28.998446,25.456219,23.17401,19.45889,19.750914,14.1827965,18.70515,12.243855,10.809754,6.5951037,6.638686,0.0,5.614707,8.8635235,10.975444,14.543328,16.391485,20.263542,26.185,29.042774,30.727083,34.122593,36.850864,37.89566,35.60281,31.447166,27.428082,27.1128,22.494694,23.162075,18.1982,18.779005,15.535034,15.8521595,14.917832,18.71236,16.593262,20.89596,18.739433,20.456814,23.280727,22.638546,28.064812,25.77796,24.32232,26.932924,31.171202,27.44636,23.19667,22.015835,16.892315,14.848916,12.82563,11.744877,7.147507,8.3071785,10.37322,10.335793,12.420475,15.734929,18.092718,18.443142,22.414755,23.93154,27.650389,30.3699,33.819805,35.10622,33.281593,36.899315,35.409122,30.774263,28.731155,25.316975,24.284399,18.53231,17.256153,13.137232,12.021088,9.008257,14.256138,15.443312,19.381454,17.123299,19.141973,18.063095,21.709213,21.544643,25.83972,23.966856,29.015583,28.062016,32.151623,34.44826,31.597664,28.612137,26.953087,22.257158,21.898859,17.67855,19.614109
26,17.637432,14.651683,13.766233,13.302667,10.959315,14.679406,12.46684,18.216328,19.331333,22.226349,26.124748,27.579279,29.04467,27.995998,25.009216,21.246782,19.976534,15.645463,17.272886,12.074408,17.454123,11.811054,11.819879,9.041926,4.845175,5.614707,0.0,3.934662,5.5807495,8.995808,11.102762,14.651677,20.756166,23.449118,25.261076,28.59454,31.329529,32.525307,30.475431,26.46882,22.420156,22.778845,17.842196,19.503313,14.77086,16.303358,14.119572,15.60024,15.267077,17.648212,15.034319,18.472641,15.2674675,16.972658,19.03302,18.515879,23.409197,21.04026,19.28727,21.63623,25.795664,21.91181,17.738514,16.780876,11.932392,10.13674,9.110312,9.008743,6.4422197,8.607744,8.931048,10.3444605,10.030032,14.303214,15.666177,14.6057,18.781796,19.508127,23.354246,25.630865,29.075502,30.105938,28.479294,31.983595,30.157269,25.58917,23.406628,20.167978,18.858213,13.408119,11.850277,8.175877,6.9727306,6.6288695,10.693413,11.134934,15.4613285,13.479753,14.323855,13.852245,16.869432,16.744978,20.860313,19.099867,24.100569,23.259237,27.6516,30.179121,27.717405,24.547495,23.927269,18.520346,18.913738,14.492893,16.861456
27,21.30003,18.022476,17.408245,16.17432,13.596559,17.10835,13.912919,19.635094,19.92853,22.714521,25.947504,27.477854,28.52231,26.996124,24.412153,20.747879,20.417824,15.940881,18.605825,14.166649,19.87152,14.997271,15.139423,12.869996,8.247099,8.8635235,3.934662,0.0,4.5635266,6.1239524,9.361829,12.090132,18.468163,21.129532,22.653027,26.374151,28.6565,29.929678,27.804962,23.712147,20.051924,20.631989,15.793502,18.1408,13.793571,16.12797,14.53235,17.010015,16.11854,17.552004,14.563976,17.161137,13.2881,14.316001,16.367605,14.9746275,19.916124,17.229372,15.523078,18.087372,22.404047,18.870934,14.426007,13.832868,8.362242,7.664948,5.922742,7.44374,6.457258,9.454585,9.591379,12.425468,11.142143,15.88901,16.490332,14.37136,18.308174,18.436571,22.017538,24.01528,27.248669,28.182865,27.190744,30.67951,28.368303,23.985786,21.843636,18.807049,17.31,12.724273,10.610318,8.255422,5.9680986,8.488663,9.587645,8.696332,13.137594,12.841806,12.947028,13.786752,16.073854,16.40664,20.111294,18.692907,23.489546,22.675663,27.450525,30.177639,28.232798,24.967047,25.33316,19.512445,20.538101,16.145409,18.524908
28,20.554535,17.108955,15.992926,14.202328,10.801082,13.687153,9.812105,15.380696,15.399611,18.22866,21.442146,23.121176,24.184818,22.897621,20.201723,16.378235,16.162289,11.501697,14.559769,10.667719,16.380735,12.619151,13.542874,12.633135,7.1592183,10.975444,5.5807495,4.5635266,0.0,5.023893,5.525367,9.866858,15.220467,18.352493,19.795504,23.213478,25.915298,27.010874,25.049706,21.200193,16.998701,17.876793,12.701252,15.215494,11.028468,13.42904,12.725036,15.148436,15.607709,16.328665,13.593382,15.827597,11.8484955,13.820532,14.647,15.18388,19.109585,17.287077,15.403169,17.515917,20.974735,16.842106,13.144229,11.613413,8.059674,5.79569,7.7660947,8.113363,9.058828,10.607242,8.85189,11.147595,8.317912,12.860455,12.912238,10.30802,14.439777,14.400202,18.284332,20.229372,23.663599,24.571302,23.089355,26.583685,24.63557,20.09457,18.056456,14.741538,13.834991,8.541395,7.63848,5.936706,6.02502,9.571511,11.54641,10.676161,15.038689,13.610915,12.210168,12.506751,13.99291,13.354919,16.972023,14.688671,19.682833,18.36753,23.109032,25.753498,23.854683,20.657112,21.222273,15.52863,17.149046,13.091709,16.273314
29,23.974201,20.118498,19.969784,17.084234,14.384038,17.347565,13.149981,18.575829,17.504835,20.549875,22.657103,24.862383,25.215685,23.50255,21.51544,17.720644,19.002129,14.219141,18.295828,15.10233,20.571453,17.16002,18.476126,17.185696,11.750835,14.543328,8.995808,6.1239524,5.023893,0.0,5.7622385,5.982776,13.062856,15.062938,17.091427,20.488853,22.904581,24.52947,23.001284,19.359884,15.735269,17.743671,12.690166,16.691298,13.495289,16.704288,16.693624,19.689442,19.710526,19.71906,16.752373,17.87774,13.126504,13.953098,14.151942,13.187948,16.490326,13.688457,11.237271,12.898723,17.099962,13.127409,8.870484,9.3045435,5.614342,6.633294,8.097168,10.569332,12.022773,14.431019,13.117448,16.029707,12.94402,17.411848,16.814148,13.073584,16.693169,15.373032,18.9273,19.943472,23.078049,23.468945,22.734795,25.863976,23.034397,18.878464,16.418226,14.003115,11.726353,8.696182,5.85654,6.551766,5.1837153,10.9351,9.508463,7.325791,11.223293,11.427169,9.031067,11.1367,11.695743,12.191723,15.154747,14.245528,18.554874,18.167595,23.128065,26.097681,24.74553,21.39567,23.149729,16.915762,18.780708,14.852915,17.266953
30,24.42401,20.845772,19.577396,17.046068,13.255564,14.865773,9.952679,14.218651,12.761635,15.197929,17.284464,19.176525,19.662098,18.026173,15.818368,12.07495,13.493067,8.956527,13.577893,11.888105,17.06378,15.453043,16.874386,17.210684,11.804918,16.391485,11.102762,9.361829,5.525367,5.7622385,0.0,6.753422,9.850557,13.854165,14.527492,18.116348,20.714588,21.607931,19.728306,16.123636,11.701952,13.375199,8.021053,11.818325,9.077969,12.269397,13.396256,16.419212,17.525188,16.576418,14.071199,14.638033,10.240706,12.299793,11.203155,13.348273,15.606869,14.765154,12.917462,14.564111,16.7457,12.375839,9.805814,7.1142006,7.025052,4.9683175,9.865646,10.408311,13.440908,14.396113,11.563782,14.062671,9.780969,13.519731,12.047832,7.6423416,11.062202,9.716786,13.508181,14.926723,18.320538,19.08051,17.838875,21.334272,19.244724,14.756098,13.059005,9.595061,9.692163,5.509432,6.46194,8.260993,9.409739,14.264426,14.790347,13.03592,16.774294,16.038452,12.705803,13.756949,13.27548,12.01436,14.507794,11.546379,16.212288,14.121706,19.243242,21.960136,20.88335,17.809711,19.83347,14.314119,17.229568,14.083816,17.694054
31,27.49558,23.416727,23.50984,19.629618,17.0272,19.112696,14.5377865,18.889889,16.456312,19.466656,20.122797,22.97762,22.52504,20.691357,19.520996,15.889183,18.852743,14.368054,19.33229,17.62767,22.382534,20.491478,22.52663,22.009283,16.466269,20.263542,14.651677,12.090132,9.866858,5.982776,6.753422,0.0,8.317528,9.096655,11.932264,14.709333,17.37749,19.426638,18.762201,15.941763,12.565577,16.252083,11.629223,16.859201,15.224026,18.734585,19.993494,23.137737,23.868124,22.837133,20.129156,20.027613,15.161192,15.804415,14.050697,14.021373,14.8599,12.52454,9.558983,9.38663,12.728989,8.046245,5.151012,7.2123075,8.105011,9.805877,12.904762,15.268509,17.71891,19.715878,17.650188,20.36615,16.371325,20.12195,18.573694,13.866136,16.604647,13.799874,16.952692,16.650627,19.5149,19.187273,18.760794,21.33026,17.918056,14.190434,11.369898,10.1332445,6.7943134,7.4646044,5.277827,9.400409,9.6083,15.495101,13.039134,10.637917,12.899816,13.355788,8.6879,11.600567,9.59757,9.998135,11.312695,11.07657,14.308228,14.411898,19.377035,22.521935,21.977552,18.729061,22.012804,15.902978,18.595749,15.666183,17.940113
32,32.602596,28.81855,27.95733,24.410625,21.050913,21.509575,16.680367,18.516153,14.860494,16.271973,14.87919,17.469288,16.051653,13.644497,13.716042,11.313501,16.159876,13.426097,18.724998,19.59932,23.348885,23.82587,25.799374,26.763502,21.423887,26.185,20.756166,18.468163,15.220467,13.062856,9.850557,8.317528,0.0,6.564547,4.9077983,8.731547,10.977513,11.985008,11.257633,9.325975,5.854451,11.050548,8.319433,13.608312,14.551423,17.812338,20.696552,23.95801,25.414753,22.814789,20.832087,19.086624,15.121833,16.013624,11.94293,15.097635,12.950319,13.724088,12.136923,11.55571,10.186247,5.9372263,8.368999,6.6486516,12.484624,12.896088,17.572847,18.791616,22.722336,23.630014,20.552034,23.071913,18.372438,20.807451,18.026192,12.961834,13.461057,9.285076,10.85015,9.061896,11.485676,10.880947,11.164241,13.779809,10.3062,6.821998,5.9793262,5.2078843,6.7963305,10.00979,11.59008,15.902927,17.189053,22.752586,21.299969,18.849817,20.969107,21.40701,16.336048,18.459244,15.277707,14.033892,13.367453,11.219625,13.007971,10.693539,15.631794,18.39962,19.41175,16.97134,21.714865,17.192133,21.182482,19.658957,22.746954
33,33.977676,29.890734,30.101156,25.544859,23.190607,24.039728,19.69184,21.978237,18.109524,20.432465,18.57167,22.120401,20.32633,18.55106,19.001976,16.397676,21.248444,18.055992,23.21898,23.450241,26.928135,26.944115,29.549664,29.881283,24.459223,29.042774,23.449118,21.129532,18.352493,15.062938,13.854165,9.096655,6.564547,0.0,6.707832,6.1781087,9.795342,12.767657,14.364715,13.959186,11.992042,17.420584,14.716025,20.124102,20.559158,23.869818,26.360086,29.425695,30.914341,28.843855,26.620802,25.271019,20.931648,21.41999,17.793615,19.133696,16.659397,15.898053,13.48612,10.759072,10.2344675,6.2329903,9.349269,11.4130125,15.902372,17.41877,21.297873,23.331745,26.480204,28.038933,25.357191,27.733557,23.164734,25.831507,23.392403,18.410109,19.499363,15.312939,17.032024,14.402885,16.194105,14.348395,14.590503,15.542483,11.08906,9.282375,6.44722,9.099915,6.2114697,12.332799,12.343206,17.065311,18.181997,23.701132,20.965168,18.76023,19.584543,20.014874,14.552614,17.092245,12.847978,12.647713,10.398759,11.241361,10.935091,11.847911,15.744553,18.785875,19.922817,17.413588,22.745815,17.960945,21.38692,20.230621,22.123653
34,37.38929,33.539417,32.82883,29.116901,25.897434,26.27328,21.515047,22.928038,18.999191,19.902246,17.351788,19.75821,17.563997,14.772219,16.075459,14.737268,20.057426,17.969429,23.157534,24.432224,27.991043,28.723965,30.656126,31.604534,26.229017,30.727083,25.261076,22.653027,19.795504,17.091427,14.527492,11.932264,4.9077983,6.707832,0.0,6.0176773,6.27388,7.5038395,7.7513776,7.5382843,6.971421,12.3759575,11.587926,16.49153,18.383146,21.627726,24.770876,28.22539,29.427418,26.350021,24.472462,21.985056,18.303999,18.453943,13.947647,16.568302,12.5472975,13.993794,12.950104,11.463431,7.645909,5.6686864,10.2211275,9.669551,15.78295,16.945768,21.149414,22.684525,26.847967,27.860958,24.90543,27.670586,23.01015,25.340805,22.367367,17.397774,17.13893,12.864144,12.937949,9.905176,10.726083,9.179115,11.461159,13.041644,8.527756,7.463049,7.854323,9.149353,10.346111,14.779286,15.918965,20.419474,21.375458,27.135677,24.862741,22.1055,23.550047,24.844927,19.617104,22.243238,18.569725,17.777603,16.169975,14.973261,15.319093,13.504583,17.63372,20.169285,22.089037,20.070705,25.453386,21.348877,25.37336,24.151176,26.928017
